Datetime,Open,High,Low,Close,Adj Close,Volume
2024-01-03 09:30:00-05:00,11.949999809265137,11.949999809265137,11.880000114440918,11.880000114440918,11.880000114440918,29126
2024-01-03 09:35:00-05:00,11.880000114440918,11.949999809265137,11.880000114440918,11.920000076293945,11.920000076293945,8749
2024-01-03 09:40:00-05:00,11.920000076293945,11.944999694824219,11.90999984741211,11.944999694824219,11.944999694824219,6836
2024-01-03 09:45:00-05:00,11.9399995803833,11.9399995803833,11.899999618530273,11.920000076293945,11.920000076293945,6839
2024-01-03 09:50:00-05:00,11.90999984741211,11.9350004196167,11.885000228881836,11.885000228881836,11.885000228881836,11299
2024-01-03 09:55:00-05:00,11.880000114440918,11.890000343322754,11.8100004196167,11.84000015258789,11.84000015258789,15201
2024-01-03 10:00:00-05:00,11.84000015258789,11.960000038146973,11.84000015258789,11.944999694824219,11.944999694824219,31843
2024-01-03 10:05:00-05:00,11.944999694824219,11.960000038146973,11.90999984741211,11.914999961853027,11.914999961853027,9739
2024-01-03 10:10:00-05:00,11.919899940490723,11.919899940490723,11.869999885559082,11.869999885559082,11.869999885559082,28306
2024-01-03 10:15:00-05:00,11.859999656677246,11.859999656677246,11.800000190734863,11.8100004196167,11.8100004196167,7876
2024-01-03 10:20:00-05:00,11.8100004196167,11.8100004196167,11.744999885559082,11.805000305175781,11.805000305175781,30379
2024-01-03 10:25:00-05:00,11.8100004196167,11.828499794006348,11.800000190734863,11.805000305175781,11.805000305175781,12711
2024-01-03 10:30:00-05:00,11.800000190734863,11.819999694824219,11.78499984741211,11.78499984741211,11.78499984741211,38812
2024-01-03 10:35:00-05:00,11.779999732971191,11.797499656677246,11.755000114440918,11.760000228881836,11.760000228881836,17908
2024-01-03 10:40:00-05:00,11.765000343322754,11.800000190734863,11.760000228881836,11.779999732971191,11.779999732971191,25206
2024-01-03 10:45:00-05:00,11.770000457763672,11.770000457763672,11.720000267028809,11.744999885559082,11.744999885559082,26024
2024-01-03 10:50:00-05:00,11.744999885559082,11.744999885559082,11.725000381469727,11.739999771118164,11.739999771118164,13012
2024-01-03 10:55:00-05:00,11.729999542236328,11.760000228881836,11.720000267028809,11.760000228881836,11.760000228881836,15535
2024-01-03 11:00:00-05:00,11.770000457763672,11.779999732971191,11.75,11.770000457763672,11.770000457763672,9581
2024-01-03 11:05:00-05:00,11.770000457763672,11.770000457763672,11.729999542236328,11.744999885559082,11.744999885559082,22330
2024-01-03 11:10:00-05:00,11.739999771118164,11.739999771118164,11.710000038146973,11.739999771118164,11.739999771118164,13407
2024-01-03 11:15:00-05:00,11.739999771118164,11.755000114440918,11.732500076293945,11.739999771118164,11.739999771118164,9872
2024-01-03 11:20:00-05:00,11.739999771118164,11.744999885559082,11.725000381469727,11.729999542236328,11.729999542236328,9678
2024-01-03 11:25:00-05:00,11.734999656677246,11.774999618530273,11.734999656677246,11.760000228881836,11.760000228881836,13634
2024-01-03 11:30:00-05:00,11.7524995803833,11.774999618530273,11.7524995803833,11.774999618530273,11.774999618530273,10497
2024-01-03 11:35:00-05:00,11.774999618530273,11.774999618530273,11.734999656677246,11.739999771118164,11.739999771118164,16006
2024-01-03 11:40:00-05:00,11.734999656677246,11.760000228881836,11.720000267028809,11.760000228881836,11.760000228881836,11321
2024-01-03 11:45:00-05:00,11.765000343322754,11.770000457763672,11.739999771118164,11.739999771118164,11.739999771118164,6074
2024-01-03 11:50:00-05:00,11.739999771118164,11.739999771118164,11.6899995803833,11.710000038146973,11.710000038146973,13066
2024-01-03 11:55:00-05:00,11.71500015258789,11.729999542236328,11.704999923706055,11.729999542236328,11.729999542236328,73083
2024-01-03 12:00:00-05:00,11.729999542236328,11.739999771118164,11.720000267028809,11.739999771118164,11.739999771118164,13936
2024-01-03 12:05:00-05:00,11.75,11.774999618530273,11.744999885559082,11.774999618530273,11.774999618530273,32978
2024-01-03 12:10:00-05:00,11.774999618530273,11.774999618530273,11.742500305175781,11.744999885559082,11.744999885559082,12843
2024-01-03 12:15:00-05:00,11.744999885559082,11.765000343322754,11.744999885559082,11.765000343322754,11.765000343322754,10170
2024-01-03 12:20:00-05:00,11.760000228881836,11.765000343322754,11.75,11.760000228881836,11.760000228881836,7447
2024-01-03 12:25:00-05:00,11.760000228881836,11.78499984741211,11.760000228881836,11.78499984741211,11.78499984741211,9703
2024-01-03 12:30:00-05:00,11.78499984741211,11.78499984741211,11.760000228881836,11.760000228881836,11.760000228881836,5030
2024-01-03 12:35:00-05:00,11.760000228881836,11.765000343322754,11.75,11.755000114440918,11.755000114440918,10672
2024-01-03 12:40:00-05:00,11.760000228881836,11.765000343322754,11.75,11.75,11.75,3871
2024-01-03 12:45:00-05:00,11.755000114440918,11.770000457763672,11.755000114440918,11.755000114440918,11.755000114440918,5558
2024-01-03 12:50:00-05:00,11.75,11.760000228881836,11.744999885559082,11.760000228881836,11.760000228881836,8586
2024-01-03 12:55:00-05:00,11.755000114440918,11.774999618530273,11.755000114440918,11.770000457763672,11.770000457763672,6680
2024-01-03 13:00:00-05:00,11.774999618530273,11.78499984741211,11.770000457763672,11.770000457763672,11.770000457763672,5849
2024-01-03 13:05:00-05:00,11.774999618530273,11.78499984741211,11.765000343322754,11.765000343322754,11.765000343322754,16911
2024-01-03 13:10:00-05:00,11.760000228881836,11.770000457763672,11.75,11.760000228881836,11.760000228881836,9720
2024-01-03 13:15:00-05:00,11.755000114440918,11.770000457763672,11.755000114440918,11.760000228881836,11.760000228881836,29890
2024-01-03 13:20:00-05:00,11.765000343322754,11.765000343322754,11.729999542236328,11.755000114440918,11.755000114440918,28846
2024-01-03 13:25:00-05:00,11.75,11.760000228881836,11.744999885559082,11.755000114440918,11.755000114440918,17481
2024-01-03 13:30:00-05:00,11.75,11.755000114440918,11.739999771118164,11.739999771118164,11.739999771118164,6802
2024-01-03 13:35:00-05:00,11.744999885559082,11.75,11.720000267028809,11.725000381469727,11.725000381469727,51615
2024-01-03 13:40:00-05:00,11.725000381469727,11.725000381469727,11.699999809265137,11.710000038146973,11.710000038146973,9102
2024-01-03 13:45:00-05:00,11.699999809265137,11.729999542236328,11.699999809265137,11.71500015258789,11.71500015258789,12907
2024-01-03 13:50:00-05:00,11.720000267028809,11.75,11.720000267028809,11.744999885559082,11.744999885559082,10779
2024-01-03 13:55:00-05:00,11.739999771118164,11.739999771118164,11.725000381469727,11.734999656677246,11.734999656677246,12427
2024-01-03 14:00:00-05:00,11.734999656677246,11.770000457763672,11.6850004196167,11.6850004196167,11.6850004196167,16634
2024-01-03 14:05:00-05:00,11.680000305175781,11.739999771118164,11.670000076293945,11.71500015258789,11.71500015258789,14092
2024-01-03 14:10:00-05:00,11.720000267028809,11.725000381469727,11.680000305175781,11.680000305175781,11.680000305175781,13294
2024-01-03 14:15:00-05:00,11.680000305175781,11.71500015258789,11.680000305175781,11.710000038146973,11.710000038146973,15723
2024-01-03 14:20:00-05:00,11.710000038146973,11.720000267028809,11.694999694824219,11.694999694824219,11.694999694824219,11084
2024-01-03 14:25:00-05:00,11.699999809265137,11.760000228881836,11.694999694824219,11.760000228881836,11.760000228881836,18816
2024-01-03 14:30:00-05:00,11.765000343322754,11.770000457763672,11.734999656677246,11.734999656677246,11.734999656677246,13716
2024-01-03 14:35:00-05:00,11.729999542236328,11.734999656677246,11.720000267028809,11.725000381469727,11.725000381469727,9454
2024-01-03 14:40:00-05:00,11.729999542236328,11.78499984741211,11.699999809265137,11.770000457763672,11.770000457763672,112353
2024-01-03 14:45:00-05:00,11.765000343322754,11.765000343322754,11.734999656677246,11.739999771118164,11.739999771118164,30546
2024-01-03 14:50:00-05:00,11.739999771118164,11.755000114440918,11.734999656677246,11.739999771118164,11.739999771118164,15924
2024-01-03 14:55:00-05:00,11.739999771118164,11.744999885559082,11.729999542236328,11.739999771118164,11.739999771118164,70714
2024-01-03 15:00:00-05:00,11.739999771118164,11.739999771118164,11.71500015258789,11.734999656677246,11.734999656677246,23637
2024-01-03 15:05:00-05:00,11.729999542236328,11.75,11.680000305175781,11.744999885559082,11.744999885559082,64425
2024-01-03 15:10:00-05:00,11.75,11.75,11.739999771118164,11.75,11.75,22179
2024-01-03 15:15:00-05:00,11.75,11.765000343322754,11.734999656677246,11.739999771118164,11.739999771118164,37289
2024-01-03 15:20:00-05:00,11.739999771118164,11.75,11.734999656677246,11.734999656677246,11.734999656677246,19032
2024-01-03 15:25:00-05:00,11.734999656677246,11.739999771118164,11.710000038146973,11.71500015258789,11.71500015258789,22176
2024-01-03 15:30:00-05:00,11.71500015258789,11.75,11.694999694824219,11.729999542236328,11.729999542236328,74466
2024-01-03 15:35:00-05:00,11.729999542236328,11.729999542236328,11.675000190734863,11.6850004196167,11.6850004196167,43133
2024-01-03 15:40:00-05:00,11.6850004196167,11.6899995803833,11.65999984741211,11.664999961853027,11.664999961853027,28612
2024-01-03 15:45:00-05:00,11.65999984741211,11.680000305175781,11.65999984741211,11.675000190734863,11.675000190734863,48273
2024-01-03 15:50:00-05:00,11.675000190734863,11.680000305175781,11.619999885559082,11.619999885559082,11.619999885559082,74856
2024-01-03 15:55:00-05:00,11.630000114440918,11.640000343322754,11.5600004196167,11.5600004196167,11.5600004196167,249875
2024-01-04 09:30:00-05:00,11.609999656677246,11.61240005493164,11.479999542236328,11.484999656677246,11.484999656677246,24991
2024-01-04 09:35:00-05:00,11.489999771118164,11.550000190734863,11.489999771118164,11.529999732971191,11.529999732971191,5648
2024-01-04 09:40:00-05:00,11.520000457763672,11.579999923706055,11.494999885559082,11.5600004196167,11.5600004196167,24709
2024-01-04 09:45:00-05:00,11.545000076293945,11.555000305175781,11.479999542236328,11.529999732971191,11.529999732971191,24201
2024-01-04 09:50:00-05:00,11.53499984741211,11.59000015258789,11.5,11.579999923706055,11.579999923706055,52599
2024-01-04 09:55:00-05:00,11.585000038146973,11.585000038146973,11.539999961853027,11.579999923706055,11.579999923706055,94581
2024-01-04 10:00:00-05:00,11.574999809265137,11.595000267028809,11.545000076293945,11.579999923706055,11.579999923706055,125603
2024-01-04 10:05:00-05:00,11.569999694824219,11.630000114440918,11.569999694824219,11.619999885559082,11.619999885559082,100242
2024-01-04 10:10:00-05:00,11.625,11.630000114440918,11.59000015258789,11.604999542236328,11.604999542236328,18891
2024-01-04 10:15:00-05:00,11.609999656677246,11.619999885559082,11.59000015258789,11.59000015258789,11.59000015258789,14581
2024-01-04 10:20:00-05:00,11.59000015258789,11.595000267028809,11.555000305175781,11.569999694824219,11.569999694824219,69841
2024-01-04 10:25:00-05:00,11.569999694824219,11.569999694824219,11.529999732971191,11.550000190734863,11.550000190734863,20433
2024-01-04 10:30:00-05:00,11.545000076293945,11.5600004196167,11.505000114440918,11.510000228881836,11.510000228881836,31197
2024-01-04 10:35:00-05:00,11.5,11.550000190734863,11.479999542236328,11.505000114440918,11.505000114440918,39012
2024-01-04 10:40:00-05:00,11.5,11.510000228881836,11.454999923706055,11.510000228881836,11.510000228881836,20970
2024-01-04 10:45:00-05:00,11.505000114440918,11.569999694824219,11.505000114440918,11.569999694824219,11.569999694824219,11642
2024-01-04 10:50:00-05:00,11.574999809265137,11.579999923706055,11.555000305175781,11.569999694824219,11.569999694824219,13096
2024-01-04 10:55:00-05:00,11.569999694824219,11.569999694824219,11.53499984741211,11.539999961853027,11.539999961853027,13076
2024-01-04 11:00:00-05:00,11.53499984741211,11.569999694824219,11.532500267028809,11.555000305175781,11.555000305175781,16452
2024-01-04 11:05:00-05:00,11.5600004196167,11.569999694824219,11.545000076293945,11.545000076293945,11.545000076293945,9829
2024-01-04 11:10:00-05:00,11.545000076293945,11.579999923706055,11.545000076293945,11.574999809265137,11.574999809265137,6353
2024-01-04 11:15:00-05:00,11.579999923706055,11.609999656677246,11.5649995803833,11.569999694824219,11.569999694824219,14691
2024-01-04 11:20:00-05:00,11.569999694824219,11.579999923706055,11.550000190734863,11.550000190734863,11.550000190734863,20128
2024-01-04 11:25:00-05:00,11.550000190734863,11.555000305175781,11.520000457763672,11.520000457763672,11.520000457763672,22168
2024-01-04 11:30:00-05:00,11.524999618530273,11.53499984741211,11.510000228881836,11.510000228881836,11.510000228881836,9052
2024-01-04 11:35:00-05:00,11.510000228881836,11.520000457763672,11.494999885559082,11.5,11.5,20279
2024-01-04 11:40:00-05:00,11.489999771118164,11.5,11.460000038146973,11.479999542236328,11.479999542236328,19456
2024-01-04 11:45:00-05:00,11.484999656677246,11.494999885559082,11.454999923706055,11.460000038146973,11.460000038146973,37300
2024-01-04 11:50:00-05:00,11.460000038146973,11.460000038146973,11.425000190734863,11.4399995803833,11.4399995803833,21820
2024-01-04 11:55:00-05:00,11.4399995803833,11.475000381469727,11.4399995803833,11.475000381469727,11.475000381469727,65927
2024-01-04 12:00:00-05:00,11.470000267028809,11.470000267028809,11.430000305175781,11.449999809265137,11.449999809265137,50229
2024-01-04 12:05:00-05:00,11.454999923706055,11.489999771118164,11.444999694824219,11.484999656677246,11.484999656677246,18948
2024-01-04 12:10:00-05:00,11.484999656677246,11.529999732971191,11.484999656677246,11.515000343322754,11.515000343322754,15305
2024-01-04 12:15:00-05:00,11.510000228881836,11.520000457763672,11.505000114440918,11.515000343322754,11.515000343322754,11256
2024-01-04 12:20:00-05:00,11.515000343322754,11.5600004196167,11.515000343322754,11.550000190734863,11.550000190734863,13240
2024-01-04 12:25:00-05:00,11.545000076293945,11.5649995803833,11.545000076293945,11.555000305175781,11.555000305175781,11338
2024-01-04 12:30:00-05:00,11.555000305175781,11.5649995803833,11.5,11.555000305175781,11.555000305175781,388049
2024-01-04 12:35:00-05:00,11.550000190734863,11.6850004196167,11.545000076293945,11.654999732971191,11.654999732971191,90518
2024-01-04 12:40:00-05:00,11.649999618530273,11.649999618530273,11.569999694824219,11.579999923706055,11.579999923706055,23726
2024-01-04 12:45:00-05:00,11.569999694824219,11.579999923706055,11.543899536132812,11.5649995803833,11.5649995803833,23650
2024-01-04 12:50:00-05:00,11.5649995803833,11.570500373840332,11.5600004196167,11.5649995803833,11.5649995803833,7642
2024-01-04 12:55:00-05:00,11.5600004196167,11.5600004196167,11.53499984741211,11.5600004196167,11.5600004196167,23721
2024-01-04 13:00:00-05:00,11.5600004196167,11.569999694824219,11.550000190734863,11.550000190734863,11.550000190734863,12260
2024-01-04 13:05:00-05:00,11.550000190734863,11.569999694824219,11.545000076293945,11.5600004196167,11.5600004196167,22198
2024-01-04 13:10:00-05:00,11.5600004196167,11.579999923706055,11.545000076293945,11.569999694824219,11.569999694824219,18954
2024-01-04 13:15:00-05:00,11.569999694824219,11.585000038146973,11.5600004196167,11.574999809265137,11.574999809265137,10684
2024-01-04 13:20:00-05:00,11.569999694824219,11.574999809265137,11.5649995803833,11.574999809265137,11.574999809265137,8013
2024-01-04 13:25:00-05:00,11.569999694824219,11.574999809265137,11.5600004196167,11.5600004196167,11.5600004196167,5669
2024-01-04 13:30:00-05:00,11.569999694824219,11.579999923706055,11.5600004196167,11.574999809265137,11.574999809265137,6727
2024-01-04 13:35:00-05:00,11.569999694824219,11.604999542236328,11.569999694824219,11.579999923706055,11.579999923706055,12331
2024-01-04 13:40:00-05:00,11.579999923706055,11.595000267028809,11.579999923706055,11.595000267028809,11.595000267028809,9935
2024-01-04 13:45:00-05:00,11.595000267028809,11.609999656677246,11.592499732971191,11.600000381469727,11.600000381469727,3613
2024-01-04 13:50:00-05:00,11.604999542236328,11.619999885559082,11.600000381469727,11.609999656677246,11.609999656677246,14388
2024-01-04 13:55:00-05:00,11.609999656677246,11.614999771118164,11.600000381469727,11.604999542236328,11.604999542236328,5295
2024-01-04 14:00:00-05:00,11.600000381469727,11.604999542236328,11.579999923706055,11.579999923706055,11.579999923706055,8129
2024-01-04 14:05:00-05:00,11.585000038146973,11.59000015258789,11.579999923706055,11.579999923706055,11.579999923706055,9630
2024-01-04 14:10:00-05:00,11.579999923706055,11.585000038146973,11.569999694824219,11.579999923706055,11.579999923706055,8198
2024-01-04 14:15:00-05:00,11.585000038146973,11.585000038146973,11.569999694824219,11.579999923706055,11.579999923706055,6866
2024-01-04 14:20:00-05:00,11.579999923706055,11.585000038146973,11.5649995803833,11.5649995803833,11.5649995803833,11895
2024-01-04 14:25:00-05:00,11.5649995803833,11.569999694824219,11.550000190734863,11.5600004196167,11.5600004196167,12681
2024-01-04 14:30:00-05:00,11.5649995803833,11.5649995803833,11.550000190734863,11.5600004196167,11.5600004196167,14570
2024-01-04 14:35:00-05:00,11.5649995803833,11.569999694824219,11.550000190734863,11.555000305175781,11.555000305175781,10288
2024-01-04 14:40:00-05:00,11.550000190734863,11.5600004196167,11.550000190734863,11.550000190734863,11.550000190734863,12562
2024-01-04 14:45:00-05:00,11.550000190734863,11.5600004196167,11.539999961853027,11.5600004196167,11.5600004196167,29222
2024-01-04 14:50:00-05:00,11.5600004196167,11.569999694824219,11.550000190734863,11.5600004196167,11.5600004196167,8913
2024-01-04 14:55:00-05:00,11.5600004196167,11.59000015258789,11.5600004196167,11.579999923706055,11.579999923706055,10314
2024-01-04 15:00:00-05:00,11.585000038146973,11.617500305175781,11.585000038146973,11.609999656677246,11.609999656677246,18758
2024-01-04 15:05:00-05:00,11.604999542236328,11.649999618530273,11.604999542236328,11.649999618530273,11.649999618530273,26108
2024-01-04 15:10:00-05:00,11.645000457763672,11.649999618530273,11.619999885559082,11.635000228881836,11.635000228881836,19758
2024-01-04 15:15:00-05:00,11.635000228881836,11.635000228881836,11.602499961853027,11.614999771118164,11.614999771118164,19762
2024-01-04 15:20:00-05:00,11.609999656677246,11.630000114440918,11.609999656677246,11.614999771118164,11.614999771118164,23886
2024-01-04 15:25:00-05:00,11.614999771118164,11.619999885559082,11.604999542236328,11.604999542236328,11.604999542236328,15252
2024-01-04 15:30:00-05:00,11.604999542236328,11.619999885559082,11.595000267028809,11.595000267028809,11.595000267028809,33769
2024-01-04 15:35:00-05:00,11.595000267028809,11.600000381469727,11.59000015258789,11.600000381469727,11.600000381469727,9940
2024-01-04 15:40:00-05:00,11.600000381469727,11.609999656677246,11.59000015258789,11.595000267028809,11.595000267028809,31421
2024-01-04 15:45:00-05:00,11.595000267028809,11.604999542236328,11.579999923706055,11.579999923706055,11.579999923706055,33354
2024-01-04 15:50:00-05:00,11.585000038146973,11.59000015258789,11.529999732971191,11.53499984741211,11.53499984741211,201728
2024-01-04 15:55:00-05:00,11.529999732971191,11.53499984741211,11.460000038146973,11.460000038146973,11.460000038146973,422673
2024-01-05 09:30:00-05:00,11.399999618530273,11.470000267028809,11.350000381469727,11.449999809265137,11.449999809265137,24262
2024-01-05 09:35:00-05:00,11.4399995803833,11.460000038146973,11.350000381469727,11.350000381469727,11.350000381469727,20562
2024-01-05 09:40:00-05:00,11.345000267028809,11.40999984741211,11.345000267028809,11.385000228881836,11.385000228881836,11515
2024-01-05 09:45:00-05:00,11.390000343322754,11.390000343322754,11.350000381469727,11.364999771118164,11.364999771118164,9958
2024-01-05 09:50:00-05:00,11.375,11.470000267028809,11.375,11.470000267028809,11.470000267028809,16034
2024-01-05 09:55:00-05:00,11.470000267028809,11.479999542236328,11.430000305175781,11.4399995803833,11.4399995803833,8483
2024-01-05 10:00:00-05:00,11.4399995803833,11.550000190734863,11.4399995803833,11.524999618530273,11.524999618530273,24852
2024-01-05 10:05:00-05:00,11.529999732971191,11.569999694824219,11.510000228881836,11.550000190734863,11.550000190734863,23086
2024-01-05 10:10:00-05:00,11.545000076293945,11.569999694824219,11.520000457763672,11.539999961853027,11.539999961853027,19389
2024-01-05 10:15:00-05:00,11.539999961853027,11.539999961853027,11.494999885559082,11.5,11.5,8415
2024-01-05 10:20:00-05:00,11.489999771118164,11.520000457763672,11.46500015258789,11.515000343322754,11.515000343322754,6510
2024-01-05 10:25:00-05:00,11.515000343322754,11.520000457763672,11.484999656677246,11.484999656677246,11.484999656677246,9189
2024-01-05 10:30:00-05:00,11.484999656677246,11.484999656677246,11.475000381469727,11.484999656677246,11.484999656677246,8948
2024-01-05 10:35:00-05:00,11.479999542236328,11.510000228881836,11.46500015258789,11.494999885559082,11.494999885559082,13414
2024-01-05 10:40:00-05:00,11.489999771118164,11.489999771118164,11.460000038146973,11.460000038146973,11.460000038146973,9182
2024-01-05 10:45:00-05:00,11.454999923706055,11.475000381469727,11.444999694824219,11.444999694824219,11.444999694824219,10447
2024-01-05 10:50:00-05:00,11.447500228881836,11.454999923706055,11.430000305175781,11.444999694824219,11.444999694824219,10181
2024-01-05 10:55:00-05:00,11.444999694824219,11.454999923706055,11.4350004196167,11.4399995803833,11.4399995803833,5926
2024-01-05 11:00:00-05:00,11.4350004196167,11.479999542236328,11.4350004196167,11.460000038146973,11.460000038146973,16581
2024-01-05 11:05:00-05:00,11.454999923706055,11.454999923706055,11.425000190734863,11.425000190734863,11.425000190734863,6559
2024-01-05 11:10:00-05:00,11.420999526977539,11.4350004196167,11.420000076293945,11.4350004196167,11.4350004196167,3987
2024-01-05 11:15:00-05:00,11.4350004196167,11.4399995803833,11.420000076293945,11.425000190734863,11.425000190734863,8327
2024-01-05 11:20:00-05:00,11.425000190734863,11.4399995803833,11.425000190734863,11.4350004196167,11.4350004196167,8049
2024-01-05 11:25:00-05:00,11.4350004196167,11.4399995803833,11.404999732971191,11.4399995803833,11.4399995803833,21033
2024-01-05 11:30:00-05:00,11.4399995803833,11.454999923706055,11.4399995803833,11.444999694824219,11.444999694824219,7586
2024-01-05 11:35:00-05:00,11.4399995803833,11.444999694824219,11.4399995803833,11.4399995803833,11.4399995803833,7490
2024-01-05 11:40:00-05:00,11.4350004196167,11.4350004196167,11.40999984741211,11.420000076293945,11.420000076293945,5243
2024-01-05 11:45:00-05:00,11.40999984741211,11.425000190734863,11.40999984741211,11.40999984741211,11.40999984741211,7208
2024-01-05 11:50:00-05:00,11.420000076293945,11.430000305175781,11.40999984741211,11.425000190734863,11.425000190734863,9286
2024-01-05 11:55:00-05:00,11.425000190734863,11.430000305175781,11.414999961853027,11.414999961853027,11.414999961853027,8746
2024-01-05 12:00:00-05:00,11.420000076293945,11.4399995803833,11.395000457763672,11.43120002746582,11.43120002746582,12326
2024-01-05 12:05:00-05:00,11.430000305175781,11.4350004196167,11.380000114440918,11.380000114440918,11.380000114440918,10691
2024-01-05 12:10:00-05:00,11.380000114440918,11.380000114440918,11.364999771118164,11.380000114440918,11.380000114440918,7121
2024-01-05 12:15:00-05:00,11.390000343322754,11.399999618530273,11.381999969482422,11.390000343322754,11.390000343322754,8814
2024-01-05 12:20:00-05:00,11.385000228881836,11.395000457763672,11.385000228881836,11.395000457763672,11.395000457763672,8316
2024-01-05 12:25:00-05:00,11.399999618530273,11.399999618530273,11.385000228881836,11.390000343322754,11.390000343322754,3057
2024-01-05 12:30:00-05:00,11.385000228881836,11.390000343322754,11.364999771118164,11.364999771118164,11.364999771118164,5685
2024-01-05 12:35:00-05:00,11.359999656677246,11.399999618530273,11.359999656677246,11.395000457763672,11.395000457763672,9098
2024-01-05 12:40:00-05:00,11.399999618530273,11.399999618530273,11.395000457763672,11.395000457763672,11.395000457763672,3674
2024-01-05 12:45:00-05:00,11.390999794006348,11.395000457763672,11.380000114440918,11.385000228881836,11.385000228881836,5924
2024-01-05 12:50:00-05:00,11.380000114440918,11.385000228881836,11.369999885559082,11.369999885559082,11.369999885559082,6567
2024-01-05 12:55:00-05:00,11.369999885559082,11.380000114440918,11.364999771118164,11.380000114440918,11.380000114440918,5514
2024-01-05 13:00:00-05:00,11.371000289916992,11.375,11.34000015258789,11.34000015258789,11.34000015258789,10526
2024-01-05 13:05:00-05:00,11.34000015258789,11.359999656677246,11.335000038146973,11.359999656677246,11.359999656677246,11403
2024-01-05 13:10:00-05:00,11.359999656677246,11.359999656677246,11.329999923706055,11.335000038146973,11.335000038146973,4364
2024-01-05 13:15:00-05:00,11.329999923706055,11.354999542236328,11.324999809265137,11.350000381469727,11.350000381469727,16547
2024-01-05 13:20:00-05:00,11.350000381469727,11.350000381469727,11.329999923706055,11.339699745178223,11.339699745178223,5294
2024-01-05 13:25:00-05:00,11.335000038146973,11.345000267028809,11.335000038146973,11.34000015258789,11.34000015258789,6245
2024-01-05 13:30:00-05:00,11.34000015258789,11.385000228881836,11.34000015258789,11.360199928283691,11.360199928283691,15614
2024-01-05 13:35:00-05:00,11.359999656677246,11.369999885559082,11.350000381469727,11.369999885559082,11.369999885559082,4505
2024-01-05 13:40:00-05:00,11.369999885559082,11.375,11.354999542236328,11.354999542236328,11.354999542236328,10709
2024-01-05 13:45:00-05:00,11.35099983215332,11.364999771118164,11.350000381469727,11.354999542236328,11.354999542236328,6499
2024-01-05 13:50:00-05:00,11.354999542236328,11.354999542236328,11.334699630737305,11.334699630737305,11.334699630737305,10268
2024-01-05 13:55:00-05:00,11.34000015258789,11.34000015258789,11.324999809265137,11.324999809265137,11.324999809265137,5481
2024-01-05 14:00:00-05:00,11.329999923706055,11.34000015258789,11.319999694824219,11.319999694824219,11.319999694824219,7490
2024-01-05 14:05:00-05:00,11.329999923706055,11.350000381469727,11.324999809265137,11.345000267028809,11.345000267028809,11717
2024-01-05 14:10:00-05:00,11.345000267028809,11.359999656677246,11.335000038146973,11.34000015258789,11.34000015258789,10438
2024-01-05 14:15:00-05:00,11.34000015258789,11.345000267028809,11.324999809265137,11.329999923706055,11.329999923706055,18296
2024-01-05 14:20:00-05:00,11.34000015258789,11.359999656677246,11.34000015258789,11.345000267028809,11.345000267028809,8073
2024-01-05 14:25:00-05:00,11.345000267028809,11.350000381469727,11.34000015258789,11.345000267028809,11.345000267028809,2555
2024-01-05 14:30:00-05:00,11.345000267028809,11.345000267028809,11.329999923706055,11.34000015258789,11.34000015258789,7303
2024-01-05 14:35:00-05:00,11.329999923706055,11.335000038146973,11.319999694824219,11.319999694824219,11.319999694824219,19781
2024-01-05 14:40:00-05:00,11.319999694824219,11.319999694824219,11.295000076293945,11.295000076293945,11.295000076293945,6658
2024-01-05 14:45:00-05:00,11.289999961853027,11.295000076293945,11.274999618530273,11.279999732971191,11.279999732971191,17499
2024-01-05 14:50:00-05:00,11.270000457763672,11.270000457763672,11.244999885559082,11.255000114440918,11.255000114440918,20101
2024-01-05 14:55:00-05:00,11.25,11.25,11.225000381469727,11.23009967803955,11.23009967803955,16930
2024-01-05 15:00:00-05:00,11.229999542236328,11.239999771118164,11.194999694824219,11.199999809265137,11.199999809265137,21136
2024-01-05 15:05:00-05:00,11.204999923706055,11.220000267028809,11.199999809265137,11.21500015258789,11.21500015258789,14836
2024-01-05 15:10:00-05:00,11.21500015258789,11.229999542236328,11.210000038146973,11.220000267028809,11.220000267028809,24266
2024-01-05 15:15:00-05:00,11.21500015258789,11.220000267028809,11.199999809265137,11.199999809265137,11.199999809265137,12485
2024-01-05 15:20:00-05:00,11.204999923706055,11.210000038146973,11.199999809265137,11.199999809265137,11.199999809265137,9828
2024-01-05 15:25:00-05:00,11.199999809265137,11.204999923706055,11.170000076293945,11.199999809265137,11.199999809265137,35898
2024-01-05 15:30:00-05:00,11.204999923706055,11.225000381469727,11.194999694824219,11.225000381469727,11.225000381469727,43612
2024-01-05 15:35:00-05:00,11.220000267028809,11.220000267028809,11.200499534606934,11.210000038146973,11.210000038146973,29679
2024-01-05 15:40:00-05:00,11.210000038146973,11.21500015258789,11.199999809265137,11.204999923706055,11.204999923706055,21622
2024-01-05 15:45:00-05:00,11.210000038146973,11.255000114440918,11.1899995803833,11.255000114440918,11.255000114440918,149387
2024-01-05 15:50:00-05:00,11.25,11.279999732971191,11.25,11.279999732971191,11.279999732971191,63935
2024-01-05 15:55:00-05:00,11.279999732971191,11.319999694824219,11.260000228881836,11.3100004196167,11.3100004196167,261747
2024-01-08 09:30:00-05:00,11.350000381469727,11.399999618530273,11.34000015258789,11.350000381469727,11.350000381469727,24295
2024-01-08 09:35:00-05:00,11.359999656677246,11.390000343322754,11.359999656677246,11.380000114440918,11.380000114440918,9794
2024-01-08 09:40:00-05:00,11.359999656677246,11.369999885559082,11.34000015258789,11.369999885559082,11.369999885559082,7503
2024-01-08 09:45:00-05:00,11.369999885559082,11.375,11.324999809265137,11.329999923706055,11.329999923706055,7436
2024-01-08 09:50:00-05:00,11.329999923706055,11.390000343322754,11.329999923706055,11.380000114440918,11.380000114440918,5590
2024-01-08 09:55:00-05:00,11.375,11.430000305175781,11.364999771118164,11.430000305175781,11.430000305175781,4502
2024-01-08 10:00:00-05:00,11.420000076293945,11.479999542236328,11.390000343322754,11.475000381469727,11.475000381469727,17458
2024-01-08 10:05:00-05:00,11.470000267028809,11.470000267028809,11.449999809265137,11.449999809265137,11.449999809265137,8831
2024-01-08 10:10:00-05:00,11.449999809265137,11.460000038146973,11.4399995803833,11.449999809265137,11.449999809265137,17609
2024-01-08 10:15:00-05:00,11.449999809265137,11.479000091552734,11.449999809265137,11.479000091552734,11.479000091552734,7414
2024-01-08 10:20:00-05:00,11.479999542236328,11.479999542236328,11.425000190734863,11.425000190734863,11.425000190734863,12192
2024-01-08 10:25:00-05:00,11.420000076293945,11.445899963378906,11.40999984741211,11.445899963378906,11.445899963378906,5788
2024-01-08 10:30:00-05:00,11.460000038146973,11.470000267028809,11.449999809265137,11.470000267028809,11.470000267028809,8685
2024-01-08 10:35:00-05:00,11.46500015258789,11.479999542236328,11.460000038146973,11.460000038146973,11.460000038146973,3881
2024-01-08 10:40:00-05:00,11.470000267028809,11.520000457763672,11.470000267028809,11.520000457763672,11.520000457763672,6595
2024-01-08 10:45:00-05:00,11.520000457763672,11.529999732971191,11.515000343322754,11.515000343322754,11.515000343322754,8974
2024-01-08 10:50:00-05:00,11.5,11.5,11.494999885559082,11.5,11.5,4369
2024-01-08 10:55:00-05:00,11.500100135803223,11.515000343322754,11.484999656677246,11.494999885559082,11.494999885559082,6172
2024-01-08 11:00:00-05:00,11.494999885559082,11.494999885559082,11.475000381469727,11.475000381469727,11.475000381469727,4189
2024-01-08 11:05:00-05:00,11.479999542236328,11.510000228881836,11.479999542236328,11.507499694824219,11.507499694824219,9952
2024-01-08 11:10:00-05:00,11.5,11.5,11.484299659729004,11.494999885559082,11.494999885559082,5815
2024-01-08 11:15:00-05:00,11.489999771118164,11.494999885559082,11.475000381469727,11.479999542236328,11.479999542236328,8814
2024-01-08 11:20:00-05:00,11.489999771118164,11.505000114440918,11.470000267028809,11.470000267028809,11.470000267028809,9641
2024-01-08 11:25:00-05:00,11.470000267028809,11.470000267028809,11.449999809265137,11.460000038146973,11.460000038146973,7177
2024-01-08 11:30:00-05:00,11.460000038146973,11.479999542236328,11.449999809265137,11.449999809265137,11.449999809265137,8244
2024-01-08 11:35:00-05:00,11.449999809265137,11.449999809265137,11.430000305175781,11.444999694824219,11.444999694824219,6474
2024-01-08 11:40:00-05:00,11.444999694824219,11.460000038146973,11.4399995803833,11.444999694824219,11.444999694824219,7377
2024-01-08 11:45:00-05:00,11.4399995803833,11.460000038146973,11.4399995803833,11.460000038146973,11.460000038146973,3058
2024-01-08 11:50:00-05:00,11.454999923706055,11.475000381469727,11.449999809265137,11.475000381469727,11.475000381469727,14026
2024-01-08 11:55:00-05:00,11.479999542236328,11.479999542236328,11.46500015258789,11.475000381469727,11.475000381469727,10848
2024-01-08 12:00:00-05:00,11.479999542236328,11.510000228881836,11.479999542236328,11.505000114440918,11.505000114440918,6883
2024-01-08 12:05:00-05:00,11.5,11.5,11.482500076293945,11.489999771118164,11.489999771118164,10538
2024-01-08 12:10:00-05:00,11.494999885559082,11.494999885559082,11.4350004196167,11.4399995803833,11.4399995803833,11354
2024-01-08 12:15:00-05:00,11.444999694824219,11.454999923706055,11.4399995803833,11.454999923706055,11.454999923706055,8803
2024-01-08 12:20:00-05:00,11.449999809265137,11.449999809265137,11.4399995803833,11.444999694824219,11.444999694824219,8761
2024-01-08 12:25:00-05:00,11.444999694824219,11.444999694824219,11.420000076293945,11.425000190734863,11.425000190734863,22580
2024-01-08 12:30:00-05:00,11.430000305175781,11.475000381469727,11.430000305175781,11.471699714660645,11.471699714660645,14900
2024-01-08 12:35:00-05:00,11.470000267028809,11.5,11.470000267028809,11.479999542236328,11.479999542236328,11628
2024-01-08 12:40:00-05:00,11.479999542236328,11.494999885559082,11.47249984741211,11.489999771118164,11.489999771118164,7463
2024-01-08 12:45:00-05:00,11.494999885559082,11.494999885559082,11.475000381469727,11.479999542236328,11.479999542236328,7745
2024-01-08 12:50:00-05:00,11.475000381469727,11.5,11.475000381469727,11.5,11.5,4622
2024-01-08 12:55:00-05:00,11.5,11.520000457763672,11.5,11.520000457763672,11.520000457763672,9446
2024-01-08 13:00:00-05:00,11.515000343322754,11.529999732971191,11.505000114440918,11.529999732971191,11.529999732971191,6433
2024-01-08 13:05:00-05:00,11.529999732971191,11.529999732971191,11.515000343322754,11.520000457763672,11.520000457763672,8393
2024-01-08 13:10:00-05:00,11.524999618530273,11.529999732971191,11.519100189208984,11.529999732971191,11.529999732971191,7228
2024-01-08 13:15:00-05:00,11.524999618530273,11.545000076293945,11.510000228881836,11.515000343322754,11.515000343322754,23980
2024-01-08 13:20:00-05:00,11.515000343322754,11.520000457763672,11.5,11.505000114440918,11.505000114440918,9950
2024-01-08 13:25:00-05:00,11.510000228881836,11.515000343322754,11.489999771118164,11.489999771118164,11.489999771118164,12636
2024-01-08 13:30:00-05:00,11.489999771118164,11.520000457763672,11.482500076293945,11.515000343322754,11.515000343322754,5440
2024-01-08 13:35:00-05:00,11.520000457763672,11.550000190734863,11.510100364685059,11.545000076293945,11.545000076293945,16593
2024-01-08 13:40:00-05:00,11.550000190734863,11.550000190734863,11.529999732971191,11.532500267028809,11.532500267028809,5564
2024-01-08 13:45:00-05:00,11.53499984741211,11.539999961853027,11.524999618530273,11.524999618530273,11.524999618530273,9179
2024-01-08 13:50:00-05:00,11.524999618530273,11.539999961853027,11.524999618530273,11.53499984741211,11.53499984741211,3870
2024-01-08 13:55:00-05:00,11.529999732971191,11.550000190734863,11.529999732971191,11.550000190734863,11.550000190734863,9952
2024-01-08 14:00:00-05:00,11.545000076293945,11.545000076293945,11.53499984741211,11.53499984741211,11.53499984741211,7024
2024-01-08 14:05:00-05:00,11.539999961853027,11.539999961853027,11.505000114440918,11.529999732971191,11.529999732971191,27382
2024-01-08 14:10:00-05:00,11.539999961853027,11.550000190734863,11.539999961853027,11.545000076293945,11.545000076293945,4634
2024-01-08 14:15:00-05:00,11.539999961853027,11.545000076293945,11.520000457763672,11.524999618530273,11.524999618530273,8608
2024-01-08 14:20:00-05:00,11.520000457763672,11.520000457763672,11.515000343322754,11.520000457763672,11.520000457763672,2500
2024-01-08 14:25:00-05:00,11.520000457763672,11.550000190734863,11.520000457763672,11.539999961853027,11.539999961853027,15500
2024-01-08 14:30:00-05:00,11.539999961853027,11.579999923706055,11.539999961853027,11.5600004196167,11.5600004196167,42092
2024-01-08 14:35:00-05:00,11.555000305175781,11.5600004196167,11.545000076293945,11.5600004196167,11.5600004196167,7142
2024-01-08 14:40:00-05:00,11.5600004196167,11.569999694824219,11.555000305175781,11.5649995803833,11.5649995803833,34029
2024-01-08 14:45:00-05:00,11.5600004196167,11.5649995803833,11.550000190734863,11.550000190734863,11.550000190734863,12734
2024-01-08 14:50:00-05:00,11.555000305175781,11.555000305175781,11.524999618530273,11.53499984741211,11.53499984741211,41231
2024-01-08 14:55:00-05:00,11.529999732971191,11.53499984741211,11.505000114440918,11.520000457763672,11.520000457763672,26993
2024-01-08 15:00:00-05:00,11.510000228881836,11.510000228881836,11.5,11.5,11.5,7177
2024-01-08 15:05:00-05:00,11.505000114440918,11.505000114440918,11.5,11.5,11.5,4549
2024-01-08 15:10:00-05:00,11.505000114440918,11.510000228881836,11.5,11.5,11.5,6628
2024-01-08 15:15:00-05:00,11.489999771118164,11.489999771118164,11.460000038146973,11.470000267028809,11.470000267028809,13335
2024-01-08 15:20:00-05:00,11.470000267028809,11.475000381469727,11.470000267028809,11.470000267028809,11.470000267028809,3836
2024-01-08 15:25:00-05:00,11.470000267028809,11.494999885559082,11.470000267028809,11.489999771118164,11.489999771118164,29491
2024-01-08 15:30:00-05:00,11.5,11.5649995803833,11.489999771118164,11.5649995803833,11.5649995803833,36861
2024-01-08 15:35:00-05:00,11.569999694824219,11.579999923706055,11.5600004196167,11.569999694824219,11.569999694824219,79572
2024-01-08 15:40:00-05:00,11.569999694824219,11.585000038146973,11.5649995803833,11.5649995803833,11.5649995803833,98893
2024-01-08 15:45:00-05:00,11.569999694824219,11.614999771118164,11.569999694824219,11.595000267028809,11.595000267028809,70698
2024-01-08 15:50:00-05:00,11.595000267028809,11.598699569702148,11.569999694824219,11.59000015258789,11.59000015258789,111665
2024-01-08 15:55:00-05:00,11.585000038146973,11.595000267028809,11.550000190734863,11.569999694824219,11.569999694824219,286707
2024-01-09 09:30:00-05:00,11.449999809265137,11.5,11.399999618530273,11.479999542236328,11.479999542236328,18306
2024-01-09 09:35:00-05:00,11.470000267028809,11.505000114440918,11.425000190734863,11.430000305175781,11.430000305175781,18929
2024-01-09 09:40:00-05:00,11.430000305175781,11.4350004196167,11.369999885559082,11.380000114440918,11.380000114440918,10697
2024-01-09 09:45:00-05:00,11.390000343322754,11.40999984741211,11.369999885559082,11.399999618530273,11.399999618530273,7654
2024-01-09 09:50:00-05:00,11.399999618530273,11.420000076293945,11.390000343322754,11.390000343322754,11.390000343322754,5577
2024-01-09 09:55:00-05:00,11.390000343322754,11.430000305175781,11.390000343322754,11.430000305175781,11.430000305175781,6559
2024-01-09 10:00:00-05:00,11.430000305175781,11.430000305175781,11.404999732971191,11.40999984741211,11.40999984741211,7855
2024-01-09 10:05:00-05:00,11.399999618530273,11.430000305175781,11.399999618530273,11.430000305175781,11.430000305175781,7975
2024-01-09 10:10:00-05:00,11.425000190734863,11.430000305175781,11.390000343322754,11.414999961853027,11.414999961853027,9550
2024-01-09 10:15:00-05:00,11.420000076293945,11.430000305175781,11.40999984741211,11.40999984741211,11.40999984741211,3726
2024-01-09 10:20:00-05:00,11.414999961853027,11.414999961853027,11.380000114440918,11.390000343322754,11.390000343322754,9640
2024-01-09 10:25:00-05:00,11.390000343322754,11.414999961853027,11.390000343322754,11.399999618530273,11.399999618530273,3942
2024-01-09 10:30:00-05:00,11.399999618530273,11.404999732971191,11.390000343322754,11.395000457763672,11.395000457763672,6567
2024-01-09 10:35:00-05:00,11.395000457763672,11.4399995803833,11.390000343322754,11.4399995803833,11.4399995803833,7962
2024-01-09 10:40:00-05:00,11.430000305175781,11.460000038146973,11.420000076293945,11.460000038146973,11.460000038146973,12988
2024-01-09 10:45:00-05:00,11.449999809265137,11.449999809265137,11.420000076293945,11.425000190734863,11.425000190734863,9711
2024-01-09 10:50:00-05:00,11.420000076293945,11.4399995803833,11.399999618530273,11.399999618530273,11.399999618530273,34839
2024-01-09 10:55:00-05:00,11.399999618530273,11.404999732971191,11.369999885559082,11.390000343322754,11.390000343322754,15659
2024-01-09 11:00:00-05:00,11.395000457763672,11.414999961853027,11.39009952545166,11.40999984741211,11.40999984741211,12770
2024-01-09 11:05:00-05:00,11.399999618530273,11.425000190734863,11.399999618530273,11.425000190734863,11.425000190734863,6517
2024-01-09 11:10:00-05:00,11.420000076293945,11.420000076293945,11.40250015258789,11.414999961853027,11.414999961853027,3876
2024-01-09 11:15:00-05:00,11.40999984741211,11.430000305175781,11.40999984741211,11.421199798583984,11.421199798583984,5402
2024-01-09 11:20:00-05:00,11.425000190734863,11.430000305175781,11.420000076293945,11.430000305175781,11.430000305175781,2566
2024-01-09 11:25:00-05:00,11.430000305175781,11.444999694824219,11.430000305175781,11.4350004196167,11.4350004196167,4945
2024-01-09 11:30:00-05:00,11.4399995803833,11.444999694824219,11.4399995803833,11.444999694824219,11.444999694824219,2133
2024-01-09 11:35:00-05:00,11.444999694824219,11.444999694824219,11.425000190734863,11.4350004196167,11.4350004196167,11166
2024-01-09 11:40:00-05:00,11.4350004196167,11.4350004196167,11.40999984741211,11.40999984741211,11.40999984741211,2335
2024-01-09 11:45:00-05:00,11.412500381469727,11.449999809265137,11.40999984741211,11.4399995803833,11.4399995803833,9842
2024-01-09 11:50:00-05:00,11.4399995803833,11.454999923706055,11.4399995803833,11.449999809265137,11.449999809265137,4200
2024-01-09 11:55:00-05:00,11.452500343322754,11.460000038146973,11.452500343322754,11.460000038146973,11.460000038146973,1063
2024-01-09 12:00:00-05:00,11.454999923706055,11.454999923706055,11.442500114440918,11.449999809265137,11.449999809265137,5011
2024-01-09 12:05:00-05:00,11.449999809265137,11.46500015258789,11.449999809265137,11.46500015258789,11.46500015258789,2626
2024-01-09 12:10:00-05:00,11.46500015258789,11.46500015258789,11.460000038146973,11.46500015258789,11.46500015258789,667
2024-01-09 12:15:00-05:00,11.46500015258789,11.46500015258789,11.454999923706055,11.460000038146973,11.460000038146973,6647
2024-01-09 12:20:00-05:00,11.460000038146973,11.46500015258789,11.449999809265137,11.454999923706055,11.454999923706055,7930
2024-01-09 12:25:00-05:00,11.454999923706055,11.460000038146973,11.452500343322754,11.452500343322754,11.452500343322754,3391
2024-01-09 12:30:00-05:00,11.454999923706055,11.454999923706055,11.449999809265137,11.454999923706055,11.454999923706055,1159
2024-01-09 12:35:00-05:00,11.454999923706055,11.46500015258789,11.454999923706055,11.46500015258789,11.46500015258789,5785
2024-01-09 12:40:00-05:00,11.46500015258789,11.475000381469727,11.460000038146973,11.475000381469727,11.475000381469727,2462
2024-01-09 12:45:00-05:00,11.475000381469727,11.479999542236328,11.475000381469727,11.479999542236328,11.479999542236328,2558
2024-01-09 12:50:00-05:00,11.475000381469727,11.489999771118164,11.475000381469727,11.484999656677246,11.484999656677246,4500
2024-01-09 12:55:00-05:00,11.484999656677246,11.5,11.484999656677246,11.5,11.5,3216
2024-01-09 13:00:00-05:00,11.505000114440918,11.520000457763672,11.505000114440918,11.515000343322754,11.515000343322754,11331
2024-01-09 13:05:00-05:00,11.520000457763672,11.529999732971191,11.505000114440918,11.510000228881836,11.510000228881836,13152
2024-01-09 13:10:00-05:00,11.520000457763672,11.5600004196167,11.520000457763672,11.545000076293945,11.545000076293945,6667
2024-01-09 13:15:00-05:00,11.539999961853027,11.545000076293945,11.53499984741211,11.539999961853027,11.539999961853027,2911
2024-01-09 13:20:00-05:00,11.539999961853027,11.545000076293945,11.524999618530273,11.53499984741211,11.53499984741211,9363
2024-01-09 13:25:00-05:00,11.53499984741211,11.539999961853027,11.520000457763672,11.520000457763672,11.520000457763672,7637
2024-01-09 13:30:00-05:00,11.524999618530273,11.524999618530273,11.494999885559082,11.505000114440918,11.505000114440918,14901
2024-01-09 13:35:00-05:00,11.5,11.520000457763672,11.494999885559082,11.520000457763672,11.520000457763672,2407
2024-01-09 13:40:00-05:00,11.529999732971191,11.529999732971191,11.505000114440918,11.505000114440918,11.505000114440918,3648
2024-01-09 13:45:00-05:00,11.5,11.529999732971191,11.5,11.529999732971191,11.529999732971191,8729
2024-01-09 13:50:00-05:00,11.524999618530273,11.539999961853027,11.524999618530273,11.53499984741211,11.53499984741211,3364
2024-01-09 13:55:00-05:00,11.53499984741211,11.537500381469727,11.52340030670166,11.524999618530273,11.524999618530273,3833
2024-01-09 14:00:00-05:00,11.520000457763672,11.524999618530273,11.520000457763672,11.524999618530273,11.524999618530273,2150
2024-01-09 14:05:00-05:00,11.524999618530273,11.529999732971191,11.5,11.5,11.5,15476
2024-01-09 14:10:00-05:00,11.5,11.5,11.470000267028809,11.470000267028809,11.470000267028809,12015
2024-01-09 14:15:00-05:00,11.470000267028809,11.470000267028809,11.430000305175781,11.430000305175781,11.430000305175781,45546
2024-01-09 14:20:00-05:00,11.420000076293945,11.4399995803833,11.395000457763672,11.4399995803833,11.4399995803833,43503
2024-01-09 14:25:00-05:00,11.4399995803833,11.449999809265137,11.4350004196167,11.4350004196167,11.4350004196167,4718
2024-01-09 14:30:00-05:00,11.4350004196167,11.449999809265137,11.4350004196167,11.444999694824219,11.444999694824219,6592
2024-01-09 14:35:00-05:00,11.449999809265137,11.470000267028809,11.414999961853027,11.425000190734863,11.425000190734863,32008
2024-01-09 14:40:00-05:00,11.425000190734863,11.430000305175781,11.414999961853027,11.414999961853027,11.414999961853027,30247
2024-01-09 14:45:00-05:00,11.40999984741211,11.414999961853027,11.395000457763672,11.404999732971191,11.404999732971191,7973
2024-01-09 14:50:00-05:00,11.404999732971191,11.422499656677246,11.404999732971191,11.420000076293945,11.420000076293945,11873
2024-01-09 14:55:00-05:00,11.420000076293945,11.420000076293945,11.40999984741211,11.40999984741211,11.40999984741211,1926
2024-01-09 15:00:00-05:00,11.414999961853027,11.420000076293945,11.40999984741211,11.420000076293945,11.420000076293945,9964
2024-01-09 15:05:00-05:00,11.425000190734863,11.425000190734863,11.375,11.395000457763672,11.395000457763672,23490
2024-01-09 15:10:00-05:00,11.395000457763672,11.404999732971191,11.385000228881836,11.404999732971191,11.404999732971191,22134
2024-01-09 15:15:00-05:00,11.40999984741211,11.40999984741211,11.404500007629395,11.40999984741211,11.40999984741211,6822
2024-01-09 15:20:00-05:00,11.40999984741211,11.420000076293945,11.395000457763672,11.395000457763672,11.395000457763672,16458
2024-01-09 15:25:00-05:00,11.395000457763672,11.40999984741211,11.395000457763672,11.395000457763672,11.395000457763672,10898
2024-01-09 15:30:00-05:00,11.395000457763672,11.395000457763672,11.385000228881836,11.385000228881836,11.385000228881836,10537
2024-01-09 15:35:00-05:00,11.385000228881836,11.385000228881836,11.359999656677246,11.364999771118164,11.364999771118164,15933
2024-01-09 15:40:00-05:00,11.359999656677246,11.375,11.350000381469727,11.375,11.375,27401
2024-01-09 15:45:00-05:00,11.375,11.375,11.350000381469727,11.359999656677246,11.359999656677246,18359
2024-01-09 15:50:00-05:00,11.354999542236328,11.354999542236328,11.329999923706055,11.34000015258789,11.34000015258789,74187
2024-01-09 15:55:00-05:00,11.335000038146973,11.345000267028809,11.319999694824219,11.329999923706055,11.329999923706055,104481
2024-01-10 09:30:00-05:00,11.279999732971191,11.279999732971191,11.1899995803833,11.1899995803833,11.1899995803833,37347
2024-01-10 09:35:00-05:00,11.199999809265137,11.270000457763672,11.199999809265137,11.270000457763672,11.270000457763672,9126
2024-01-10 09:40:00-05:00,11.25,11.25,11.229999542236328,11.229999542236328,11.229999542236328,11324
2024-01-10 09:45:00-05:00,11.225000381469727,11.229999542236328,11.170000076293945,11.199999809265137,11.199999809265137,10849
2024-01-10 09:50:00-05:00,11.210000038146973,11.210000038146973,11.125,11.125,11.125,25730
2024-01-10 09:55:00-05:00,11.119999885559082,11.119999885559082,11.09000015258789,11.114999771118164,11.114999771118164,24940
2024-01-10 10:00:00-05:00,11.109999656677246,11.109999656677246,11.0600004196167,11.095000267028809,11.095000267028809,17480
2024-01-10 10:05:00-05:00,11.095000267028809,11.095000267028809,11.050000190734863,11.09000015258789,11.09000015258789,47417
2024-01-10 10:10:00-05:00,11.09000015258789,11.114999771118164,11.085000038146973,11.109999656677246,11.109999656677246,34225
2024-01-10 10:15:00-05:00,11.109999656677246,11.149999618530273,11.109999656677246,11.149999618530273,11.149999618530273,12933
2024-01-10 10:20:00-05:00,11.149999618530273,11.170000076293945,11.135000228881836,11.162500381469727,11.162500381469727,22686
2024-01-10 10:25:00-05:00,11.164999961853027,11.1850004196167,11.140000343322754,11.1850004196167,11.1850004196167,15724
2024-01-10 10:30:00-05:00,11.1899995803833,11.210000038146973,11.180000305175781,11.210000038146973,11.210000038146973,10562
2024-01-10 10:35:00-05:00,11.199999809265137,11.199999809265137,11.15999984741211,11.180000305175781,11.180000305175781,23820
2024-01-10 10:40:00-05:00,11.1850004196167,11.239999771118164,11.1850004196167,11.229999542236328,11.229999542236328,7527
2024-01-10 10:45:00-05:00,11.229999542236328,11.25,11.225000381469727,11.25,11.25,8361
2024-01-10 10:50:00-05:00,11.239999771118164,11.244999885559082,11.225000381469727,11.225000381469727,11.225000381469727,8767
2024-01-10 10:55:00-05:00,11.225000381469727,11.244999885559082,11.220000267028809,11.244999885559082,11.244999885559082,7758
2024-01-10 11:00:00-05:00,11.25,11.279999732971191,11.25,11.260000228881836,11.260000228881836,6104
2024-01-10 11:05:00-05:00,11.260000228881836,11.305000305175781,11.25,11.300000190734863,11.300000190734863,17343
2024-01-10 11:10:00-05:00,11.3100004196167,11.324999809265137,11.300000190734863,11.300000190734863,11.300000190734863,14164
2024-01-10 11:15:00-05:00,11.289999961853027,11.345000267028809,11.28499984741211,11.324999809265137,11.324999809265137,21725
2024-01-10 11:20:00-05:00,11.324999809265137,11.324999809265137,11.292499542236328,11.295000076293945,11.295000076293945,7430
2024-01-10 11:25:00-05:00,11.289999961853027,11.3149995803833,11.289999961853027,11.3149995803833,11.3149995803833,12313
2024-01-10 11:30:00-05:00,11.3149995803833,11.318699836730957,11.282500267028809,11.295000076293945,11.295000076293945,27099
2024-01-10 11:35:00-05:00,11.292499542236328,11.324999809265137,11.289999961853027,11.324999809265137,11.324999809265137,8691
2024-01-10 11:40:00-05:00,11.329999923706055,11.335000038146973,11.319999694824219,11.324999809265137,11.324999809265137,3570
2024-01-10 11:45:00-05:00,11.324999809265137,11.329999923706055,11.300000190734863,11.3100004196167,11.3100004196167,9785
2024-01-10 11:50:00-05:00,11.3100004196167,11.3149995803833,11.28499984741211,11.289999961853027,11.289999961853027,11108
2024-01-10 11:55:00-05:00,11.289999961853027,11.289999961853027,11.260000228881836,11.260000228881836,11.260000228881836,19944
2024-01-10 12:00:00-05:00,11.260700225830078,11.279999732971191,11.260000228881836,11.274999618530273,11.274999618530273,8236
2024-01-10 12:05:00-05:00,11.274999618530273,11.305000305175781,11.270000457763672,11.305000305175781,11.305000305175781,16764
2024-01-10 12:10:00-05:00,11.300000190734863,11.324999809265137,11.295000076293945,11.323100090026855,11.323100090026855,8660
2024-01-10 12:15:00-05:00,11.320199966430664,11.335000038146973,11.3149995803833,11.335000038146973,11.335000038146973,7187
2024-01-10 12:20:00-05:00,11.329999923706055,11.345000267028809,11.324999809265137,11.335000038146973,11.335000038146973,10085
2024-01-10 12:25:00-05:00,11.339200019836426,11.350000381469727,11.335000038146973,11.350000381469727,11.350000381469727,8364
2024-01-10 12:30:00-05:00,11.349800109863281,11.354999542236328,11.3100004196167,11.3100004196167,11.3100004196167,34161
2024-01-10 12:35:00-05:00,11.3149995803833,11.335000038146973,11.3125,11.335000038146973,11.335000038146973,8407
2024-01-10 12:40:00-05:00,11.34000015258789,11.34000015258789,11.322500228881836,11.322500228881836,11.322500228881836,7250
2024-01-10 12:45:00-05:00,11.319999694824219,11.319999694824219,11.300000190734863,11.3149995803833,11.3149995803833,11822
2024-01-10 12:50:00-05:00,11.3100004196167,11.310999870300293,11.300000190734863,11.300000190734863,11.300000190734863,8175
2024-01-10 12:55:00-05:00,11.305000305175781,11.324999809265137,11.300000190734863,11.319999694824219,11.319999694824219,19131
2024-01-10 13:00:00-05:00,11.319999694824219,11.350000381469727,11.300000190734863,11.350000381469727,11.350000381469727,12097
2024-01-10 13:05:00-05:00,11.345000267028809,11.350000381469727,11.3100004196167,11.3100004196167,11.3100004196167,15544
2024-01-10 13:10:00-05:00,11.3100004196167,11.335000038146973,11.305000305175781,11.319999694824219,11.319999694824219,15188
2024-01-10 13:15:00-05:00,11.320099830627441,11.335000038146973,11.3100004196167,11.335000038146973,11.335000038146973,13020
2024-01-10 13:20:00-05:00,11.330100059509277,11.380000114440918,11.329999923706055,11.380000114440918,11.380000114440918,16428
2024-01-10 13:25:00-05:00,11.380000114440918,11.399999618530273,11.364999771118164,11.369999885559082,11.369999885559082,33522
2024-01-10 13:30:00-05:00,11.371000289916992,11.380000114440918,11.369999885559082,11.380000114440918,11.380000114440918,9849
2024-01-10 13:35:00-05:00,11.375,11.380000114440918,11.359999656677246,11.369999885559082,11.369999885559082,14748
2024-01-10 13:40:00-05:00,11.369999885559082,11.369999885559082,11.350000381469727,11.350000381469727,11.350000381469727,7582
2024-01-10 13:45:00-05:00,11.350000381469727,11.350000381469727,11.34000015258789,11.34000015258789,11.34000015258789,2056
2024-01-10 13:50:00-05:00,11.34000015258789,11.345000267028809,11.34000015258789,11.34000015258789,11.34000015258789,2684
2024-01-10 13:55:00-05:00,11.34000015258789,11.345000267028809,11.34000015258789,11.34000015258789,11.34000015258789,2032
2024-01-10 14:00:00-05:00,11.34000015258789,11.354999542236328,11.332500457763672,11.354999542236328,11.354999542236328,17473
2024-01-10 14:05:00-05:00,11.354999542236328,11.357199668884277,11.34000015258789,11.357199668884277,11.357199668884277,15375
2024-01-10 14:10:00-05:00,11.354999542236328,11.380000114440918,11.350000381469727,11.354999542236328,11.354999542236328,24568
2024-01-10 14:15:00-05:00,11.354999542236328,11.354999542236328,11.34000015258789,11.354999542236328,11.354999542236328,15424
2024-01-10 14:20:00-05:00,11.350000381469727,11.350000381469727,11.345000267028809,11.350000381469727,11.350000381469727,10306
2024-01-10 14:25:00-05:00,11.350000381469727,11.354999542236328,11.329999923706055,11.335000038146973,11.335000038146973,31968
2024-01-10 14:30:00-05:00,11.335000038146973,11.335000038146973,11.279999732971191,11.279999732971191,11.279999732971191,51212
2024-01-10 14:35:00-05:00,11.279999732971191,11.28499984741211,11.25,11.265000343322754,11.265000343322754,40296
2024-01-10 14:40:00-05:00,11.270000457763672,11.28499984741211,11.239999771118164,11.239999771118164,11.239999771118164,169070
2024-01-10 14:45:00-05:00,11.239999771118164,11.28499984741211,11.239999771118164,11.270000457763672,11.270000457763672,105047
2024-01-10 14:50:00-05:00,11.260000228881836,11.270000457763672,11.239999771118164,11.255000114440918,11.255000114440918,365460
2024-01-10 14:55:00-05:00,11.260000228881836,11.260000228881836,11.239999771118164,11.25,11.25,30145
2024-01-10 15:00:00-05:00,11.255000114440918,11.295000076293945,11.244999885559082,11.25,11.25,445588
2024-01-10 15:05:00-05:00,11.25,11.279999732971191,11.244999885559082,11.260000228881836,11.260000228881836,172315
2024-01-10 15:10:00-05:00,11.260000228881836,11.270000457763672,11.25,11.255000114440918,11.255000114440918,117463
2024-01-10 15:15:00-05:00,11.255000114440918,11.300000190734863,11.25,11.279999732971191,11.279999732971191,563393
2024-01-10 15:20:00-05:00,11.279999732971191,11.279999732971191,11.260000228881836,11.265000343322754,11.265000343322754,91564
2024-01-10 15:25:00-05:00,11.265000343322754,11.270000457763672,11.25,11.265000343322754,11.265000343322754,66246
2024-01-10 15:30:00-05:00,11.270000457763672,11.279999732971191,11.260000228881836,11.274999618530273,11.274999618530273,35699
2024-01-10 15:35:00-05:00,11.279999732971191,11.3149995803833,11.274999618530273,11.295000076293945,11.295000076293945,51196
2024-01-10 15:40:00-05:00,11.295000076293945,11.300000190734863,11.265000343322754,11.289999961853027,11.289999961853027,51906
2024-01-10 15:45:00-05:00,11.289999961853027,11.3100004196167,11.28499984741211,11.3100004196167,11.3100004196167,27262
2024-01-10 15:50:00-05:00,11.3100004196167,11.319999694824219,11.302499771118164,11.319999694824219,11.319999694824219,23655
2024-01-10 15:55:00-05:00,11.319999694824219,11.350000381469727,11.319999694824219,11.34000015258789,11.34000015258789,76258
2024-01-11 09:30:00-05:00,11.40999984741211,11.5,11.350000381469727,11.399999618530273,11.399999618530273,14994
2024-01-11 09:35:00-05:00,11.430000305175781,11.460000038146973,11.385000228881836,11.390000343322754,11.390000343322754,11408
2024-01-11 09:40:00-05:00,11.390000343322754,11.425000190734863,11.359999656677246,11.359999656677246,11.359999656677246,13746
2024-01-11 09:45:00-05:00,11.375,11.380000114440918,11.329999923706055,11.329999923706055,11.329999923706055,14874
2024-01-11 09:50:00-05:00,11.319999694824219,11.329999923706055,11.289999961853027,11.319999694824219,11.319999694824219,6887
2024-01-11 09:55:00-05:00,11.319999694824219,11.329999923706055,11.3100004196167,11.329999923706055,11.329999923706055,8845
2024-01-11 10:00:00-05:00,11.329999923706055,11.329999923706055,11.220000267028809,11.239999771118164,11.239999771118164,27568
2024-01-11 10:05:00-05:00,11.239999771118164,11.239999771118164,11.15999984741211,11.175000190734863,11.175000190734863,37721
2024-01-11 10:10:00-05:00,11.180000305175781,11.229999542236328,11.180000305175781,11.1899995803833,11.1899995803833,10159
2024-01-11 10:15:00-05:00,11.180000305175781,11.1899995803833,11.15999984741211,11.180000305175781,11.180000305175781,13255
2024-01-11 10:20:00-05:00,11.180000305175781,11.220000267028809,11.180000305175781,11.194999694824219,11.194999694824219,8697
2024-01-11 10:25:00-05:00,11.194999694824219,11.210000038146973,11.175000190734863,11.180000305175781,11.180000305175781,9757
2024-01-11 10:30:00-05:00,11.180000305175781,11.199999809265137,11.175000190734863,11.175000190734863,11.175000190734863,7415
2024-01-11 10:35:00-05:00,11.175000190734863,11.199999809265137,11.175000190734863,11.1899995803833,11.1899995803833,4203
2024-01-11 10:40:00-05:00,11.1899995803833,11.229999542236328,11.175000190734863,11.225000381469727,11.225000381469727,31400
2024-01-11 10:45:00-05:00,11.229999542236328,11.244999885559082,11.220000267028809,11.225000381469727,11.225000381469727,8993
2024-01-11 10:50:00-05:00,11.220000267028809,11.25,11.21500015258789,11.234999656677246,11.234999656677246,174679
2024-01-11 10:55:00-05:00,11.239999771118164,11.305000305175781,11.229999542236328,11.305000305175781,11.305000305175781,15023
2024-01-11 11:00:00-05:00,11.3100004196167,11.324999809265137,11.279999732971191,11.324999809265137,11.324999809265137,17227
2024-01-11 11:05:00-05:00,11.324999809265137,11.329999923706055,11.300000190734863,11.305000305175781,11.305000305175781,9136
2024-01-11 11:10:00-05:00,11.3100004196167,11.3100004196167,11.255000114440918,11.260000228881836,11.260000228881836,13737
2024-01-11 11:15:00-05:00,11.260000228881836,11.270000457763672,11.255000114440918,11.260000228881836,11.260000228881836,7063
2024-01-11 11:20:00-05:00,11.270000457763672,11.274999618530273,11.239999771118164,11.239999771118164,11.239999771118164,7499
2024-01-11 11:25:00-05:00,11.239999771118164,11.260000228881836,11.229999542236328,11.239999771118164,11.239999771118164,225256
2024-01-11 11:30:00-05:00,11.229999542236328,11.25,11.1850004196167,11.25,11.25,8920
2024-01-11 11:35:00-05:00,11.25,11.289999961853027,11.244999885559082,11.270000457763672,11.270000457763672,15112
2024-01-11 11:40:00-05:00,11.270000457763672,11.279999732971191,11.255000114440918,11.270000457763672,11.270000457763672,6191
2024-01-11 11:45:00-05:00,11.270000457763672,11.3100004196167,11.255000114440918,11.3100004196167,11.3100004196167,5992
2024-01-11 11:50:00-05:00,11.3100004196167,11.319999694824219,11.28499984741211,11.289999961853027,11.289999961853027,3923
2024-01-11 11:55:00-05:00,11.289999961853027,11.289999961853027,11.28499984741211,11.289999961853027,11.289999961853027,927
2024-01-11 12:00:00-05:00,11.289999961853027,11.369999885559082,11.289999961853027,11.369999885559082,11.369999885559082,57405
2024-01-11 12:05:00-05:00,11.369999885559082,11.399999618530273,11.364999771118164,11.399999618530273,11.399999618530273,15356
2024-01-11 12:10:00-05:00,11.399999618530273,11.420000076293945,11.399999618530273,11.414999961853027,11.414999961853027,4079
2024-01-11 12:15:00-05:00,11.420000076293945,11.420000076293945,11.390000343322754,11.390000343322754,11.390000343322754,4917
2024-01-11 12:20:00-05:00,11.390000343322754,11.399999618530273,11.390000343322754,11.399999618530273,11.399999618530273,3244
2024-01-11 12:25:00-05:00,11.404999732971191,11.40999984741211,11.364999771118164,11.364999771118164,11.364999771118164,5216
2024-01-11 12:30:00-05:00,11.369999885559082,11.390000343322754,11.369999885559082,11.385000228881836,11.385000228881836,15551
2024-01-11 12:35:00-05:00,11.380000114440918,11.395000457763672,11.380000114440918,11.385000228881836,11.385000228881836,4213
2024-01-11 12:40:00-05:00,11.390000343322754,11.460000038146973,11.390000343322754,11.444999694824219,11.444999694824219,33552
2024-01-11 12:45:00-05:00,11.449999809265137,11.470000267028809,11.444999694824219,11.470000267028809,11.470000267028809,6714
2024-01-11 12:50:00-05:00,11.470000267028809,11.479999542236328,11.449999809265137,11.460000038146973,11.460000038146973,9359
2024-01-11 12:55:00-05:00,11.460000038146973,11.460000038146973,11.444999694824219,11.444999694824219,11.444999694824219,3501
2024-01-11 13:00:00-05:00,11.4399995803833,11.449999809265137,11.430000305175781,11.449999809265137,11.449999809265137,5953
2024-01-11 13:05:00-05:00,11.449999809265137,11.470000267028809,11.449999809265137,11.470000267028809,11.470000267028809,1961
2024-01-11 13:10:00-05:00,11.470000267028809,11.479999542236328,11.470000267028809,11.475000381469727,11.475000381469727,3428
2024-01-11 13:15:00-05:00,11.479999542236328,11.505000114440918,11.479999542236328,11.5,11.5,6143
2024-01-11 13:20:00-05:00,11.494999885559082,11.510000228881836,11.494999885559082,11.510000228881836,11.510000228881836,2417
2024-01-11 13:25:00-05:00,11.505000114440918,11.520000457763672,11.494999885559082,11.510000228881836,11.510000228881836,13339
2024-01-11 13:30:00-05:00,11.510000228881836,11.510000228881836,11.484999656677246,11.484999656677246,11.484999656677246,3723
2024-01-11 13:35:00-05:00,11.489999771118164,11.494999885559082,11.489999771118164,11.494999885559082,11.494999885559082,1992
2024-01-11 13:40:00-05:00,11.489999771118164,11.494999885559082,11.46500015258789,11.465700149536133,11.465700149536133,11423
2024-01-11 13:45:00-05:00,11.460000038146973,11.475000381469727,11.454999923706055,11.475000381469727,11.475000381469727,6392
2024-01-11 13:50:00-05:00,11.470000267028809,11.489999771118164,11.460000038146973,11.484999656677246,11.484999656677246,7894
2024-01-11 13:55:00-05:00,11.489999771118164,11.510000228881836,11.489999771118164,11.505000114440918,11.505000114440918,2292
2024-01-11 14:00:00-05:00,11.510000228881836,11.524999618530273,11.505000114440918,11.505000114440918,11.505000114440918,6413
2024-01-11 14:05:00-05:00,11.505000114440918,11.505000114440918,11.492500305175781,11.497699737548828,11.497699737548828,3647
2024-01-11 14:10:00-05:00,11.494999885559082,11.515000343322754,11.494999885559082,11.515000343322754,11.515000343322754,4133
2024-01-11 14:15:00-05:00,11.515000343322754,11.529999732971191,11.515000343322754,11.520000457763672,11.520000457763672,11998
2024-01-11 14:20:00-05:00,11.515000343322754,11.515000343322754,11.505000114440918,11.515000343322754,11.515000343322754,5838
2024-01-11 14:25:00-05:00,11.515000343322754,11.569999694824219,11.515000343322754,11.569999694824219,11.569999694824219,9669
2024-01-11 14:30:00-05:00,11.569999694824219,11.585000038146973,11.5649995803833,11.569999694824219,11.569999694824219,11986
2024-01-11 14:35:00-05:00,11.574999809265137,11.579999923706055,11.569999694824219,11.569999694824219,11.569999694824219,1602
2024-01-11 14:40:00-05:00,11.574999809265137,11.579999923706055,11.5649995803833,11.5649995803833,11.5649995803833,12060
2024-01-11 14:45:00-05:00,11.5649995803833,11.574999809265137,11.555000305175781,11.5600004196167,11.5600004196167,17261
2024-01-11 14:50:00-05:00,11.555000305175781,11.5649995803833,11.529999732971191,11.53499984741211,11.53499984741211,11052
2024-01-11 14:55:00-05:00,11.53499984741211,11.539999961853027,11.515000343322754,11.520000457763672,11.520000457763672,16881
2024-01-11 15:00:00-05:00,11.520000457763672,11.520000457763672,11.494999885559082,11.505000114440918,11.505000114440918,11054
2024-01-11 15:05:00-05:00,11.505000114440918,11.505000114440918,11.479999542236328,11.489999771118164,11.489999771118164,16767
2024-01-11 15:10:00-05:00,11.484999656677246,11.484999656677246,11.470000267028809,11.479999542236328,11.479999542236328,14678
2024-01-11 15:15:00-05:00,11.479999542236328,11.479999542236328,11.430000305175781,11.4350004196167,11.4350004196167,12347
2024-01-11 15:20:00-05:00,11.4350004196167,11.4399995803833,11.4350004196167,11.4350004196167,11.4350004196167,7334
2024-01-11 15:25:00-05:00,11.4350004196167,11.46500015258789,11.4350004196167,11.445199966430664,11.445199966430664,19944
2024-01-11 15:30:00-05:00,11.444999694824219,11.46500015258789,11.4399995803833,11.454999923706055,11.454999923706055,17177
2024-01-11 15:35:00-05:00,11.454999923706055,11.454999923706055,11.430000305175781,11.4350004196167,11.4350004196167,9725
2024-01-11 15:40:00-05:00,11.430000305175781,11.449999809265137,11.430000305175781,11.449999809265137,11.449999809265137,13111
2024-01-11 15:45:00-05:00,11.449999809265137,11.454999923706055,11.430000305175781,11.454999923706055,11.454999923706055,25999
2024-01-11 15:50:00-05:00,11.449999809265137,11.470000267028809,11.4350004196167,11.454999923706055,11.454999923706055,56171
2024-01-11 15:55:00-05:00,11.454999923706055,11.470000267028809,11.449999809265137,11.470000267028809,11.470000267028809,54316
2024-01-12 09:30:00-05:00,11.5,11.510000228881836,11.5,11.510000228881836,11.510000228881836,38545
2024-01-12 09:35:00-05:00,11.520000457763672,11.520000457763672,11.430000305175781,11.430000305175781,11.430000305175781,15693
2024-01-12 09:40:00-05:00,11.4399995803833,11.515000343322754,11.4399995803833,11.5,11.5,7571
2024-01-12 09:45:00-05:00,11.515000343322754,11.620499610900879,11.515000343322754,11.619099617004395,11.619099617004395,23013
2024-01-12 09:50:00-05:00,11.609999656677246,11.609999656677246,11.5600004196167,11.574999809265137,11.574999809265137,6814
2024-01-12 09:55:00-05:00,11.59000015258789,11.595000267028809,11.550000190734863,11.550000190734863,11.550000190734863,5640
2024-01-12 10:00:00-05:00,11.555000305175781,11.555000305175781,11.520000457763672,11.550000190734863,11.550000190734863,7043
2024-01-12 10:05:00-05:00,11.539999961853027,11.585000038146973,11.539999961853027,11.585000038146973,11.585000038146973,4696
2024-01-12 10:10:00-05:00,11.59000015258789,11.59000015258789,11.5649995803833,11.569999694824219,11.569999694824219,7740
2024-01-12 10:15:00-05:00,11.574999809265137,11.574999809265137,11.529999732971191,11.529999732971191,11.529999732971191,4327
2024-01-12 10:20:00-05:00,11.529999732971191,11.53499984741211,11.520000457763672,11.520000457763672,11.520000457763672,3724
2024-01-12 10:25:00-05:00,11.539999961853027,11.545000076293945,11.520000457763672,11.520000457763672,11.520000457763672,2661
2024-01-12 10:30:00-05:00,11.520000457763672,11.539999961853027,11.520000457763672,11.529999732971191,11.529999732971191,2714
2024-01-12 10:35:00-05:00,11.520000457763672,11.520000457763672,11.489999771118164,11.489999771118164,11.489999771118164,5894
2024-01-12 10:40:00-05:00,11.5,11.510000228881836,11.484999656677246,11.5,11.5,4950
2024-01-12 10:45:00-05:00,11.489999771118164,11.489999771118164,11.449999809265137,11.449999809265137,11.449999809265137,4627
2024-01-12 10:50:00-05:00,11.449999809265137,11.449999809265137,11.40999984741211,11.40999984741211,11.40999984741211,7573
2024-01-12 10:55:00-05:00,11.40999984741211,11.449999809265137,11.40999984741211,11.449999809265137,11.449999809265137,4337
2024-01-12 11:00:00-05:00,11.4399995803833,11.460000038146973,11.4399995803833,11.454999923706055,11.454999923706055,4170
2024-01-12 11:05:00-05:00,11.449999809265137,11.475000381469727,11.449999809265137,11.475000381469727,11.475000381469727,1592
2024-01-12 11:10:00-05:00,11.475000381469727,11.479999542236328,11.449999809265137,11.466699600219727,11.466699600219727,3813
2024-01-12 11:15:00-05:00,11.460000038146973,11.470000267028809,11.454999923706055,11.454999923706055,11.454999923706055,2806
2024-01-12 11:20:00-05:00,11.449999809265137,11.454999923706055,11.4350004196167,11.454999923706055,11.454999923706055,3106
2024-01-12 11:25:00-05:00,11.460000038146973,11.505000114440918,11.460000038146973,11.5,11.5,12469
2024-01-12 11:30:00-05:00,11.5,11.520000457763672,11.5,11.5,11.5,5639
2024-01-12 11:35:00-05:00,11.5,11.505000114440918,11.449999809265137,11.460000038146973,11.460000038146973,16669
2024-01-12 11:40:00-05:00,11.460000038146973,11.46500015258789,11.444999694824219,11.460000038146973,11.460000038146973,2474
2024-01-12 11:45:00-05:00,11.460000038146973,11.460000038146973,11.449999809265137,11.449999809265137,11.449999809265137,2516
2024-01-12 11:50:00-05:00,11.449999809265137,11.449999809265137,11.420000076293945,11.420000076293945,11.420000076293945,3405
2024-01-12 11:55:00-05:00,11.420000076293945,11.430000305175781,11.410099983215332,11.425000190734863,11.425000190734863,2261
2024-01-12 12:00:00-05:00,11.420000076293945,11.425000190734863,11.414999961853027,11.421299934387207,11.421299934387207,1554
2024-01-12 12:05:00-05:00,11.425000190734863,11.430000305175781,11.425000190734863,11.425000190734863,11.425000190734863,1363
2024-01-12 12:10:00-05:00,11.430000305175781,11.444999694824219,11.430000305175781,11.4399995803833,11.4399995803833,7697
2024-01-12 12:15:00-05:00,11.4399995803833,11.444999694824219,11.4350004196167,11.444999694824219,11.444999694824219,2821
2024-01-12 12:20:00-05:00,11.4399995803833,11.4399995803833,11.40999984741211,11.40999984741211,11.40999984741211,12609
2024-01-12 12:25:00-05:00,11.40999984741211,11.414999961853027,11.395000457763672,11.414999961853027,11.414999961853027,7299
2024-01-12 12:30:00-05:00,11.414999961853027,11.420000076293945,11.40999984741211,11.414999961853027,11.414999961853027,2091
2024-01-12 12:35:00-05:00,11.40999984741211,11.40999984741211,11.395000457763672,11.399999618530273,11.399999618530273,3742
2024-01-12 12:40:00-05:00,11.404999732971191,11.404999732971191,11.380000114440918,11.380000114440918,11.380000114440918,4416
2024-01-12 12:45:00-05:00,11.380000114440918,11.380000114440918,11.375,11.375,11.375,2518
2024-01-12 12:50:00-05:00,11.375,11.380000114440918,11.369999885559082,11.375,11.375,4099
2024-01-12 12:55:00-05:00,11.375,11.380000114440918,11.350000381469727,11.364999771118164,11.364999771118164,24207
2024-01-12 13:00:00-05:00,11.364999771118164,11.369999885559082,11.364999771118164,11.364999771118164,11.364999771118164,4632
2024-01-12 13:05:00-05:00,11.364999771118164,11.399999618530273,11.359999656677246,11.395000457763672,11.395000457763672,19075
2024-01-12 13:10:00-05:00,11.399999618530273,11.399999618530273,11.375,11.385000228881836,11.385000228881836,16398
2024-01-12 13:15:00-05:00,11.380000114440918,11.380000114440918,11.375,11.375,11.375,2610
2024-01-12 13:20:00-05:00,11.380000114440918,11.380000114440918,11.354999542236328,11.354999542236328,11.354999542236328,8919
2024-01-12 13:25:00-05:00,11.354999542236328,11.375,11.354999542236328,11.375,11.375,7522
2024-01-12 13:30:00-05:00,11.375,11.385000228881836,11.375,11.380000114440918,11.380000114440918,10441
2024-01-12 13:35:00-05:00,11.385000228881836,11.385000228881836,11.380000114440918,11.385000228881836,11.385000228881836,3938
2024-01-12 13:40:00-05:00,11.385000228881836,11.390000343322754,11.369999885559082,11.369999885559082,11.369999885559082,3698
2024-01-12 13:45:00-05:00,11.369999885559082,11.375,11.350000381469727,11.350000381469727,11.350000381469727,7628
2024-01-12 13:50:00-05:00,11.354999542236328,11.359999656677246,11.34000015258789,11.359999656677246,11.359999656677246,13196
2024-01-12 13:55:00-05:00,11.364999771118164,11.369999885559082,11.364999771118164,11.364999771118164,11.364999771118164,3225
2024-01-12 14:00:00-05:00,11.364999771118164,11.385000228881836,11.364999771118164,11.385000228881836,11.385000228881836,12277
2024-01-12 14:05:00-05:00,11.385000228881836,11.390000343322754,11.375,11.385000228881836,11.385000228881836,10290
2024-01-12 14:10:00-05:00,11.380000114440918,11.380000114440918,11.375,11.375,11.375,4348
2024-01-12 14:15:00-05:00,11.369999885559082,11.369999885559082,11.359999656677246,11.359999656677246,11.359999656677246,5995
2024-01-12 14:20:00-05:00,11.359999656677246,11.369999885559082,11.34000015258789,11.354999542236328,11.354999542236328,19922
2024-01-12 14:25:00-05:00,11.350000381469727,11.380000114440918,11.350000381469727,11.364999771118164,11.364999771118164,146318
2024-01-12 14:30:00-05:00,11.364999771118164,11.390000343322754,11.364999771118164,11.390000343322754,11.390000343322754,12259
2024-01-12 14:35:00-05:00,11.385000228881836,11.399999618530273,11.369999885559082,11.399999618530273,11.399999618530273,11127
2024-01-12 14:40:00-05:00,11.399999618530273,11.399999618530273,11.385000228881836,11.395000457763672,11.395000457763672,8298
2024-01-12 14:45:00-05:00,11.399999618530273,11.399999618530273,11.390000343322754,11.399999618530273,11.399999618530273,3815
2024-01-12 14:50:00-05:00,11.399999618530273,11.399999618530273,11.369999885559082,11.369999885559082,11.369999885559082,15200
2024-01-12 14:55:00-05:00,11.375,11.380000114440918,11.359999656677246,11.359999656677246,11.359999656677246,4863
2024-01-12 15:00:00-05:00,11.359999656677246,11.359999656677246,11.350000381469727,11.354999542236328,11.354999542236328,11180
2024-01-12 15:05:00-05:00,11.354999542236328,11.359999656677246,11.354999542236328,11.354999542236328,11.354999542236328,6486
2024-01-12 15:10:00-05:00,11.350000381469727,11.364999771118164,11.34000015258789,11.364999771118164,11.364999771118164,17463
2024-01-12 15:15:00-05:00,11.364999771118164,11.364999771118164,11.354999542236328,11.354999542236328,11.354999542236328,21821
2024-01-12 15:20:00-05:00,11.354999542236328,11.359999656677246,11.350000381469727,11.359999656677246,11.359999656677246,8052
2024-01-12 15:25:00-05:00,11.354999542236328,11.369999885559082,11.350000381469727,11.364999771118164,11.364999771118164,12323
2024-01-12 15:30:00-05:00,11.369999885559082,11.380000114440918,11.359999656677246,11.375,11.375,15858
2024-01-12 15:35:00-05:00,11.380000114440918,11.399999618530273,11.369999885559082,11.375,11.375,50564
2024-01-12 15:40:00-05:00,11.375,11.380000114440918,11.369999885559082,11.375,11.375,17079
2024-01-12 15:45:00-05:00,11.380000114440918,11.385000228881836,11.369999885559082,11.375,11.375,35858
2024-01-12 15:50:00-05:00,11.375,11.380000114440918,11.329999923706055,11.329999923706055,11.329999923706055,37902
2024-01-12 15:55:00-05:00,11.329999923706055,11.329999923706055,11.3100004196167,11.3100004196167,11.3100004196167,102329
2024-01-16 09:30:00-05:00,11.180000305175781,11.25,11.180000305175781,11.229999542236328,11.229999542236328,36887
2024-01-16 09:35:00-05:00,11.229999542236328,11.265000343322754,11.220000267028809,11.25,11.25,4935
2024-01-16 09:40:00-05:00,11.25,11.25,11.210000038146973,11.210000038146973,11.210000038146973,6818
2024-01-16 09:45:00-05:00,11.170000076293945,11.170000076293945,11.130000114440918,11.154999732971191,11.154999732971191,14832
2024-01-16 09:50:00-05:00,11.140000343322754,11.140000343322754,11.109999656677246,11.130000114440918,11.130000114440918,5138
2024-01-16 09:55:00-05:00,11.140000343322754,11.1850004196167,11.119999885559082,11.180000305175781,11.180000305175781,4814
2024-01-16 10:00:00-05:00,11.180100440979004,11.229999542236328,11.15999984741211,11.220000267028809,11.220000267028809,29871
2024-01-16 10:05:00-05:00,11.229999542236328,11.265000343322754,11.220000267028809,11.260000228881836,11.260000228881836,14894
2024-01-16 10:10:00-05:00,11.265000343322754,11.279999732971191,11.25,11.25,11.25,12544
2024-01-16 10:15:00-05:00,11.25,11.25,11.220000267028809,11.229999542236328,11.229999542236328,10560
2024-01-16 10:20:00-05:00,11.229999542236328,11.239999771118164,11.199999809265137,11.220000267028809,11.220000267028809,9091
2024-01-16 10:25:00-05:00,11.220000267028809,11.225000381469727,11.210000038146973,11.220000267028809,11.220000267028809,5538
2024-01-16 10:30:00-05:00,11.220000267028809,11.220000267028809,11.194999694824219,11.210000038146973,11.210000038146973,9627
2024-01-16 10:35:00-05:00,11.210000038146973,11.21500015258789,11.1899995803833,11.199999809265137,11.199999809265137,6451
2024-01-16 10:40:00-05:00,11.210000038146973,11.220000267028809,11.204999923706055,11.204999923706055,11.204999923706055,7586
2024-01-16 10:45:00-05:00,11.204999923706055,11.21500015258789,11.199999809265137,11.204999923706055,11.204999923706055,3696
2024-01-16 10:50:00-05:00,11.199999809265137,11.199999809265137,11.180000305175781,11.1850004196167,11.1850004196167,14724
2024-01-16 10:55:00-05:00,11.180000305175781,11.1899995803833,11.149999618530273,11.149999618530273,11.149999618530273,10067
2024-01-16 11:00:00-05:00,11.149999618530273,11.149999618530273,11.104999542236328,11.104999542236328,11.104999542236328,11412
2024-01-16 11:05:00-05:00,11.100000381469727,11.100000381469727,11.0649995803833,11.069999694824219,11.069999694824219,13283
2024-01-16 11:10:00-05:00,11.0649995803833,11.085000038146973,11.0600004196167,11.074999809265137,11.074999809265137,10002
2024-01-16 11:15:00-05:00,11.069999694824219,11.109999656677246,11.069999694824219,11.109999656677246,11.109999656677246,2922
2024-01-16 11:20:00-05:00,11.104999542236328,11.119999885559082,11.100000381469727,11.109999656677246,11.109999656677246,5633
2024-01-16 11:25:00-05:00,11.109999656677246,11.170000076293945,11.104999542236328,11.145000457763672,11.145000457763672,127285
2024-01-16 11:30:00-05:00,11.149999618530273,11.199999809265137,11.140000343322754,11.199999809265137,11.199999809265137,13868
2024-01-16 11:35:00-05:00,11.199999809265137,11.210000038146973,11.180000305175781,11.210000038146973,11.210000038146973,8510
2024-01-16 11:40:00-05:00,11.199999809265137,11.210000038146973,11.180000305175781,11.1875,11.1875,7581
2024-01-16 11:45:00-05:00,11.1850004196167,11.1850004196167,11.154999732971191,11.15999984741211,11.15999984741211,10150
2024-01-16 11:50:00-05:00,11.170000076293945,11.180000305175781,11.164999961853027,11.164999961853027,11.164999961853027,4356
2024-01-16 11:55:00-05:00,11.164999961853027,11.164999961853027,11.130000114440918,11.135000228881836,11.135000228881836,12401
2024-01-16 12:00:00-05:00,11.130000114440918,11.145000457763672,11.130000114440918,11.135000228881836,11.135000228881836,8551
2024-01-16 12:05:00-05:00,11.130000114440918,11.140000343322754,11.114999771118164,11.114999771118164,11.114999771118164,7492
2024-01-16 12:10:00-05:00,11.119999885559082,11.149999618530273,11.119999885559082,11.140999794006348,11.140999794006348,5112
2024-01-16 12:15:00-05:00,11.140000343322754,11.140000343322754,11.130000114440918,11.130000114440918,11.130000114440918,10699
2024-01-16 12:20:00-05:00,11.135000228881836,11.154999732971191,11.130000114440918,11.140000343322754,11.140000343322754,11256
2024-01-16 12:25:00-05:00,11.140000343322754,11.145000457763672,11.109999656677246,11.119999885559082,11.119999885559082,10245
2024-01-16 12:30:00-05:00,11.109999656677246,11.119999885559082,11.109999656677246,11.114999771118164,11.114999771118164,1910
2024-01-16 12:35:00-05:00,11.119999885559082,11.135000228881836,11.114999771118164,11.125,11.125,6548
2024-01-16 12:40:00-05:00,11.125,11.125,11.109999656677246,11.109999656677246,11.109999656677246,7259
2024-01-16 12:45:00-05:00,11.101499557495117,11.114999771118164,11.069999694824219,11.079999923706055,11.079999923706055,9751
2024-01-16 12:50:00-05:00,11.079999923706055,11.09000015258789,11.079999923706055,11.09000015258789,11.09000015258789,7530
2024-01-16 12:55:00-05:00,11.09000015258789,11.109999656677246,11.09000015258789,11.095000267028809,11.095000267028809,2294
2024-01-16 13:00:00-05:00,11.099900245666504,11.099900245666504,11.09000015258789,11.09000015258789,11.09000015258789,997
2024-01-16 13:05:00-05:00,11.100000381469727,11.104999542236328,11.095000267028809,11.095000267028809,11.095000267028809,4797
2024-01-16 13:10:00-05:00,11.095000267028809,11.100000381469727,11.09000015258789,11.095000267028809,11.095000267028809,1697
2024-01-16 13:15:00-05:00,11.095000267028809,11.109999656677246,11.09000015258789,11.100000381469727,11.100000381469727,11956
2024-01-16 13:20:00-05:00,11.100000381469727,11.100000381469727,11.09000015258789,11.090999603271484,11.090999603271484,5433
2024-01-16 13:25:00-05:00,11.09000015258789,11.09000015258789,11.085000038146973,11.085000038146973,11.085000038146973,1352
2024-01-16 13:30:00-05:00,11.09000015258789,11.09000015258789,11.074999809265137,11.085000038146973,11.085000038146973,6278
2024-01-16 13:35:00-05:00,11.080100059509277,11.080100059509277,11.039999961853027,11.050000190734863,11.050000190734863,7896
2024-01-16 13:40:00-05:00,11.050000190734863,11.050000190734863,11.045000076293945,11.045000076293945,11.045000076293945,2286
2024-01-16 13:45:00-05:00,11.039999961853027,11.039999961853027,11.020000457763672,11.024999618530273,11.024999618530273,4767
2024-01-16 13:50:00-05:00,11.020000457763672,11.045000076293945,11.020000457763672,11.032500267028809,11.032500267028809,123768
2024-01-16 13:55:00-05:00,11.03499984741211,11.055000305175781,11.029999732971191,11.050000190734863,11.050000190734863,97614
2024-01-16 14:00:00-05:00,11.039999961853027,11.119999885559082,11.039999961853027,11.069999694824219,11.069999694824219,73862
2024-01-16 14:05:00-05:00,11.074999809265137,11.085000038146973,11.0600004196167,11.0600004196167,11.0600004196167,22585
2024-01-16 14:10:00-05:00,11.0649995803833,11.0649995803833,10.979999542236328,10.984999656677246,10.984999656677246,33300
2024-01-16 14:15:00-05:00,10.979999542236328,10.979999542236328,10.960000038146973,10.960000038146973,10.960000038146973,19823
2024-01-16 14:20:00-05:00,10.96500015258789,10.979999542236328,10.960000038146973,10.970000267028809,10.970000267028809,10846
2024-01-16 14:25:00-05:00,10.970000267028809,10.975000381469727,10.960000038146973,10.960000038146973,10.960000038146973,7256
2024-01-16 14:30:00-05:00,10.960000038146973,10.970000267028809,10.9399995803833,10.96500015258789,10.96500015258789,18720
2024-01-16 14:35:00-05:00,10.96500015258789,10.96500015258789,10.930000305175781,10.930000305175781,10.930000305175781,19718
2024-01-16 14:40:00-05:00,10.9350004196167,10.960000038146973,10.930000305175781,10.960000038146973,10.960000038146973,25776
2024-01-16 14:45:00-05:00,10.952500343322754,10.960000038146973,10.9399995803833,10.954999923706055,10.954999923706055,11743
2024-01-16 14:50:00-05:00,10.949999809265137,10.949999809265137,10.9399995803833,10.9399995803833,10.9399995803833,6702
2024-01-16 14:55:00-05:00,10.944999694824219,10.984999656677246,10.944999694824219,10.984999656677246,10.984999656677246,42150
2024-01-16 15:00:00-05:00,10.994999885559082,11.010000228881836,10.960000038146973,10.96500015258789,10.96500015258789,44131
2024-01-16 15:05:00-05:00,10.960000038146973,10.970000267028809,10.930000305175781,10.9399995803833,10.9399995803833,82900
2024-01-16 15:10:00-05:00,10.9399995803833,10.960000038146973,10.920000076293945,10.920000076293945,10.920000076293945,25949
2024-01-16 15:15:00-05:00,10.925000190734863,10.9350004196167,10.90999984741211,10.9350004196167,10.9350004196167,26752
2024-01-16 15:20:00-05:00,10.9350004196167,10.9399995803833,10.920000076293945,10.925000190734863,10.925000190734863,9249
2024-01-16 15:25:00-05:00,10.925000190734863,10.925000190734863,10.890000343322754,10.895000457763672,10.895000457763672,18775
2024-01-16 15:30:00-05:00,10.895000457763672,10.920000076293945,10.895000457763672,10.917499542236328,10.917499542236328,25916
2024-01-16 15:35:00-05:00,10.90999984741211,10.914999961853027,10.899999618530273,10.904999732971191,10.904999732971191,12948
2024-01-16 15:40:00-05:00,10.904999732971191,10.904999732971191,10.890000343322754,10.895000457763672,10.895000457763672,23420
2024-01-16 15:45:00-05:00,10.895000457763672,10.930000305175781,10.890000343322754,10.914999961853027,10.914999961853027,323557
2024-01-16 15:50:00-05:00,10.914999961853027,10.930000305175781,10.899999618530273,10.90999984741211,10.90999984741211,158590
2024-01-16 15:55:00-05:00,10.914999961853027,10.9399995803833,10.90999984741211,10.930000305175781,10.930000305175781,215521
2024-01-17 09:30:00-05:00,10.779999732971191,10.779999732971191,10.670000076293945,10.720000267028809,10.720000267028809,32227
2024-01-17 09:35:00-05:00,10.6899995803833,10.6899995803833,10.595000267028809,10.595000267028809,10.595000267028809,25682
2024-01-17 09:40:00-05:00,10.59000015258789,10.645000457763672,10.574999809265137,10.604999542236328,10.604999542236328,61826
2024-01-17 09:45:00-05:00,10.600000381469727,10.600000381469727,10.529999732971191,10.600000381469727,10.600000381469727,40391
2024-01-17 09:50:00-05:00,10.595000267028809,10.604999542236328,10.550000190734863,10.569999694824219,10.569999694824219,17300
2024-01-17 09:55:00-05:00,10.5649995803833,10.569999694824219,10.539999961853027,10.545000076293945,10.545000076293945,10644
2024-01-17 10:00:00-05:00,10.545000076293945,10.619999885559082,10.529999732971191,10.614999771118164,10.614999771118164,100019
2024-01-17 10:05:00-05:00,10.609999656677246,10.729999542236328,10.609999656677246,10.725000381469727,10.725000381469727,36690
2024-01-17 10:10:00-05:00,10.725000381469727,10.739999771118164,10.654999732971191,10.739999771118164,10.739999771118164,30301
2024-01-17 10:15:00-05:00,10.734999656677246,10.739999771118164,10.664999961853027,10.664999961853027,10.664999961853027,80512
2024-01-17 10:20:00-05:00,10.664999961853027,10.680000305175781,10.654999732971191,10.680000305175781,10.680000305175781,9038
2024-01-17 10:25:00-05:00,10.675000190734863,10.680000305175781,10.619999885559082,10.619999885559082,10.619999885559082,13260
2024-01-17 10:30:00-05:00,10.619999885559082,10.619999885559082,10.59000015258789,10.595000267028809,10.595000267028809,15846
2024-01-17 10:35:00-05:00,10.59000015258789,10.600000381469727,10.569999694824219,10.595000267028809,10.595000267028809,22271
2024-01-17 10:40:00-05:00,10.600000381469727,10.609999656677246,10.59000015258789,10.595000267028809,10.595000267028809,16836
2024-01-17 10:45:00-05:00,10.595000267028809,10.619999885559082,10.579999923706055,10.595000267028809,10.595000267028809,31678
2024-01-17 10:50:00-05:00,10.600000381469727,10.600000381469727,10.5649995803833,10.5649995803833,10.5649995803833,12793
2024-01-17 10:55:00-05:00,10.5649995803833,10.569999694824219,10.550000190734863,10.555000305175781,10.555000305175781,17366
2024-01-17 11:00:00-05:00,10.555000305175781,10.600000381469727,10.555000305175781,10.600000381469727,10.600000381469727,15131
2024-01-17 11:05:00-05:00,10.600000381469727,10.604999542236328,10.555000305175781,10.5649995803833,10.5649995803833,18349
2024-01-17 11:10:00-05:00,10.5649995803833,10.574999809265137,10.555000305175781,10.555000305175781,10.555000305175781,11709
2024-01-17 11:15:00-05:00,10.555000305175781,10.555000305175781,10.539999961853027,10.539999961853027,10.539999961853027,4552
2024-01-17 11:20:00-05:00,10.545000076293945,10.569999694824219,10.539999961853027,10.5649995803833,10.5649995803833,15354
2024-01-17 11:25:00-05:00,10.5649995803833,10.5649995803833,10.539999961853027,10.539999961853027,10.539999961853027,16335
2024-01-17 11:30:00-05:00,10.54010009765625,10.545000076293945,10.524999618530273,10.539999961853027,10.539999961853027,18867
2024-01-17 11:35:00-05:00,10.53499984741211,10.53499984741211,10.529999732971191,10.53499984741211,10.53499984741211,4710
2024-01-17 11:40:00-05:00,10.53499984741211,10.53499984741211,10.524999618530273,10.53499984741211,10.53499984741211,12954
2024-01-17 11:45:00-05:00,10.53499984741211,10.545000076293945,10.529999732971191,10.53499984741211,10.53499984741211,16916
2024-01-17 11:50:00-05:00,10.53499984741211,10.574999809265137,10.53499984741211,10.53499984741211,10.53499984741211,83955
2024-01-17 11:55:00-05:00,10.545000076293945,10.555000305175781,10.545000076293945,10.555000305175781,10.555000305175781,11941
2024-01-17 12:00:00-05:00,10.555000305175781,10.5600004196167,10.53499984741211,10.53499984741211,10.53499984741211,14119
2024-01-17 12:05:00-05:00,10.53499984741211,10.539999961853027,10.53499984741211,10.53499984741211,10.53499984741211,4811
2024-01-17 12:10:00-05:00,10.53499984741211,10.545000076293945,10.524999618530273,10.539999961853027,10.539999961853027,56731
2024-01-17 12:15:00-05:00,10.53499984741211,10.53499984741211,10.5,10.515000343322754,10.515000343322754,26525
2024-01-17 12:20:00-05:00,10.510000228881836,10.515000343322754,10.475000381469727,10.479999542236328,10.479999542236328,29126
2024-01-17 12:25:00-05:00,10.475000381469727,10.475000381469727,10.444999694824219,10.444999694824219,10.444999694824219,13970
2024-01-17 12:30:00-05:00,10.449999809265137,10.460000038146973,10.4399995803833,10.454999923706055,10.454999923706055,12946
2024-01-17 12:35:00-05:00,10.454999923706055,10.454999923706055,10.420000076293945,10.425000190734863,10.425000190734863,16479
2024-01-17 12:40:00-05:00,10.425000190734863,10.425000190734863,10.404999732971191,10.414999961853027,10.414999961853027,23907
2024-01-17 12:45:00-05:00,10.414999961853027,10.460000038146973,10.414999961853027,10.4399995803833,10.4399995803833,79307
2024-01-17 12:50:00-05:00,10.444999694824219,10.46500015258789,10.4399995803833,10.454999923706055,10.454999923706055,14970
2024-01-17 12:55:00-05:00,10.454999923706055,10.460000038146973,10.430000305175781,10.4350004196167,10.4350004196167,42482
2024-01-17 13:00:00-05:00,10.4350004196167,10.489999771118164,10.4350004196167,10.484999656677246,10.484999656677246,10146
2024-01-17 13:05:00-05:00,10.484999656677246,10.484999656677246,10.460000038146973,10.460000038146973,10.460000038146973,13882
2024-01-17 13:10:00-05:00,10.460000038146973,10.484999656677246,10.449999809265137,10.475000381469727,10.475000381469727,18334
2024-01-17 13:15:00-05:00,10.475000381469727,10.479999542236328,10.46500015258789,10.475000381469727,10.475000381469727,8272
2024-01-17 13:20:00-05:00,10.475000381469727,10.475000381469727,10.4399995803833,10.444999694824219,10.444999694824219,12108
2024-01-17 13:25:00-05:00,10.444999694824219,10.470000267028809,10.4399995803833,10.449999809265137,10.449999809265137,17013
2024-01-17 13:30:00-05:00,10.454999923706055,10.479999542236328,10.454999923706055,10.470000267028809,10.470000267028809,19099
2024-01-17 13:35:00-05:00,10.470000267028809,10.498700141906738,10.46500015258789,10.479999542236328,10.479999542236328,16963
2024-01-17 13:40:00-05:00,10.470000267028809,10.475000381469727,10.449999809265137,10.470000267028809,10.470000267028809,17086
2024-01-17 13:45:00-05:00,10.475000381469727,10.475000381469727,10.460000038146973,10.460000038146973,10.460000038146973,5214
2024-01-17 13:50:00-05:00,10.460000038146973,10.489999771118164,10.460000038146973,10.479999542236328,10.479999542236328,15552
2024-01-17 13:55:00-05:00,10.470000267028809,10.484999656677246,10.46500015258789,10.475000381469727,10.475000381469727,9805
2024-01-17 14:00:00-05:00,10.479999542236328,10.479999542236328,10.460000038146973,10.460000038146973,10.460000038146973,11826
2024-01-17 14:05:00-05:00,10.460000038146973,10.470000267028809,10.449999809265137,10.46500015258789,10.46500015258789,14555
2024-01-17 14:10:00-05:00,10.46500015258789,10.484999656677246,10.460000038146973,10.475000381469727,10.475000381469727,19861
2024-01-17 14:15:00-05:00,10.475000381469727,10.477499961853027,10.460000038146973,10.460000038146973,10.460000038146973,7354
2024-01-17 14:20:00-05:00,10.46500015258789,10.475000381469727,10.460000038146973,10.475000381469727,10.475000381469727,17913
2024-01-17 14:25:00-05:00,10.475000381469727,10.475000381469727,10.454999923706055,10.454999923706055,10.454999923706055,8786
2024-01-17 14:30:00-05:00,10.454999923706055,10.454999923706055,10.4399995803833,10.4399995803833,10.4399995803833,14238
2024-01-17 14:35:00-05:00,10.4399995803833,10.4399995803833,10.420000076293945,10.420000076293945,10.420000076293945,7058
2024-01-17 14:40:00-05:00,10.420000076293945,10.425000190734863,10.40999984741211,10.40999984741211,10.40999984741211,11590
2024-01-17 14:45:00-05:00,10.414999961853027,10.430000305175781,10.414999961853027,10.414999961853027,10.414999961853027,28766
2024-01-17 14:50:00-05:00,10.411499977111816,10.430000305175781,10.411499977111816,10.425000190734863,10.425000190734863,12936
2024-01-17 14:55:00-05:00,10.425000190734863,10.430000305175781,10.420000076293945,10.420000076293945,10.420000076293945,11472
2024-01-17 15:00:00-05:00,10.420000076293945,10.479999542236328,10.420000076293945,10.4350004196167,10.4350004196167,114268
2024-01-17 15:05:00-05:00,10.4350004196167,10.489999771118164,10.420000076293945,10.470000267028809,10.470000267028809,71718
2024-01-17 15:10:00-05:00,10.470000267028809,10.475000381469727,10.454999923706055,10.454999923706055,10.454999923706055,21165
2024-01-17 15:15:00-05:00,10.454999923706055,10.475000381469727,10.449999809265137,10.475000381469727,10.475000381469727,15531
2024-01-17 15:20:00-05:00,10.475000381469727,10.475000381469727,10.46500015258789,10.46500015258789,10.46500015258789,28856
2024-01-17 15:25:00-05:00,10.46500015258789,10.479999542236328,10.454999923706055,10.454999923706055,10.454999923706055,55420
2024-01-17 15:30:00-05:00,10.454999923706055,10.460000038146973,10.420000076293945,10.420000076293945,10.420000076293945,75671
2024-01-17 15:35:00-05:00,10.420000076293945,10.427499771118164,10.40999984741211,10.425000190734863,10.425000190734863,25468
2024-01-17 15:40:00-05:00,10.425000190734863,10.449999809265137,10.414999961853027,10.444999694824219,10.444999694824219,70791
2024-01-17 15:45:00-05:00,10.449999809265137,10.460000038146973,10.4399995803833,10.454999923706055,10.454999923706055,56761
2024-01-17 15:50:00-05:00,10.454999923706055,10.46500015258789,10.4399995803833,10.454999923706055,10.454999923706055,130086
2024-01-17 15:55:00-05:00,10.460000038146973,10.520000457763672,10.454999923706055,10.515000343322754,10.515000343322754,302907
2024-01-18 09:30:00-05:00,10.569999694824219,10.569999694824219,10.520000457763672,10.520000457763672,10.520000457763672,10601
2024-01-18 09:35:00-05:00,10.520000457763672,10.520000457763672,10.450300216674805,10.460000038146973,10.460000038146973,11363
2024-01-18 09:40:00-05:00,10.470000267028809,10.529999732971191,10.470000267028809,10.520000457763672,10.520000457763672,11915
2024-01-18 09:45:00-05:00,10.510000228881836,10.510000228881836,10.454999923706055,10.475000381469727,10.475000381469727,15189
2024-01-18 09:50:00-05:00,10.460000038146973,10.460000038146973,10.4399995803833,10.449999809265137,10.449999809265137,5839
2024-01-18 09:55:00-05:00,10.449999809265137,10.5,10.449999809265137,10.5,10.5,17331
2024-01-18 10:00:00-05:00,10.510000228881836,10.515000343322754,10.4399995803833,10.449999809265137,10.449999809265137,15156
2024-01-18 10:05:00-05:00,10.449999809265137,10.489999771118164,10.449999809265137,10.489999771118164,10.489999771118164,11369
2024-01-18 10:10:00-05:00,10.479999542236328,10.489999771118164,10.470000267028809,10.479999542236328,10.479999542236328,8011
2024-01-18 10:15:00-05:00,10.479999542236328,10.520000457763672,10.479999542236328,10.50100040435791,10.50100040435791,10705
2024-01-18 10:20:00-05:00,10.50100040435791,10.50100040435791,10.46500015258789,10.470000267028809,10.470000267028809,11886
2024-01-18 10:25:00-05:00,10.470000267028809,10.470000267028809,10.460000038146973,10.461000442504883,10.461000442504883,4608
2024-01-18 10:30:00-05:00,10.460000038146973,10.470000267028809,10.4399995803833,10.454999923706055,10.454999923706055,17188
2024-01-18 10:35:00-05:00,10.454999923706055,10.489999771118164,10.449999809265137,10.484999656677246,10.484999656677246,9077
2024-01-18 10:40:00-05:00,10.484999656677246,10.489999771118164,10.470000267028809,10.475000381469727,10.475000381469727,5718
2024-01-18 10:45:00-05:00,10.470000267028809,10.470000267028809,10.4350004196167,10.4399995803833,10.4399995803833,20921
2024-01-18 10:50:00-05:00,10.444999694824219,10.444999694824219,10.420000076293945,10.420000076293945,10.420000076293945,17620
2024-01-18 10:55:00-05:00,10.420000076293945,10.420000076293945,10.380000114440918,10.388999938964844,10.388999938964844,13761
2024-01-18 11:00:00-05:00,10.380999565124512,10.380999565124512,10.359999656677246,10.359999656677246,10.359999656677246,6540
2024-01-18 11:05:00-05:00,10.350000381469727,10.385000228881836,10.345000267028809,10.375,10.375,73870
2024-01-18 11:10:00-05:00,10.375,10.390000343322754,10.369999885559082,10.380000114440918,10.380000114440918,12384
2024-01-18 11:15:00-05:00,10.380000114440918,10.399999618530273,10.369999885559082,10.390000343322754,10.390000343322754,14373
2024-01-18 11:20:00-05:00,10.395000457763672,10.404999732971191,10.390000343322754,10.404999732971191,10.404999732971191,11973
2024-01-18 11:25:00-05:00,10.40999984741211,10.545000076293945,10.404999732971191,10.520000457763672,10.520000457763672,136955
2024-01-18 11:30:00-05:00,10.520000457763672,10.619999885559082,10.520000457763672,10.614999771118164,10.614999771118164,61755
2024-01-18 11:35:00-05:00,10.614999771118164,10.619999885559082,10.59000015258789,10.59000015258789,10.59000015258789,17176
2024-01-18 11:40:00-05:00,10.59000015258789,10.637499809265137,10.589099884033203,10.630000114440918,10.630000114440918,23648
2024-01-18 11:45:00-05:00,10.630000114440918,10.649999618530273,10.619999885559082,10.640000343322754,10.640000343322754,20339
2024-01-18 11:50:00-05:00,10.630000114440918,10.649999618530273,10.59000015258789,10.59000015258789,10.59000015258789,13286
2024-01-18 11:55:00-05:00,10.600000381469727,10.619999885559082,10.59000015258789,10.59000015258789,10.59000015258789,20242
2024-01-18 12:00:00-05:00,10.595000267028809,10.595000267028809,10.539999961853027,10.545000076293945,10.545000076293945,22563
2024-01-18 12:05:00-05:00,10.539999961853027,10.5600004196167,10.524999618530273,10.539999961853027,10.539999961853027,11079
2024-01-18 12:10:00-05:00,10.545000076293945,10.545000076293945,10.510000228881836,10.538999557495117,10.538999557495117,12934
2024-01-18 12:15:00-05:00,10.529999732971191,10.550000190734863,10.522500038146973,10.529999732971191,10.529999732971191,18338
2024-01-18 12:20:00-05:00,10.520000457763672,10.539999961853027,10.5,10.539999961853027,10.539999961853027,12514
2024-01-18 12:25:00-05:00,10.539999961853027,10.5600004196167,10.529999732971191,10.5600004196167,10.5600004196167,5314
2024-01-18 12:30:00-05:00,10.5600004196167,10.569999694824219,10.529999732971191,10.529999732971191,10.529999732971191,51029
2024-01-18 12:35:00-05:00,10.529999732971191,10.579999923706055,10.529999732971191,10.579999923706055,10.579999923706055,9224
2024-01-18 12:40:00-05:00,10.585000038146973,10.600000381469727,10.582500457763672,10.600000381469727,10.600000381469727,11467
2024-01-18 12:45:00-05:00,10.600000381469727,10.604999542236328,10.569999694824219,10.569999694824219,10.569999694824219,10165
2024-01-18 12:50:00-05:00,10.569999694824219,10.569999694824219,10.520000457763672,10.520000457763672,10.520000457763672,13714
2024-01-18 12:55:00-05:00,10.520000457763672,10.529999732971191,10.515000343322754,10.529999732971191,10.529999732971191,13632
2024-01-18 13:00:00-05:00,10.529999732971191,10.555000305175781,10.494999885559082,10.53499984741211,10.53499984741211,34690
2024-01-18 13:05:00-05:00,10.529999732971191,10.53499984741211,10.520000457763672,10.53499984741211,10.53499984741211,17544
2024-01-18 13:10:00-05:00,10.529999732971191,10.529999732971191,10.515000343322754,10.529999732971191,10.529999732971191,10172
2024-01-18 13:15:00-05:00,10.539999961853027,10.5600004196167,10.53499984741211,10.545000076293945,10.545000076293945,15559
2024-01-18 13:20:00-05:00,10.545000076293945,10.545000076293945,10.510000228881836,10.520000457763672,10.520000457763672,19167
2024-01-18 13:25:00-05:00,10.520000457763672,10.545000076293945,10.515000343322754,10.539999961853027,10.539999961853027,6711
2024-01-18 13:30:00-05:00,10.539999961853027,10.547499656677246,10.529999732971191,10.529999732971191,10.529999732971191,7726
2024-01-18 13:35:00-05:00,10.529999732971191,10.5600004196167,10.524999618530273,10.5600004196167,10.5600004196167,34365
2024-01-18 13:40:00-05:00,10.5600004196167,10.5649995803833,10.550000190734863,10.550000190734863,10.550000190734863,10473
2024-01-18 13:45:00-05:00,10.550000190734863,10.5600004196167,10.539999961853027,10.539999961853027,10.539999961853027,8926
2024-01-18 13:50:00-05:00,10.539999961853027,10.550000190734863,10.539999961853027,10.545000076293945,10.545000076293945,5041
2024-01-18 13:55:00-05:00,10.539999961853027,10.5649995803833,10.529999732971191,10.5600004196167,10.5600004196167,23332
2024-01-18 14:00:00-05:00,10.5600004196167,10.579999923706055,10.5600004196167,10.574999809265137,10.574999809265137,8844
2024-01-18 14:05:00-05:00,10.574999809265137,10.585000038146973,10.572500228881836,10.585000038146973,10.585000038146973,8756
2024-01-18 14:10:00-05:00,10.585000038146973,10.59000015258789,10.574999809265137,10.585000038146973,10.585000038146973,12226
2024-01-18 14:15:00-05:00,10.579999923706055,10.600000381469727,10.579999923706055,10.585000038146973,10.585000038146973,18267
2024-01-18 14:20:00-05:00,10.587499618530273,10.614999771118164,10.574999809265137,10.609999656677246,10.609999656677246,22538
2024-01-18 14:25:00-05:00,10.619999885559082,10.619999885559082,10.609999656677246,10.609999656677246,10.609999656677246,4159
2024-01-18 14:30:00-05:00,10.619999885559082,10.625,10.579999923706055,10.579999923706055,10.579999923706055,28271
2024-01-18 14:35:00-05:00,10.579999923706055,10.609999656677246,10.579999923706055,10.595000267028809,10.595000267028809,31318
2024-01-18 14:40:00-05:00,10.59000015258789,10.609999656677246,10.59000015258789,10.600000381469727,10.600000381469727,18559
2024-01-18 14:45:00-05:00,10.59000015258789,10.609999656677246,10.579999923706055,10.604999542236328,10.604999542236328,25651
2024-01-18 14:50:00-05:00,10.604999542236328,10.607500076293945,10.59000015258789,10.604999542236328,10.604999542236328,20187
2024-01-18 14:55:00-05:00,10.604999542236328,10.609999656677246,10.600000381469727,10.600000381469727,10.600000381469727,8836
2024-01-18 15:00:00-05:00,10.600000381469727,10.609999656677246,10.59000015258789,10.595000267028809,10.595000267028809,32419
2024-01-18 15:05:00-05:00,10.59000015258789,10.609999656677246,10.59000015258789,10.604999542236328,10.604999542236328,23409
2024-01-18 15:10:00-05:00,10.604999542236328,10.609999656677246,10.600000381469727,10.600000381469727,10.600000381469727,12280
2024-01-18 15:15:00-05:00,10.604999542236328,10.609999656677246,10.569999694824219,10.569999694824219,10.569999694824219,25694
2024-01-18 15:20:00-05:00,10.574999809265137,10.609999656677246,10.574999809265137,10.59000015258789,10.59000015258789,64864
2024-01-18 15:25:00-05:00,10.595000267028809,10.595000267028809,10.579999923706055,10.579999923706055,10.579999923706055,16925
2024-01-18 15:30:00-05:00,10.585000038146973,10.59000015258789,10.5649995803833,10.569999694824219,10.569999694824219,27343
2024-01-18 15:35:00-05:00,10.5600004196167,10.569999694824219,10.5600004196167,10.5600004196167,10.5600004196167,20847
2024-01-18 15:40:00-05:00,10.5600004196167,10.600000381469727,10.555000305175781,10.595000267028809,10.595000267028809,58440
2024-01-18 15:45:00-05:00,10.595000267028809,10.630000114440918,10.595000267028809,10.604999542236328,10.604999542236328,44120
2024-01-18 15:50:00-05:00,10.604999542236328,10.609999656677246,10.59000015258789,10.595000267028809,10.595000267028809,90972
2024-01-18 15:55:00-05:00,10.600000381469727,10.609999656677246,10.595000267028809,10.604999542236328,10.604999542236328,263533
2024-01-19 09:30:00-05:00,10.6899995803833,10.6899995803833,10.59000015258789,10.635000228881836,10.635000228881836,39560
2024-01-19 09:35:00-05:00,10.609999656677246,10.609999656677246,10.539999961853027,10.539999961853027,10.539999961853027,36444
2024-01-19 09:40:00-05:00,10.545000076293945,10.550000190734863,10.5,10.510000228881836,10.510000228881836,15358
2024-01-19 09:45:00-05:00,10.510000228881836,10.515000343322754,10.479999542236328,10.515000343322754,10.515000343322754,12841
2024-01-19 09:50:00-05:00,10.515000343322754,10.524999618530273,10.5,10.520000457763672,10.520000457763672,11508
2024-01-19 09:55:00-05:00,10.539999961853027,10.5600004196167,10.529999732971191,10.5600004196167,10.5600004196167,2970
2024-01-19 10:00:00-05:00,10.569999694824219,10.585000038146973,10.550000190734863,10.569999694824219,10.569999694824219,14774
2024-01-19 10:05:00-05:00,10.5600004196167,10.5600004196167,10.520000457763672,10.545000076293945,10.545000076293945,13941
2024-01-19 10:10:00-05:00,10.550000190734863,10.574999809265137,10.545000076293945,10.5649995803833,10.5649995803833,8566
2024-01-19 10:15:00-05:00,10.569999694824219,10.569999694824219,10.53499984741211,10.53499984741211,10.53499984741211,5825
2024-01-19 10:20:00-05:00,10.539999961853027,10.545999526977539,10.494999885559082,10.5,10.5,6163
2024-01-19 10:25:00-05:00,10.507499694824219,10.510000228881836,10.494999885559082,10.510000228881836,10.510000228881836,7060
2024-01-19 10:30:00-05:00,10.515000343322754,10.515000343322754,10.489999771118164,10.494999885559082,10.494999885559082,8306
2024-01-19 10:35:00-05:00,10.5,10.524999618530273,10.494999885559082,10.515000343322754,10.515000343322754,11268
2024-01-19 10:40:00-05:00,10.520000457763672,10.569999694824219,10.520000457763672,10.550000190734863,10.550000190734863,23278
2024-01-19 10:45:00-05:00,10.550000190734863,10.550000190734863,10.524999618530273,10.524999618530273,10.524999618530273,13943
2024-01-19 10:50:00-05:00,10.515000343322754,10.529999732971191,10.515000343322754,10.524999618530273,10.524999618530273,2919
2024-01-19 10:55:00-05:00,10.524999618530273,10.545000076293945,10.524999618530273,10.53499984741211,10.53499984741211,6422
2024-01-19 11:00:00-05:00,10.53499984741211,10.545000076293945,10.53499984741211,10.545000076293945,10.545000076293945,3301
2024-01-19 11:05:00-05:00,10.545000076293945,10.555000305175781,10.542499542236328,10.545000076293945,10.545000076293945,7035
2024-01-19 11:10:00-05:00,10.545000076293945,10.550000190734863,10.539999961853027,10.539999961853027,10.539999961853027,3910
2024-01-19 11:15:00-05:00,10.539999961853027,10.555000305175781,10.524999618530273,10.524999618530273,10.524999618530273,16186
2024-01-19 11:20:00-05:00,10.524999618530273,10.524999618530273,10.515000343322754,10.515000343322754,10.515000343322754,2546
2024-01-19 11:25:00-05:00,10.515000343322754,10.515000343322754,10.5,10.5,10.5,5317
2024-01-19 11:30:00-05:00,10.5,10.5,10.475000381469727,10.489999771118164,10.489999771118164,28714
2024-01-19 11:35:00-05:00,10.489999771118164,10.494999885559082,10.479999542236328,10.484999656677246,10.484999656677246,3718
2024-01-19 11:40:00-05:00,10.484999656677246,10.484999656677246,10.475000381469727,10.479999542236328,10.479999542236328,7174
2024-01-19 11:45:00-05:00,10.475000381469727,10.5,10.475000381469727,10.489999771118164,10.489999771118164,8777
2024-01-19 11:50:00-05:00,10.489999771118164,10.5,10.484999656677246,10.494999885559082,10.494999885559082,6022
2024-01-19 11:55:00-05:00,10.5,10.5,10.470000267028809,10.470000267028809,10.470000267028809,5426
2024-01-19 12:00:00-05:00,10.475000381469727,10.494999885559082,10.470000267028809,10.489999771118164,10.489999771118164,10702
2024-01-19 12:05:00-05:00,10.494999885559082,10.494999885559082,10.494999885559082,10.494999885559082,10.494999885559082,449
2024-01-19 12:10:00-05:00,10.489999771118164,10.489999771118164,10.460000038146973,10.46500015258789,10.46500015258789,8366
2024-01-19 12:15:00-05:00,10.46500015258789,10.470000267028809,10.430000305175781,10.430000305175781,10.430000305175781,29279
2024-01-19 12:20:00-05:00,10.4399995803833,10.460000038146973,10.430000305175781,10.449999809265137,10.449999809265137,47350
2024-01-19 12:25:00-05:00,10.449999809265137,10.484999656677246,10.449999809265137,10.479999542236328,10.479999542236328,45380
2024-01-19 12:30:00-05:00,10.489999771118164,10.489999771118164,10.479999542236328,10.479999542236328,10.479999542236328,15403
2024-01-19 12:35:00-05:00,10.479999542236328,10.520000457763672,10.479999542236328,10.515000343322754,10.515000343322754,44463
2024-01-19 12:40:00-05:00,10.510000228881836,10.510000228881836,10.494999885559082,10.5,10.5,11010
2024-01-19 12:45:00-05:00,10.505000114440918,10.505000114440918,10.479999542236328,10.479999542236328,10.479999542236328,10596
2024-01-19 12:50:00-05:00,10.479999542236328,10.489999771118164,10.470000267028809,10.475000381469727,10.475000381469727,10161
2024-01-19 12:55:00-05:00,10.475000381469727,10.479999542236328,10.470000267028809,10.470000267028809,10.470000267028809,11234
2024-01-19 13:00:00-05:00,10.470000267028809,10.475000381469727,10.449999809265137,10.449999809265137,10.449999809265137,17862
2024-01-19 13:05:00-05:00,10.454999923706055,10.484999656677246,10.449999809265137,10.484999656677246,10.484999656677246,23611
2024-01-19 13:10:00-05:00,10.484999656677246,10.484999656677246,10.470000267028809,10.475000381469727,10.475000381469727,5947
2024-01-19 13:15:00-05:00,10.479999542236328,10.510000228881836,10.479999542236328,10.496500015258789,10.496500015258789,12224
2024-01-19 13:20:00-05:00,10.494999885559082,10.510000228881836,10.489999771118164,10.489999771118164,10.489999771118164,15919
2024-01-19 13:25:00-05:00,10.494999885559082,10.505000114440918,10.489999771118164,10.505000114440918,10.505000114440918,6952
2024-01-19 13:30:00-05:00,10.505000114440918,10.510000228881836,10.5,10.5,10.5,2874
2024-01-19 13:35:00-05:00,10.505000114440918,10.505000114440918,10.470000267028809,10.505000114440918,10.505000114440918,35438
2024-01-19 13:40:00-05:00,10.505000114440918,10.510000228881836,10.5,10.5,10.5,2532
2024-01-19 13:45:00-05:00,10.505000114440918,10.508999824523926,10.494999885559082,10.494999885559082,10.494999885559082,14737
2024-01-19 13:50:00-05:00,10.494999885559082,10.520000457763672,10.494999885559082,10.520000457763672,10.520000457763672,11059
2024-01-19 13:55:00-05:00,10.515000343322754,10.520000457763672,10.510000228881836,10.520000457763672,10.520000457763672,5291
2024-01-19 14:00:00-05:00,10.515000343322754,10.529999732971191,10.5,10.529999732971191,10.529999732971191,21972
2024-01-19 14:05:00-05:00,10.524999618530273,10.529999732971191,10.520000457763672,10.520000457763672,10.520000457763672,3981
2024-01-19 14:10:00-05:00,10.520000457763672,10.538700103759766,10.515000343322754,10.538700103759766,10.538700103759766,17706
2024-01-19 14:15:00-05:00,10.53499984741211,10.539999961853027,10.529999732971191,10.53499984741211,10.53499984741211,3148
2024-01-19 14:20:00-05:00,10.53499984741211,10.53499984741211,10.529999732971191,10.529999732971191,10.529999732971191,3470
2024-01-19 14:25:00-05:00,10.53499984741211,10.574999809265137,10.529999732971191,10.5649995803833,10.5649995803833,27190
2024-01-19 14:30:00-05:00,10.5649995803833,10.5649995803833,10.539999961853027,10.539999961853027,10.539999961853027,7902
2024-01-19 14:35:00-05:00,10.539999961853027,10.545000076293945,10.524999618530273,10.53499984741211,10.53499984741211,32510
2024-01-19 14:40:00-05:00,10.53499984741211,10.5600004196167,10.53499984741211,10.555000305175781,10.555000305175781,16446
2024-01-19 14:45:00-05:00,10.555000305175781,10.5600004196167,10.550000190734863,10.555000305175781,10.555000305175781,7563
2024-01-19 14:50:00-05:00,10.555000305175781,10.5600004196167,10.539999961853027,10.545000076293945,10.545000076293945,14080
2024-01-19 14:55:00-05:00,10.550000190734863,10.5600004196167,10.539999961853027,10.545000076293945,10.545000076293945,17287
2024-01-19 15:00:00-05:00,10.545000076293945,10.569999694824219,10.539999961853027,10.569999694824219,10.569999694824219,61869
2024-01-19 15:05:00-05:00,10.570099830627441,10.600000381469727,10.570099830627441,10.595000267028809,10.595000267028809,17285
2024-01-19 15:10:00-05:00,10.59000015258789,10.59000015258789,10.579999923706055,10.585000038146973,10.585000038146973,7560
2024-01-19 15:15:00-05:00,10.588899612426758,10.600000381469727,10.585000038146973,10.600000381469727,10.600000381469727,7762
2024-01-19 15:20:00-05:00,10.595000267028809,10.595000267028809,10.579999923706055,10.585000038146973,10.585000038146973,9860
2024-01-19 15:25:00-05:00,10.579999923706055,10.600000381469727,10.579999923706055,10.600000381469727,10.600000381469727,8785
2024-01-19 15:30:00-05:00,10.595000267028809,10.609999656677246,10.595000267028809,10.604999542236328,10.604999542236328,18041
2024-01-19 15:35:00-05:00,10.609999656677246,10.619999885559082,10.600000381469727,10.604999542236328,10.604999542236328,18359
2024-01-19 15:40:00-05:00,10.609999656677246,10.609999656677246,10.600000381469727,10.604999542236328,10.604999542236328,9874
2024-01-19 15:45:00-05:00,10.604999542236328,10.630000114440918,10.604999542236328,10.625,10.625,45688
2024-01-19 15:50:00-05:00,10.630000114440918,10.630000114440918,10.609999656677246,10.630000114440918,10.630000114440918,56280
2024-01-19 15:55:00-05:00,10.630000114440918,10.649999618530273,10.619999885559082,10.645000457763672,10.645000457763672,104776
2024-01-22 09:30:00-05:00,10.800000190734863,10.920000076293945,10.75,10.920000076293945,10.920000076293945,18824
2024-01-22 09:35:00-05:00,10.930000305175781,10.979999542236328,10.890000343322754,10.890000343322754,10.890000343322754,7417
2024-01-22 09:40:00-05:00,10.890000343322754,10.944999694824219,10.890000343322754,10.90999984741211,10.90999984741211,10091
2024-01-22 09:45:00-05:00,10.930000305175781,10.970000267028809,10.904999732971191,10.960000038146973,10.960000038146973,10843
2024-01-22 09:50:00-05:00,10.960000038146973,11.03499984741211,10.9399995803833,11.0,11.0,21697
2024-01-22 09:55:00-05:00,11.0,11.03499984741211,10.994999885559082,11.029999732971191,11.029999732971191,27967
2024-01-22 10:00:00-05:00,11.029999732971191,11.0649995803833,11.020999908447266,11.029999732971191,11.029999732971191,22512
2024-01-22 10:05:00-05:00,11.029999732971191,11.074999809265137,11.029999732971191,11.069999694824219,11.069999694824219,30526
2024-01-22 10:10:00-05:00,11.069999694824219,11.069999694824219,11.005000114440918,11.020000457763672,11.020000457763672,9907
2024-01-22 10:15:00-05:00,11.020999908447266,11.050000190734863,11.020999908447266,11.029999732971191,11.029999732971191,13350
2024-01-22 10:20:00-05:00,11.029999732971191,11.045000076293945,11.010000228881836,11.020000457763672,11.020000457763672,11946
2024-01-22 10:25:00-05:00,11.029999732971191,11.03499984741211,10.960000038146973,10.972000122070312,10.972000122070312,19555
2024-01-22 10:30:00-05:00,10.975000381469727,10.975000381469727,10.9399995803833,10.9399995803833,10.9399995803833,9349
2024-01-22 10:35:00-05:00,10.9399995803833,10.9399995803833,10.904999732971191,10.920000076293945,10.920000076293945,10883
2024-01-22 10:40:00-05:00,10.90999984741211,10.914999961853027,10.890000343322754,10.899999618530273,10.899999618530273,6520
2024-01-22 10:45:00-05:00,10.904999732971191,10.91100025177002,10.869999885559082,10.869999885559082,10.869999885559082,12000
2024-01-22 10:50:00-05:00,10.869999885559082,10.925000190734863,10.869999885559082,10.925000190734863,10.925000190734863,2277
2024-01-22 10:55:00-05:00,10.920000076293945,10.920000076293945,10.890000343322754,10.890000343322754,10.890000343322754,4796
2024-01-22 11:00:00-05:00,10.890000343322754,10.914999961853027,10.880000114440918,10.90999984741211,10.90999984741211,36509
2024-01-22 11:05:00-05:00,10.914999961853027,10.930000305175781,10.912500381469727,10.912500381469727,10.912500381469727,4903
2024-01-22 11:10:00-05:00,10.920000076293945,10.925000190734863,10.920000076293945,10.925000190734863,10.925000190734863,1597
2024-01-22 11:15:00-05:00,10.922499656677246,10.949999809265137,10.922499656677246,10.949999809265137,10.949999809265137,3092
2024-01-22 11:20:00-05:00,10.954999923706055,10.960000038146973,10.9399995803833,10.9399995803833,10.9399995803833,5002
2024-01-22 11:25:00-05:00,10.944999694824219,10.954999923706055,10.930000305175781,10.9399995803833,10.9399995803833,4392
2024-01-22 11:30:00-05:00,10.9399995803833,10.944999694824219,10.930999755859375,10.9350004196167,10.9350004196167,2431
2024-01-22 11:35:00-05:00,10.9350004196167,10.9399995803833,10.920000076293945,10.930000305175781,10.930000305175781,16933
2024-01-22 11:40:00-05:00,10.930000305175781,10.930000305175781,10.911999702453613,10.911999702453613,10.911999702453613,6508
2024-01-22 11:45:00-05:00,10.914999961853027,10.914999961853027,10.875,10.90999984741211,10.90999984741211,25923
2024-01-22 11:50:00-05:00,10.904999732971191,10.904999732971191,10.899999618530273,10.899999618530273,10.899999618530273,1158
2024-01-22 11:55:00-05:00,10.904999732971191,10.920000076293945,10.904999732971191,10.920000076293945,10.920000076293945,8919
2024-01-22 12:00:00-05:00,10.914999961853027,10.914999961853027,10.895000457763672,10.895000457763672,10.895000457763672,10400
2024-01-22 12:05:00-05:00,10.899999618530273,10.904999732971191,10.895000457763672,10.899999618530273,10.899999618530273,39173
2024-01-22 12:10:00-05:00,10.899999618530273,10.899999618530273,10.892499923706055,10.899999618530273,10.899999618530273,1134
2024-01-22 12:15:00-05:00,10.892499923706055,10.899999618530273,10.892499923706055,10.899999618530273,10.899999618530273,3403
2024-01-22 12:20:00-05:00,10.89900016784668,10.925000190734863,10.89900016784668,10.925000190734863,10.925000190734863,7085
2024-01-22 12:25:00-05:00,10.914999961853027,10.925000190734863,10.914999961853027,10.914999961853027,10.914999961853027,5424
2024-01-22 12:30:00-05:00,10.914999961853027,10.925000190734863,10.90999984741211,10.90999984741211,10.90999984741211,7723
2024-01-22 12:35:00-05:00,10.899999618530273,10.920000076293945,10.895000457763672,10.912500381469727,10.912500381469727,5825
2024-01-22 12:40:00-05:00,10.90999984741211,10.920000076293945,10.899999618530273,10.914999961853027,10.914999961853027,8106
2024-01-22 12:45:00-05:00,10.914999961853027,10.914999961853027,10.899999618530273,10.899999618530273,10.899999618530273,7659
2024-01-22 12:50:00-05:00,10.890999794006348,10.904999732971191,10.885000228881836,10.904999732971191,10.904999732971191,8173
2024-01-22 12:55:00-05:00,10.904999732971191,10.904999732971191,10.895000457763672,10.895000457763672,10.895000457763672,7252
2024-01-22 13:00:00-05:00,10.890000343322754,10.890000343322754,10.875,10.890000343322754,10.890000343322754,12442
2024-01-22 13:05:00-05:00,10.885000228881836,10.885000228881836,10.859999656677246,10.864999771118164,10.864999771118164,5105
2024-01-22 13:10:00-05:00,10.861499786376953,10.904999732971191,10.859999656677246,10.904999732971191,10.904999732971191,23738
2024-01-22 13:15:00-05:00,10.899999618530273,10.904999732971191,10.880000114440918,10.880000114440918,10.880000114440918,14310
2024-01-22 13:20:00-05:00,10.8725004196167,10.880000114440918,10.869999885559082,10.87600040435791,10.87600040435791,9058
2024-01-22 13:25:00-05:00,10.869999885559082,10.869999885559082,10.845000267028809,10.854999542236328,10.854999542236328,18151
2024-01-22 13:30:00-05:00,10.854999542236328,10.854999542236328,10.850000381469727,10.854999542236328,10.854999542236328,3368
2024-01-22 13:35:00-05:00,10.850000381469727,10.859999656677246,10.845000267028809,10.845000267028809,10.845000267028809,7719
2024-01-22 13:40:00-05:00,10.845000267028809,10.864999771118164,10.824999809265137,10.854999542236328,10.854999542236328,34342
2024-01-22 13:45:00-05:00,10.859999656677246,10.880000114440918,10.859999656677246,10.879899978637695,10.879899978637695,5957
2024-01-22 13:50:00-05:00,10.880000114440918,10.914999961853027,10.880000114440918,10.914999961853027,10.914999961853027,8366
2024-01-22 13:55:00-05:00,10.914999961853027,10.925000190734863,10.90999984741211,10.920000076293945,10.920000076293945,13352
2024-01-22 14:00:00-05:00,10.925000190734863,10.930000305175781,10.90999984741211,10.90999984741211,10.90999984741211,5069
2024-01-22 14:05:00-05:00,10.90999984741211,10.914999961853027,10.90999984741211,10.90999984741211,10.90999984741211,2211
2024-01-22 14:10:00-05:00,10.914999961853027,10.920000076293945,10.899999618530273,10.899999618530273,10.899999618530273,13256
2024-01-22 14:15:00-05:00,10.899999618530273,10.899999618530273,10.880000114440918,10.885000228881836,10.885000228881836,12586
2024-01-22 14:20:00-05:00,10.880000114440918,10.885000228881836,10.869999885559082,10.885000228881836,10.885000228881836,36890
2024-01-22 14:25:00-05:00,10.890000343322754,10.890000343322754,10.882499694824219,10.882499694824219,10.882499694824219,1918
2024-01-22 14:30:00-05:00,10.890000343322754,10.899999618530273,10.875,10.880000114440918,10.880000114440918,11581
2024-01-22 14:35:00-05:00,10.880000114440918,10.890999794006348,10.880000114440918,10.890000343322754,10.890000343322754,5999
2024-01-22 14:40:00-05:00,10.888999938964844,10.888999938964844,10.869999885559082,10.869999885559082,10.869999885559082,5312
2024-01-22 14:45:00-05:00,10.869999885559082,10.885000228881836,10.869999885559082,10.885000228881836,10.885000228881836,7789
2024-01-22 14:50:00-05:00,10.885000228881836,10.890000343322754,10.864999771118164,10.864999771118164,10.864999771118164,12522
2024-01-22 14:55:00-05:00,10.864999771118164,10.875,10.864999771118164,10.875,10.875,3691
2024-01-22 15:00:00-05:00,10.880000114440918,10.880000114440918,10.864999771118164,10.875,10.875,11724
2024-01-22 15:05:00-05:00,10.875,10.895000457763672,10.875,10.895000457763672,10.895000457763672,10487
2024-01-22 15:10:00-05:00,10.899999618530273,10.907999992370605,10.899999618530273,10.904999732971191,10.904999732971191,3272
2024-01-22 15:15:00-05:00,10.907999992370605,10.920000076293945,10.904999732971191,10.904999732971191,10.904999732971191,22245
2024-01-22 15:20:00-05:00,10.90999984741211,10.914999961853027,10.899999618530273,10.899999618530273,10.899999618530273,19782
2024-01-22 15:25:00-05:00,10.904999732971191,10.914999961853027,10.899999618530273,10.90999984741211,10.90999984741211,17752
2024-01-22 15:30:00-05:00,10.904999732971191,10.914999961853027,10.904999732971191,10.904999732971191,10.904999732971191,17297
2024-01-22 15:35:00-05:00,10.90999984741211,10.944999694824219,10.904999732971191,10.944999694824219,10.944999694824219,26053
2024-01-22 15:40:00-05:00,10.944999694824219,10.960000038146973,10.9399995803833,10.960000038146973,10.960000038146973,18141
2024-01-22 15:45:00-05:00,10.954999923706055,10.994999885559082,10.9399995803833,10.994999885559082,10.994999885559082,70231
2024-01-22 15:50:00-05:00,10.989999771118164,11.005000114440918,10.979999542236328,11.005000114440918,11.005000114440918,60234
2024-01-22 15:55:00-05:00,11.005000114440918,11.029999732971191,11.0,11.020000457763672,11.020000457763672,137846
2024-01-23 09:30:00-05:00,11.119999885559082,11.180000305175781,11.015000343322754,11.039999961853027,11.039999961853027,14523
2024-01-23 09:35:00-05:00,11.029999732971191,11.079999923706055,11.029999732971191,11.0600004196167,11.0600004196167,41718
2024-01-23 09:40:00-05:00,11.069999694824219,11.112000465393066,11.0600004196167,11.100000381469727,11.100000381469727,19380
2024-01-23 09:45:00-05:00,11.09000015258789,11.15999984741211,11.09000015258789,11.145000457763672,11.145000457763672,16225
2024-01-23 09:50:00-05:00,11.140000343322754,11.15999984741211,11.119999885559082,11.154999732971191,11.154999732971191,13037
2024-01-23 09:55:00-05:00,11.164999961853027,11.220000267028809,11.154999732971191,11.220000267028809,11.220000267028809,20675
2024-01-23 10:00:00-05:00,11.229999542236328,11.28499984741211,11.220000267028809,11.279999732971191,11.279999732971191,16778
2024-01-23 10:05:00-05:00,11.28499984741211,11.34000015258789,11.28499984741211,11.34000015258789,11.34000015258789,29125
2024-01-23 10:10:00-05:00,11.34000015258789,11.4350004196167,11.34000015258789,11.4350004196167,11.4350004196167,25736
2024-01-23 10:15:00-05:00,11.4350004196167,11.524999618530273,11.425000190734863,11.458800315856934,11.458800315856934,136825
2024-01-23 10:20:00-05:00,11.454999923706055,11.5,11.380000114440918,11.404999732971191,11.404999732971191,75249
2024-01-23 10:25:00-05:00,11.404999732971191,11.475000381469727,11.404999732971191,11.444999694824219,11.444999694824219,21025
2024-01-23 10:30:00-05:00,11.4399995803833,11.4399995803833,11.399999618530273,11.420000076293945,11.420000076293945,21680
2024-01-23 10:35:00-05:00,11.425000190734863,11.4399995803833,11.420000076293945,11.4350004196167,11.4350004196167,33115
2024-01-23 10:40:00-05:00,11.4350004196167,11.4350004196167,11.390000343322754,11.390000343322754,11.390000343322754,41049
2024-01-23 10:45:00-05:00,11.395000457763672,11.414999961853027,11.359999656677246,11.414999961853027,11.414999961853027,32331
2024-01-23 10:50:00-05:00,11.40999984741211,11.414999961853027,11.380999565124512,11.414999961853027,11.414999961853027,42299
2024-01-23 10:55:00-05:00,11.414999961853027,11.4350004196167,11.395000457763672,11.395000457763672,11.395000457763672,32942
2024-01-23 11:00:00-05:00,11.390000343322754,11.425000190734863,11.390000343322754,11.414999961853027,11.414999961853027,17228
2024-01-23 11:05:00-05:00,11.40999984741211,11.420000076293945,11.40999984741211,11.40999984741211,11.40999984741211,3896
2024-01-23 11:10:00-05:00,11.414999961853027,11.414999961853027,11.34000015258789,11.34000015258789,11.34000015258789,180104
2024-01-23 11:15:00-05:00,11.34000015258789,11.359999656677246,11.319999694824219,11.345000267028809,11.345000267028809,59357
2024-01-23 11:20:00-05:00,11.345000267028809,11.345000267028809,11.335000038146973,11.345000267028809,11.345000267028809,8819
2024-01-23 11:25:00-05:00,11.345000267028809,11.345000267028809,11.329999923706055,11.34000015258789,11.34000015258789,25072
2024-01-23 11:30:00-05:00,11.34000015258789,11.350000381469727,11.319999694824219,11.324999809265137,11.324999809265137,48836
2024-01-23 11:35:00-05:00,11.324999809265137,11.354999542236328,11.319999694824219,11.350000381469727,11.350000381469727,49393
2024-01-23 11:40:00-05:00,11.354999542236328,11.359999656677246,11.329999923706055,11.329999923706055,11.329999923706055,46840
2024-01-23 11:45:00-05:00,11.335000038146973,11.335000038146973,11.229999542236328,11.229999542236328,11.229999542236328,50668
2024-01-23 11:50:00-05:00,11.229999542236328,11.279999732971191,11.229999542236328,11.270000457763672,11.270000457763672,18510
2024-01-23 11:55:00-05:00,11.270000457763672,11.279999732971191,11.265000343322754,11.274999618530273,11.274999618530273,4967
2024-01-23 12:00:00-05:00,11.274999618530273,11.279999732971191,11.25,11.25,11.25,8384
2024-01-23 12:05:00-05:00,11.25,11.260000228881836,11.220000267028809,11.229999542236328,11.229999542236328,6623
2024-01-23 12:10:00-05:00,11.229999542236328,11.270000457763672,11.210000038146973,11.260000228881836,11.260000228881836,27652
2024-01-23 12:15:00-05:00,11.25,11.25,11.220000267028809,11.229999542236328,11.229999542236328,5228
2024-01-23 12:20:00-05:00,11.229999542236328,11.229999542236328,11.180000305175781,11.184100151062012,11.184100151062012,8714
2024-01-23 12:25:00-05:00,11.1850004196167,11.1899995803833,11.180000305175781,11.1850004196167,11.1850004196167,4144
2024-01-23 12:30:00-05:00,11.1850004196167,11.1899995803833,11.170000076293945,11.175000190734863,11.175000190734863,11856
2024-01-23 12:35:00-05:00,11.175000190734863,11.175000190734863,11.154999732971191,11.154999732971191,11.154999732971191,4831
2024-01-23 12:40:00-05:00,11.149999618530273,11.204999923706055,11.145000457763672,11.194999694824219,11.194999694824219,30588
2024-01-23 12:45:00-05:00,11.194999694824219,11.204999923706055,11.1899995803833,11.194999694824219,11.194999694824219,9574
2024-01-23 12:50:00-05:00,11.199999809265137,11.204999923706055,11.199999809265137,11.204999923706055,11.204999923706055,7516
2024-01-23 12:55:00-05:00,11.199999809265137,11.220000267028809,11.199999809265137,11.220000267028809,11.220000267028809,19602
2024-01-23 13:00:00-05:00,11.21500015258789,11.229999542236328,11.210000038146973,11.21500015258789,11.21500015258789,9851
2024-01-23 13:05:00-05:00,11.210000038146973,11.210000038146973,11.204999923706055,11.204999923706055,11.204999923706055,4203
2024-01-23 13:10:00-05:00,11.199999809265137,11.210000038146973,11.170000076293945,11.175000190734863,11.175000190734863,9529
2024-01-23 13:15:00-05:00,11.175000190734863,11.175000190734863,11.15999984741211,11.164999961853027,11.164999961853027,8923
2024-01-23 13:20:00-05:00,11.15999984741211,11.164999961853027,11.140000343322754,11.145000457763672,11.145000457763672,4953
2024-01-23 13:25:00-05:00,11.140000343322754,11.140000343322754,11.130000114440918,11.130000114440918,11.130000114440918,5778
2024-01-23 13:30:00-05:00,11.135000228881836,11.140000343322754,11.100000381469727,11.109999656677246,11.109999656677246,12356
2024-01-23 13:35:00-05:00,11.109999656677246,11.109999656677246,11.069999694824219,11.079999923706055,11.079999923706055,14827
2024-01-23 13:40:00-05:00,11.079999923706055,11.130000114440918,11.079999923706055,11.125,11.125,8772
2024-01-23 13:45:00-05:00,11.125,11.125,11.119999885559082,11.125,11.125,5891
2024-01-23 13:50:00-05:00,11.119999885559082,11.175000190734863,11.119999885559082,11.175000190734863,11.175000190734863,26956
2024-01-23 13:55:00-05:00,11.175000190734863,11.175000190734863,11.162500381469727,11.170000076293945,11.170000076293945,25009
2024-01-23 14:00:00-05:00,11.170000076293945,11.170000076293945,11.15999984741211,11.170000076293945,11.170000076293945,12688
2024-01-23 14:05:00-05:00,11.164999961853027,11.199999809265137,11.164999961853027,11.199999809265137,11.199999809265137,29603
2024-01-23 14:10:00-05:00,11.194999694824219,11.199999809265137,11.175000190734863,11.175000190734863,11.175000190734863,7740
2024-01-23 14:15:00-05:00,11.154999732971191,11.154999732971191,11.130000114440918,11.140000343322754,11.140000343322754,7941
2024-01-23 14:20:00-05:00,11.140000343322754,11.140000343322754,11.125,11.125,11.125,7974
2024-01-23 14:25:00-05:00,11.125,11.125,11.119999885559082,11.125,11.125,6996
2024-01-23 14:30:00-05:00,11.119999885559082,11.119999885559082,11.109999656677246,11.114999771118164,11.114999771118164,19296
2024-01-23 14:35:00-05:00,11.119999885559082,11.130000114440918,11.114999771118164,11.130000114440918,11.130000114440918,6581
2024-01-23 14:40:00-05:00,11.130000114440918,11.170000076293945,11.125,11.164999961853027,11.164999961853027,18806
2024-01-23 14:45:00-05:00,11.164999961853027,11.199999809265137,11.15999984741211,11.194999694824219,11.194999694824219,23340
2024-01-23 14:50:00-05:00,11.1899995803833,11.194999694824219,11.180000305175781,11.180000305175781,11.180000305175781,8891
2024-01-23 14:55:00-05:00,11.180000305175781,11.210000038146973,11.180000305175781,11.204999923706055,11.204999923706055,18822
2024-01-23 15:00:00-05:00,11.204999923706055,11.204999923706055,11.180000305175781,11.194999694824219,11.194999694824219,20343
2024-01-23 15:05:00-05:00,11.194999694824219,11.210000038146973,11.194999694824219,11.204999923706055,11.204999923706055,20741
2024-01-23 15:10:00-05:00,11.210000038146973,11.229999542236328,11.204999923706055,11.225000381469727,11.225000381469727,15893
2024-01-23 15:15:00-05:00,11.229999542236328,11.229999542236328,11.1899995803833,11.1899995803833,11.1899995803833,63509
2024-01-23 15:20:00-05:00,11.1899995803833,11.1899995803833,11.109999656677246,11.109999656677246,11.109999656677246,25117
2024-01-23 15:25:00-05:00,11.109999656677246,11.119999885559082,11.09000015258789,11.100000381469727,11.100000381469727,40523
2024-01-23 15:30:00-05:00,11.100000381469727,11.109999656677246,11.074999809265137,11.09000015258789,11.09000015258789,31753
2024-01-23 15:35:00-05:00,11.085000038146973,11.09000015258789,11.069999694824219,11.069999694824219,11.069999694824219,15863
2024-01-23 15:40:00-05:00,11.074999809265137,11.104999542236328,11.069999694824219,11.092499732971191,11.092499732971191,33137
2024-01-23 15:45:00-05:00,11.100000381469727,11.104999542236328,11.085000038146973,11.085000038146973,11.085000038146973,55559
2024-01-23 15:50:00-05:00,11.09000015258789,11.100000381469727,11.09000015258789,11.095000267028809,11.095000267028809,52353
2024-01-23 15:55:00-05:00,11.095000267028809,11.100000381469727,11.069999694824219,11.085000038146973,11.085000038146973,126549
2024-01-24 09:30:00-05:00,11.270000457763672,11.270000457763672,11.210000038146973,11.239999771118164,11.239999771118164,8038
2024-01-24 09:35:00-05:00,11.1899995803833,11.3100004196167,11.1899995803833,11.260000228881836,11.260000228881836,17707
2024-01-24 09:40:00-05:00,11.25,11.300000190734863,11.25,11.300000190734863,11.300000190734863,9129
2024-01-24 09:45:00-05:00,11.300000190734863,11.300000190734863,11.244999885559082,11.25,11.25,21347
2024-01-24 09:50:00-05:00,11.255000114440918,11.260000228881836,11.225000381469727,11.229999542236328,11.229999542236328,21386
2024-01-24 09:55:00-05:00,11.229999542236328,11.229999542236328,11.149999618530273,11.164999961853027,11.164999961853027,10640
2024-01-24 10:00:00-05:00,11.15999984741211,11.170000076293945,11.130000114440918,11.154999732971191,11.154999732971191,30014
2024-01-24 10:05:00-05:00,11.149999618530273,11.15999984741211,11.135000228881836,11.135000228881836,11.135000228881836,5002
2024-01-24 10:10:00-05:00,11.130000114440918,11.164999961853027,11.125,11.154999732971191,11.154999732971191,23898
2024-01-24 10:15:00-05:00,11.149999618530273,11.199999809265137,11.145000457763672,11.1899995803833,11.1899995803833,30230
2024-01-24 10:20:00-05:00,11.1899995803833,11.194999694824219,11.164999961853027,11.164999961853027,11.164999961853027,8943
2024-01-24 10:25:00-05:00,11.15999984741211,11.180000305175781,11.140000343322754,11.164999961853027,11.164999961853027,54785
2024-01-24 10:30:00-05:00,11.170000076293945,11.1899995803833,11.130000114440918,11.135000228881836,11.135000228881836,30277
2024-01-24 10:35:00-05:00,11.130000114440918,11.180000305175781,11.130000114440918,11.140000343322754,11.140000343322754,39045
2024-01-24 10:40:00-05:00,11.140000343322754,11.170000076293945,11.140000343322754,11.15999984741211,11.15999984741211,50111
2024-01-24 10:45:00-05:00,11.170000076293945,11.170000076293945,11.149999618530273,11.154999732971191,11.154999732971191,24194
2024-01-24 10:50:00-05:00,11.149999618530273,11.149999618530273,11.09000015258789,11.09000015258789,11.09000015258789,9836
2024-01-24 10:55:00-05:00,11.09000015258789,11.109999656677246,11.080499649047852,11.104999542236328,11.104999542236328,34700
2024-01-24 11:00:00-05:00,11.104999542236328,11.119999885559082,11.09000015258789,11.100000381469727,11.100000381469727,14735
2024-01-24 11:05:00-05:00,11.100000381469727,11.104999542236328,11.074999809265137,11.092000007629395,11.092000007629395,9496
2024-01-24 11:10:00-05:00,11.09000015258789,11.09000015258789,11.079999923706055,11.079999923706055,11.079999923706055,4570
2024-01-24 11:15:00-05:00,11.069999694824219,11.09000015258789,11.069999694824219,11.079999923706055,11.079999923706055,3054
2024-01-24 11:20:00-05:00,11.09000015258789,11.095000267028809,11.0600004196167,11.095000267028809,11.095000267028809,23298
2024-01-24 11:25:00-05:00,11.069999694824219,11.104999542236328,11.069999694824219,11.100000381469727,11.100000381469727,10924
2024-01-24 11:30:00-05:00,11.100000381469727,11.104999542236328,11.100000381469727,11.100000381469727,11.100000381469727,9694
2024-01-24 11:35:00-05:00,11.104999542236328,11.104999542236328,11.09000015258789,11.09000015258789,11.09000015258789,2769
2024-01-24 11:40:00-05:00,11.095000267028809,11.100000381469727,11.09000015258789,11.09000015258789,11.09000015258789,8423
2024-01-24 11:45:00-05:00,11.095000267028809,11.125,11.095000267028809,11.114999771118164,11.114999771118164,28215
2024-01-24 11:50:00-05:00,11.109999656677246,11.119999885559082,11.109999656677246,11.114999771118164,11.114999771118164,1658
2024-01-24 11:55:00-05:00,11.109999656677246,11.119999885559082,11.095000267028809,11.104999542236328,11.104999542236328,9118
2024-01-24 12:00:00-05:00,11.104999542236328,11.104999542236328,11.069999694824219,11.079999923706055,11.079999923706055,4015
2024-01-24 12:05:00-05:00,11.069999694824219,11.085000038146973,11.069999694824219,11.085000038146973,11.085000038146973,3022
2024-01-24 12:10:00-05:00,11.079999923706055,11.09000015258789,11.074999809265137,11.081999778747559,11.081999778747559,6642
2024-01-24 12:15:00-05:00,11.079999923706055,11.079999923706055,11.0600004196167,11.0600004196167,11.0600004196167,3513
2024-01-24 12:20:00-05:00,11.0649995803833,11.079999923706055,11.050000190734863,11.069999694824219,11.069999694824219,8715
2024-01-24 12:25:00-05:00,11.069499969482422,11.079999923706055,11.0649995803833,11.079999923706055,11.079999923706055,17534
2024-01-24 12:30:00-05:00,11.09000015258789,11.104999542236328,11.09000015258789,11.100000381469727,11.100000381469727,10666
2024-01-24 12:35:00-05:00,11.10099983215332,11.10099983215332,11.085000038146973,11.095000267028809,11.095000267028809,4686
2024-01-24 12:40:00-05:00,11.09000015258789,11.09000015258789,11.069999694824219,11.074999809265137,11.074999809265137,1970
2024-01-24 12:45:00-05:00,11.069999694824219,11.069999694824219,11.0600004196167,11.0649995803833,11.0649995803833,3070
2024-01-24 12:50:00-05:00,11.0649995803833,11.069999694824219,11.050000190734863,11.050000190734863,11.050000190734863,7699
2024-01-24 12:55:00-05:00,11.050000190734863,11.0600004196167,11.045000076293945,11.055000305175781,11.055000305175781,29726
2024-01-24 13:00:00-05:00,11.055000305175781,11.0600004196167,11.020000457763672,11.029999732971191,11.029999732971191,46561
2024-01-24 13:05:00-05:00,11.029999732971191,11.029999732971191,10.994999885559082,11.029999732971191,11.029999732971191,13236
2024-01-24 13:10:00-05:00,11.024999618530273,11.039999961853027,11.020000457763672,11.020000457763672,11.020000457763672,21611
2024-01-24 13:15:00-05:00,11.024999618530273,11.029999732971191,11.005000114440918,11.010000228881836,11.010000228881836,17648
2024-01-24 13:20:00-05:00,11.010000228881836,11.020000457763672,11.0,11.010000228881836,11.010000228881836,3760
2024-01-24 13:25:00-05:00,11.010000228881836,11.015000343322754,11.0,11.005000114440918,11.005000114440918,2144
2024-01-24 13:30:00-05:00,11.005000114440918,11.005000114440918,10.989999771118164,10.989999771118164,10.989999771118164,4515
2024-01-24 13:35:00-05:00,10.989999771118164,10.989999771118164,10.949999809265137,10.949999809265137,10.949999809265137,7496
2024-01-24 13:40:00-05:00,10.9399995803833,10.949999809265137,10.9399995803833,10.944999694824219,10.944999694824219,3234
2024-01-24 13:45:00-05:00,10.944999694824219,10.970000267028809,10.944999694824219,10.970000267028809,10.970000267028809,12644
2024-01-24 13:50:00-05:00,10.96500015258789,10.96500015258789,10.960000038146973,10.960100173950195,10.960100173950195,5480
2024-01-24 13:55:00-05:00,10.960000038146973,10.975000381469727,10.960000038146973,10.975000381469727,10.975000381469727,5169
2024-01-24 14:00:00-05:00,10.975000381469727,11.005000114440918,10.975000381469727,11.005000114440918,11.005000114440918,9175
2024-01-24 14:05:00-05:00,11.005000114440918,11.005000114440918,10.994999885559082,10.994999885559082,10.994999885559082,10511
2024-01-24 14:10:00-05:00,10.994999885559082,11.0,10.979999542236328,10.979999542236328,10.979999542236328,13306
2024-01-24 14:15:00-05:00,10.979999542236328,10.989999771118164,10.970000267028809,10.979999542236328,10.979999542236328,17939
2024-01-24 14:20:00-05:00,10.979999542236328,10.979999542236328,10.930000305175781,10.9399995803833,10.9399995803833,30052
2024-01-24 14:25:00-05:00,10.944999694824219,10.954999923706055,10.9399995803833,10.9399995803833,10.9399995803833,4130
2024-01-24 14:30:00-05:00,10.949999809265137,10.960000038146973,10.9399995803833,10.9399995803833,10.9399995803833,8172
2024-01-24 14:35:00-05:00,10.9399995803833,10.949999809265137,10.9399995803833,10.949999809265137,10.949999809265137,4598
2024-01-24 14:40:00-05:00,10.949999809265137,10.954999923706055,10.9399995803833,10.949999809265137,10.949999809265137,8892
2024-01-24 14:45:00-05:00,10.949999809265137,10.960000038146973,10.949999809265137,10.949999809265137,10.949999809265137,4565
2024-01-24 14:50:00-05:00,10.944999694824219,10.954999923706055,10.944999694824219,10.954999923706055,10.954999923706055,4108
2024-01-24 14:55:00-05:00,10.954999923706055,10.970000267028809,10.954999923706055,10.96500015258789,10.96500015258789,14653
2024-01-24 15:00:00-05:00,10.96500015258789,10.96500015258789,10.9399995803833,10.954999923706055,10.954999923706055,14020
2024-01-24 15:05:00-05:00,10.949999809265137,10.96500015258789,10.949999809265137,10.960000038146973,10.960000038146973,10008
2024-01-24 15:10:00-05:00,10.954999923706055,10.960000038146973,10.944999694824219,10.949999809265137,10.949999809265137,14229
2024-01-24 15:15:00-05:00,10.944999694824219,10.944999694824219,10.914999961853027,10.920000076293945,10.920000076293945,22522
2024-01-24 15:20:00-05:00,10.925000190734863,10.9350004196167,10.920000076293945,10.9350004196167,10.9350004196167,12388
2024-01-24 15:25:00-05:00,10.9350004196167,10.9350004196167,10.914999961853027,10.914999961853027,10.914999961853027,7181
2024-01-24 15:30:00-05:00,10.914999961853027,10.920000076293945,10.895000457763672,10.920000076293945,10.920000076293945,15557
2024-01-24 15:35:00-05:00,10.914999961853027,10.930000305175781,10.914999961853027,10.925000190734863,10.925000190734863,7544
2024-01-24 15:40:00-05:00,10.920000076293945,10.930000305175781,10.914999961853027,10.920000076293945,10.920000076293945,11444
2024-01-24 15:45:00-05:00,10.920000076293945,10.925000190734863,10.895000457763672,10.904999732971191,10.904999732971191,32127
2024-01-24 15:50:00-05:00,10.90999984741211,10.90999984741211,10.890000343322754,10.899999618530273,10.899999618530273,29102
2024-01-24 15:55:00-05:00,10.90999984741211,10.920000076293945,10.899999618530273,10.920000076293945,10.920000076293945,58406
2024-01-25 09:30:00-05:00,11.029999732971191,11.050000190734863,11.0,11.050000190734863,11.050000190734863,11437
2024-01-25 09:35:00-05:00,11.029999732971191,11.050000190734863,10.9399995803833,10.9399995803833,10.9399995803833,21657
2024-01-25 09:40:00-05:00,10.930000305175781,10.970000267028809,10.90999984741211,10.96500015258789,10.96500015258789,16390
2024-01-25 09:45:00-05:00,10.970000267028809,11.0,10.970000267028809,10.975000381469727,10.975000381469727,7143
2024-01-25 09:50:00-05:00,10.970000267028809,10.989999771118164,10.9399995803833,10.989999771118164,10.989999771118164,13894
2024-01-25 09:55:00-05:00,11.0,11.039999961853027,11.0,11.029999732971191,11.029999732971191,6041
2024-01-25 10:00:00-05:00,11.029999732971191,11.055000305175781,11.015000343322754,11.020000457763672,11.020000457763672,6908
2024-01-25 10:05:00-05:00,11.010000228881836,11.079999923706055,11.010000228881836,11.079999923706055,11.079999923706055,13993
2024-01-25 10:10:00-05:00,11.09000015258789,11.104999542236328,11.045000076293945,11.055000305175781,11.055000305175781,6532
2024-01-25 10:15:00-05:00,11.0600004196167,11.069999694824219,11.015000343322754,11.015000343322754,11.015000343322754,6859
2024-01-25 10:20:00-05:00,11.015000343322754,11.03499984741211,11.0,11.010000228881836,11.010000228881836,27917
2024-01-25 10:25:00-05:00,11.0,11.020000457763672,11.0,11.015000343322754,11.015000343322754,2831
2024-01-25 10:30:00-05:00,11.015000343322754,11.015000343322754,10.970000267028809,10.975000381469727,10.975000381469727,4937
2024-01-25 10:35:00-05:00,10.970000267028809,10.970000267028809,10.954999923706055,10.954999923706055,10.954999923706055,2530
2024-01-25 10:40:00-05:00,10.954999923706055,10.960000038146973,10.949999809265137,10.960000038146973,10.960000038146973,4504
2024-01-25 10:45:00-05:00,10.960000038146973,10.979999542236328,10.949999809265137,10.970000267028809,10.970000267028809,6454
2024-01-25 10:50:00-05:00,10.970000267028809,10.970000267028809,10.960000038146973,10.960000038146973,10.960000038146973,2064
2024-01-25 10:55:00-05:00,10.944999694824219,10.949999809265137,10.944999694824219,10.949999809265137,10.949999809265137,935
2024-01-25 11:00:00-05:00,10.9399995803833,10.949000358581543,10.90999984741211,10.949000358581543,10.949000358581543,4404
2024-01-25 11:05:00-05:00,10.949999809265137,10.960000038146973,10.944999694824219,10.960000038146973,10.960000038146973,3379
2024-01-25 11:10:00-05:00,10.954999923706055,10.979999542236328,10.954999923706055,10.975000381469727,10.975000381469727,5544
2024-01-25 11:15:00-05:00,10.975000381469727,10.989999771118164,10.975000381469727,10.979999542236328,10.979999542236328,5031
2024-01-25 11:20:00-05:00,10.970000267028809,10.979999542236328,10.970000267028809,10.975000381469727,10.975000381469727,2510
2024-01-25 11:25:00-05:00,10.975000381469727,11.007499694824219,10.975000381469727,11.005000114440918,11.005000114440918,6715
2024-01-25 11:30:00-05:00,11.0,11.005000114440918,10.994999885559082,10.994999885559082,10.994999885559082,4382
2024-01-25 11:35:00-05:00,10.994999885559082,11.0,10.979999542236328,10.980999946594238,10.980999946594238,5665
2024-01-25 11:40:00-05:00,10.979999542236328,10.979999542236328,10.960000038146973,10.960000038146973,10.960000038146973,5098
2024-01-25 11:45:00-05:00,10.96500015258789,10.970000267028809,10.960000038146973,10.96500015258789,10.96500015258789,2503
2024-01-25 11:50:00-05:00,10.96500015258789,10.96500015258789,10.954999923706055,10.960000038146973,10.960000038146973,2823
2024-01-25 11:55:00-05:00,10.949999809265137,10.954999923706055,10.930000305175781,10.9350004196167,10.9350004196167,16602
2024-01-25 12:00:00-05:00,10.9350004196167,10.9350004196167,10.920000076293945,10.920000076293945,10.920000076293945,6170
2024-01-25 12:05:00-05:00,10.920000076293945,10.920000076293945,10.899999618530273,10.920000076293945,10.920000076293945,10461
2024-01-25 12:10:00-05:00,10.920000076293945,10.920000076293945,10.914999961853027,10.914999961853027,10.914999961853027,1508
2024-01-25 12:15:00-05:00,10.920000076293945,10.9350004196167,10.90999984741211,10.914999961853027,10.914999961853027,17403
2024-01-25 12:20:00-05:00,10.914999961853027,10.925000190734863,10.914999961853027,10.925000190734863,10.925000190734863,3242
2024-01-25 12:25:00-05:00,10.925000190734863,10.9399995803833,10.920000076293945,10.920000076293945,10.920000076293945,13413
2024-01-25 12:30:00-05:00,10.920000076293945,10.930000305175781,10.880000114440918,10.895000457763672,10.895000457763672,22379
2024-01-25 12:35:00-05:00,10.890000343322754,10.920000076293945,10.885000228881836,10.890000343322754,10.890000343322754,24107
2024-01-25 12:40:00-05:00,10.890000343322754,10.90999984741211,10.890000343322754,10.890000343322754,10.890000343322754,21756
2024-01-25 12:45:00-05:00,10.890000343322754,10.895000457763672,10.859999656677246,10.890000343322754,10.890000343322754,17503
2024-01-25 12:50:00-05:00,10.880000114440918,10.880000114440918,10.829999923706055,10.850000381469727,10.850000381469727,83284
2024-01-25 12:55:00-05:00,10.850000381469727,10.859999656677246,10.850000381469727,10.854999542236328,10.854999542236328,12699
2024-01-25 13:00:00-05:00,10.850000381469727,10.949999809265137,10.850000381469727,10.925000190734863,10.925000190734863,43012
2024-01-25 13:05:00-05:00,10.925000190734863,10.949999809265137,10.925000190734863,10.9350004196167,10.9350004196167,15169
2024-01-25 13:10:00-05:00,10.930000305175781,10.944999694824219,10.914999961853027,10.9350004196167,10.9350004196167,24594
2024-01-25 13:15:00-05:00,10.930000305175781,10.930000305175781,10.869999885559082,10.875,10.875,20794
2024-01-25 13:20:00-05:00,10.875,10.890000343322754,10.875,10.875,10.875,7947
2024-01-25 13:25:00-05:00,10.875,10.885000228881836,10.871000289916992,10.885000228881836,10.885000228881836,3414
2024-01-25 13:30:00-05:00,10.880000114440918,10.880000114440918,10.859999656677246,10.880000114440918,10.880000114440918,16345
2024-01-25 13:35:00-05:00,10.885000228881836,10.885000228881836,10.869999885559082,10.869999885559082,10.869999885559082,3009
2024-01-25 13:40:00-05:00,10.880000114440918,10.885000228881836,10.869999885559082,10.875,10.875,22823
2024-01-25 13:45:00-05:00,10.875,10.875,10.859999656677246,10.864999771118164,10.864999771118164,6190
2024-01-25 13:50:00-05:00,10.864999771118164,10.864999771118164,10.850000381469727,10.850000381469727,10.850000381469727,4733
2024-01-25 13:55:00-05:00,10.850000381469727,10.850000381469727,10.819999694824219,10.821000099182129,10.821000099182129,5725
2024-01-25 14:00:00-05:00,10.819999694824219,10.824999809265137,10.8149995803833,10.824999809265137,10.824999809265137,10832
2024-01-25 14:05:00-05:00,10.824999809265137,10.850000381469727,10.819999694824219,10.829999923706055,10.829999923706055,71080
2024-01-25 14:10:00-05:00,10.835000038146973,10.890000343322754,10.835000038146973,10.859999656677246,10.859999656677246,21908
2024-01-25 14:15:00-05:00,10.864999771118164,10.864999771118164,10.84000015258789,10.845000267028809,10.845000267028809,10698
2024-01-25 14:20:00-05:00,10.845000267028809,10.850000381469727,10.829999923706055,10.829999923706055,10.829999923706055,3805
2024-01-25 14:25:00-05:00,10.84000015258789,10.852499961853027,10.84000015258789,10.850000381469727,10.850000381469727,14178
2024-01-25 14:30:00-05:00,10.850000381469727,10.880000114440918,10.845000267028809,10.880000114440918,10.880000114440918,33644
2024-01-25 14:35:00-05:00,10.880000114440918,10.885000228881836,10.869999885559082,10.869999885559082,10.869999885559082,8993
2024-01-25 14:40:00-05:00,10.880000114440918,10.895000457763672,10.869999885559082,10.890000343322754,10.890000343322754,19117
2024-01-25 14:45:00-05:00,10.890000343322754,10.890000343322754,10.885000228881836,10.885000228881836,10.885000228881836,2133
2024-01-25 14:50:00-05:00,10.885000228881836,10.890000343322754,10.880000114440918,10.890000343322754,10.890000343322754,9097
2024-01-25 14:55:00-05:00,10.890000343322754,10.904999732971191,10.890000343322754,10.895000457763672,10.895000457763672,5748
2024-01-25 15:00:00-05:00,10.890000343322754,10.890000343322754,10.885000228881836,10.885000228881836,10.885000228881836,6465
2024-01-25 15:05:00-05:00,10.880000114440918,10.880000114440918,10.869999885559082,10.869999885559082,10.869999885559082,5767
2024-01-25 15:10:00-05:00,10.871999740600586,10.871999740600586,10.850000381469727,10.850000381469727,10.850000381469727,12269
2024-01-25 15:15:00-05:00,10.850000381469727,10.85200023651123,10.850000381469727,10.850000381469727,10.850000381469727,5019
2024-01-25 15:20:00-05:00,10.850000381469727,10.850000381469727,10.835000038146973,10.845000267028809,10.845000267028809,25446
2024-01-25 15:25:00-05:00,10.845000267028809,10.869999885559082,10.84000015258789,10.859999656677246,10.859999656677246,13011
2024-01-25 15:30:00-05:00,10.859999656677246,10.875,10.850000381469727,10.869999885559082,10.869999885559082,15881
2024-01-25 15:35:00-05:00,10.869999885559082,10.875,10.864999771118164,10.875,10.875,16611
2024-01-25 15:40:00-05:00,10.875,10.880000114440918,10.859999656677246,10.875,10.875,23180
2024-01-25 15:45:00-05:00,10.880000114440918,10.885000228881836,10.875,10.875,10.875,13107
2024-01-25 15:50:00-05:00,10.880000114440918,10.890000343322754,10.875,10.885000228881836,10.885000228881836,34023
2024-01-25 15:55:00-05:00,10.880000114440918,10.90999984741211,10.880000114440918,10.90999984741211,10.90999984741211,70358
2024-01-26 09:30:00-05:00,10.949999809265137,11.029999732971191,10.949999809265137,11.024999618530273,11.024999618530273,7661
2024-01-26 09:35:00-05:00,11.010000228881836,11.050000190734863,11.0,11.050000190734863,11.050000190734863,5570
2024-01-26 09:40:00-05:00,11.0600004196167,11.09000015258789,11.050000190734863,11.0600004196167,11.0600004196167,8098
2024-01-26 09:45:00-05:00,11.045000076293945,11.079999923706055,11.024999618530273,11.039999961853027,11.039999961853027,6695
2024-01-26 09:50:00-05:00,11.045000076293945,11.050000190734863,11.007699966430664,11.029999732971191,11.029999732971191,4770
2024-01-26 09:55:00-05:00,11.029999732971191,11.029999732971191,10.994999885559082,11.010000228881836,11.010000228881836,3148
2024-01-26 10:00:00-05:00,11.010000228881836,11.03499984741211,11.010000228881836,11.010000228881836,11.010000228881836,6404
2024-01-26 10:05:00-05:00,11.0,11.0,10.979999542236328,10.979999542236328,10.979999542236328,5809
2024-01-26 10:10:00-05:00,10.984999656677246,11.029999732971191,10.984999656677246,11.029999732971191,11.029999732971191,6915
2024-01-26 10:15:00-05:00,11.020000457763672,11.020000457763672,10.975000381469727,10.989999771118164,10.989999771118164,5010
2024-01-26 10:20:00-05:00,10.994999885559082,11.03499984741211,10.989999771118164,11.03499984741211,11.03499984741211,4008
2024-01-26 10:25:00-05:00,11.03499984741211,11.03499984741211,11.015000343322754,11.03499984741211,11.03499984741211,2920
2024-01-26 10:30:00-05:00,11.03499984741211,11.055000305175781,11.029999732971191,11.03499984741211,11.03499984741211,6457
2024-01-26 10:35:00-05:00,11.03499984741211,11.085000038146973,11.03499984741211,11.055000305175781,11.055000305175781,25394
2024-01-26 10:40:00-05:00,11.0600004196167,11.074999809265137,11.050000190734863,11.0649995803833,11.0649995803833,7286
2024-01-26 10:45:00-05:00,11.069999694824219,11.074999809265137,11.045000076293945,11.045000076293945,11.045000076293945,9159
2024-01-26 10:50:00-05:00,11.055000305175781,11.07919979095459,11.055000305175781,11.055000305175781,11.055000305175781,3880
2024-01-26 10:55:00-05:00,11.050299644470215,11.0600004196167,11.03499984741211,11.045000076293945,11.045000076293945,7540
2024-01-26 11:00:00-05:00,11.039999961853027,11.039999961853027,11.024999618530273,11.024999618530273,11.024999618530273,1666
2024-01-26 11:05:00-05:00,11.024999618530273,11.045000076293945,11.024999618530273,11.03499984741211,11.03499984741211,13716
2024-01-26 11:10:00-05:00,11.03499984741211,11.0649995803833,11.03499984741211,11.039999961853027,11.039999961853027,17175
2024-01-26 11:15:00-05:00,11.03499984741211,11.03499984741211,11.029999732971191,11.029999732971191,11.029999732971191,2291
2024-01-26 11:20:00-05:00,11.029999732971191,11.050000190734863,11.029999732971191,11.050000190734863,11.050000190734863,12232
2024-01-26 11:25:00-05:00,11.045000076293945,11.069999694824219,11.039999961853027,11.0600004196167,11.0600004196167,16200
2024-01-26 11:30:00-05:00,11.069999694824219,11.069999694824219,11.0600004196167,11.0649995803833,11.0649995803833,2088
2024-01-26 11:35:00-05:00,11.067999839782715,11.067999839782715,11.03499984741211,11.03499984741211,11.03499984741211,2520
2024-01-26 11:40:00-05:00,11.03499984741211,11.03499984741211,11.020000457763672,11.029999732971191,11.029999732971191,6482
2024-01-26 11:45:00-05:00,11.024999618530273,11.03499984741211,11.024999618530273,11.03499984741211,11.03499984741211,3873
2024-01-26 11:50:00-05:00,11.039999961853027,11.0600004196167,11.039999961853027,11.055000305175781,11.055000305175781,6366
2024-01-26 11:55:00-05:00,11.055000305175781,11.074999809265137,11.055000305175781,11.074999809265137,11.074999809265137,3326
2024-01-26 12:00:00-05:00,11.079999923706055,11.085000038146973,11.074999809265137,11.074999809265137,11.074999809265137,2403
2024-01-26 12:05:00-05:00,11.074999809265137,11.100000381469727,11.069999694824219,11.069999694824219,11.069999694824219,19164
2024-01-26 12:10:00-05:00,11.0649995803833,11.0649995803833,11.055000305175781,11.0649995803833,11.0649995803833,3695
2024-01-26 12:15:00-05:00,11.0649995803833,11.079999923706055,11.0649995803833,11.069999694824219,11.069999694824219,2106
2024-01-26 12:20:00-05:00,11.074999809265137,11.100000381469727,11.074999809265137,11.095000267028809,11.095000267028809,10927
2024-01-26 12:25:00-05:00,11.095000267028809,11.114999771118164,11.085000038146973,11.114999771118164,11.114999771118164,16908
2024-01-26 12:30:00-05:00,11.109999656677246,11.130000114440918,11.100000381469727,11.130000114440918,11.130000114440918,29195
2024-01-26 12:35:00-05:00,11.125,11.125,11.09000015258789,11.104999542236328,11.104999542236328,27635
2024-01-26 12:40:00-05:00,11.109999656677246,11.119999885559082,11.095000267028809,11.104999542236328,11.104999542236328,5514
2024-01-26 12:45:00-05:00,11.109999656677246,11.114999771118164,11.095000267028809,11.104999542236328,11.104999542236328,6184
2024-01-26 12:50:00-05:00,11.104999542236328,11.104999542236328,11.09000015258789,11.100000381469727,11.100000381469727,18262
2024-01-26 12:55:00-05:00,11.100000381469727,11.109999656677246,11.079999923706055,11.095000267028809,11.095000267028809,8471
2024-01-26 13:00:00-05:00,11.095000267028809,11.095000267028809,11.085000038146973,11.085000038146973,11.085000038146973,2912
2024-01-26 13:05:00-05:00,11.085000038146973,11.095000267028809,11.085000038146973,11.095000267028809,11.095000267028809,1348
2024-01-26 13:10:00-05:00,11.100000381469727,11.104999542236328,11.100000381469727,11.104999542236328,11.104999542236328,1856
2024-01-26 13:15:00-05:00,11.100000381469727,11.100000381469727,11.095000267028809,11.100000381469727,11.100000381469727,5091
2024-01-26 13:20:00-05:00,11.095000267028809,11.114999771118164,11.095000267028809,11.114999771118164,11.114999771118164,7273
2024-01-26 13:25:00-05:00,11.114999771118164,11.114999771118164,11.109999656677246,11.109999656677246,11.109999656677246,1228
2024-01-26 13:30:00-05:00,11.114999771118164,11.114999771118164,11.104999542236328,11.109999656677246,11.109999656677246,3099
2024-01-26 13:35:00-05:00,11.114999771118164,11.114999771118164,11.109999656677246,11.111000061035156,11.111000061035156,911
2024-01-26 13:40:00-05:00,11.109999656677246,11.109999656677246,11.095000267028809,11.095000267028809,11.095000267028809,3583
2024-01-26 13:45:00-05:00,11.09000015258789,11.09000015258789,11.069999694824219,11.069999694824219,11.069999694824219,6083
2024-01-26 13:50:00-05:00,11.074999809265137,11.074999809265137,11.0600004196167,11.0649995803833,11.0649995803833,2927
2024-01-26 13:55:00-05:00,11.0649995803833,11.079999923706055,11.0649995803833,11.079999923706055,11.079999923706055,3321
2024-01-26 14:00:00-05:00,11.074999809265137,11.079999923706055,11.07289981842041,11.074999809265137,11.074999809265137,4806
2024-01-26 14:05:00-05:00,11.079999923706055,11.079999923706055,11.0649995803833,11.0649995803833,11.0649995803833,4162
2024-01-26 14:10:00-05:00,11.0649995803833,11.0649995803833,11.0649995803833,11.0649995803833,11.0649995803833,877
2024-01-26 14:15:00-05:00,11.0649995803833,11.069999694824219,11.0649995803833,11.0649995803833,11.0649995803833,1675
2024-01-26 14:20:00-05:00,11.0600004196167,11.0649995803833,11.050000190734863,11.055000305175781,11.055000305175781,4893
2024-01-26 14:25:00-05:00,11.050000190734863,11.055000305175781,11.039999961853027,11.050000190734863,11.050000190734863,13407
2024-01-26 14:30:00-05:00,11.045000076293945,11.055000305175781,11.045000076293945,11.050000190734863,11.050000190734863,9926
2024-01-26 14:35:00-05:00,11.055000305175781,11.069999694824219,11.055000305175781,11.0649995803833,11.0649995803833,3470
2024-01-26 14:40:00-05:00,11.069999694824219,11.074999809265137,11.0600004196167,11.0600004196167,11.0600004196167,4485
2024-01-26 14:45:00-05:00,11.0600004196167,11.0649995803833,11.0600004196167,11.0649995803833,11.0649995803833,3608
2024-01-26 14:50:00-05:00,11.0600004196167,11.0600004196167,11.045000076293945,11.055000305175781,11.055000305175781,7125
2024-01-26 14:55:00-05:00,11.050000190734863,11.055000305175781,11.039999961853027,11.055000305175781,11.055000305175781,14488
2024-01-26 15:00:00-05:00,11.050000190734863,11.055000305175781,11.045000076293945,11.045000076293945,11.045000076293945,5467
2024-01-26 15:05:00-05:00,11.045000076293945,11.055000305175781,11.045000076293945,11.055000305175781,11.055000305175781,5799
2024-01-26 15:10:00-05:00,11.055000305175781,11.0600004196167,11.039999961853027,11.045000076293945,11.045000076293945,8959
2024-01-26 15:15:00-05:00,11.050000190734863,11.055000305175781,11.045000076293945,11.055000305175781,11.055000305175781,5361
2024-01-26 15:20:00-05:00,11.050000190734863,11.050000190734863,11.045000076293945,11.050000190734863,11.050000190734863,9055
2024-01-26 15:25:00-05:00,11.045000076293945,11.055000305175781,11.03499984741211,11.045000076293945,11.045000076293945,16599
2024-01-26 15:30:00-05:00,11.050000190734863,11.050000190734863,11.045000076293945,11.045000076293945,11.045000076293945,7646
2024-01-26 15:35:00-05:00,11.045000076293945,11.050000190734863,11.045000076293945,11.050000190734863,11.050000190734863,12429
2024-01-26 15:40:00-05:00,11.045000076293945,11.0600004196167,11.039999961853027,11.055000305175781,11.055000305175781,12466
2024-01-26 15:45:00-05:00,11.050000190734863,11.055000305175781,11.039999961853027,11.050000190734863,11.050000190734863,20869
2024-01-26 15:50:00-05:00,11.050000190734863,11.055000305175781,11.03499984741211,11.03499984741211,11.03499984741211,24381
2024-01-26 15:55:00-05:00,11.029999732971191,11.03499984741211,11.0,11.010000228881836,11.010000228881836,80391
2024-01-29 09:30:00-05:00,10.989999771118164,11.0,10.9375,10.989999771118164,10.989999771118164,11221
2024-01-29 09:35:00-05:00,11.010000228881836,11.050000190734863,10.989999771118164,11.050000190734863,11.050000190734863,16787
2024-01-29 09:40:00-05:00,11.050000190734863,11.0600004196167,11.020000457763672,11.050000190734863,11.050000190734863,15978
2024-01-29 09:45:00-05:00,11.050000190734863,11.069999694824219,11.03499984741211,11.0600004196167,11.0600004196167,8679
2024-01-29 09:50:00-05:00,11.069999694824219,11.109999656677246,11.069999694824219,11.109999656677246,11.109999656677246,5615
2024-01-29 09:55:00-05:00,11.114999771118164,11.119999885559082,11.100000381469727,11.119999885559082,11.119999885559082,6454
2024-01-29 10:00:00-05:00,11.135000228881836,11.135000228881836,11.109999656677246,11.135000228881836,11.135000228881836,32373
2024-01-29 10:05:00-05:00,11.140000343322754,11.220000267028809,11.140000343322754,11.21780014038086,11.21780014038086,10379
2024-01-29 10:10:00-05:00,11.220000267028809,11.25,11.220000267028809,11.239500045776367,11.239500045776367,7810
2024-01-29 10:15:00-05:00,11.229999542236328,11.25,11.225000381469727,11.25,11.25,3717
2024-01-29 10:20:00-05:00,11.25,11.250699996948242,11.220000267028809,11.229999542236328,11.229999542236328,7877
2024-01-29 10:25:00-05:00,11.229999542236328,11.265000343322754,11.225000381469727,11.25,11.25,10436
2024-01-29 10:30:00-05:00,11.260000228881836,11.260000228881836,11.210000038146973,11.21500015258789,11.21500015258789,10042
2024-01-29 10:35:00-05:00,11.21500015258789,11.21500015258789,11.199999809265137,11.210000038146973,11.210000038146973,6434
2024-01-29 10:40:00-05:00,11.210000038146973,11.229999542236328,11.199999809265137,11.204999923706055,11.204999923706055,21979
2024-01-29 10:45:00-05:00,11.210000038146973,11.225000381469727,11.194999694824219,11.204999923706055,11.204999923706055,4912
2024-01-29 10:50:00-05:00,11.21500015258789,11.229900360107422,11.210000038146973,11.210000038146973,11.210000038146973,11912
2024-01-29 10:55:00-05:00,11.210000038146973,11.225000381469727,11.204999923706055,11.204999923706055,11.204999923706055,6649
2024-01-29 11:00:00-05:00,11.204999923706055,11.204999923706055,11.1899995803833,11.194999694824219,11.194999694824219,3882
2024-01-29 11:05:00-05:00,11.199999809265137,11.21500015258789,11.199999809265137,11.21500015258789,11.21500015258789,4141
2024-01-29 11:10:00-05:00,11.220000267028809,11.220000267028809,11.210000038146973,11.21500015258789,11.21500015258789,3512
2024-01-29 11:15:00-05:00,11.21500015258789,11.234999656677246,11.21500015258789,11.225000381469727,11.225000381469727,5325
2024-01-29 11:20:00-05:00,11.225000381469727,11.234999656677246,11.220000267028809,11.234999656677246,11.234999656677246,4656
2024-01-29 11:25:00-05:00,11.237700462341309,11.25,11.225000381469727,11.229999542236328,11.229999542236328,21412
2024-01-29 11:30:00-05:00,11.229999542236328,11.234999656677246,11.220000267028809,11.225000381469727,11.225000381469727,6734
2024-01-29 11:35:00-05:00,11.225000381469727,11.234999656677246,11.21500015258789,11.234999656677246,11.234999656677246,6730
2024-01-29 11:40:00-05:00,11.234999656677246,11.244999885559082,11.234999656677246,11.244999885559082,11.244999885559082,1104
2024-01-29 11:45:00-05:00,11.244999885559082,11.270000457763672,11.239999771118164,11.265000343322754,11.265000343322754,3180
2024-01-29 11:50:00-05:00,11.265000343322754,11.270000457763672,11.25,11.255000114440918,11.255000114440918,6719
2024-01-29 11:55:00-05:00,11.255000114440918,11.255000114440918,11.25,11.255000114440918,11.255000114440918,3211
2024-01-29 12:00:00-05:00,11.255000114440918,11.255000114440918,11.210000038146973,11.210000038146973,11.210000038146973,17362
2024-01-29 12:05:00-05:00,11.204500198364258,11.204999923706055,11.164999961853027,11.170000076293945,11.170000076293945,5131
2024-01-29 12:10:00-05:00,11.175000190734863,11.175000190734863,11.149999618530273,11.154999732971191,11.154999732971191,7728
2024-01-29 12:15:00-05:00,11.149999618530273,11.170000076293945,11.145000457763672,11.164999961853027,11.164999961853027,9079
2024-01-29 12:20:00-05:00,11.164999961853027,11.210000038146973,11.164999961853027,11.199999809265137,11.199999809265137,5759
2024-01-29 12:25:00-05:00,11.199999809265137,11.199999809265137,11.1850004196167,11.1850004196167,11.1850004196167,4231
2024-01-29 12:30:00-05:00,11.1899995803833,11.210000038146973,11.1899995803833,11.210000038146973,11.210000038146973,4540
2024-01-29 12:35:00-05:00,11.220000267028809,11.220000267028809,11.21500015258789,11.220000267028809,11.220000267028809,5362
2024-01-29 12:40:00-05:00,11.220000267028809,11.225000381469727,11.204999923706055,11.204999923706055,11.204999923706055,3854
2024-01-29 12:45:00-05:00,11.20199966430664,11.20199966430664,11.175000190734863,11.1850004196167,11.1850004196167,6170
2024-01-29 12:50:00-05:00,11.194199562072754,11.194199562072754,11.1850004196167,11.1850004196167,11.1850004196167,3412
2024-01-29 12:55:00-05:00,11.194999694824219,11.194999694824219,11.1899995803833,11.1899995803833,11.1899995803833,1854
2024-01-29 13:00:00-05:00,11.1899995803833,11.199999809265137,11.1850004196167,11.194999694824219,11.194999694824219,6782
2024-01-29 13:05:00-05:00,11.194999694824219,11.21500015258789,11.194999694824219,11.199999809265137,11.199999809265137,4237
2024-01-29 13:10:00-05:00,11.204999923706055,11.204999923706055,11.180000305175781,11.1850004196167,11.1850004196167,5853
2024-01-29 13:15:00-05:00,11.180000305175781,11.199999809265137,11.180000305175781,11.194999694824219,11.194999694824219,2115
2024-01-29 13:20:00-05:00,11.1899995803833,11.1899995803833,11.180000305175781,11.1899995803833,11.1899995803833,3983
2024-01-29 13:25:00-05:00,11.199999809265137,11.199999809265137,11.180000305175781,11.1899995803833,11.1899995803833,3679
2024-01-29 13:30:00-05:00,11.194999694824219,11.194999694824219,11.1850004196167,11.1850004196167,11.1850004196167,4397
2024-01-29 13:35:00-05:00,11.1899995803833,11.199999809265137,11.1899995803833,11.199999809265137,11.199999809265137,3802
2024-01-29 13:40:00-05:00,11.194999694824219,11.199999809265137,11.180000305175781,11.180000305175781,11.180000305175781,6828
2024-01-29 13:45:00-05:00,11.1899995803833,11.204999923706055,11.180000305175781,11.204999923706055,11.204999923706055,4080
2024-01-29 13:50:00-05:00,11.210000038146973,11.210000038146973,11.1899995803833,11.194999694824219,11.194999694824219,6827
2024-01-29 13:55:00-05:00,11.194299697875977,11.199999809265137,11.194299697875977,11.199999809265137,11.199999809265137,1692
2024-01-29 14:00:00-05:00,11.199999809265137,11.210000038146973,11.199999809265137,11.210000038146973,11.210000038146973,4581
2024-01-29 14:05:00-05:00,11.204999923706055,11.220000267028809,11.204999923706055,11.219900131225586,11.219900131225586,3890
2024-01-29 14:10:00-05:00,11.21500015258789,11.238300323486328,11.21500015258789,11.238300323486328,11.238300323486328,15845
2024-01-29 14:15:00-05:00,11.239999771118164,11.255000114440918,11.239999771118164,11.25,11.25,14105
2024-01-29 14:20:00-05:00,11.255000114440918,11.255000114440918,11.229999542236328,11.229999542236328,11.229999542236328,7921
2024-01-29 14:25:00-05:00,11.229999542236328,11.25,11.21500015258789,11.25,11.25,20614
2024-01-29 14:30:00-05:00,11.239999771118164,11.244999885559082,11.229999542236328,11.229999542236328,11.229999542236328,9596
2024-01-29 14:35:00-05:00,11.229999542236328,11.234999656677246,11.220000267028809,11.222000122070312,11.222000122070312,5735
2024-01-29 14:40:00-05:00,11.222000122070312,11.229999542236328,11.220000267028809,11.220000267028809,11.220000267028809,7513
2024-01-29 14:45:00-05:00,11.220000267028809,11.220000267028809,11.204999923706055,11.21500015258789,11.21500015258789,12213
2024-01-29 14:50:00-05:00,11.220000267028809,11.225000381469727,11.210000038146973,11.220000267028809,11.220000267028809,14033
2024-01-29 14:55:00-05:00,11.220000267028809,11.220000267028809,11.210000038146973,11.210000038146973,11.210000038146973,10682
2024-01-29 15:00:00-05:00,11.21500015258789,11.274999618530273,11.210000038146973,11.270000457763672,11.270000457763672,28233
2024-01-29 15:05:00-05:00,11.274999618530273,11.300000190734863,11.265000343322754,11.295000076293945,11.295000076293945,10358
2024-01-29 15:10:00-05:00,11.300000190734863,11.305000305175781,11.289999961853027,11.305000305175781,11.305000305175781,10080
2024-01-29 15:15:00-05:00,11.300000190734863,11.350000381469727,11.300000190734863,11.350000381469727,11.350000381469727,9966
2024-01-29 15:20:00-05:00,11.350000381469727,11.359999656677246,11.34000015258789,11.354999542236328,11.354999542236328,14967
2024-01-29 15:25:00-05:00,11.359999656677246,11.369999885559082,11.350000381469727,11.364999771118164,11.364999771118164,11597
2024-01-29 15:30:00-05:00,11.369999885559082,11.385000228881836,11.369999885559082,11.375,11.375,10637
2024-01-29 15:35:00-05:00,11.37600040435791,11.385000228881836,11.361000061035156,11.364999771118164,11.364999771118164,15481
2024-01-29 15:40:00-05:00,11.359999656677246,11.369999885559082,11.359999656677246,11.364999771118164,11.364999771118164,6394
2024-01-29 15:45:00-05:00,11.369999885559082,11.369999885559082,11.345000267028809,11.354999542236328,11.354999542236328,21264
2024-01-29 15:50:00-05:00,11.354999542236328,11.390000343322754,11.354999542236328,11.390000343322754,11.390000343322754,34196
2024-01-29 15:55:00-05:00,11.390000343322754,11.4399995803833,11.385000228881836,11.4399995803833,11.4399995803833,100438
2024-01-30 09:30:00-05:00,11.369999885559082,11.449999809265137,11.369999885559082,11.399999618530273,11.399999618530273,13174
2024-01-30 09:35:00-05:00,11.399999618530273,11.420000076293945,11.380000114440918,11.385000228881836,11.385000228881836,2507
2024-01-30 09:40:00-05:00,11.369999885559082,11.399999618530273,11.369999885559082,11.392499923706055,11.392499923706055,6978
2024-01-30 09:45:00-05:00,11.399999618530273,11.40999984741211,11.380000114440918,11.385000228881836,11.385000228881836,9259
2024-01-30 09:50:00-05:00,11.399999618530273,11.399999618530273,11.369999885559082,11.395000457763672,11.395000457763672,8633
2024-01-30 09:55:00-05:00,11.390000343322754,11.404999732971191,11.380000114440918,11.399999618530273,11.399999618530273,4699
2024-01-30 10:00:00-05:00,11.390000343322754,11.390000343322754,11.3100004196167,11.310600280761719,11.310600280761719,10732
2024-01-30 10:05:00-05:00,11.319999694824219,11.34000015258789,11.289999961853027,11.329999923706055,11.329999923706055,6657
2024-01-30 10:10:00-05:00,11.329999923706055,11.34000015258789,11.3100004196167,11.3100004196167,11.3100004196167,4655
2024-01-30 10:15:00-05:00,11.3100004196167,11.324999809265137,11.295000076293945,11.305000305175781,11.305000305175781,15924
2024-01-30 10:20:00-05:00,11.300000190734863,11.300000190734863,11.265000343322754,11.28499984741211,11.28499984741211,5228
2024-01-30 10:25:00-05:00,11.289999961853027,11.295000076293945,11.274999618530273,11.274999618530273,11.274999618530273,5193
2024-01-30 10:30:00-05:00,11.274999618530273,11.279999732971191,11.265000343322754,11.274999618530273,11.274999618530273,8614
2024-01-30 10:35:00-05:00,11.279899597167969,11.279899597167969,11.255000114440918,11.255000114440918,11.255000114440918,4932
2024-01-30 10:40:00-05:00,11.25,11.25,11.239999771118164,11.244999885559082,11.244999885559082,4185
2024-01-30 10:45:00-05:00,11.244999885559082,11.260000228881836,11.225000381469727,11.234999656677246,11.234999656677246,9181
2024-01-30 10:50:00-05:00,11.229999542236328,11.229999542236328,11.220000267028809,11.225000381469727,11.225000381469727,4200
2024-01-30 10:55:00-05:00,11.229999542236328,11.260000228881836,11.220000267028809,11.260000228881836,11.260000228881836,8342
2024-01-30 11:00:00-05:00,11.265000343322754,11.270000457763672,11.255000114440918,11.260000228881836,11.260000228881836,4739
2024-01-30 11:05:00-05:00,11.260000228881836,11.260000228881836,11.260000228881836,11.260000228881836,11.260000228881836,3469
2024-01-30 11:10:00-05:00,11.263999938964844,11.270000457763672,11.239999771118164,11.239999771118164,11.239999771118164,5429
2024-01-30 11:15:00-05:00,11.244999885559082,11.244999885559082,11.234999656677246,11.234999656677246,11.234999656677246,1095
2024-01-30 11:20:00-05:00,11.230500221252441,11.265000343322754,11.230500221252441,11.265000343322754,11.265000343322754,12905
2024-01-30 11:25:00-05:00,11.265000343322754,11.270000457763672,11.255000114440918,11.265000343322754,11.265000343322754,6847
2024-01-30 11:30:00-05:00,11.270000457763672,11.300000190734863,11.270000457763672,11.279999732971191,11.279999732971191,7058
2024-01-30 11:35:00-05:00,11.279999732971191,11.289999961853027,11.279999732971191,11.28499984741211,11.28499984741211,2643
2024-01-30 11:40:00-05:00,11.28499984741211,11.300000190734863,11.274999618530273,11.300000190734863,11.300000190734863,8429
2024-01-30 11:45:00-05:00,11.3100004196167,11.319999694824219,11.3100004196167,11.3149995803833,11.3149995803833,3842
2024-01-30 11:50:00-05:00,11.3149995803833,11.324999809265137,11.295000076293945,11.305000305175781,11.305000305175781,4915
2024-01-30 11:55:00-05:00,11.305000305175781,11.305000305175781,11.300000190734863,11.300000190734863,11.300000190734863,861
2024-01-30 12:00:00-05:00,11.300000190734863,11.305000305175781,11.295000076293945,11.300000190734863,11.300000190734863,4374
2024-01-30 12:05:00-05:00,11.300000190734863,11.305000305175781,11.28499984741211,11.295000076293945,11.295000076293945,10104
2024-01-30 12:10:00-05:00,11.305000305175781,11.305000305175781,11.28499984741211,11.295000076293945,11.295000076293945,5963
2024-01-30 12:15:00-05:00,11.289999961853027,11.300000190734863,11.28499984741211,11.289999961853027,11.289999961853027,8664
2024-01-30 12:20:00-05:00,11.295000076293945,11.300000190734863,11.270000457763672,11.270000457763672,11.270000457763672,4925
2024-01-30 12:25:00-05:00,11.274999618530273,11.274999618530273,11.262499809265137,11.265000343322754,11.265000343322754,2204
2024-01-30 12:30:00-05:00,11.260000228881836,11.260000228881836,11.234999656677246,11.239999771118164,11.239999771118164,13857
2024-01-30 12:35:00-05:00,11.244999885559082,11.244999885559082,11.225000381469727,11.225000381469727,11.225000381469727,7666
2024-01-30 12:40:00-05:00,11.229999542236328,11.239999771118164,11.220000267028809,11.229999542236328,11.229999542236328,5872
2024-01-30 12:45:00-05:00,11.229999542236328,11.229999542236328,11.22089958190918,11.225000381469727,11.225000381469727,3836
2024-01-30 12:50:00-05:00,11.220000267028809,11.260000228881836,11.220000267028809,11.25,11.25,17822
2024-01-30 12:55:00-05:00,11.25,11.25,11.229999542236328,11.239999771118164,11.239999771118164,9969
2024-01-30 13:00:00-05:00,11.239999771118164,11.25,11.21500015258789,11.220000267028809,11.220000267028809,8812
2024-01-30 13:05:00-05:00,11.220000267028809,11.220000267028809,11.199999809265137,11.199999809265137,11.199999809265137,4281
2024-01-30 13:10:00-05:00,11.210000038146973,11.220000267028809,11.204999923706055,11.21500015258789,11.21500015258789,5557
2024-01-30 13:15:00-05:00,11.220000267028809,11.239999771118164,11.220000267028809,11.225000381469727,11.225000381469727,18955
2024-01-30 13:20:00-05:00,11.225000381469727,11.225000381469727,11.21500015258789,11.21500015258789,11.21500015258789,4170
2024-01-30 13:25:00-05:00,11.220000267028809,11.239999771118164,11.220000267028809,11.239999771118164,11.239999771118164,6033
2024-01-30 13:30:00-05:00,11.25,11.25,11.244999885559082,11.244999885559082,11.244999885559082,2764
2024-01-30 13:35:00-05:00,11.241000175476074,11.25,11.241000175476074,11.25,11.25,2062
2024-01-30 13:40:00-05:00,11.244999885559082,11.25,11.239999771118164,11.2475004196167,11.2475004196167,3844
2024-01-30 13:45:00-05:00,11.244999885559082,11.244999885559082,11.229999542236328,11.229999542236328,11.229999542236328,8396
2024-01-30 13:50:00-05:00,11.229999542236328,11.234999656677246,11.210000038146973,11.229999542236328,11.229999542236328,10397
2024-01-30 13:55:00-05:00,11.229999542236328,11.244999885559082,11.229999542236328,11.229999542236328,11.229999542236328,4337
2024-01-30 14:00:00-05:00,11.229999542236328,11.239999771118164,11.22249984741211,11.22249984741211,11.22249984741211,3524
2024-01-30 14:05:00-05:00,11.225000381469727,11.239999771118164,11.21500015258789,11.239999771118164,11.239999771118164,10629
2024-01-30 14:10:00-05:00,11.234999656677246,11.25,11.229999542236328,11.25,11.25,5359
2024-01-30 14:15:00-05:00,11.25,11.260000228881836,11.239999771118164,11.239999771118164,11.239999771118164,7136
2024-01-30 14:20:00-05:00,11.239999771118164,11.244999885559082,11.234999656677246,11.244999885559082,11.244999885559082,7516
2024-01-30 14:25:00-05:00,11.244999885559082,11.255000114440918,11.234999656677246,11.234999656677246,11.234999656677246,7270
2024-01-30 14:30:00-05:00,11.234999656677246,11.25,11.234999656677246,11.234999656677246,11.234999656677246,10089
2024-01-30 14:35:00-05:00,11.234999656677246,11.239999771118164,11.225000381469727,11.225000381469727,11.225000381469727,13232
2024-01-30 14:40:00-05:00,11.225000381469727,11.225000381469727,11.220000267028809,11.220000267028809,11.220000267028809,5085
2024-01-30 14:45:00-05:00,11.225000381469727,11.25,11.220000267028809,11.25,11.25,16097
2024-01-30 14:50:00-05:00,11.25,11.25,11.239999771118164,11.244999885559082,11.244999885559082,9729
2024-01-30 14:55:00-05:00,11.244999885559082,11.244999885559082,11.229999542236328,11.229999542236328,11.229999542236328,8558
2024-01-30 15:00:00-05:00,11.234999656677246,11.237500190734863,11.229999542236328,11.237500190734863,11.237500190734863,4737
2024-01-30 15:05:00-05:00,11.229999542236328,11.229999542236328,11.220000267028809,11.225000381469727,11.225000381469727,9841
2024-01-30 15:10:00-05:00,11.220000267028809,11.229999542236328,11.220000267028809,11.220000267028809,11.220000267028809,5678
2024-01-30 15:15:00-05:00,11.225000381469727,11.229999542236328,11.220000267028809,11.220000267028809,11.220000267028809,3908
2024-01-30 15:20:00-05:00,11.225000381469727,11.25,11.220000267028809,11.25,11.25,18820
2024-01-30 15:25:00-05:00,11.244999885559082,11.260000228881836,11.239999771118164,11.239999771118164,11.239999771118164,15532
2024-01-30 15:30:00-05:00,11.244999885559082,11.260000228881836,11.239999771118164,11.244999885559082,11.244999885559082,16085
2024-01-30 15:35:00-05:00,11.244999885559082,11.25,11.239999771118164,11.239999771118164,11.239999771118164,6607
2024-01-30 15:40:00-05:00,11.239999771118164,11.260000228881836,11.239999771118164,11.260000228881836,11.260000228881836,16995
2024-01-30 15:45:00-05:00,11.25,11.260000228881836,11.25,11.255000114440918,11.255000114440918,16371
2024-01-30 15:50:00-05:00,11.260000228881836,11.260000228881836,11.239999771118164,11.239999771118164,11.239999771118164,45092
2024-01-30 15:55:00-05:00,11.239999771118164,11.270000457763672,11.239999771118164,11.260000228881836,11.260000228881836,87264
2024-01-31 09:30:00-05:00,11.220000267028809,11.234999656677246,11.130000114440918,11.234999656677246,11.234999656677246,19290
2024-01-31 09:35:00-05:00,11.239999771118164,11.265000343322754,11.234999656677246,11.255000114440918,11.255000114440918,8448
2024-01-31 09:40:00-05:00,11.260000228881836,11.28499984741211,11.260000228881836,11.260000228881836,11.260000228881836,4186
2024-01-31 09:45:00-05:00,11.260000228881836,11.270000457763672,11.260000228881836,11.270000457763672,11.270000457763672,3289
2024-01-31 09:50:00-05:00,11.270000457763672,11.3100004196167,11.265000343322754,11.300000190734863,11.300000190734863,12464
2024-01-31 09:55:00-05:00,11.300000190734863,11.300000190734863,11.25,11.25,11.25,7956
2024-01-31 10:00:00-05:00,11.270000457763672,11.28499984741211,11.25,11.265000343322754,11.265000343322754,8400
2024-01-31 10:05:00-05:00,11.260000228881836,11.279999732971191,11.244999885559082,11.279999732971191,11.279999732971191,16742
2024-01-31 10:10:00-05:00,11.279999732971191,11.287500381469727,11.244999885559082,11.265000343322754,11.265000343322754,6700
2024-01-31 10:15:00-05:00,11.265000343322754,11.274999618530273,11.234999656677246,11.239999771118164,11.239999771118164,12124
2024-01-31 10:20:00-05:00,11.239999771118164,11.270000457763672,11.239999771118164,11.260000228881836,11.260000228881836,3354
2024-01-31 10:25:00-05:00,11.270000457763672,11.297499656677246,11.270000457763672,11.279999732971191,11.279999732971191,4224
2024-01-31 10:30:00-05:00,11.279999732971191,11.279999732971191,11.244999885559082,11.244999885559082,11.244999885559082,2430
2024-01-31 10:35:00-05:00,11.239999771118164,11.239999771118164,11.210000038146973,11.210000038146973,11.210000038146973,8184
2024-01-31 10:40:00-05:00,11.210000038146973,11.220000267028809,11.199999809265137,11.199999809265137,11.199999809265137,4023
2024-01-31 10:45:00-05:00,11.199999809265137,11.199999809265137,11.164999961853027,11.170000076293945,11.170000076293945,5196
2024-01-31 10:50:00-05:00,11.180000305175781,11.1850004196167,11.154999732971191,11.164999961853027,11.164999961853027,7353
2024-01-31 10:55:00-05:00,11.175000190734863,11.1850004196167,11.164999961853027,11.180000305175781,11.180000305175781,11945
2024-01-31 11:00:00-05:00,11.1850004196167,11.210000038146973,11.1850004196167,11.194999694824219,11.194999694824219,7533
2024-01-31 11:05:00-05:00,11.1850004196167,11.204999923706055,11.1850004196167,11.204999923706055,11.204999923706055,4011
2024-01-31 11:10:00-05:00,11.199999809265137,11.210000038146973,11.199999809265137,11.210000038146973,11.210000038146973,1891
2024-01-31 11:15:00-05:00,11.220000267028809,11.225000381469727,11.220000267028809,11.220000267028809,11.220000267028809,1372
2024-01-31 11:20:00-05:00,11.210000038146973,11.210000038146973,11.175000190734863,11.175000190734863,11.175000190734863,3648
2024-01-31 11:25:00-05:00,11.175000190734863,11.175000190734863,11.154999732971191,11.170000076293945,11.170000076293945,4210
2024-01-31 11:30:00-05:00,11.170000076293945,11.170000076293945,11.150199890136719,11.154999732971191,11.154999732971191,11533
2024-01-31 11:35:00-05:00,11.150300025939941,11.164999961853027,11.149999618530273,11.164999961853027,11.164999961853027,11121
2024-01-31 11:40:00-05:00,11.15999984741211,11.15999984741211,11.149999618530273,11.154999732971191,11.154999732971191,4225
2024-01-31 11:45:00-05:00,11.154999732971191,11.175000190734863,11.154999732971191,11.164999961853027,11.164999961853027,5651
2024-01-31 11:50:00-05:00,11.164999961853027,11.180000305175781,11.164999961853027,11.164999961853027,11.164999961853027,2629
2024-01-31 11:55:00-05:00,11.170000076293945,11.1850004196167,11.170000076293945,11.180000305175781,11.180000305175781,14414
2024-01-31 12:00:00-05:00,11.180000305175781,11.225000381469727,11.180000305175781,11.225000381469727,11.225000381469727,6440
2024-01-31 12:05:00-05:00,11.225000381469727,11.229999542236328,11.225000381469727,11.225000381469727,11.225000381469727,4159
2024-01-31 12:10:00-05:00,11.229999542236328,11.25,11.229999542236328,11.229999542236328,11.229999542236328,20837
2024-01-31 12:15:00-05:00,11.229999542236328,11.234999656677246,11.229999542236328,11.234999656677246,11.234999656677246,1191
2024-01-31 12:20:00-05:00,11.239999771118164,11.239999771118164,11.229999542236328,11.239999771118164,11.239999771118164,2991
2024-01-31 12:25:00-05:00,11.239999771118164,11.295000076293945,11.239999771118164,11.289999961853027,11.289999961853027,12705
2024-01-31 12:30:00-05:00,11.297499656677246,11.300000190734863,11.260000228881836,11.265000343322754,11.265000343322754,10486
2024-01-31 12:35:00-05:00,11.255000114440918,11.255000114440918,11.225000381469727,11.234999656677246,11.234999656677246,10754
2024-01-31 12:40:00-05:00,11.234999656677246,11.274999618530273,11.234999656677246,11.270000457763672,11.270000457763672,11630
2024-01-31 12:45:00-05:00,11.265000343322754,11.274999618530273,11.265000343322754,11.274999618530273,11.274999618530273,3391
2024-01-31 12:50:00-05:00,11.279999732971191,11.289999961853027,11.274999618530273,11.28499984741211,11.28499984741211,2609
2024-01-31 12:55:00-05:00,11.28499984741211,11.300000190734863,11.28499984741211,11.300000190734863,11.300000190734863,6714
2024-01-31 13:00:00-05:00,11.289999961853027,11.295000076293945,11.279999732971191,11.279999732971191,11.279999732971191,5564
2024-01-31 13:05:00-05:00,11.28499984741211,11.289999961853027,11.279999732971191,11.289999961853027,11.289999961853027,1750
2024-01-31 13:10:00-05:00,11.28499984741211,11.28499984741211,11.260000228881836,11.270000457763672,11.270000457763672,12488
2024-01-31 13:15:00-05:00,11.279999732971191,11.289999961853027,11.274999618530273,11.289999961853027,11.289999961853027,4711
2024-01-31 13:20:00-05:00,11.289999961853027,11.289999961853027,11.260000228881836,11.260000228881836,11.260000228881836,7246
2024-01-31 13:25:00-05:00,11.265000343322754,11.270000457763672,11.244999885559082,11.244999885559082,11.244999885559082,6460
2024-01-31 13:30:00-05:00,11.244999885559082,11.25,11.244999885559082,11.244999885559082,11.244999885559082,12215
2024-01-31 13:35:00-05:00,11.239999771118164,11.244999885559082,11.229999542236328,11.234999656677246,11.234999656677246,8090
2024-01-31 13:40:00-05:00,11.234999656677246,11.239999771118164,11.225000381469727,11.234999656677246,11.234999656677246,10826
2024-01-31 13:45:00-05:00,11.234999656677246,11.234999656677246,11.229999542236328,11.234999656677246,11.234999656677246,5821
2024-01-31 13:50:00-05:00,11.234999656677246,11.234999656677246,11.225000381469727,11.225000381469727,11.225000381469727,13233
2024-01-31 13:55:00-05:00,11.220000267028809,11.234999656677246,11.220000267028809,11.234999656677246,11.234999656677246,3159
2024-01-31 14:00:00-05:00,11.239999771118164,11.25,11.180000305175781,11.199999809265137,11.199999809265137,9554
2024-01-31 14:05:00-05:00,11.199999809265137,11.210000038146973,11.1899995803833,11.199999809265137,11.199999809265137,5751
2024-01-31 14:10:00-05:00,11.199999809265137,11.204999923706055,11.1899995803833,11.194999694824219,11.194999694824219,6912
2024-01-31 14:15:00-05:00,11.1899995803833,11.1899995803833,11.15999984741211,11.170000076293945,11.170000076293945,8072
2024-01-31 14:20:00-05:00,11.170000076293945,11.1899995803833,11.154999732971191,11.170000076293945,11.170000076293945,7050
2024-01-31 14:25:00-05:00,11.175000190734863,11.1899995803833,11.170000076293945,11.170000076293945,11.170000076293945,6141
2024-01-31 14:30:00-05:00,11.180000305175781,11.210000038146973,11.170000076293945,11.210000038146973,11.210000038146973,10041
2024-01-31 14:35:00-05:00,11.220000267028809,11.300000190734863,11.210000038146973,11.300000190734863,11.300000190734863,11647
2024-01-31 14:40:00-05:00,11.3100004196167,11.40999984741211,11.3100004196167,11.369999885559082,11.369999885559082,30075
2024-01-31 14:45:00-05:00,11.359999656677246,11.390000343322754,11.335000038146973,11.34000015258789,11.34000015258789,10080
2024-01-31 14:50:00-05:00,11.34000015258789,11.34000015258789,11.279999732971191,11.3100004196167,11.3100004196167,38831
2024-01-31 14:55:00-05:00,11.3100004196167,11.319999694824219,11.239999771118164,11.239999771118164,11.239999771118164,9444
2024-01-31 15:00:00-05:00,11.239999771118164,11.244999885559082,11.140000343322754,11.142499923706055,11.142499923706055,46422
2024-01-31 15:05:00-05:00,11.145000457763672,11.145000457763672,11.069999694824219,11.125,11.125,24979
2024-01-31 15:10:00-05:00,11.130000114440918,11.149999618530273,11.109999656677246,11.149999618530273,11.149999618530273,35941
2024-01-31 15:15:00-05:00,11.149999618530273,11.164999961853027,11.079999923706055,11.09000015258789,11.09000015258789,52108
2024-01-31 15:20:00-05:00,11.085000038146973,11.125,11.069999694824219,11.109999656677246,11.109999656677246,31906
2024-01-31 15:25:00-05:00,11.100000381469727,11.100000381469727,11.074999809265137,11.079999923706055,11.079999923706055,13163
2024-01-31 15:30:00-05:00,11.077500343322754,11.079999923706055,11.03499984741211,11.03499984741211,11.03499984741211,12900
2024-01-31 15:35:00-05:00,11.029999732971191,11.039999961853027,11.010000228881836,11.020000457763672,11.020000457763672,14258
2024-01-31 15:40:00-05:00,11.015000343322754,11.029999732971191,10.984999656677246,10.984999656677246,10.984999656677246,25531
2024-01-31 15:45:00-05:00,10.979999542236328,10.9975004196167,10.970000267028809,10.975000381469727,10.975000381469727,23440
2024-01-31 15:50:00-05:00,10.970000267028809,10.989999771118164,10.944999694824219,10.970000267028809,10.970000267028809,67107
2024-01-31 15:55:00-05:00,10.970000267028809,11.0,10.960000038146973,10.960000038146973,10.960000038146973,106499
2024-02-01 09:30:00-05:00,11.0600004196167,11.170000076293945,11.055000305175781,11.170000076293945,11.170000076293945,14077
2024-02-01 09:35:00-05:00,11.149999618530273,11.149999618530273,11.085000038146973,11.100000381469727,11.100000381469727,11449
2024-02-01 09:40:00-05:00,11.100000381469727,11.170000076293945,11.079999923706055,11.140000343322754,11.140000343322754,7997
2024-02-01 09:45:00-05:00,11.145000457763672,11.15999984741211,11.100000381469727,11.119999885559082,11.119999885559082,9730
2024-02-01 09:50:00-05:00,11.119999885559082,11.149999618530273,11.114999771118164,11.140000343322754,11.140000343322754,10416
2024-02-01 09:55:00-05:00,11.140000343322754,11.140000343322754,11.104999542236328,11.140000343322754,11.140000343322754,20268
2024-02-01 10:00:00-05:00,11.140000343322754,11.149999618530273,11.079999923706055,11.140000343322754,11.140000343322754,15153
2024-02-01 10:05:00-05:00,11.140000343322754,11.15999984741211,11.130000114440918,11.15999984741211,11.15999984741211,9429
2024-02-01 10:10:00-05:00,11.16100025177002,11.16100025177002,11.130000114440918,11.130000114440918,11.130000114440918,5260
2024-02-01 10:15:00-05:00,11.121999740600586,11.125,11.100000381469727,11.100000381469727,11.100000381469727,7109
2024-02-01 10:20:00-05:00,11.100000381469727,11.104999542236328,11.069999694824219,11.079999923706055,11.079999923706055,8437
2024-02-01 10:25:00-05:00,11.079999923706055,11.154999732971191,11.079999923706055,11.154999732971191,11.154999732971191,11850
2024-02-01 10:30:00-05:00,11.15999984741211,11.15999984741211,11.100000381469727,11.119999885559082,11.119999885559082,9058
2024-02-01 10:35:00-05:00,11.109999656677246,11.114999771118164,11.085000038146973,11.085000038146973,11.085000038146973,7476
2024-02-01 10:40:00-05:00,11.079999923706055,11.085000038146973,11.020000457763672,11.020000457763672,11.020000457763672,11135
2024-02-01 10:45:00-05:00,11.020000457763672,11.029999732971191,11.0,11.005000114440918,11.005000114440918,13262
2024-02-01 10:50:00-05:00,11.0,11.0,10.944999694824219,10.944999694824219,10.944999694824219,8067
2024-02-01 10:55:00-05:00,10.944999694824219,10.979999542236328,10.9399995803833,10.944999694824219,10.944999694824219,33090
2024-02-01 11:00:00-05:00,10.949999809265137,11.0,10.949999809265137,11.0,11.0,50467
2024-02-01 11:05:00-05:00,10.979999542236328,10.989999771118164,10.960000038146973,10.984999656677246,10.984999656677246,32184
2024-02-01 11:10:00-05:00,10.984999656677246,11.0,10.944999694824219,11.0,11.0,37157
2024-02-01 11:15:00-05:00,11.005000114440918,11.010000228881836,10.989999771118164,10.989999771118164,10.989999771118164,6803
2024-02-01 11:20:00-05:00,10.984999656677246,11.005000114440918,10.979999542236328,11.0,11.0,4459
2024-02-01 11:25:00-05:00,11.0,11.0,10.970000267028809,10.979999542236328,10.979999542236328,24282
2024-02-01 11:30:00-05:00,10.979999542236328,11.015000343322754,10.979999542236328,11.015000343322754,11.015000343322754,7626
2024-02-01 11:35:00-05:00,11.015000343322754,11.015000343322754,11.005000114440918,11.005000114440918,11.005000114440918,5071
2024-02-01 11:40:00-05:00,11.0,11.005000114440918,11.0,11.005000114440918,11.005000114440918,826
2024-02-01 11:45:00-05:00,11.005000114440918,11.005000114440918,10.984999656677246,10.989999771118164,10.989999771118164,6132
2024-02-01 11:50:00-05:00,10.989999771118164,10.994999885559082,10.989999771118164,10.989999771118164,10.989999771118164,1239
2024-02-01 11:55:00-05:00,10.994999885559082,10.994999885559082,10.989999771118164,10.989999771118164,10.989999771118164,2635
2024-02-01 12:00:00-05:00,10.994999885559082,11.020000457763672,10.989999771118164,11.010000228881836,11.010000228881836,12958
2024-02-01 12:05:00-05:00,11.020000457763672,11.03499984741211,11.020000457763672,11.029999732971191,11.029999732971191,5719
2024-02-01 12:10:00-05:00,11.03499984741211,11.03499984741211,11.020000457763672,11.024999618530273,11.024999618530273,4388
2024-02-01 12:15:00-05:00,11.024999618530273,11.024999618530273,11.020000457763672,11.024999618530273,11.024999618530273,2933
2024-02-01 12:20:00-05:00,11.024999618530273,11.03499984741211,11.020000457763672,11.03499984741211,11.03499984741211,6651
2024-02-01 12:25:00-05:00,11.039999961853027,11.0600004196167,11.020000457763672,11.020000457763672,11.020000457763672,21159
2024-02-01 12:30:00-05:00,11.020000457763672,11.03499984741211,11.015000343322754,11.020000457763672,11.020000457763672,6147
2024-02-01 12:35:00-05:00,11.020000457763672,11.024999618530273,11.015000343322754,11.024999618530273,11.024999618530273,5623
2024-02-01 12:40:00-05:00,11.024999618530273,11.03499984741211,11.024999618530273,11.02910041809082,11.02910041809082,4241
2024-02-01 12:45:00-05:00,11.029999732971191,11.0649995803833,11.029999732971191,11.0649995803833,11.0649995803833,6650
2024-02-01 12:50:00-05:00,11.0649995803833,11.085000038146973,11.0649995803833,11.085000038146973,11.085000038146973,5322
2024-02-01 12:55:00-05:00,11.09000015258789,11.109999656677246,11.09000015258789,11.095000267028809,11.095000267028809,12506
2024-02-01 13:00:00-05:00,11.095000267028809,11.095000267028809,11.0649995803833,11.0649995803833,11.0649995803833,5819
2024-02-01 13:05:00-05:00,11.0649995803833,11.0649995803833,11.031999588012695,11.03499984741211,11.03499984741211,9710
2024-02-01 13:10:00-05:00,11.031999588012695,11.050000190734863,11.015000343322754,11.045000076293945,11.045000076293945,14166
2024-02-01 13:15:00-05:00,11.045000076293945,11.069999694824219,11.045000076293945,11.0600004196167,11.0600004196167,9896
2024-02-01 13:20:00-05:00,11.0600004196167,11.0600004196167,11.03499984741211,11.03499984741211,11.03499984741211,3649
2024-02-01 13:25:00-05:00,11.039999961853027,11.039999961853027,11.024999618530273,11.024999618530273,11.024999618530273,5730
2024-02-01 13:30:00-05:00,11.029999732971191,11.045000076293945,11.024999618530273,11.03499984741211,11.03499984741211,8492
2024-02-01 13:35:00-05:00,11.029999732971191,11.03499984741211,10.991299629211426,11.005000114440918,11.005000114440918,8282
2024-02-01 13:40:00-05:00,11.010000228881836,11.024999618530273,11.010000228881836,11.024999618530273,11.024999618530273,5024
2024-02-01 13:45:00-05:00,11.024999618530273,11.039999961853027,11.024999618530273,11.029999732971191,11.029999732971191,2728
2024-02-01 13:50:00-05:00,11.029999732971191,11.03499984741211,11.020000457763672,11.024999618530273,11.024999618530273,5745
2024-02-01 13:55:00-05:00,11.022000312805176,11.045000076293945,11.022000312805176,11.03499984741211,11.03499984741211,6676
2024-02-01 14:00:00-05:00,11.03499984741211,11.045000076293945,11.029999732971191,11.045000076293945,11.045000076293945,4644
2024-02-01 14:05:00-05:00,11.050000190734863,11.0600004196167,11.050000190734863,11.0600004196167,11.0600004196167,7791
2024-02-01 14:10:00-05:00,11.069999694824219,11.079999923706055,11.050000190734863,11.0649995803833,11.0649995803833,18355
2024-02-01 14:15:00-05:00,11.0649995803833,11.100000381469727,11.055000305175781,11.095000267028809,11.095000267028809,40823
2024-02-01 14:20:00-05:00,11.095000267028809,11.100000381469727,11.09000015258789,11.095000267028809,11.095000267028809,9386
2024-02-01 14:25:00-05:00,11.095000267028809,11.119999885559082,11.09000015258789,11.119999885559082,11.119999885559082,18710
2024-02-01 14:30:00-05:00,11.114999771118164,11.119999885559082,11.095000267028809,11.104999542236328,11.104999542236328,18514
2024-02-01 14:35:00-05:00,11.104999542236328,11.170000076293945,11.104999542236328,11.170000076293945,11.170000076293945,14995
2024-02-01 14:40:00-05:00,11.170000076293945,11.180000305175781,11.15999984741211,11.164999961853027,11.164999961853027,6970
2024-02-01 14:45:00-05:00,11.15999984741211,11.220000267028809,11.15999984741211,11.204999923706055,11.204999923706055,27018
2024-02-01 14:50:00-05:00,11.204999923706055,11.204999923706055,11.1850004196167,11.194999694824219,11.194999694824219,7735
2024-02-01 14:55:00-05:00,11.194999694824219,11.210000038146973,11.180000305175781,11.199999809265137,11.199999809265137,21398
2024-02-01 15:00:00-05:00,11.210000038146973,11.21500015258789,11.182100296020508,11.199999809265137,11.199999809265137,11125
2024-02-01 15:05:00-05:00,11.194999694824219,11.194999694824219,11.175000190734863,11.180000305175781,11.180000305175781,9215
2024-02-01 15:10:00-05:00,11.180000305175781,11.180000305175781,11.149999618530273,11.149999618530273,11.149999618530273,9449
2024-02-01 15:15:00-05:00,11.149999618530273,11.170000076293945,11.149999618530273,11.154999732971191,11.154999732971191,13062
2024-02-01 15:20:00-05:00,11.149999618530273,11.154999732971191,11.149999618530273,11.154999732971191,11.154999732971191,5617
2024-02-01 15:25:00-05:00,11.154999732971191,11.154999732971191,11.140000343322754,11.154999732971191,11.154999732971191,9356
2024-02-01 15:30:00-05:00,11.154999732971191,11.1850004196167,11.154999732971191,11.175000190734863,11.175000190734863,16279
2024-02-01 15:35:00-05:00,11.180000305175781,11.194999694824219,11.175000190734863,11.1850004196167,11.1850004196167,16482
2024-02-01 15:40:00-05:00,11.1850004196167,11.1899995803833,11.180000305175781,11.180000305175781,11.180000305175781,7749
2024-02-01 15:45:00-05:00,11.180000305175781,11.1899995803833,11.175000190734863,11.180000305175781,11.180000305175781,24917
2024-02-01 15:50:00-05:00,11.1899995803833,11.1899995803833,11.135000228881836,11.140000343322754,11.140000343322754,69229
2024-02-01 15:55:00-05:00,11.140000343322754,11.220000267028809,11.140000343322754,11.210000038146973,11.210000038146973,197918
2024-02-02 09:30:00-05:00,11.100000381469727,11.100000381469727,11.039999961853027,11.039999961853027,11.039999961853027,32932
2024-02-02 09:35:00-05:00,11.020000457763672,11.104999542236328,10.989999771118164,11.09000015258789,11.09000015258789,19087
2024-02-02 09:40:00-05:00,11.079999923706055,11.125,11.0600004196167,11.125,11.125,8560
2024-02-02 09:45:00-05:00,11.130000114440918,11.194999694824219,11.130000114440918,11.175000190734863,11.175000190734863,7035
2024-02-02 09:50:00-05:00,11.145000457763672,11.145000457763672,11.114999771118164,11.131099700927734,11.131099700927734,6484
2024-02-02 09:55:00-05:00,11.140000343322754,11.15999984741211,11.140000343322754,11.15999984741211,11.15999984741211,4330
2024-02-02 10:00:00-05:00,11.149999618530273,11.15999984741211,11.100000381469727,11.114999771118164,11.114999771118164,18931
2024-02-02 10:05:00-05:00,11.114999771118164,11.180000305175781,11.109999656677246,11.180000305175781,11.180000305175781,17344
2024-02-02 10:10:00-05:00,11.180000305175781,11.1850004196167,11.149999618530273,11.1850004196167,11.1850004196167,13508
2024-02-02 10:15:00-05:00,11.1850004196167,11.1850004196167,11.170000076293945,11.170000076293945,11.170000076293945,8988
2024-02-02 10:20:00-05:00,11.175000190734863,11.199999809265137,11.170000076293945,11.199999809265137,11.199999809265137,6236
2024-02-02 10:25:00-05:00,11.199999809265137,11.21500015258789,11.1850004196167,11.21500015258789,11.21500015258789,11484
2024-02-02 10:30:00-05:00,11.220000267028809,11.220000267028809,11.164999961853027,11.1850004196167,11.1850004196167,19773
2024-02-02 10:35:00-05:00,11.1899995803833,11.210000038146973,11.180000305175781,11.210000038146973,11.210000038146973,9253
2024-02-02 10:40:00-05:00,11.220000267028809,11.255000114440918,11.220000267028809,11.255000114440918,11.255000114440918,9030
2024-02-02 10:45:00-05:00,11.260000228881836,11.260000228881836,11.239999771118164,11.239999771118164,11.239999771118164,8375
2024-02-02 10:50:00-05:00,11.229999542236328,11.244999885559082,11.210000038146973,11.210000038146973,11.210000038146973,6087
2024-02-02 10:55:00-05:00,11.210000038146973,11.229999542236328,11.204999923706055,11.220000267028809,11.220000267028809,7042
2024-02-02 11:00:00-05:00,11.229999542236328,11.229999542236328,11.21500015258789,11.225000381469727,11.225000381469727,3462
2024-02-02 11:05:00-05:00,11.225000381469727,11.239999771118164,11.225000381469727,11.229999542236328,11.229999542236328,7508
2024-02-02 11:10:00-05:00,11.21500015258789,11.225000381469727,11.21500015258789,11.220000267028809,11.220000267028809,4961
2024-02-02 11:15:00-05:00,11.21500015258789,11.21500015258789,11.1899995803833,11.210000038146973,11.210000038146973,5649
2024-02-02 11:20:00-05:00,11.199999809265137,11.204999923706055,11.194999694824219,11.199999809265137,11.199999809265137,1258
2024-02-02 11:25:00-05:00,11.192500114440918,11.234999656677246,11.1899995803833,11.234999656677246,11.234999656677246,9662
2024-02-02 11:30:00-05:00,11.239999771118164,11.244999885559082,11.225000381469727,11.225000381469727,11.225000381469727,3719
2024-02-02 11:35:00-05:00,11.225000381469727,11.234999656677246,11.210000038146973,11.234999656677246,11.234999656677246,11693
2024-02-02 11:40:00-05:00,11.229999542236328,11.239999771118164,11.225000381469727,11.239999771118164,11.239999771118164,3873
2024-02-02 11:45:00-05:00,11.239999771118164,11.244999885559082,11.229999542236328,11.244999885559082,11.244999885559082,4365
2024-02-02 11:50:00-05:00,11.244999885559082,11.255000114440918,11.244999885559082,11.255000114440918,11.255000114440918,4604
2024-02-02 11:55:00-05:00,11.25,11.255000114440918,11.220000267028809,11.220000267028809,11.220000267028809,7647
2024-02-02 12:00:00-05:00,11.225000381469727,11.225000381469727,11.21500015258789,11.21500015258789,11.21500015258789,3280
2024-02-02 12:05:00-05:00,11.210000038146973,11.220000267028809,11.1850004196167,11.1850004196167,11.1850004196167,4205
2024-02-02 12:10:00-05:00,11.1899995803833,11.194999694824219,11.1850004196167,11.1850004196167,11.1850004196167,2891
2024-02-02 12:15:00-05:00,11.1899995803833,11.194999694824219,11.1899995803833,11.1899995803833,11.1899995803833,3465
2024-02-02 12:20:00-05:00,11.199999809265137,11.21500015258789,11.1899995803833,11.21500015258789,11.21500015258789,3945
2024-02-02 12:25:00-05:00,11.21500015258789,11.234999656677246,11.21500015258789,11.234999656677246,11.234999656677246,5778
2024-02-02 12:30:00-05:00,11.239999771118164,11.260000228881836,11.239999771118164,11.25,11.25,4412
2024-02-02 12:35:00-05:00,11.25,11.260000228881836,11.25,11.260000228881836,11.260000228881836,2061
2024-02-02 12:40:00-05:00,11.25,11.25,11.194999694824219,11.194999694824219,11.194999694824219,6097
2024-02-02 12:45:00-05:00,11.1899995803833,11.204999923706055,11.15999984741211,11.1850004196167,11.1850004196167,11994
2024-02-02 12:50:00-05:00,11.180000305175781,11.180000305175781,11.15999984741211,11.170000076293945,11.170000076293945,6256
2024-02-02 12:55:00-05:00,11.164999961853027,11.194999694824219,11.164999961853027,11.194999694824219,11.194999694824219,7211
2024-02-02 13:00:00-05:00,11.199999809265137,11.21500015258789,11.199999809265137,11.199999809265137,11.199999809265137,5616
2024-02-02 13:05:00-05:00,11.199999809265137,11.210000038146973,11.184800148010254,11.184800148010254,11.184800148010254,14181
2024-02-02 13:10:00-05:00,11.1899995803833,11.204999923706055,11.1899995803833,11.204999923706055,11.204999923706055,3718
2024-02-02 13:15:00-05:00,11.199999809265137,11.229999542236328,11.199999809265137,11.229999542236328,11.229999542236328,3729
2024-02-02 13:20:00-05:00,11.220000267028809,11.25,11.210000038146973,11.239999771118164,11.239999771118164,10191
2024-02-02 13:25:00-05:00,11.242500305175781,11.25,11.220000267028809,11.225000381469727,11.225000381469727,11826
2024-02-02 13:30:00-05:00,11.225000381469727,11.25,11.225000381469727,11.25,11.25,7684
2024-02-02 13:35:00-05:00,11.25,11.255000114440918,11.21500015258789,11.21500015258789,11.21500015258789,13769
2024-02-02 13:40:00-05:00,11.220000267028809,11.25,11.21500015258789,11.25,11.25,12655
2024-02-02 13:45:00-05:00,11.25,11.265000343322754,11.229999542236328,11.239999771118164,11.239999771118164,7473
2024-02-02 13:50:00-05:00,11.239999771118164,11.260000228881836,11.239999771118164,11.255000114440918,11.255000114440918,5265
2024-02-02 13:55:00-05:00,11.25,11.295000076293945,11.25,11.295000076293945,11.295000076293945,8977
2024-02-02 14:00:00-05:00,11.295000076293945,11.3149995803833,11.292499542236328,11.3100004196167,11.3100004196167,5593
2024-02-02 14:05:00-05:00,11.3100004196167,11.329999923706055,11.305000305175781,11.329999923706055,11.329999923706055,6825
2024-02-02 14:10:00-05:00,11.322500228881836,11.359999656677246,11.322500228881836,11.359999656677246,11.359999656677246,5212
2024-02-02 14:15:00-05:00,11.350000381469727,11.390000343322754,11.350000381469727,11.369999885559082,11.369999885559082,10265
2024-02-02 14:20:00-05:00,11.364999771118164,11.364999771118164,11.34000015258789,11.354999542236328,11.354999542236328,5999
2024-02-02 14:25:00-05:00,11.359999656677246,11.359999656677246,11.345000267028809,11.350000381469727,11.350000381469727,5000
2024-02-02 14:30:00-05:00,11.354999542236328,11.385000228881836,11.354999542236328,11.380000114440918,11.380000114440918,14726
2024-02-02 14:35:00-05:00,11.380000114440918,11.380000114440918,11.359999656677246,11.369999885559082,11.369999885559082,8188
2024-02-02 14:40:00-05:00,11.369999885559082,11.375,11.345000267028809,11.345000267028809,11.345000267028809,6252
2024-02-02 14:45:00-05:00,11.34000015258789,11.354999542236328,11.329999923706055,11.335000038146973,11.335000038146973,12357
2024-02-02 14:50:00-05:00,11.335000038146973,11.335000038146973,11.3149995803833,11.335000038146973,11.335000038146973,14506
2024-02-02 14:55:00-05:00,11.329999923706055,11.335000038146973,11.300000190734863,11.329999923706055,11.329999923706055,5649
2024-02-02 15:00:00-05:00,11.329999923706055,11.329999923706055,11.300000190734863,11.305000305175781,11.305000305175781,8941
2024-02-02 15:05:00-05:00,11.295000076293945,11.324999809265137,11.289999961853027,11.319999694824219,11.319999694824219,12768
2024-02-02 15:10:00-05:00,11.319999694824219,11.350000381469727,11.319999694824219,11.34000015258789,11.34000015258789,9027
2024-02-02 15:15:00-05:00,11.34000015258789,11.350000381469727,11.319999694824219,11.319999694824219,11.319999694824219,5228
2024-02-02 15:20:00-05:00,11.319999694824219,11.350000381469727,11.3100004196167,11.3100004196167,11.3100004196167,13196
2024-02-02 15:25:00-05:00,11.3100004196167,11.335000038146973,11.3100004196167,11.329999923706055,11.329999923706055,7117
2024-02-02 15:30:00-05:00,11.319999694824219,11.329999923706055,11.3149995803833,11.319999694824219,11.319999694824219,13949
2024-02-02 15:35:00-05:00,11.3149995803833,11.319999694824219,11.300000190734863,11.305000305175781,11.305000305175781,8027
2024-02-02 15:40:00-05:00,11.3100004196167,11.3100004196167,11.300000190734863,11.3100004196167,11.3100004196167,6741
2024-02-02 15:45:00-05:00,11.300000190734863,11.300000190734863,11.274999618530273,11.300000190734863,11.300000190734863,32879
2024-02-02 15:50:00-05:00,11.300000190734863,11.3100004196167,11.28499984741211,11.289999961853027,11.289999961853027,39018
2024-02-02 15:55:00-05:00,11.295000076293945,11.350000381469727,11.289999961853027,11.319999694824219,11.319999694824219,159404
