Datetime,Open,High,Low,Close,Adj Close,Volume
2024-01-03 09:30:00-05:00,30.90999984741211,31.075000762939453,30.860000610351562,30.8799991607666,30.8799991607666,15933
2024-01-03 09:35:00-05:00,30.850000381469727,30.950000762939453,30.815000534057617,30.8700008392334,30.8700008392334,5545
2024-01-03 09:40:00-05:00,30.790000915527344,30.93000030517578,30.75,30.885000228881836,30.885000228881836,5875
2024-01-03 09:45:00-05:00,30.799999237060547,31.059999465942383,30.799999237060547,31.059999465942383,31.059999465942383,7136
2024-01-03 09:50:00-05:00,31.09000015258789,31.170000076293945,31.049999237060547,31.170000076293945,31.170000076293945,6817
2024-01-03 09:55:00-05:00,31.15999984741211,31.290000915527344,31.139999389648438,31.290000915527344,31.290000915527344,4541
2024-01-03 10:00:00-05:00,31.290000915527344,31.360000610351562,31.229999542236328,31.360000610351562,31.360000610351562,12026
2024-01-03 10:05:00-05:00,31.334999084472656,31.450000762939453,31.290000915527344,31.34000015258789,31.34000015258789,7717
2024-01-03 10:10:00-05:00,31.34000015258789,31.3799991607666,31.239999771118164,31.350000381469727,31.350000381469727,8080
2024-01-03 10:15:00-05:00,31.299999237060547,31.31999969482422,31.229999542236328,31.239999771118164,31.239999771118164,5835
2024-01-03 10:20:00-05:00,31.280000686645508,31.329999923706055,31.24570083618164,31.24570083618164,31.24570083618164,7208
2024-01-03 10:25:00-05:00,31.290000915527344,31.329999923706055,31.260000228881836,31.299999237060547,31.299999237060547,5271
2024-01-03 10:30:00-05:00,31.299999237060547,31.420000076293945,31.290000915527344,31.329999923706055,31.329999923706055,5234
2024-01-03 10:35:00-05:00,31.309999465942383,31.329999923706055,31.280000686645508,31.299999237060547,31.299999237060547,3362
2024-01-03 10:40:00-05:00,31.270000457763672,31.270000457763672,31.1200008392334,31.1200008392334,31.1200008392334,11046
2024-01-03 10:45:00-05:00,31.110000610351562,31.209999084472656,31.110000610351562,31.174999237060547,31.174999237060547,4206
2024-01-03 10:50:00-05:00,31.155000686645508,31.170000076293945,31.1200008392334,31.170000076293945,31.170000076293945,2872
2024-01-03 10:55:00-05:00,31.1299991607666,31.15999984741211,31.084999084472656,31.15999984741211,31.15999984741211,5975
2024-01-03 11:00:00-05:00,31.15999984741211,31.170000076293945,31.084999084472656,31.084999084472656,31.084999084472656,4217
2024-01-03 11:05:00-05:00,31.049999237060547,31.09000015258789,31.040000915527344,31.0625,31.0625,2603
2024-01-03 11:10:00-05:00,31.049999237060547,31.100000381469727,31.03499984741211,31.09000015258789,31.09000015258789,5839
2024-01-03 11:15:00-05:00,31.020000457763672,31.020000457763672,30.950000762939453,30.979999542236328,30.979999542236328,6209
2024-01-03 11:20:00-05:00,30.979999542236328,31.100000381469727,30.979999542236328,31.065000534057617,31.065000534057617,12030
2024-01-03 11:25:00-05:00,31.065000534057617,31.139999389648438,31.065000534057617,31.139999389648438,31.139999389648438,9054
2024-01-03 11:30:00-05:00,31.139999389648438,31.15999984741211,31.110000610351562,31.149999618530273,31.149999618530273,4412
2024-01-03 11:35:00-05:00,31.170000076293945,31.25,31.170000076293945,31.229999542236328,31.229999542236328,8025
2024-01-03 11:40:00-05:00,31.229999542236328,31.299999237060547,31.219999313354492,31.299999237060547,31.299999237060547,5925
2024-01-03 11:45:00-05:00,31.299999237060547,31.31999969482422,31.25,31.2549991607666,31.2549991607666,3820
2024-01-03 11:50:00-05:00,31.2450008392334,31.290000915527344,31.2450008392334,31.25,31.25,5137
2024-01-03 11:55:00-05:00,31.25,31.280000686645508,31.2450008392334,31.270000457763672,31.270000457763672,4865
2024-01-03 12:00:00-05:00,31.270000457763672,31.270000457763672,31.21500015258789,31.229999542236328,31.229999542236328,3994
2024-01-03 12:05:00-05:00,31.219999313354492,31.229999542236328,31.200000762939453,31.229999542236328,31.229999542236328,3565
2024-01-03 12:10:00-05:00,31.229999542236328,31.25,31.209999084472656,31.209999084472656,31.209999084472656,5038
2024-01-03 12:15:00-05:00,31.209999084472656,31.209999084472656,31.170000076293945,31.170000076293945,31.170000076293945,4732
2024-01-03 12:20:00-05:00,31.139999389648438,31.149999618530273,31.1200008392334,31.135000228881836,31.135000228881836,6475
2024-01-03 12:25:00-05:00,31.139999389648438,31.139999389648438,31.100000381469727,31.100000381469727,31.100000381469727,3567
2024-01-03 12:30:00-05:00,31.100000381469727,31.100000381469727,31.059999465942383,31.06999969482422,31.06999969482422,2731
2024-01-03 12:35:00-05:00,31.06999969482422,31.09000015258789,31.06999969482422,31.06999969482422,31.06999969482422,4148
2024-01-03 12:40:00-05:00,31.05500030517578,31.114999771118164,31.05500030517578,31.065000534057617,31.065000534057617,4878
2024-01-03 12:45:00-05:00,31.040000915527344,31.09000015258789,31.040000915527344,31.079999923706055,31.079999923706055,2340
2024-01-03 12:50:00-05:00,31.100000381469727,31.135000228881836,31.100000381469727,31.1299991607666,31.1299991607666,3101
2024-01-03 12:55:00-05:00,31.1200008392334,31.200000762939453,31.1200008392334,31.190000534057617,31.190000534057617,4751
2024-01-03 13:00:00-05:00,31.184999465942383,31.260000228881836,31.170000076293945,31.260000228881836,31.260000228881836,9490
2024-01-03 13:05:00-05:00,31.270000457763672,31.3700008392334,31.270000457763672,31.34000015258789,31.34000015258789,13521
2024-01-03 13:10:00-05:00,31.334999084472656,31.354999542236328,31.309999465942383,31.350000381469727,31.350000381469727,5675
2024-01-03 13:15:00-05:00,31.360000610351562,31.43000030517578,31.350000381469727,31.43000030517578,31.43000030517578,5378
2024-01-03 13:20:00-05:00,31.450000762939453,31.479999542236328,31.440000534057617,31.46500015258789,31.46500015258789,3896
2024-01-03 13:25:00-05:00,31.469999313354492,31.514999389648438,31.469999313354492,31.479999542236328,31.479999542236328,5566
2024-01-03 13:30:00-05:00,31.459999084472656,31.5,31.452299118041992,31.5,31.5,5108
2024-01-03 13:35:00-05:00,31.5,31.530000686645508,31.479999542236328,31.520000457763672,31.520000457763672,11021
2024-01-03 13:40:00-05:00,31.520000457763672,31.559999465942383,31.520000457763672,31.530000686645508,31.530000686645508,6288
2024-01-03 13:45:00-05:00,31.540000915527344,31.559999465942383,31.520000457763672,31.530000686645508,31.530000686645508,14798
2024-01-03 13:50:00-05:00,31.524999618530273,31.540000915527344,31.5,31.5,31.5,7310
2024-01-03 13:55:00-05:00,31.479999542236328,31.510000228881836,31.469999313354492,31.469999313354492,31.469999313354492,4333
2024-01-03 14:00:00-05:00,31.450000762939453,31.520000457763672,31.389999389648438,31.389999389648438,31.389999389648438,12610
2024-01-03 14:05:00-05:00,31.389999389648438,31.440000534057617,31.385000228881836,31.43000030517578,31.43000030517578,6052
2024-01-03 14:10:00-05:00,31.43000030517578,31.46500015258789,31.329999923706055,31.34000015258789,31.34000015258789,6837
2024-01-03 14:15:00-05:00,31.295000076293945,31.344999313354492,31.25,31.329999923706055,31.329999923706055,11147
2024-01-03 14:20:00-05:00,31.31999969482422,31.329999923706055,31.209999084472656,31.229999542236328,31.229999542236328,3411
2024-01-03 14:25:00-05:00,31.229999542236328,31.375,31.229999542236328,31.3700008392334,31.3700008392334,9309
2024-01-03 14:30:00-05:00,31.405000686645508,31.450000762939453,31.3799991607666,31.43000030517578,31.43000030517578,7693
2024-01-03 14:35:00-05:00,31.440000534057617,31.44499969482422,31.375,31.385000228881836,31.385000228881836,7180
2024-01-03 14:40:00-05:00,31.395000457763672,31.40999984741211,31.3700008392334,31.389999389648438,31.389999389648438,5126
2024-01-03 14:45:00-05:00,31.399999618530273,31.420000076293945,31.312000274658203,31.40999984741211,31.40999984741211,7771
2024-01-03 14:50:00-05:00,31.399999618530273,31.440000534057617,31.389999389648438,31.43000030517578,31.43000030517578,17297
2024-01-03 14:55:00-05:00,31.420000076293945,31.420000076293945,31.34000015258789,31.34000015258789,31.34000015258789,5570
2024-01-03 15:00:00-05:00,31.34000015258789,31.360000610351562,31.31999969482422,31.31999969482422,31.31999969482422,4619
2024-01-03 15:05:00-05:00,31.309999465942383,31.3700008392334,31.309999465942383,31.350000381469727,31.350000381469727,11066
2024-01-03 15:10:00-05:00,31.350000381469727,31.350000381469727,31.25,31.25,31.25,4887
2024-01-03 15:15:00-05:00,31.239999771118164,31.239999771118164,31.15999984741211,31.170000076293945,31.170000076293945,9874
2024-01-03 15:20:00-05:00,31.170000076293945,31.219999313354492,31.139999389648438,31.200000762939453,31.200000762939453,11830
2024-01-03 15:25:00-05:00,31.200000762939453,31.200000762939453,31.149999618530273,31.18000030517578,31.18000030517578,12685
2024-01-03 15:30:00-05:00,31.18000030517578,31.31999969482422,31.17099952697754,31.299999237060547,31.299999237060547,13876
2024-01-03 15:35:00-05:00,31.299999237060547,31.309999465942383,31.209999084472656,31.225000381469727,31.225000381469727,35649
2024-01-03 15:40:00-05:00,31.209999084472656,31.219999313354492,31.170000076293945,31.18000030517578,31.18000030517578,12520
2024-01-03 15:45:00-05:00,31.170000076293945,31.209999084472656,31.15999984741211,31.1875,31.1875,16956
2024-01-03 15:50:00-05:00,31.190000534057617,31.200000762939453,31.110000610351562,31.1200008392334,31.1200008392334,31932
2024-01-03 15:55:00-05:00,31.1200008392334,31.125,31.020000457763672,31.059999465942383,31.059999465942383,85877
2024-01-04 09:30:00-05:00,31.239999771118164,31.780000686645508,31.239999771118164,31.5,31.5,26027
2024-01-04 09:35:00-05:00,31.530000686645508,31.783000946044922,31.530000686645508,31.549999237060547,31.549999237060547,6956
2024-01-04 09:40:00-05:00,31.520000457763672,31.520000457763672,31.440000534057617,31.440000534057617,31.440000534057617,1553
2024-01-04 09:45:00-05:00,31.450000762939453,31.649999618530273,31.450000762939453,31.579999923706055,31.579999923706055,6867
2024-01-04 09:50:00-05:00,31.62070083618164,31.719999313354492,31.6200008392334,31.65999984741211,31.65999984741211,7405
2024-01-04 09:55:00-05:00,31.648799896240234,31.75,31.59000015258789,31.739999771118164,31.739999771118164,10419
2024-01-04 10:00:00-05:00,31.70870018005371,31.84000015258789,31.639999389648438,31.84000015258789,31.84000015258789,9236
2024-01-04 10:05:00-05:00,31.815000534057617,31.899999618530273,31.770000457763672,31.889999389648438,31.889999389648438,14168
2024-01-04 10:10:00-05:00,31.8799991607666,31.90999984741211,31.829999923706055,31.899999618530273,31.899999618530273,8429
2024-01-04 10:15:00-05:00,31.899999618530273,31.899999618530273,31.81999969482422,31.899999618530273,31.899999618530273,7105
2024-01-04 10:20:00-05:00,31.8799991607666,31.920000076293945,31.799999237060547,31.809999465942383,31.809999465942383,31439
2024-01-04 10:25:00-05:00,31.799999237060547,31.800100326538086,31.709999084472656,31.719999313354492,31.719999313354492,9393
2024-01-04 10:30:00-05:00,31.700000762939453,31.81999969482422,31.700000762939453,31.780000686645508,31.780000686645508,12430
2024-01-04 10:35:00-05:00,31.780000686645508,31.780000686645508,31.709999084472656,31.709999084472656,31.709999084472656,5873
2024-01-04 10:40:00-05:00,31.700000762939453,31.770000457763672,31.68000030517578,31.756000518798828,31.756000518798828,5992
2024-01-04 10:45:00-05:00,31.729999542236328,31.760000228881836,31.719999313354492,31.75,31.75,6281
2024-01-04 10:50:00-05:00,31.729999542236328,31.730899810791016,31.65999984741211,31.65999984741211,31.65999984741211,2455
2024-01-04 10:55:00-05:00,31.649999618530273,31.649999618530273,31.59000015258789,31.594999313354492,31.594999313354492,4460
2024-01-04 11:00:00-05:00,31.579999923706055,31.579999923706055,31.440000534057617,31.454999923706055,31.454999923706055,8416
2024-01-04 11:05:00-05:00,31.479999542236328,31.558000564575195,31.459999084472656,31.459999084472656,31.459999084472656,6982
2024-01-04 11:10:00-05:00,31.440000534057617,31.510000228881836,31.440000534057617,31.510000228881836,31.510000228881836,4978
2024-01-04 11:15:00-05:00,31.510000228881836,31.520000457763672,31.450000762939453,31.450000762939453,31.450000762939453,2261
2024-01-04 11:20:00-05:00,31.420000076293945,31.540000915527344,31.420000076293945,31.520000457763672,31.520000457763672,7030
2024-01-04 11:25:00-05:00,31.540000915527344,31.540000915527344,31.450000762939453,31.450000762939453,31.450000762939453,4708
2024-01-04 11:30:00-05:00,31.450000762939453,31.479999542236328,31.405000686645508,31.405000686645508,31.405000686645508,4643
2024-01-04 11:35:00-05:00,31.360000610351562,31.43000030517578,31.329999923706055,31.3799991607666,31.3799991607666,18673
2024-01-04 11:40:00-05:00,31.34000015258789,31.34000015258789,31.19499969482422,31.204999923706055,31.204999923706055,7183
2024-01-04 11:45:00-05:00,31.190000534057617,31.25,31.18000030517578,31.18000030517578,31.18000030517578,27325
2024-01-04 11:50:00-05:00,31.1200008392334,31.209999084472656,31.079999923706055,31.209999084472656,31.209999084472656,6146
2024-01-04 11:55:00-05:00,31.19499969482422,31.239999771118164,31.15999984741211,31.174999237060547,31.174999237060547,14337
2024-01-04 12:00:00-05:00,31.190000534057617,31.229999542236328,31.190000534057617,31.229999542236328,31.229999542236328,3327
2024-01-04 12:05:00-05:00,31.209999084472656,31.229999542236328,31.200000762939453,31.200000762939453,31.200000762939453,11599
2024-01-04 12:10:00-05:00,31.209999084472656,31.209999084472656,31.110000610351562,31.110000610351562,31.110000610351562,5807
2024-01-04 12:15:00-05:00,31.100000381469727,31.190000534057617,31.09000015258789,31.190000534057617,31.190000534057617,5070
2024-01-04 12:20:00-05:00,31.190000534057617,31.209999084472656,31.110000610351562,31.114999771118164,31.114999771118164,3102
2024-01-04 12:25:00-05:00,31.110000610351562,31.1200008392334,31.079999923706055,31.079999923706055,31.079999923706055,4244
2024-01-04 12:30:00-05:00,31.06999969482422,31.084999084472656,31.03499984741211,31.049999237060547,31.049999237060547,61384
2024-01-04 12:35:00-05:00,31.010000228881836,31.03499984741211,30.979999542236328,30.979999542236328,30.979999542236328,4587
2024-01-04 12:40:00-05:00,30.96500015258789,31.045000076293945,30.950000762939453,30.989999771118164,30.989999771118164,105288
2024-01-04 12:45:00-05:00,30.979999542236328,30.979999542236328,30.899999618530273,30.959999084472656,30.959999084472656,2394
2024-01-04 12:50:00-05:00,30.940000534057617,31.06999969482422,30.940000534057617,31.059999465942383,31.059999465942383,7810
2024-01-04 12:55:00-05:00,31.040000915527344,31.049999237060547,30.9768009185791,30.9768009185791,30.9768009185791,5462
2024-01-04 13:00:00-05:00,30.985000610351562,30.985000610351562,30.899999618530273,30.93000030517578,30.93000030517578,3204
2024-01-04 13:05:00-05:00,30.946300506591797,31.010000228881836,30.940000534057617,31.0,31.0,4386
2024-01-04 13:10:00-05:00,31.0,31.0,30.950000762939453,30.979999542236328,30.979999542236328,5869
2024-01-04 13:15:00-05:00,30.989999771118164,31.040000915527344,30.950000762939453,31.040000915527344,31.040000915527344,4210
2024-01-04 13:20:00-05:00,31.049999237060547,31.079999923706055,31.040000915527344,31.079999923706055,31.079999923706055,3871
2024-01-04 13:25:00-05:00,31.079999923706055,31.100000381469727,31.06999969482422,31.06999969482422,31.06999969482422,3707
2024-01-04 13:30:00-05:00,31.09000015258789,31.149999618530273,31.09000015258789,31.149999618530273,31.149999618530273,7708
2024-01-04 13:35:00-05:00,31.155000686645508,31.21500015258789,31.149999618530273,31.209999084472656,31.209999084472656,9747
2024-01-04 13:40:00-05:00,31.21500015258789,31.229999542236328,31.19499969482422,31.199800491333008,31.199800491333008,3263
2024-01-04 13:45:00-05:00,31.18000030517578,31.209999084472656,31.15999984741211,31.209999084472656,31.209999084472656,5790
2024-01-04 13:50:00-05:00,31.219999313354492,31.239999771118164,31.190000534057617,31.200000762939453,31.200000762939453,4924
2024-01-04 13:55:00-05:00,31.170000076293945,31.239999771118164,31.170000076293945,31.209999084472656,31.209999084472656,5450
2024-01-04 14:00:00-05:00,31.200000762939453,31.219999313354492,31.170000076293945,31.190000534057617,31.190000534057617,2579
2024-01-04 14:05:00-05:00,31.170000076293945,31.170000076293945,31.165000915527344,31.165000915527344,31.165000915527344,953
2024-01-04 14:10:00-05:00,31.06999969482422,31.110000610351562,31.040000915527344,31.110000610351562,31.110000610351562,3963
2024-01-04 14:15:00-05:00,31.1200008392334,31.1299991607666,31.100000381469727,31.1299991607666,31.1299991607666,3485
2024-01-04 14:20:00-05:00,31.1299991607666,31.139999389648438,31.09000015258789,31.09000015258789,31.09000015258789,2208
2024-01-04 14:25:00-05:00,31.079999923706055,31.1200008392334,31.075000762939453,31.110000610351562,31.110000610351562,6236
2024-01-04 14:30:00-05:00,31.100000381469727,31.170000076293945,31.100000381469727,31.149999618530273,31.149999618530273,3904
2024-01-04 14:35:00-05:00,31.139999389648438,31.139999389648438,31.082500457763672,31.100000381469727,31.100000381469727,15264
2024-01-04 14:40:00-05:00,31.100000381469727,31.1299991607666,31.082500457763672,31.09000015258789,31.09000015258789,12497
2024-01-04 14:45:00-05:00,31.079999923706055,31.1200008392334,31.059999465942383,31.1200008392334,31.1200008392334,36560
2024-01-04 14:50:00-05:00,31.1200008392334,31.190000534057617,31.1200008392334,31.18000030517578,31.18000030517578,6191
2024-01-04 14:55:00-05:00,31.190000534057617,31.190000534057617,31.110000610351562,31.1299991607666,31.1299991607666,6270
2024-01-04 15:00:00-05:00,31.110000610351562,31.110000610351562,31.079999923706055,31.094999313354492,31.094999313354492,14385
2024-01-04 15:05:00-05:00,31.100000381469727,31.15999984741211,31.100000381469727,31.15999984741211,31.15999984741211,6456
2024-01-04 15:10:00-05:00,31.15999984741211,31.170000076293945,31.1299991607666,31.15999984741211,31.15999984741211,4456
2024-01-04 15:15:00-05:00,31.155000686645508,31.15999984741211,31.079999923706055,31.15999984741211,31.15999984741211,11638
2024-01-04 15:20:00-05:00,31.149999618530273,31.149999618530273,31.100000381469727,31.1299991607666,31.1299991607666,6615
2024-01-04 15:25:00-05:00,31.1299991607666,31.135000228881836,31.09000015258789,31.100000381469727,31.100000381469727,10690
2024-01-04 15:30:00-05:00,31.09000015258789,31.1299991607666,31.06999969482422,31.09000015258789,31.09000015258789,33006
2024-01-04 15:35:00-05:00,31.06999969482422,31.110000610351562,31.049999237060547,31.104999542236328,31.104999542236328,43395
2024-01-04 15:40:00-05:00,31.100000381469727,31.1200008392334,31.09000015258789,31.114999771118164,31.114999771118164,22523
2024-01-04 15:45:00-05:00,31.110000610351562,31.114999771118164,31.09000015258789,31.094999313354492,31.094999313354492,39899
2024-01-04 15:50:00-05:00,31.079999923706055,31.15999984741211,31.079999923706055,31.145000457763672,31.145000457763672,42204
2024-01-04 15:55:00-05:00,31.145000457763672,31.190000534057617,31.114999771118164,31.1200008392334,31.1200008392334,89438
2024-01-05 09:30:00-05:00,31.34000015258789,31.34000015258789,31.204999923706055,31.280000686645508,31.280000686645508,9228
2024-01-05 09:35:00-05:00,31.149999618530273,31.280000686645508,31.149999618530273,31.280000686645508,31.280000686645508,1678
2024-01-05 09:40:00-05:00,31.270000457763672,31.270000457763672,31.100000381469727,31.1299991607666,31.1299991607666,2336
2024-01-05 09:45:00-05:00,31.114999771118164,31.25,31.114999771118164,31.170000076293945,31.170000076293945,2933
2024-01-05 09:50:00-05:00,31.1299991607666,31.219999313354492,31.1299991607666,31.219999313354492,31.219999313354492,4708
2024-01-05 09:55:00-05:00,31.18000030517578,31.375,31.170000076293945,31.290000915527344,31.290000915527344,9712
2024-01-05 10:00:00-05:00,31.309999465942383,31.389999389648438,31.200000762939453,31.219999313354492,31.219999313354492,6992
2024-01-05 10:05:00-05:00,31.21500015258789,31.280000686645508,31.21500015258789,31.229999542236328,31.229999542236328,8401
2024-01-05 10:10:00-05:00,31.229999542236328,31.229999542236328,31.065000534057617,31.084999084472656,31.084999084472656,13085
2024-01-05 10:15:00-05:00,31.079999923706055,31.079999923706055,31.030000686645508,31.069900512695312,31.069900512695312,7828
2024-01-05 10:20:00-05:00,31.069900512695312,31.079999923706055,31.030000686645508,31.040000915527344,31.040000915527344,3944
2024-01-05 10:25:00-05:00,31.040000915527344,31.040000915527344,30.96500015258789,31.020000457763672,31.020000457763672,4970
2024-01-05 10:30:00-05:00,31.020000457763672,31.049999237060547,30.96419906616211,31.049999237060547,31.049999237060547,8490
2024-01-05 10:35:00-05:00,31.040000915527344,31.075000762939453,31.024999618530273,31.059999465942383,31.059999465942383,6274
2024-01-05 10:40:00-05:00,31.049999237060547,31.06999969482422,31.030000686645508,31.040000915527344,31.040000915527344,3548
2024-01-05 10:45:00-05:00,31.040000915527344,31.09000015258789,31.03499984741211,31.049999237060547,31.049999237060547,4923
2024-01-05 10:50:00-05:00,31.040000915527344,31.1200008392334,31.020000457763672,31.1200008392334,31.1200008392334,8016
2024-01-05 10:55:00-05:00,31.126399993896484,31.149999618530273,31.110000610351562,31.114999771118164,31.114999771118164,7071
2024-01-05 11:00:00-05:00,31.110000610351562,31.110000610351562,31.065000534057617,31.100000381469727,31.100000381469727,4536
2024-01-05 11:05:00-05:00,31.100000381469727,31.1299991607666,31.09000015258789,31.1299991607666,31.1299991607666,5284
2024-01-05 11:10:00-05:00,31.1299991607666,31.190000534057617,31.1299991607666,31.190000534057617,31.190000534057617,4784
2024-01-05 11:15:00-05:00,31.200000762939453,31.239999771118164,31.104999542236328,31.104999542236328,31.104999542236328,3589
2024-01-05 11:20:00-05:00,31.09000015258789,31.09000015258789,31.03499984741211,31.03499984741211,31.03499984741211,7430
2024-01-05 11:25:00-05:00,31.049999237060547,31.065000534057617,31.040000915527344,31.040000915527344,31.040000915527344,6562
2024-01-05 11:30:00-05:00,31.049999237060547,31.059999465942383,31.024999618530273,31.030000686645508,31.030000686645508,4603
2024-01-05 11:35:00-05:00,31.030000686645508,31.100000381469727,31.020000457763672,31.06999969482422,31.06999969482422,7961
2024-01-05 11:40:00-05:00,31.059999465942383,31.110000610351562,31.059999465942383,31.110000610351562,31.110000610351562,3731
2024-01-05 11:45:00-05:00,31.09000015258789,31.09000015258789,31.03499984741211,31.040000915527344,31.040000915527344,3516
2024-01-05 11:50:00-05:00,31.030000686645508,31.06999969482422,31.02989959716797,31.06999969482422,31.06999969482422,6163
2024-01-05 11:55:00-05:00,31.059999465942383,31.059999465942383,31.020000457763672,31.059999465942383,31.059999465942383,6957
2024-01-05 12:00:00-05:00,31.06999969482422,31.06999969482422,31.0,31.030000686645508,31.030000686645508,11841
2024-01-05 12:05:00-05:00,31.030000686645508,31.05500030517578,31.0049991607666,31.010000228881836,31.010000228881836,8412
2024-01-05 12:10:00-05:00,31.0049991607666,31.09000015258789,31.0049991607666,31.09000015258789,31.09000015258789,5881
2024-01-05 12:15:00-05:00,31.084999084472656,31.09000015258789,31.020000457763672,31.020000457763672,31.020000457763672,3514
2024-01-05 12:20:00-05:00,31.014999389648438,31.049999237060547,31.014999389648438,31.03499984741211,31.03499984741211,7102
2024-01-05 12:25:00-05:00,31.030000686645508,31.045000076293945,31.024999618530273,31.040000915527344,31.040000915527344,5038
2024-01-05 12:30:00-05:00,31.049999237060547,31.049999237060547,31.0,31.0049991607666,31.0049991607666,8739
2024-01-05 12:35:00-05:00,31.010000228881836,31.059999465942383,31.010000228881836,31.049999237060547,31.049999237060547,5822
2024-01-05 12:40:00-05:00,31.049999237060547,31.079999923706055,31.045000076293945,31.06999969482422,31.06999969482422,3339
2024-01-05 12:45:00-05:00,31.06999969482422,31.094999313354492,31.068199157714844,31.094999313354492,31.094999313354492,5785
2024-01-05 12:50:00-05:00,31.100000381469727,31.15999984741211,31.100000381469727,31.149999618530273,31.149999618530273,10120
2024-01-05 12:55:00-05:00,31.149999618530273,31.149999618530273,31.09000015258789,31.09000015258789,31.09000015258789,5057
2024-01-05 13:00:00-05:00,31.084999084472656,31.09000015258789,31.020000457763672,31.03499984741211,31.03499984741211,14559
2024-01-05 13:05:00-05:00,31.030000686645508,31.049800872802734,30.959999084472656,30.969999313354492,30.969999313354492,59736
2024-01-05 13:10:00-05:00,30.96500015258789,31.020000457763672,30.959999084472656,30.989999771118164,30.989999771118164,11806
2024-01-05 13:15:00-05:00,30.989999771118164,31.0,30.933300018310547,30.933300018310547,30.933300018310547,6633
2024-01-05 13:20:00-05:00,30.940000534057617,30.957500457763672,30.93000030517578,30.950000762939453,30.950000762939453,7156
2024-01-05 13:25:00-05:00,30.959999084472656,31.059999465942383,30.959999084472656,31.059999465942383,31.059999465942383,10291
2024-01-05 13:30:00-05:00,31.06999969482422,31.100000381469727,31.059999465942383,31.100000381469727,31.100000381469727,8553
2024-01-05 13:35:00-05:00,31.110000610351562,31.260000228881836,31.110000610351562,31.25,31.25,7478
2024-01-05 13:40:00-05:00,31.260000228881836,31.260000228881836,31.190000534057617,31.190000534057617,31.190000534057617,4468
2024-01-05 13:45:00-05:00,31.165000915527344,31.190000534057617,31.149999618530273,31.149999618530273,31.149999618530273,4074
2024-01-05 13:50:00-05:00,31.100000381469727,31.110000610351562,31.079999923706055,31.09000015258789,31.09000015258789,2948
2024-01-05 13:55:00-05:00,31.09000015258789,31.09000015258789,31.049999237060547,31.09000015258789,31.09000015258789,3438
2024-01-05 14:00:00-05:00,31.09269905090332,31.110000610351562,31.079999923706055,31.094999313354492,31.094999313354492,3754
2024-01-05 14:05:00-05:00,31.100000381469727,31.110000610351562,31.084999084472656,31.09000015258789,31.09000015258789,3246
2024-01-05 14:10:00-05:00,31.100000381469727,31.139999389648438,31.100000381469727,31.100000381469727,31.100000381469727,6177
2024-01-05 14:15:00-05:00,31.110000610351562,31.110000610351562,31.059999465942383,31.065000534057617,31.065000534057617,6434
2024-01-05 14:20:00-05:00,31.059999465942383,31.100000381469727,31.049999237060547,31.100000381469727,31.100000381469727,9645
2024-01-05 14:25:00-05:00,31.08989906311035,31.110000610351562,31.06999969482422,31.06999969482422,31.06999969482422,5141
2024-01-05 14:30:00-05:00,31.079999923706055,31.09000015258789,31.040000915527344,31.040000915527344,31.040000915527344,4278
2024-01-05 14:35:00-05:00,31.020000457763672,31.059999465942383,31.010099411010742,31.030000686645508,31.030000686645508,6085
2024-01-05 14:40:00-05:00,31.020000457763672,31.03499984741211,30.920000076293945,30.93000030517578,30.93000030517578,6898
2024-01-05 14:45:00-05:00,30.939899444580078,31.030000686645508,30.93000030517578,30.989999771118164,30.989999771118164,17666
2024-01-05 14:50:00-05:00,30.989999771118164,31.030000686645508,30.989999771118164,30.999900817871094,30.999900817871094,15518
2024-01-05 14:55:00-05:00,31.0,31.040000915527344,31.0,31.020000457763672,31.020000457763672,8326
2024-01-05 15:00:00-05:00,31.010000228881836,31.014999389648438,30.93000030517578,30.950000762939453,30.950000762939453,9601
2024-01-05 15:05:00-05:00,30.940000534057617,31.024999618530273,30.93000030517578,31.023399353027344,31.023399353027344,12210
2024-01-05 15:10:00-05:00,31.030000686645508,31.079999923706055,31.010000228881836,31.059999465942383,31.059999465942383,12570
2024-01-05 15:15:00-05:00,31.06999969482422,31.09000015258789,31.010499954223633,31.030000686645508,31.030000686645508,9842
2024-01-05 15:20:00-05:00,31.040000915527344,31.100000381469727,31.036300659179688,31.040000915527344,31.040000915527344,6598
2024-01-05 15:25:00-05:00,31.040000915527344,31.049999237060547,30.979999542236328,30.99570083618164,30.99570083618164,10145
2024-01-05 15:30:00-05:00,30.990999221801758,31.040000915527344,30.989999771118164,31.040000915527344,31.040000915527344,15405
2024-01-05 15:35:00-05:00,31.040000915527344,31.049999237060547,31.0,31.010000228881836,31.010000228881836,14449
2024-01-05 15:40:00-05:00,31.010000228881836,31.084999084472656,30.989999771118164,31.079999923706055,31.079999923706055,21286
2024-01-05 15:45:00-05:00,31.09000015258789,31.1299991607666,31.06999969482422,31.1299991607666,31.1299991607666,24967
2024-01-05 15:50:00-05:00,31.139999389648438,31.15999984741211,31.110000610351562,31.15999984741211,31.15999984741211,28703
2024-01-05 15:55:00-05:00,31.15999984741211,31.200000762939453,31.139999389648438,31.190000534057617,31.190000534057617,55702
2024-01-08 09:30:00-05:00,30.610000610351562,30.959999084472656,30.440000534057617,30.729999542236328,30.729999542236328,47460
2024-01-08 09:35:00-05:00,30.7549991607666,30.780000686645508,30.579999923706055,30.627500534057617,30.627500534057617,62863
2024-01-08 09:40:00-05:00,30.635000228881836,30.690000534057617,30.579999923706055,30.65999984741211,30.65999984741211,17033
2024-01-08 09:45:00-05:00,30.65999984741211,30.789100646972656,30.6299991607666,30.729999542236328,30.729999542236328,13607
2024-01-08 09:50:00-05:00,30.729999542236328,30.760000228881836,30.68000030517578,30.719999313354492,30.719999313354492,45405
2024-01-08 09:55:00-05:00,30.71109962463379,30.8799991607666,30.68000030517578,30.8799991607666,30.8799991607666,10509
2024-01-08 10:00:00-05:00,30.90999984741211,30.90999984741211,30.809999465942383,30.8799991607666,30.8799991607666,15163
2024-01-08 10:05:00-05:00,30.864999771118164,30.93000030517578,30.78499984741211,30.78499984741211,30.78499984741211,9844
2024-01-08 10:10:00-05:00,30.809999465942383,30.899999618530273,30.809999465942383,30.844999313354492,30.844999313354492,13522
2024-01-08 10:15:00-05:00,30.829999923706055,30.969999313354492,30.829999923706055,30.969999313354492,30.969999313354492,10671
2024-01-08 10:20:00-05:00,30.950000762939453,30.979999542236328,30.934999465942383,30.950000762939453,30.950000762939453,9336
2024-01-08 10:25:00-05:00,30.950000762939453,31.033000946044922,30.940000534057617,31.033000946044922,31.033000946044922,12706
2024-01-08 10:30:00-05:00,31.010000228881836,31.030000686645508,30.975000381469727,31.0,31.0,6367
2024-01-08 10:35:00-05:00,30.954999923706055,31.049999237060547,30.954999923706055,31.049999237060547,31.049999237060547,62122
2024-01-08 10:40:00-05:00,31.040000915527344,31.09000015258789,31.040000915527344,31.059999465942383,31.059999465942383,3801
2024-01-08 10:45:00-05:00,31.0,31.040000915527344,30.969999313354492,31.0393009185791,31.0393009185791,15217
2024-01-08 10:50:00-05:00,31.040000915527344,31.09000015258789,31.030000686645508,31.059999465942383,31.059999465942383,14968
2024-01-08 10:55:00-05:00,31.049999237060547,31.1299991607666,31.020000457763672,31.1299991607666,31.1299991607666,8244
2024-01-08 11:00:00-05:00,31.139999389648438,31.149999618530273,31.06999969482422,31.06999969482422,31.06999969482422,4266
2024-01-08 11:05:00-05:00,31.06999969482422,31.170000076293945,31.049999237060547,31.15999984741211,31.15999984741211,5646
2024-01-08 11:10:00-05:00,31.15999984741211,31.15999984741211,31.110000610351562,31.139999389648438,31.139999389648438,3376
2024-01-08 11:15:00-05:00,31.139999389648438,31.200000762939453,31.139999389648438,31.149999618530273,31.149999618530273,4173
2024-01-08 11:20:00-05:00,31.15999984741211,31.2185001373291,31.15999984741211,31.170000076293945,31.170000076293945,3526
2024-01-08 11:25:00-05:00,31.200000762939453,31.219999313354492,31.19499969482422,31.209999084472656,31.209999084472656,3595
2024-01-08 11:30:00-05:00,31.219999313354492,31.219999313354492,31.18000030517578,31.200000762939453,31.200000762939453,5983
2024-01-08 11:35:00-05:00,31.145000457763672,31.270000457763672,31.145000457763672,31.25,31.25,8469
2024-01-08 11:40:00-05:00,31.225000381469727,31.270000457763672,31.21500015258789,31.21500015258789,31.21500015258789,4395
2024-01-08 11:45:00-05:00,31.233999252319336,31.239999771118164,31.200000762939453,31.229999542236328,31.229999542236328,4158
2024-01-08 11:50:00-05:00,31.200000762939453,31.200000762939453,31.165000915527344,31.190000534057617,31.190000534057617,1949
2024-01-08 11:55:00-05:00,31.184499740600586,31.190000534057617,31.1299991607666,31.155000686645508,31.155000686645508,3325
2024-01-08 12:00:00-05:00,31.155000686645508,31.239999771118164,31.155000686645508,31.18000030517578,31.18000030517578,6005
2024-01-08 12:05:00-05:00,31.219999313354492,31.229999542236328,31.139999389648438,31.15999984741211,31.15999984741211,4167
2024-01-08 12:10:00-05:00,31.1299991607666,31.149999618530273,31.110000610351562,31.1299991607666,31.1299991607666,2290
2024-01-08 12:15:00-05:00,31.139999389648438,31.170000076293945,31.139999389648438,31.15999984741211,31.15999984741211,3913
2024-01-08 12:20:00-05:00,31.1299991607666,31.15999984741211,31.1200008392334,31.125,31.125,4932
2024-01-08 12:25:00-05:00,31.1299991607666,31.15999984741211,31.1200008392334,31.145000457763672,31.145000457763672,4017
2024-01-08 12:30:00-05:00,31.140899658203125,31.15999984741211,31.1200008392334,31.15999984741211,31.15999984741211,3321
2024-01-08 12:35:00-05:00,31.155000686645508,31.190000534057617,31.149999618530273,31.18000030517578,31.18000030517578,5386
2024-01-08 12:40:00-05:00,31.18000030517578,31.190000534057617,31.15999984741211,31.15999984741211,31.15999984741211,4245
2024-01-08 12:45:00-05:00,31.155000686645508,31.21500015258789,31.155000686645508,31.200000762939453,31.200000762939453,5719
2024-01-08 12:50:00-05:00,31.190000534057617,31.239999771118164,31.190000534057617,31.229999542236328,31.229999542236328,6850
2024-01-08 12:55:00-05:00,31.219999313354492,31.239999771118164,31.149999618530273,31.190000534057617,31.190000534057617,6798
2024-01-08 13:00:00-05:00,31.200000762939453,31.209999084472656,31.18000030517578,31.200000762939453,31.200000762939453,4679
2024-01-08 13:05:00-05:00,31.200000762939453,31.229999542236328,31.19499969482422,31.200000762939453,31.200000762939453,4892
2024-01-08 13:10:00-05:00,31.18000030517578,31.18000030517578,31.1299991607666,31.139999389648438,31.139999389648438,5027
2024-01-08 13:15:00-05:00,31.139999389648438,31.139999389648438,31.114999771118164,31.13800048828125,31.13800048828125,5968
2024-01-08 13:20:00-05:00,31.139999389648438,31.139999389648438,31.125,31.1299991607666,31.1299991607666,5618
2024-01-08 13:25:00-05:00,31.1299991607666,31.1299991607666,31.100000381469727,31.100000381469727,31.100000381469727,7456
2024-01-08 13:30:00-05:00,31.100000381469727,31.114999771118164,31.09000015258789,31.114999771118164,31.114999771118164,8650
2024-01-08 13:35:00-05:00,31.110000610351562,31.1200008392334,31.079999923706055,31.1200008392334,31.1200008392334,11785
2024-01-08 13:40:00-05:00,31.104999542236328,31.1299991607666,31.104999542236328,31.114999771118164,31.114999771118164,3545
2024-01-08 13:45:00-05:00,31.110000610351562,31.1299991607666,31.09000015258789,31.110000610351562,31.110000610351562,11526
2024-01-08 13:50:00-05:00,31.1299991607666,31.1299991607666,31.094999313354492,31.110000610351562,31.110000610351562,2603
2024-01-08 13:55:00-05:00,31.100000381469727,31.110000610351562,31.079999923706055,31.100000381469727,31.100000381469727,11981
2024-01-08 14:00:00-05:00,31.094999313354492,31.149999618530273,31.094999313354492,31.125999450683594,31.125999450683594,7883
2024-01-08 14:05:00-05:00,31.125,31.18000030517578,31.125,31.18000030517578,31.18000030517578,5825
2024-01-08 14:10:00-05:00,31.18000030517578,31.229999542236328,31.18000030517578,31.219999313354492,31.219999313354492,11030
2024-01-08 14:15:00-05:00,31.209999084472656,31.237499237060547,31.190000534057617,31.209999084472656,31.209999084472656,8864
2024-01-08 14:20:00-05:00,31.219999313354492,31.229799270629883,31.18000030517578,31.209999084472656,31.209999084472656,7258
2024-01-08 14:25:00-05:00,31.219999313354492,31.25,31.190000534057617,31.219999313354492,31.219999313354492,11107
2024-01-08 14:30:00-05:00,31.219999313354492,31.280000686645508,31.219999313354492,31.219999313354492,31.219999313354492,13063
2024-01-08 14:35:00-05:00,31.229999542236328,31.280000686645508,31.219999313354492,31.264999389648438,31.264999389648438,4849
2024-01-08 14:40:00-05:00,31.274999618530273,31.274999618530273,31.229999542236328,31.260000228881836,31.260000228881836,7517
2024-01-08 14:45:00-05:00,31.260000228881836,31.31999969482422,31.260000228881836,31.280000686645508,31.280000686645508,8153
2024-01-08 14:50:00-05:00,31.280000686645508,31.309999465942383,31.260000228881836,31.309999465942383,31.309999465942383,6313
2024-01-08 14:55:00-05:00,31.309999465942383,31.34000015258789,31.299999237060547,31.31999969482422,31.31999969482422,6761
2024-01-08 15:00:00-05:00,31.31999969482422,31.34000015258789,31.299999237060547,31.299999237060547,31.299999237060547,10110
2024-01-08 15:05:00-05:00,31.315000534057617,31.31999969482422,31.270099639892578,31.31999969482422,31.31999969482422,7535
2024-01-08 15:10:00-05:00,31.329999923706055,31.350000381469727,31.299999237060547,31.34000015258789,31.34000015258789,11081
2024-01-08 15:15:00-05:00,31.344999313354492,31.375,31.34000015258789,31.375,31.375,7073
2024-01-08 15:20:00-05:00,31.3799991607666,31.440000534057617,31.3799991607666,31.415000915527344,31.415000915527344,14040
2024-01-08 15:25:00-05:00,31.43000030517578,31.450000762939453,31.3700008392334,31.40999984741211,31.40999984741211,8506
2024-01-08 15:30:00-05:00,31.40999984741211,31.469999313354492,31.399999618530273,31.440000534057617,31.440000534057617,20636
2024-01-08 15:35:00-05:00,31.454999923706055,31.5,31.44499969482422,31.5,31.5,7629
2024-01-08 15:40:00-05:00,31.5,31.559999465942383,31.489999771118164,31.545000076293945,31.545000076293945,19494
2024-01-08 15:45:00-05:00,31.549999237060547,31.549999237060547,31.4950008392334,31.510000228881836,31.510000228881836,24618
2024-01-08 15:50:00-05:00,31.520000457763672,31.59000015258789,31.514999389648438,31.579999923706055,31.579999923706055,31304
2024-01-08 15:55:00-05:00,31.584999084472656,31.700000762939453,31.572500228881836,31.65999984741211,31.65999984741211,114958
2024-01-09 09:30:00-05:00,31.610000610351562,31.610000610351562,31.09000015258789,31.260000228881836,31.260000228881836,14190
2024-01-09 09:35:00-05:00,31.309999465942383,31.309999465942383,31.239999771118164,31.299999237060547,31.299999237060547,2696
2024-01-09 09:40:00-05:00,31.309999465942383,31.31999969482422,31.18000030517578,31.28499984741211,31.28499984741211,9649
2024-01-09 09:45:00-05:00,31.28499984741211,31.344999313354492,31.219999313354492,31.270000457763672,31.270000457763672,40450
2024-01-09 09:50:00-05:00,31.270000457763672,31.299999237060547,31.190000534057617,31.264999389648438,31.264999389648438,24108
2024-01-09 09:55:00-05:00,31.264999389648438,31.280000686645508,31.229999542236328,31.264999389648438,31.264999389648438,9230
2024-01-09 10:00:00-05:00,31.264999389648438,31.270000457763672,31.200000762939453,31.200000762939453,31.200000762939453,3854
2024-01-09 10:05:00-05:00,31.200000762939453,31.2549991607666,31.19499969482422,31.2549991607666,31.2549991607666,9512
2024-01-09 10:10:00-05:00,31.2549991607666,31.329999923706055,31.239999771118164,31.31999969482422,31.31999969482422,23300
2024-01-09 10:15:00-05:00,31.329999923706055,31.395000457763672,31.329999923706055,31.360000610351562,31.360000610351562,6481
2024-01-09 10:20:00-05:00,31.364999771118164,31.510000228881836,31.364999771118164,31.475000381469727,31.475000381469727,17532
2024-01-09 10:25:00-05:00,31.434999465942383,31.559999465942383,31.434999465942383,31.530000686645508,31.530000686645508,12902
2024-01-09 10:30:00-05:00,31.56999969482422,31.604999542236328,31.454999923706055,31.5,31.5,41195
2024-01-09 10:35:00-05:00,31.454999923706055,31.459999084472656,31.389999389648438,31.40999984741211,31.40999984741211,5603
2024-01-09 10:40:00-05:00,31.329999923706055,31.329999923706055,31.25,31.290000915527344,31.290000915527344,21450
2024-01-09 10:45:00-05:00,31.290000915527344,31.309999465942383,31.235000610351562,31.25,31.25,9203
2024-01-09 10:50:00-05:00,31.2549991607666,31.295000076293945,31.1200008392334,31.18000030517578,31.18000030517578,84626
2024-01-09 10:55:00-05:00,31.200000762939453,31.270000457763672,31.18000030517578,31.2450008392334,31.2450008392334,26628
2024-01-09 11:00:00-05:00,31.270000457763672,31.280000686645508,31.174999237060547,31.174999237060547,31.174999237060547,3785
2024-01-09 11:05:00-05:00,31.209999084472656,31.270000457763672,31.209999084472656,31.260000228881836,31.260000228881836,30077
2024-01-09 11:10:00-05:00,31.260000228881836,31.399999618530273,31.260000228881836,31.389999389648438,31.389999389648438,8615
2024-01-09 11:15:00-05:00,31.399999618530273,31.43000030517578,31.399999618530273,31.40999984741211,31.40999984741211,1625
2024-01-09 11:20:00-05:00,31.395000457763672,31.510000228881836,31.329999923706055,31.510000228881836,31.510000228881836,12830
2024-01-09 11:25:00-05:00,31.50119972229004,31.520000457763672,31.485000610351562,31.510000228881836,31.510000228881836,4862
2024-01-09 11:30:00-05:00,31.540000915527344,31.559999465942383,31.4950008392334,31.530000686645508,31.530000686645508,8892
2024-01-09 11:35:00-05:00,31.540000915527344,31.559999465942383,31.479999542236328,31.540000915527344,31.540000915527344,10845
2024-01-09 11:40:00-05:00,31.54800033569336,31.59000015258789,31.530000686645508,31.579999923706055,31.579999923706055,6144
2024-01-09 11:45:00-05:00,31.59000015258789,31.670000076293945,31.59000015258789,31.65999984741211,31.65999984741211,7536
2024-01-09 11:50:00-05:00,31.68000030517578,31.752099990844727,31.68000030517578,31.680999755859375,31.680999755859375,7213
2024-01-09 11:55:00-05:00,31.70989990234375,31.739999771118164,31.69499969482422,31.729999542236328,31.729999542236328,6103
2024-01-09 12:00:00-05:00,31.719999313354492,31.780000686645508,31.704999923706055,31.760000228881836,31.760000228881836,7550
2024-01-09 12:05:00-05:00,31.770000457763672,31.78499984741211,31.731000900268555,31.760000228881836,31.760000228881836,4326
2024-01-09 12:10:00-05:00,31.770000457763672,31.809999465942383,31.760000228881836,31.795000076293945,31.795000076293945,3772
2024-01-09 12:15:00-05:00,31.809999465942383,31.809999465942383,31.770000457763672,31.780000686645508,31.780000686645508,2287
2024-01-09 12:20:00-05:00,31.770000457763672,31.78499984741211,31.760000228881836,31.770000457763672,31.770000457763672,3432
2024-01-09 12:25:00-05:00,31.770000457763672,31.770000457763672,31.739999771118164,31.739999771118164,31.739999771118164,2506
2024-01-09 12:30:00-05:00,31.75,31.770000457763672,31.74880027770996,31.760000228881836,31.760000228881836,5745
2024-01-09 12:35:00-05:00,31.770000457763672,31.778200149536133,31.729999542236328,31.729999542236328,31.729999542236328,2410
2024-01-09 12:40:00-05:00,31.75,31.790000915527344,31.75,31.790000915527344,31.790000915527344,4408
2024-01-09 12:45:00-05:00,31.799999237060547,31.80500030517578,31.779600143432617,31.779600143432617,31.779600143432617,4846
2024-01-09 12:50:00-05:00,31.729999542236328,31.729999542236328,31.709999084472656,31.718700408935547,31.718700408935547,2224
2024-01-09 12:55:00-05:00,31.709999084472656,31.735000610351562,31.709999084472656,31.729999542236328,31.729999542236328,4142
2024-01-09 13:00:00-05:00,31.729999542236328,31.75,31.719999313354492,31.739999771118164,31.739999771118164,6051
2024-01-09 13:05:00-05:00,31.75,31.75,31.65999984741211,31.65999984741211,31.65999984741211,2872
2024-01-09 13:10:00-05:00,31.670000076293945,31.700000762939453,31.649999618530273,31.65999984741211,31.65999984741211,5850
2024-01-09 13:15:00-05:00,31.670000076293945,31.709999084472656,31.65999984741211,31.674999237060547,31.674999237060547,2801
2024-01-09 13:20:00-05:00,31.65999984741211,31.68000030517578,31.649999618530273,31.674999237060547,31.674999237060547,5577
2024-01-09 13:25:00-05:00,31.68000030517578,31.719999313354492,31.639999389648438,31.709999084472656,31.709999084472656,85533
2024-01-09 13:30:00-05:00,31.704999923706055,31.709999084472656,31.665000915527344,31.665000915527344,31.665000915527344,4898
2024-01-09 13:35:00-05:00,31.665000915527344,31.700000762939453,31.649999618530273,31.684999465942383,31.684999465942383,22923
2024-01-09 13:40:00-05:00,31.700000762939453,31.71500015258789,31.690000534057617,31.71500015258789,31.71500015258789,4634
2024-01-09 13:45:00-05:00,31.719999313354492,31.760000228881836,31.709999084472656,31.760000228881836,31.760000228881836,7549
2024-01-09 13:50:00-05:00,31.760000228881836,31.84000015258789,31.760000228881836,31.834999084472656,31.834999084472656,16839
2024-01-09 13:55:00-05:00,31.84000015258789,31.959999084472656,31.84000015258789,31.93000030517578,31.93000030517578,12236
2024-01-09 14:00:00-05:00,31.8799991607666,31.8799991607666,31.7549991607666,31.770000457763672,31.770000457763672,13790
2024-01-09 14:05:00-05:00,31.770000457763672,31.809999465942383,31.760000228881836,31.790000915527344,31.790000915527344,6619
2024-01-09 14:10:00-05:00,31.795000076293945,31.809999465942383,31.65999984741211,31.65999984741211,31.65999984741211,3267
2024-01-09 14:15:00-05:00,31.649999618530273,31.719999313354492,31.649999618530273,31.709999084472656,31.709999084472656,17634
2024-01-09 14:20:00-05:00,31.719999313354492,31.760000228881836,31.71500015258789,31.719999313354492,31.719999313354492,6607
2024-01-09 14:25:00-05:00,31.704999923706055,31.729999542236328,31.65999984741211,31.690000534057617,31.690000534057617,6452
2024-01-09 14:30:00-05:00,31.68000030517578,31.690000534057617,31.65999984741211,31.665000915527344,31.665000915527344,5391
2024-01-09 14:35:00-05:00,31.670000076293945,31.690000534057617,31.645000457763672,31.68000030517578,31.68000030517578,23323
2024-01-09 14:40:00-05:00,31.670000076293945,31.709999084472656,31.670000076293945,31.690000534057617,31.690000534057617,6905
2024-01-09 14:45:00-05:00,31.690000534057617,31.75,31.68000030517578,31.690000534057617,31.690000534057617,6381
2024-01-09 14:50:00-05:00,31.690000534057617,31.712499618530273,31.670000076293945,31.704999923706055,31.704999923706055,4976
2024-01-09 14:55:00-05:00,31.690000534057617,31.690000534057617,31.65999984741211,31.68000030517578,31.68000030517578,7918
2024-01-09 15:00:00-05:00,31.665000915527344,31.69499969482422,31.65999984741211,31.68000030517578,31.68000030517578,8610
2024-01-09 15:05:00-05:00,31.68000030517578,31.690000534057617,31.6299991607666,31.639999389648438,31.639999389648438,9300
2024-01-09 15:10:00-05:00,31.639999389648438,31.68000030517578,31.639999389648438,31.670000076293945,31.670000076293945,14512
2024-01-09 15:15:00-05:00,31.649999618530273,31.670000076293945,31.645000457763672,31.655000686645508,31.655000686645508,19048
2024-01-09 15:20:00-05:00,31.649999618530273,31.65999984741211,31.59000015258789,31.649999618530273,31.649999618530273,29062
2024-01-09 15:25:00-05:00,31.649999618530273,31.670000076293945,31.639999389648438,31.649999618530273,31.649999618530273,21891
2024-01-09 15:30:00-05:00,31.649999618530273,31.65999984741211,31.489999771118164,31.490999221801758,31.490999221801758,15433
2024-01-09 15:35:00-05:00,31.479999542236328,31.479999542236328,31.3799991607666,31.3799991607666,31.3799991607666,18317
2024-01-09 15:40:00-05:00,31.3799991607666,31.454999923706055,31.360000610351562,31.40999984741211,31.40999984741211,25597
2024-01-09 15:45:00-05:00,31.400999069213867,31.459999084472656,31.399999618530273,31.415000915527344,31.415000915527344,50221
2024-01-09 15:50:00-05:00,31.40999984741211,31.46500015258789,31.40999984741211,31.459999084472656,31.459999084472656,36018
2024-01-09 15:55:00-05:00,31.459999084472656,31.610000610351562,31.454999923706055,31.459999084472656,31.459999084472656,181373
2024-01-10 09:30:00-05:00,31.579999923706055,31.579999923706055,31.09000015258789,31.344999313354492,31.344999313354492,10677
2024-01-10 09:35:00-05:00,31.388399124145508,31.388399124145508,31.388399124145508,31.388399124145508,31.388399124145508,1257
2024-01-10 09:40:00-05:00,31.274999618530273,31.350000381469727,31.274999618530273,31.350000381469727,31.350000381469727,1885
2024-01-10 09:45:00-05:00,31.344999313354492,31.344999313354492,31.239999771118164,31.239999771118164,31.239999771118164,4748
2024-01-10 09:50:00-05:00,31.190000534057617,31.190000534057617,31.040000915527344,31.049999237060547,31.049999237060547,13201
2024-01-10 09:55:00-05:00,31.05500030517578,31.100000381469727,30.889999389648438,30.934999465942383,30.934999465942383,18180
2024-01-10 10:00:00-05:00,30.950000762939453,30.95199966430664,30.780000686645508,30.780000686645508,30.780000686645508,8865
2024-01-10 10:05:00-05:00,30.729999542236328,30.77899932861328,30.700000762939453,30.764999389648438,30.764999389648438,7684
2024-01-10 10:10:00-05:00,30.760000228881836,30.760000228881836,30.65999984741211,30.674999237060547,30.674999237060547,2146
2024-01-10 10:15:00-05:00,30.690000534057617,30.690000534057617,30.524999618530273,30.579999923706055,30.579999923706055,11653
2024-01-10 10:20:00-05:00,30.579999923706055,30.700000762939453,30.579999923706055,30.68000030517578,30.68000030517578,3981
2024-01-10 10:25:00-05:00,30.66010093688965,30.719999313354492,30.6299991607666,30.719999313354492,30.719999313354492,6197
2024-01-10 10:30:00-05:00,30.690000534057617,30.694000244140625,30.549999237060547,30.549999237060547,30.549999237060547,5276
2024-01-10 10:35:00-05:00,30.549999237060547,30.565000534057617,30.459999084472656,30.469999313354492,30.469999313354492,9403
2024-01-10 10:40:00-05:00,30.450000762939453,30.450000762939453,30.34000015258789,30.360000610351562,30.360000610351562,13175
2024-01-10 10:45:00-05:00,30.309999465942383,30.36750030517578,30.219999313354492,30.219999313354492,30.219999313354492,11486
2024-01-10 10:50:00-05:00,30.229999542236328,30.25,30.170000076293945,30.25,30.25,12796
2024-01-10 10:55:00-05:00,30.25,30.3799991607666,30.25,30.3799991607666,30.3799991607666,10714
2024-01-10 11:00:00-05:00,30.389999389648438,30.40999984741211,30.360000610351562,30.385000228881836,30.385000228881836,3930
2024-01-10 11:05:00-05:00,30.3700008392334,30.3700008392334,30.329999923706055,30.329999923706055,30.329999923706055,1839
2024-01-10 11:10:00-05:00,30.299999237060547,30.350000381469727,30.299999237060547,30.31999969482422,30.31999969482422,6548
2024-01-10 11:15:00-05:00,30.31999969482422,30.350000381469727,30.299999237060547,30.3341007232666,30.3341007232666,4517
2024-01-10 11:20:00-05:00,30.34000015258789,30.38719940185547,30.31999969482422,30.38719940185547,30.38719940185547,5878
2024-01-10 11:25:00-05:00,30.359899520874023,30.3799991607666,30.344999313354492,30.350000381469727,30.350000381469727,2977
2024-01-10 11:30:00-05:00,30.3700008392334,30.3700008392334,30.299999237060547,30.350000381469727,30.350000381469727,11344
2024-01-10 11:35:00-05:00,30.360000610351562,30.3799991607666,30.334999084472656,30.334999084472656,30.334999084472656,3177
2024-01-10 11:40:00-05:00,30.334999084472656,30.350000381469727,30.315000534057617,30.34000015258789,30.34000015258789,3351
2024-01-10 11:45:00-05:00,30.350000381469727,30.3799991607666,30.299999237060547,30.31999969482422,30.31999969482422,40271
2024-01-10 11:50:00-05:00,30.299999237060547,30.309999465942383,30.299999237060547,30.299999237060547,30.299999237060547,6021
2024-01-10 11:55:00-05:00,30.31999969482422,30.31999969482422,30.229999542236328,30.239999771118164,30.239999771118164,23678
2024-01-10 12:00:00-05:00,30.219999313354492,30.229999542236328,30.15999984741211,30.200000762939453,30.200000762939453,6276
2024-01-10 12:05:00-05:00,30.200000762939453,30.200000762939453,30.14699935913086,30.18000030517578,30.18000030517578,5022
2024-01-10 12:10:00-05:00,30.173999786376953,30.200000762939453,30.149999618530273,30.200000762939453,30.200000762939453,4289
2024-01-10 12:15:00-05:00,30.149999618530273,30.155000686645508,30.1200008392334,30.155000686645508,30.155000686645508,6871
2024-01-10 12:20:00-05:00,30.1299991607666,30.15999984741211,30.1299991607666,30.139999389648438,30.139999389648438,2060
2024-01-10 12:25:00-05:00,30.139999389648438,30.155000686645508,30.114999771118164,30.1200008392334,30.1200008392334,5539
2024-01-10 12:30:00-05:00,30.1200008392334,30.15999984741211,30.079999923706055,30.079999923706055,30.079999923706055,7753
2024-01-10 12:35:00-05:00,30.08989906311035,30.145000457763672,30.079999923706055,30.1200008392334,30.1200008392334,3738
2024-01-10 12:40:00-05:00,30.131999969482422,30.131999969482422,30.059999465942383,30.065000534057617,30.065000534057617,3144
2024-01-10 12:45:00-05:00,30.059999465942383,30.06999969482422,30.049999237060547,30.065000534057617,30.065000534057617,5564
2024-01-10 12:50:00-05:00,30.084999084472656,30.09000015258789,30.040000915527344,30.06999969482422,30.06999969482422,7804
2024-01-10 12:55:00-05:00,30.06999969482422,30.06999969482422,30.024999618530273,30.06999969482422,30.06999969482422,9779
2024-01-10 13:00:00-05:00,30.06399917602539,30.139999389648438,30.049999237060547,30.104700088500977,30.104700088500977,7734
2024-01-10 13:05:00-05:00,30.100000381469727,30.100000381469727,30.049999237060547,30.049999237060547,30.049999237060547,3351
2024-01-10 13:10:00-05:00,30.049999237060547,30.100000381469727,30.010000228881836,30.079999923706055,30.079999923706055,28463
2024-01-10 13:15:00-05:00,30.079999923706055,30.11989974975586,30.075000762939453,30.084999084472656,30.084999084472656,4993
2024-01-10 13:20:00-05:00,30.084999084472656,30.10689926147461,30.059999465942383,30.094999313354492,30.094999313354492,6078
2024-01-10 13:25:00-05:00,30.094999313354492,30.110000610351562,30.079999923706055,30.094999313354492,30.094999313354492,5770
2024-01-10 13:30:00-05:00,30.110000610351562,30.139999389648438,30.094999313354492,30.114999771118164,30.114999771118164,6319
2024-01-10 13:35:00-05:00,30.100000381469727,30.117000579833984,30.084999084472656,30.117000579833984,30.117000579833984,9732
2024-01-10 13:40:00-05:00,30.1200008392334,30.170000076293945,30.110000610351562,30.170000076293945,30.170000076293945,8706
2024-01-10 13:45:00-05:00,30.167800903320312,30.19969940185547,30.149999618530273,30.149999618530273,30.149999618530273,6861
2024-01-10 13:50:00-05:00,30.165000915527344,30.18000030517578,30.139999389648438,30.18000030517578,30.18000030517578,6742
2024-01-10 13:55:00-05:00,30.17650032043457,30.17650032043457,30.149999618530273,30.170000076293945,30.170000076293945,2563
2024-01-10 14:00:00-05:00,30.15999984741211,30.1697998046875,30.079999923706055,30.079999923706055,30.079999923706055,5320
2024-01-10 14:05:00-05:00,30.065000534057617,30.09000015258789,30.059999465942383,30.06999969482422,30.06999969482422,4570
2024-01-10 14:10:00-05:00,30.059999465942383,30.110000610351562,30.049999237060547,30.06999969482422,30.06999969482422,5674
2024-01-10 14:15:00-05:00,30.06999969482422,30.110000610351562,30.06999969482422,30.079999923706055,30.079999923706055,2726
2024-01-10 14:20:00-05:00,30.09000015258789,30.184999465942383,30.09000015258789,30.184999465942383,30.184999465942383,7372
2024-01-10 14:25:00-05:00,30.18000030517578,30.190000534057617,30.125,30.135000228881836,30.135000228881836,6042
2024-01-10 14:30:00-05:00,30.149999618530273,30.149999618530273,30.110000610351562,30.145000457763672,30.145000457763672,4666
2024-01-10 14:35:00-05:00,30.149999618530273,30.149999618530273,30.1200008392334,30.139999389648438,30.139999389648438,3410
2024-01-10 14:40:00-05:00,30.139999389648438,30.190000534057617,30.1200008392334,30.190000534057617,30.190000534057617,4498
2024-01-10 14:45:00-05:00,30.18000030517578,30.18000030517578,30.1299991607666,30.1299991607666,30.1299991607666,6715
2024-01-10 14:50:00-05:00,30.1299991607666,30.149999618530273,30.1200008392334,30.1299991607666,30.1299991607666,4844
2024-01-10 14:55:00-05:00,30.1299991607666,30.160900115966797,30.1299991607666,30.149999618530273,30.149999618530273,8624
2024-01-10 15:00:00-05:00,30.149999618530273,30.149999618530273,30.110000610351562,30.110000610351562,30.110000610351562,2923
2024-01-10 15:05:00-05:00,30.1200008392334,30.149999618530273,30.110000610351562,30.139999389648438,30.139999389648438,9358
2024-01-10 15:10:00-05:00,30.149999618530273,30.174999237060547,30.110000610351562,30.135000228881836,30.135000228881836,7008
2024-01-10 15:15:00-05:00,30.139999389648438,30.219999313354492,30.1299991607666,30.200000762939453,30.200000762939453,13716
2024-01-10 15:20:00-05:00,30.209999084472656,30.235000610351562,30.190000534057617,30.204999923706055,30.204999923706055,23640
2024-01-10 15:25:00-05:00,30.219999313354492,30.239999771118164,30.200000762939453,30.209999084472656,30.209999084472656,10853
2024-01-10 15:30:00-05:00,30.200000762939453,30.219999313354492,30.1299991607666,30.139999389648438,30.139999389648438,31509
2024-01-10 15:35:00-05:00,30.139999389648438,30.25,30.06999969482422,30.149999618530273,30.149999618530273,51250
2024-01-10 15:40:00-05:00,30.15999984741211,30.219999313354492,30.110000610351562,30.149999618530273,30.149999618530273,69776
2024-01-10 15:45:00-05:00,30.155000686645508,30.190000534057617,30.094999313354492,30.139999389648438,30.139999389648438,54984
2024-01-10 15:50:00-05:00,30.139999389648438,30.18000030517578,30.1299991607666,30.165000915527344,30.165000915527344,44988
2024-01-10 15:55:00-05:00,30.165000915527344,30.21500015258789,30.139999389648438,30.149999618530273,30.149999618530273,108833
2024-01-11 09:30:00-05:00,30.34000015258789,30.479999542236328,30.34000015258789,30.3799991607666,30.3799991607666,18725
2024-01-11 09:35:00-05:00,30.329999923706055,30.389999389648438,30.31999969482422,30.389999389648438,30.389999389648438,2743
2024-01-11 09:40:00-05:00,30.40999984741211,30.524999618530273,30.40999984741211,30.524999618530273,30.524999618530273,4595
2024-01-11 09:45:00-05:00,30.510000228881836,30.604999542236328,30.434999465942383,30.479999542236328,30.479999542236328,7878
2024-01-11 09:50:00-05:00,30.479999542236328,30.489999771118164,30.3518009185791,30.389999389648438,30.389999389648438,4912
2024-01-11 09:55:00-05:00,30.44499969482422,30.44499969482422,30.360000610351562,30.360000610351562,30.360000610351562,1785
2024-01-11 10:00:00-05:00,30.315000534057617,30.344999313354492,30.16900062561035,30.220600128173828,30.220600128173828,4393
2024-01-11 10:05:00-05:00,30.183300018310547,30.260000228881836,30.139999389648438,30.190000534057617,30.190000534057617,7408
2024-01-11 10:10:00-05:00,30.200000762939453,30.299999237060547,30.190000534057617,30.299999237060547,30.299999237060547,3532
2024-01-11 10:15:00-05:00,30.299999237060547,30.389999389648438,30.290000915527344,30.3799991607666,30.3799991607666,7181
2024-01-11 10:20:00-05:00,30.399999618530273,30.43000030517578,30.3700008392334,30.399999618530273,30.399999618530273,7999
2024-01-11 10:25:00-05:00,30.389999389648438,30.45989990234375,30.389999389648438,30.440000534057617,30.440000534057617,3891
2024-01-11 10:30:00-05:00,30.41659927368164,30.41659927368164,30.350000381469727,30.350000381469727,30.350000381469727,955
2024-01-11 10:35:00-05:00,30.350000381469727,30.40999984741211,30.34000015258789,30.40999984741211,30.40999984741211,4884
2024-01-11 10:40:00-05:00,30.405000686645508,30.459999084472656,30.405000686645508,30.459999084472656,30.459999084472656,3224
2024-01-11 10:45:00-05:00,30.46500015258789,30.479999542236328,30.37299919128418,30.415000915527344,30.415000915527344,7184
2024-01-11 10:50:00-05:00,30.389999389648438,30.40999984741211,30.3799991607666,30.399999618530273,30.399999618530273,3512
2024-01-11 10:55:00-05:00,30.389999389648438,30.43000030517578,30.3799991607666,30.43000030517578,30.43000030517578,3861
2024-01-11 11:00:00-05:00,30.434999465942383,30.440000534057617,30.40999984741211,30.43000030517578,30.43000030517578,2794
2024-01-11 11:05:00-05:00,30.420000076293945,30.43000030517578,30.399999618530273,30.399999618530273,30.399999618530273,3242
2024-01-11 11:10:00-05:00,30.40999984741211,30.420000076293945,30.299999237060547,30.299999237060547,30.299999237060547,3094
2024-01-11 11:15:00-05:00,30.295000076293945,30.34000015258789,30.280000686645508,30.280000686645508,30.280000686645508,5306
2024-01-11 11:20:00-05:00,30.31999969482422,30.3799991607666,30.309999465942383,30.3799991607666,30.3799991607666,3743
2024-01-11 11:25:00-05:00,30.389999389648438,30.399999618530273,30.31599998474121,30.31999969482422,30.31999969482422,4226
2024-01-11 11:30:00-05:00,30.379499435424805,30.379499435424805,30.325000762939453,30.34000015258789,30.34000015258789,1398
2024-01-11 11:35:00-05:00,30.344999313354492,30.3799991607666,30.329999923706055,30.360000610351562,30.360000610351562,2743
2024-01-11 11:40:00-05:00,30.350000381469727,30.389999389648438,30.350000381469727,30.385000228881836,30.385000228881836,3535
2024-01-11 11:45:00-05:00,30.399999618530273,30.479999542236328,30.399999618530273,30.46500015258789,30.46500015258789,4613
2024-01-11 11:50:00-05:00,30.479999542236328,30.530000686645508,30.479999542236328,30.510000228881836,30.510000228881836,2884
2024-01-11 11:55:00-05:00,30.469999313354492,30.489999771118164,30.459999084472656,30.469999313354492,30.469999313354492,1509
2024-01-11 12:00:00-05:00,30.489999771118164,30.489999771118164,30.450000762939453,30.450000762939453,30.450000762939453,3161
2024-01-11 12:05:00-05:00,30.454999923706055,30.489999771118164,30.450000762939453,30.469999313354492,30.469999313354492,5084
2024-01-11 12:10:00-05:00,30.450000762939453,30.469999313354492,30.450000762939453,30.459999084472656,30.459999084472656,6357
2024-01-11 12:15:00-05:00,30.489999771118164,30.559999465942383,30.489999771118164,30.514999389648438,30.514999389648438,14378
2024-01-11 12:20:00-05:00,30.5,30.6200008392334,30.489999771118164,30.6200008392334,30.6200008392334,9315
2024-01-11 12:25:00-05:00,30.604999542236328,30.6200008392334,30.570100784301758,30.6200008392334,30.6200008392334,5887
2024-01-11 12:30:00-05:00,30.6200008392334,30.6200008392334,30.59000015258789,30.6200008392334,30.6200008392334,5501
2024-01-11 12:35:00-05:00,30.604999542236328,30.6200008392334,30.56999969482422,30.6200008392334,30.6200008392334,4948
2024-01-11 12:40:00-05:00,30.6200008392334,30.65999984741211,30.614999771118164,30.65999984741211,30.65999984741211,16211
2024-01-11 12:45:00-05:00,30.649999618530273,30.709999084472656,30.649999618530273,30.665000915527344,30.665000915527344,5918
2024-01-11 12:50:00-05:00,30.665000915527344,30.700000762939453,30.641000747680664,30.649999618530273,30.649999618530273,4125
2024-01-11 12:55:00-05:00,30.639999389648438,30.639999389648438,30.56999969482422,30.56999969482422,30.56999969482422,4746
2024-01-11 13:00:00-05:00,30.530000686645508,30.559999465942383,30.520000457763672,30.53499984741211,30.53499984741211,4102
2024-01-11 13:05:00-05:00,30.540000915527344,30.582500457763672,30.540000915527344,30.540000915527344,30.540000915527344,6995
2024-01-11 13:10:00-05:00,30.549999237060547,30.56999969482422,30.530000686645508,30.530000686645508,30.530000686645508,4944
2024-01-11 13:15:00-05:00,30.530000686645508,30.565000534057617,30.520000457763672,30.530000686645508,30.530000686645508,6186
2024-01-11 13:20:00-05:00,30.540000915527344,30.549999237060547,30.479999542236328,30.479999542236328,30.479999542236328,3232
2024-01-11 13:25:00-05:00,30.479999542236328,30.520000457763672,30.479999542236328,30.514999389648438,30.514999389648438,4130
2024-01-11 13:30:00-05:00,30.5,30.5,30.469999313354492,30.489999771118164,30.489999771118164,2759
2024-01-11 13:35:00-05:00,30.459999084472656,30.5,30.459999084472656,30.5,30.5,3549
2024-01-11 13:40:00-05:00,30.510000228881836,30.520000457763672,30.489999771118164,30.489999771118164,30.489999771118164,2452
2024-01-11 13:45:00-05:00,30.479999542236328,30.479999542236328,30.415000915527344,30.43000030517578,30.43000030517578,2318
2024-01-11 13:50:00-05:00,30.43000030517578,30.459999084472656,30.424999237060547,30.450000762939453,30.450000762939453,4511
2024-01-11 13:55:00-05:00,30.450000762939453,30.469999313354492,30.450000762939453,30.469999313354492,30.469999313354492,1104
2024-01-11 14:00:00-05:00,30.469999313354492,30.4950008392334,30.44499969482422,30.492900848388672,30.492900848388672,5970
2024-01-11 14:05:00-05:00,30.489999771118164,30.489999771118164,30.395000457763672,30.395000457763672,30.395000457763672,2864
2024-01-11 14:10:00-05:00,30.3700008392334,30.399999618530273,30.3700008392334,30.389999389648438,30.389999389648438,5296
2024-01-11 14:15:00-05:00,30.375,30.410999298095703,30.350000381469727,30.350000381469727,30.350000381469727,5109
2024-01-11 14:20:00-05:00,30.344999313354492,30.3700008392334,30.31999969482422,30.34000015258789,30.34000015258789,8263
2024-01-11 14:25:00-05:00,30.329999923706055,30.360000610351562,30.329999923706055,30.360000610351562,30.360000610351562,5428
2024-01-11 14:30:00-05:00,30.360000610351562,30.3700008392334,30.280000686645508,30.299999237060547,30.299999237060547,6428
2024-01-11 14:35:00-05:00,30.295000076293945,30.309999465942383,30.264999389648438,30.28499984741211,30.28499984741211,5039
2024-01-11 14:40:00-05:00,30.279600143432617,30.31999969482422,30.279600143432617,30.309999465942383,30.309999465942383,5237
2024-01-11 14:45:00-05:00,30.299999237060547,30.309999465942383,30.280000686645508,30.290000915527344,30.290000915527344,6911
2024-01-11 14:50:00-05:00,30.295000076293945,30.34000015258789,30.295000076293945,30.329999923706055,30.329999923706055,8946
2024-01-11 14:55:00-05:00,30.334999084472656,30.399499893188477,30.31999969482422,30.399499893188477,30.399499893188477,6301
2024-01-11 15:00:00-05:00,30.40999984741211,30.430999755859375,30.389999389648438,30.430999755859375,30.430999755859375,11273
2024-01-11 15:05:00-05:00,30.440000534057617,30.450000762939453,30.3700008392334,30.3799991607666,30.3799991607666,11825
2024-01-11 15:10:00-05:00,30.360000610351562,30.3700008392334,30.350000381469727,30.360000610351562,30.360000610351562,5017
2024-01-11 15:15:00-05:00,30.350000381469727,30.3799991607666,30.329999923706055,30.3799991607666,30.3799991607666,9851
2024-01-11 15:20:00-05:00,30.399999618530273,30.43000030517578,30.3799991607666,30.43000030517578,30.43000030517578,8155
2024-01-11 15:25:00-05:00,30.40999984741211,30.43000030517578,30.378999710083008,30.378999710083008,30.378999710083008,7111
2024-01-11 15:30:00-05:00,30.3799991607666,30.450000762939453,30.3799991607666,30.440000534057617,30.440000534057617,13703
2024-01-11 15:35:00-05:00,30.440000534057617,30.440000534057617,30.3799991607666,30.3799991607666,30.3799991607666,14604
2024-01-11 15:40:00-05:00,30.389999389648438,30.40999984741211,30.38129997253418,30.395000457763672,30.395000457763672,14099
2024-01-11 15:45:00-05:00,30.399999618530273,30.40999984741211,30.3700008392334,30.389999389648438,30.389999389648438,21034
2024-01-11 15:50:00-05:00,30.389999389648438,30.440000534057617,30.34000015258789,30.3799991607666,30.3799991607666,39529
2024-01-11 15:55:00-05:00,30.389999389648438,30.395000457763672,30.299999237060547,30.299999237060547,30.299999237060547,114522
2024-01-12 09:30:00-05:00,30.889999389648438,31.010000228881836,30.809999465942383,31.010000228881836,31.010000228881836,8967
2024-01-12 09:35:00-05:00,30.899999618530273,30.950000762939453,30.760000228881836,30.78499984741211,30.78499984741211,6529
2024-01-12 09:40:00-05:00,30.790000915527344,30.84000015258789,30.760000228881836,30.81999969482422,30.81999969482422,2585
2024-01-12 09:45:00-05:00,30.790000915527344,30.920000076293945,30.78499984741211,30.860000610351562,30.860000610351562,8184
2024-01-12 09:50:00-05:00,30.75979995727539,30.75979995727539,30.75979995727539,30.75979995727539,30.75979995727539,373
2024-01-12 09:55:00-05:00,30.75,30.760000228881836,30.700000762939453,30.75,30.75,2713
2024-01-12 10:00:00-05:00,30.700000762939453,30.700000762939453,30.520000457763672,30.520000457763672,30.520000457763672,3652
2024-01-12 10:05:00-05:00,30.5,30.622499465942383,30.479999542236328,30.622499465942383,30.622499465942383,2962
2024-01-12 10:10:00-05:00,30.614999771118164,30.719999313354492,30.614999771118164,30.709999084472656,30.709999084472656,2737
2024-01-12 10:15:00-05:00,30.700000762939453,30.73940086364746,30.65999984741211,30.73940086364746,30.73940086364746,4501
2024-01-12 10:20:00-05:00,30.729999542236328,30.770000457763672,30.670000076293945,30.770000457763672,30.770000457763672,6998
2024-01-12 10:25:00-05:00,30.739999771118164,30.739999771118164,30.68000030517578,30.68000030517578,30.68000030517578,3041
2024-01-12 10:30:00-05:00,30.65999984741211,30.670000076293945,30.59000015258789,30.59000015258789,30.59000015258789,3419
2024-01-12 10:35:00-05:00,30.59000015258789,30.600000381469727,30.5669002532959,30.56999969482422,30.56999969482422,5781
2024-01-12 10:40:00-05:00,30.549999237060547,30.579999923706055,30.510000228881836,30.579999923706055,30.579999923706055,2880
2024-01-12 10:45:00-05:00,30.56999969482422,30.56999969482422,30.530000686645508,30.559999465942383,30.559999465942383,3823
2024-01-12 10:50:00-05:00,30.56999969482422,30.592500686645508,30.549999237060547,30.579999923706055,30.579999923706055,7523
2024-01-12 10:55:00-05:00,30.639999389648438,30.65999984741211,30.59000015258789,30.59000015258789,30.59000015258789,3991
2024-01-12 11:00:00-05:00,30.594999313354492,30.670000076293945,30.594999313354492,30.670000076293945,30.670000076293945,1932
2024-01-12 11:05:00-05:00,30.65999984741211,30.65999984741211,30.600000381469727,30.610000610351562,30.610000610351562,3315
2024-01-12 11:10:00-05:00,30.610000610351562,30.610000610351562,30.530000686645508,30.530000686645508,30.530000686645508,2142
2024-01-12 11:15:00-05:00,30.510000228881836,30.579999923706055,30.510000228881836,30.549999237060547,30.549999237060547,11143
2024-01-12 11:20:00-05:00,30.549999237060547,30.599899291992188,30.549999237060547,30.599899291992188,30.599899291992188,2441
2024-01-12 11:25:00-05:00,30.6299991607666,30.6299991607666,30.610000610351562,30.614999771118164,30.614999771118164,1911
2024-01-12 11:30:00-05:00,30.614999771118164,30.6299991607666,30.594999313354492,30.6299991607666,30.6299991607666,3040
2024-01-12 11:35:00-05:00,30.6299991607666,30.6299991607666,30.56999969482422,30.575000762939453,30.575000762939453,4774
2024-01-12 11:40:00-05:00,30.600000381469727,30.600000381469727,30.565000534057617,30.575000762939453,30.575000762939453,1330
2024-01-12 11:45:00-05:00,30.56999969482422,30.57360076904297,30.549999237060547,30.56999969482422,30.56999969482422,2245
2024-01-12 11:50:00-05:00,30.559999465942383,30.559999465942383,30.510000228881836,30.540000915527344,30.540000915527344,2024
2024-01-12 11:55:00-05:00,30.540000915527344,30.559999465942383,30.530000686645508,30.559999465942383,30.559999465942383,1008
2024-01-12 12:00:00-05:00,30.59000015258789,30.600000381469727,30.579999923706055,30.59000015258789,30.59000015258789,1369
2024-01-12 12:05:00-05:00,30.579999923706055,30.600000381469727,30.530000686645508,30.559999465942383,30.559999465942383,3463
2024-01-12 12:10:00-05:00,30.540000915527344,30.569900512695312,30.540000915527344,30.569900512695312,30.569900512695312,2606
2024-01-12 12:15:00-05:00,30.559999465942383,30.559999465942383,30.540000915527344,30.545000076293945,30.545000076293945,3118
2024-01-12 12:20:00-05:00,30.514999389648438,30.514999389648438,30.479999542236328,30.485000610351562,30.485000610351562,2297
2024-01-12 12:25:00-05:00,30.489999771118164,30.524999618530273,30.479999542236328,30.524999618530273,30.524999618530273,2947
2024-01-12 12:30:00-05:00,30.530000686645508,30.549999237060547,30.510000228881836,30.530000686645508,30.530000686645508,2580
2024-01-12 12:35:00-05:00,30.514999389648438,30.514999389648438,30.489999771118164,30.489999771118164,30.489999771118164,1994
2024-01-12 12:40:00-05:00,30.5,30.510000228881836,30.479999542236328,30.479999542236328,30.479999542236328,1232
2024-01-12 12:45:00-05:00,30.485000610351562,30.540000915527344,30.485000610351562,30.524999618530273,30.524999618530273,1952
2024-01-12 12:50:00-05:00,30.540000915527344,30.545000076293945,30.526899337768555,30.526899337768555,30.526899337768555,1598
2024-01-12 12:55:00-05:00,30.549999237060547,30.565000534057617,30.5,30.565000534057617,30.565000534057617,6997
2024-01-12 13:00:00-05:00,30.579999923706055,30.604999542236328,30.565000534057617,30.565000534057617,30.565000534057617,2454
2024-01-12 13:05:00-05:00,30.569700241088867,30.569700241088867,30.530000686645508,30.540000915527344,30.540000915527344,3634
2024-01-12 13:10:00-05:00,30.559999465942383,30.559999465942383,30.549999237060547,30.549999237060547,30.549999237060547,781
2024-01-12 13:15:00-05:00,30.524700164794922,30.524700164794922,30.524700164794922,30.524700164794922,30.524700164794922,411
2024-01-12 13:20:00-05:00,30.549999237060547,30.559999465942383,30.53499984741211,30.549999237060547,30.549999237060547,3548
2024-01-12 13:25:00-05:00,30.549999237060547,30.56999969482422,30.548999786376953,30.56999969482422,30.56999969482422,1762
2024-01-12 13:30:00-05:00,30.576000213623047,30.6200008392334,30.559999465942383,30.6200008392334,30.6200008392334,2474
2024-01-12 13:35:00-05:00,30.625,30.65999984741211,30.625,30.65999984741211,30.65999984741211,1600
2024-01-12 13:40:00-05:00,30.690000534057617,30.709999084472656,30.68000030517578,30.709999084472656,30.709999084472656,10493
2024-01-12 13:45:00-05:00,30.709999084472656,30.735000610351562,30.68000030517578,30.700000762939453,30.700000762939453,3933
2024-01-12 13:50:00-05:00,30.700000762939453,30.70039939880371,30.68000030517578,30.690000534057617,30.690000534057617,1620
2024-01-12 13:55:00-05:00,30.700000762939453,30.729999542236328,30.700000762939453,30.729999542236328,30.729999542236328,1548
2024-01-12 14:00:00-05:00,30.700000762939453,30.700000762939453,30.665000915527344,30.68000030517578,30.68000030517578,3151
2024-01-12 14:05:00-05:00,30.670000076293945,30.68000030517578,30.65999984741211,30.68000030517578,30.68000030517578,2242
2024-01-12 14:10:00-05:00,30.690000534057617,30.700000762939453,30.68000030517578,30.700000762939453,30.700000762939453,2005
2024-01-12 14:15:00-05:00,30.735000610351562,30.735000610351562,30.709999084472656,30.709999084472656,30.709999084472656,928
2024-01-12 14:20:00-05:00,30.709999084472656,30.709999084472656,30.65999984741211,30.670000076293945,30.670000076293945,3209
2024-01-12 14:25:00-05:00,30.68000030517578,30.69499969482422,30.68000030517578,30.69499969482422,30.69499969482422,2352
2024-01-12 14:30:00-05:00,30.65999984741211,30.690000534057617,30.65999984741211,30.67140007019043,30.67140007019043,3078
2024-01-12 14:35:00-05:00,30.68000030517578,30.70989990234375,30.68000030517578,30.70989990234375,30.70989990234375,1477
2024-01-12 14:40:00-05:00,30.690000534057617,30.690000534057617,30.65999984741211,30.670000076293945,30.670000076293945,1969
2024-01-12 14:45:00-05:00,30.670000076293945,30.684999465942383,30.649999618530273,30.68000030517578,30.68000030517578,3982
2024-01-12 14:50:00-05:00,30.68000030517578,30.700000762939453,30.68000030517578,30.700000762939453,30.700000762939453,2136
2024-01-12 14:55:00-05:00,30.690000534057617,30.71339988708496,30.68000030517578,30.713199615478516,30.713199615478516,3819
2024-01-12 15:00:00-05:00,30.709999084472656,30.709999084472656,30.655000686645508,30.68000030517578,30.68000030517578,4741
2024-01-12 15:05:00-05:00,30.670000076293945,30.690000534057617,30.649999618530273,30.690000534057617,30.690000534057617,3469
2024-01-12 15:10:00-05:00,30.719999313354492,30.719999313354492,30.690000534057617,30.709999084472656,30.709999084472656,3514
2024-01-12 15:15:00-05:00,30.719999313354492,30.739999771118164,30.700000762939453,30.700000762939453,30.700000762939453,3890
2024-01-12 15:20:00-05:00,30.704999923706055,30.75,30.704999923706055,30.75,30.75,4974
2024-01-12 15:25:00-05:00,30.760000228881836,30.770099639892578,30.75,30.764999389648438,30.764999389648438,3954
2024-01-12 15:30:00-05:00,30.76099967956543,30.790000915527344,30.75,30.790000915527344,30.790000915527344,9510
2024-01-12 15:35:00-05:00,30.799999237060547,30.809999465942383,30.790000915527344,30.791000366210938,30.791000366210938,9177
2024-01-12 15:40:00-05:00,30.790000915527344,30.834999084472656,30.780000686645508,30.834999084472656,30.834999084472656,9023
2024-01-12 15:45:00-05:00,30.850000381469727,30.895000457763672,30.850000381469727,30.895000457763672,30.895000457763672,17106
2024-01-12 15:50:00-05:00,30.90999984741211,30.93000030517578,30.850000381469727,30.8700008392334,30.8700008392334,22035
2024-01-12 15:55:00-05:00,30.875,30.875,30.84000015258789,30.84000015258789,30.84000015258789,56956
2024-01-16 09:30:00-05:00,30.770000457763672,31.045000076293945,30.700000762939453,30.700000762939453,30.700000762939453,33716
2024-01-16 09:35:00-05:00,30.610000610351562,30.610000610351562,30.469999313354492,30.501800537109375,30.501800537109375,14628
2024-01-16 09:40:00-05:00,30.520000457763672,30.540000915527344,30.34000015258789,30.34000015258789,30.34000015258789,12028
2024-01-16 09:45:00-05:00,30.309999465942383,30.346399307250977,30.15999984741211,30.15999984741211,30.15999984741211,10153
2024-01-16 09:50:00-05:00,30.18000030517578,30.219999313354492,30.1200008392334,30.18000030517578,30.18000030517578,11823
2024-01-16 09:55:00-05:00,30.18000030517578,30.24370002746582,30.173500061035156,30.200000762939453,30.200000762939453,7570
2024-01-16 10:00:00-05:00,30.25,30.28499984741211,30.219999313354492,30.229999542236328,30.229999542236328,17343
2024-01-16 10:05:00-05:00,30.225000381469727,30.389999389648438,30.19499969482422,30.3700008392334,30.3700008392334,10470
2024-01-16 10:10:00-05:00,30.39929962158203,30.40999984741211,30.295000076293945,30.299999237060547,30.299999237060547,9046
2024-01-16 10:15:00-05:00,30.309999465942383,30.3799991607666,30.264999389648438,30.3799991607666,30.3799991607666,5466
2024-01-16 10:20:00-05:00,30.395000457763672,30.485000610351562,30.375,30.485000610351562,30.485000610351562,4802
2024-01-16 10:25:00-05:00,30.5,30.59000015258789,30.489999771118164,30.560199737548828,30.560199737548828,7891
2024-01-16 10:30:00-05:00,30.575000762939453,30.6200008392334,30.549999237060547,30.559999465942383,30.559999465942383,6245
2024-01-16 10:35:00-05:00,30.559999465942383,30.6200008392334,30.540000915527344,30.6200008392334,30.6200008392334,5094
2024-01-16 10:40:00-05:00,30.600000381469727,30.649999618530273,30.594999313354492,30.6200008392334,30.6200008392334,7785
2024-01-16 10:45:00-05:00,30.545000076293945,30.594999313354492,30.545000076293945,30.594999313354492,30.594999313354492,2165
2024-01-16 10:50:00-05:00,30.625,30.665000915527344,30.565000534057617,30.665000915527344,30.665000915527344,6040
2024-01-16 10:55:00-05:00,30.665000915527344,30.665000915527344,30.610000610351562,30.639999389648438,30.639999389648438,6621
2024-01-16 11:00:00-05:00,30.639999389648438,30.639999389648438,30.524999618530273,30.549999237060547,30.549999237060547,8216
2024-01-16 11:05:00-05:00,30.540000915527344,30.56999969482422,30.5,30.5,30.5,3668
2024-01-16 11:10:00-05:00,30.5049991607666,30.579999923706055,30.5,30.559999465942383,30.559999465942383,3033
2024-01-16 11:15:00-05:00,30.549999237060547,30.579999923706055,30.5,30.56999969482422,30.56999969482422,5461
2024-01-16 11:20:00-05:00,30.57900047302246,30.610000610351562,30.5762996673584,30.610000610351562,30.610000610351562,1974
2024-01-16 11:25:00-05:00,30.610000610351562,30.649999618530273,30.600000381469727,30.639999389648438,30.639999389648438,2386
2024-01-16 11:30:00-05:00,30.65999984741211,30.815000534057617,30.65999984741211,30.799999237060547,30.799999237060547,4383
2024-01-16 11:35:00-05:00,30.780000686645508,30.790000915527344,30.770000457763672,30.770000457763672,30.770000457763672,4235
2024-01-16 11:40:00-05:00,30.799999237060547,30.799999237060547,30.709999084472656,30.72599983215332,30.72599983215332,9682
2024-01-16 11:45:00-05:00,30.739999771118164,30.739999771118164,30.670000076293945,30.670000076293945,30.670000076293945,3754
2024-01-16 11:50:00-05:00,30.65999984741211,30.719999313354492,30.582500457763672,30.582500457763672,30.582500457763672,17507
2024-01-16 11:55:00-05:00,30.579999923706055,30.579999923706055,30.469999313354492,30.520000457763672,30.520000457763672,9333
2024-01-16 12:00:00-05:00,30.5,30.5,30.350000381469727,30.350000381469727,30.350000381469727,7670
2024-01-16 12:05:00-05:00,30.31999969482422,30.3700008392334,30.31999969482422,30.31999969482422,30.31999969482422,5612
2024-01-16 12:10:00-05:00,30.309999465942383,30.309999465942383,30.229999542236328,30.229999542236328,30.229999542236328,6214
2024-01-16 12:15:00-05:00,30.19729995727539,30.229999542236328,30.190000534057617,30.229999542236328,30.229999542236328,4175
2024-01-16 12:20:00-05:00,30.229999542236328,30.290000915527344,30.219999313354492,30.280000686645508,30.280000686645508,7810
2024-01-16 12:25:00-05:00,30.260000228881836,30.309999465942383,30.239999771118164,30.290000915527344,30.290000915527344,5377
2024-01-16 12:30:00-05:00,30.290000915527344,30.290000915527344,30.209999084472656,30.209999084472656,30.209999084472656,5968
2024-01-16 12:35:00-05:00,30.209999084472656,30.28499984741211,30.20009994506836,30.260000228881836,30.260000228881836,6379
2024-01-16 12:40:00-05:00,30.264999389648438,30.280000686645508,30.260000228881836,30.260000228881836,30.260000228881836,2434
2024-01-16 12:45:00-05:00,30.270000457763672,30.270000457763672,30.200000762939453,30.200000762939453,30.200000762939453,6829
2024-01-16 12:50:00-05:00,30.209999084472656,30.28499984741211,30.209999084472656,30.28499984741211,30.28499984741211,4349
2024-01-16 12:55:00-05:00,30.280000686645508,30.329999923706055,30.25,30.309999465942383,30.309999465942383,6883
2024-01-16 13:00:00-05:00,30.299999237060547,30.31999969482422,30.250099182128906,30.290000915527344,30.290000915527344,6002
2024-01-16 13:05:00-05:00,30.299999237060547,30.325000762939453,30.270000457763672,30.280000686645508,30.280000686645508,2692
2024-01-16 13:10:00-05:00,30.280000686645508,30.295000076293945,30.260000228881836,30.290000915527344,30.290000915527344,7031
2024-01-16 13:15:00-05:00,30.280000686645508,30.309999465942383,30.270000457763672,30.299999237060547,30.299999237060547,6351
2024-01-16 13:20:00-05:00,30.280000686645508,30.280000686645508,30.260000228881836,30.270000457763672,30.270000457763672,2638
2024-01-16 13:25:00-05:00,30.260000228881836,30.280000686645508,30.2450008392334,30.280000686645508,30.280000686645508,3992
2024-01-16 13:30:00-05:00,30.329999923706055,30.329999923706055,30.260000228881836,30.280000686645508,30.280000686645508,4473
2024-01-16 13:35:00-05:00,30.270000457763672,30.280000686645508,30.229999542236328,30.260000228881836,30.260000228881836,2743
2024-01-16 13:40:00-05:00,30.25,30.25,30.229999542236328,30.25,30.25,3517
2024-01-16 13:45:00-05:00,30.270000457763672,30.270000457763672,30.225000381469727,30.225000381469727,30.225000381469727,4755
2024-01-16 13:50:00-05:00,30.235000610351562,30.235000610351562,30.18000030517578,30.209999084472656,30.209999084472656,13008
2024-01-16 13:55:00-05:00,30.21500015258789,30.219999313354492,30.209999084472656,30.219999313354492,30.219999313354492,1532
2024-01-16 14:00:00-05:00,30.219999313354492,30.239999771118164,30.219999313354492,30.229999542236328,30.229999542236328,5861
2024-01-16 14:05:00-05:00,30.209999084472656,30.270000457763672,30.209999084472656,30.219999313354492,30.219999313354492,5427
2024-01-16 14:10:00-05:00,30.209999084472656,30.21500015258789,30.110000610351562,30.149999618530273,30.149999618530273,15445
2024-01-16 14:15:00-05:00,30.149999618530273,30.200000762939453,30.139999389648438,30.190000534057617,30.190000534057617,4484
2024-01-16 14:20:00-05:00,30.18000030517578,30.204999923706055,30.170000076293945,30.190000534057617,30.190000534057617,6630
2024-01-16 14:25:00-05:00,30.190000534057617,30.230100631713867,30.190000534057617,30.21500015258789,30.21500015258789,4066
2024-01-16 14:30:00-05:00,30.18000030517578,30.25,30.18000030517578,30.25,30.25,4789
2024-01-16 14:35:00-05:00,30.25,30.31999969482422,30.25,30.31999969482422,30.31999969482422,10989
2024-01-16 14:40:00-05:00,30.31999969482422,30.350000381469727,30.315000534057617,30.34000015258789,30.34000015258789,11953
2024-01-16 14:45:00-05:00,30.309999465942383,30.350000381469727,30.309999465942383,30.329999923706055,30.329999923706055,6865
2024-01-16 14:50:00-05:00,30.34000015258789,30.34000015258789,30.290000915527344,30.31999969482422,30.31999969482422,5424
2024-01-16 14:55:00-05:00,30.31999969482422,30.325000762939453,30.299999237060547,30.309999465942383,30.309999465942383,6925
2024-01-16 15:00:00-05:00,30.315000534057617,30.389999389648438,30.315000534057617,30.375,30.375,10051
2024-01-16 15:05:00-05:00,30.360000610351562,30.385000228881836,30.350000381469727,30.3799991607666,30.3799991607666,5088
2024-01-16 15:10:00-05:00,30.371000289916992,30.371999740600586,30.299999237060547,30.299999237060547,30.299999237060547,14877
2024-01-16 15:15:00-05:00,30.290000915527344,30.299999237060547,30.229999542236328,30.239999771118164,30.239999771118164,7012
2024-01-16 15:20:00-05:00,30.229999542236328,30.25,30.219999313354492,30.219999313354492,30.219999313354492,8395
2024-01-16 15:25:00-05:00,30.219999313354492,30.2450008392334,30.200000762939453,30.200000762939453,30.200000762939453,9481
2024-01-16 15:30:00-05:00,30.204999923706055,30.209999084472656,30.170000076293945,30.170000076293945,30.170000076293945,12639
2024-01-16 15:35:00-05:00,30.15999984741211,30.190000534057617,30.139999389648438,30.170000076293945,30.170000076293945,14249
2024-01-16 15:40:00-05:00,30.15999984741211,30.170000076293945,30.1299991607666,30.15999984741211,30.15999984741211,14625
2024-01-16 15:45:00-05:00,30.165000915527344,30.170000076293945,30.1299991607666,30.15999984741211,30.15999984741211,19098
2024-01-16 15:50:00-05:00,30.15999984741211,30.19499969482422,30.149999618530273,30.19499969482422,30.19499969482422,31305
2024-01-16 15:55:00-05:00,30.200000762939453,30.209999084472656,30.1200008392334,30.1299991607666,30.1299991607666,66786
2024-01-17 09:30:00-05:00,29.850000381469727,30.0,29.540000915527344,29.795000076293945,29.795000076293945,30514
2024-01-17 09:35:00-05:00,29.649999618530273,29.649999618530273,29.399999618530273,29.520000457763672,29.520000457763672,21858
2024-01-17 09:40:00-05:00,29.540000915527344,29.59000015258789,29.471200942993164,29.579999923706055,29.579999923706055,5657
2024-01-17 09:45:00-05:00,29.540000915527344,29.56999969482422,29.489999771118164,29.55500030517578,29.55500030517578,4802
2024-01-17 09:50:00-05:00,29.55500030517578,29.645000457763672,29.510000228881836,29.6299991607666,29.6299991607666,16637
2024-01-17 09:55:00-05:00,29.6299991607666,29.75,29.6299991607666,29.739999771118164,29.739999771118164,5643
2024-01-17 10:00:00-05:00,29.75,29.75,29.639999389648438,29.649999618530273,29.649999618530273,6907
2024-01-17 10:05:00-05:00,29.6299991607666,29.729999542236328,29.6299991607666,29.635000228881836,29.635000228881836,11297
2024-01-17 10:10:00-05:00,29.65999984741211,29.65999984741211,29.577199935913086,29.6299991607666,29.6299991607666,4955
2024-01-17 10:15:00-05:00,29.64900016784668,29.649999618530273,29.600000381469727,29.600000381469727,29.600000381469727,2526
2024-01-17 10:20:00-05:00,29.594999313354492,29.739999771118164,29.579999923706055,29.719999313354492,29.719999313354492,19321
2024-01-17 10:25:00-05:00,29.700000762939453,29.709999084472656,29.649999618530273,29.65999984741211,29.65999984741211,5629
2024-01-17 10:30:00-05:00,29.674999237060547,29.719999313354492,29.6200008392334,29.719999313354492,29.719999313354492,3779
2024-01-17 10:35:00-05:00,29.709999084472656,29.78499984741211,29.690000534057617,29.78499984741211,29.78499984741211,3831
2024-01-17 10:40:00-05:00,29.770000457763672,29.770000457763672,29.65999984741211,29.65999984741211,29.65999984741211,3325
2024-01-17 10:45:00-05:00,29.670000076293945,29.700000762939453,29.655000686645508,29.670000076293945,29.670000076293945,5588
2024-01-17 10:50:00-05:00,29.709999084472656,29.709999084472656,29.655000686645508,29.665000915527344,29.665000915527344,11452
2024-01-17 10:55:00-05:00,29.665000915527344,29.670000076293945,29.6200008392334,29.645000457763672,29.645000457763672,10118
2024-01-17 11:00:00-05:00,29.65999984741211,29.704999923706055,29.59000015258789,29.59000015258789,29.59000015258789,7706
2024-01-17 11:05:00-05:00,29.579999923706055,29.600000381469727,29.559999465942383,29.579999923706055,29.579999923706055,5419
2024-01-17 11:10:00-05:00,29.559999465942383,29.579999923706055,29.540000915527344,29.545000076293945,29.545000076293945,5305
2024-01-17 11:15:00-05:00,29.552000045776367,29.559999465942383,29.5,29.559999465942383,29.559999465942383,7378
2024-01-17 11:20:00-05:00,29.55500030517578,29.55500030517578,29.514999389648438,29.549999237060547,29.549999237060547,4803
2024-01-17 11:25:00-05:00,29.549999237060547,29.549999237060547,29.459999084472656,29.489999771118164,29.489999771118164,6254
2024-01-17 11:30:00-05:00,29.479999542236328,29.530000686645508,29.450000762939453,29.530000686645508,29.530000686645508,6632
2024-01-17 11:35:00-05:00,29.549999237060547,29.577999114990234,29.510000228881836,29.510000228881836,29.510000228881836,6583
2024-01-17 11:40:00-05:00,29.510000228881836,29.540000915527344,29.510000228881836,29.540000915527344,29.540000915527344,2146
2024-01-17 11:45:00-05:00,29.530000686645508,29.559999465942383,29.510099411010742,29.524999618530273,29.524999618530273,2973
2024-01-17 11:50:00-05:00,29.510000228881836,29.559999465942383,29.489999771118164,29.559999465942383,29.559999465942383,10434
2024-01-17 11:55:00-05:00,29.559999465942383,29.6299991607666,29.540000915527344,29.6200008392334,29.6200008392334,2324
2024-01-17 12:00:00-05:00,29.639999389648438,29.639999389648438,29.6299991607666,29.639999389648438,29.639999389648438,1876
2024-01-17 12:05:00-05:00,29.6200008392334,29.6200008392334,29.57390022277832,29.57390022277832,29.57390022277832,2445
2024-01-17 12:10:00-05:00,29.579999923706055,29.59000015258789,29.579999923706055,29.59000015258789,29.59000015258789,1218
2024-01-17 12:15:00-05:00,29.56999969482422,29.579999923706055,29.56999969482422,29.579999923706055,29.579999923706055,1744
2024-01-17 12:20:00-05:00,29.579999923706055,29.59000015258789,29.545000076293945,29.545000076293945,29.545000076293945,3954
2024-01-17 12:25:00-05:00,29.56999969482422,29.56999969482422,29.549999237060547,29.549999237060547,29.549999237060547,1636
2024-01-17 12:30:00-05:00,29.610000610351562,29.670000076293945,29.594999313354492,29.65999984741211,29.65999984741211,5220
2024-01-17 12:35:00-05:00,29.649999618530273,29.729999542236328,29.645000457763672,29.690000534057617,29.690000534057617,11526
2024-01-17 12:40:00-05:00,29.690000534057617,29.71500015258789,29.649999618530273,29.670000076293945,29.670000076293945,4408
2024-01-17 12:45:00-05:00,29.665000915527344,29.700000762939453,29.649999618530273,29.69499969482422,29.69499969482422,11489
2024-01-17 12:50:00-05:00,29.68000030517578,29.703800201416016,29.670000076293945,29.703800201416016,29.703800201416016,3114
2024-01-17 12:55:00-05:00,29.709999084472656,29.709999084472656,29.65999984741211,29.65999984741211,29.65999984741211,2770
2024-01-17 13:00:00-05:00,29.645700454711914,29.68000030517578,29.6299991607666,29.670000076293945,29.670000076293945,12540
2024-01-17 13:05:00-05:00,29.65999984741211,29.65999984741211,29.645000457763672,29.65999984741211,29.65999984741211,2726
2024-01-17 13:10:00-05:00,29.655000686645508,29.68000030517578,29.649999618530273,29.670000076293945,29.670000076293945,7616
2024-01-17 13:15:00-05:00,29.65999984741211,29.68000030517578,29.65999984741211,29.673999786376953,29.673999786376953,2826
2024-01-17 13:20:00-05:00,29.65999984741211,29.670000076293945,29.649999618530273,29.65999984741211,29.65999984741211,9418
2024-01-17 13:25:00-05:00,29.65999984741211,29.674999237060547,29.6200008392334,29.639999389648438,29.639999389648438,13751
2024-01-17 13:30:00-05:00,29.639999389648438,29.68000030517578,29.6299991607666,29.649999618530273,29.649999618530273,37066
2024-01-17 13:35:00-05:00,29.65999984741211,29.65999984741211,29.559999465942383,29.575000762939453,29.575000762939453,17411
2024-01-17 13:40:00-05:00,29.56999969482422,29.56999969482422,29.510000228881836,29.549999237060547,29.549999237060547,2750
2024-01-17 13:45:00-05:00,29.549999237060547,29.559999465942383,29.530099868774414,29.549999237060547,29.549999237060547,9894
2024-01-17 13:50:00-05:00,29.559999465942383,29.559999465942383,29.5049991607666,29.545000076293945,29.545000076293945,3738
2024-01-17 13:55:00-05:00,29.540000915527344,29.56999969482422,29.540000915527344,29.56999969482422,29.56999969482422,2628
2024-01-17 14:00:00-05:00,29.549999237060547,29.56999969482422,29.530000686645508,29.530000686645508,29.530000686645508,1878
2024-01-17 14:05:00-05:00,29.530000686645508,29.540000915527344,29.5,29.540000915527344,29.540000915527344,6802
2024-01-17 14:10:00-05:00,29.540000915527344,29.559999465942383,29.520000457763672,29.559999465942383,29.559999465942383,3271
2024-01-17 14:15:00-05:00,29.579999923706055,29.655000686645508,29.579999923706055,29.645000457763672,29.645000457763672,2273
2024-01-17 14:20:00-05:00,29.649999618530273,29.690000534057617,29.649999618530273,29.649999618530273,29.649999618530273,3573
2024-01-17 14:25:00-05:00,29.649999618530273,29.65999984741211,29.639999389648438,29.645000457763672,29.645000457763672,3004
2024-01-17 14:30:00-05:00,29.6299991607666,29.670000076293945,29.6299991607666,29.649999618530273,29.649999618530273,4467
2024-01-17 14:35:00-05:00,29.649099349975586,29.649999618530273,29.614999771118164,29.6299991607666,29.6299991607666,3929
2024-01-17 14:40:00-05:00,29.6200008392334,29.6299991607666,29.614999771118164,29.625,29.625,3893
2024-01-17 14:45:00-05:00,29.610000610351562,29.610000610351562,29.530000686645508,29.549999237060547,29.549999237060547,5825
2024-01-17 14:50:00-05:00,29.565000534057617,29.565000534057617,29.530000686645508,29.530000686645508,29.530000686645508,1806
2024-01-17 14:55:00-05:00,29.510000228881836,29.520000457763672,29.5,29.520000457763672,29.520000457763672,4070
2024-01-17 15:00:00-05:00,29.5,29.510000228881836,29.475000381469727,29.489999771118164,29.489999771118164,8893
2024-01-17 15:05:00-05:00,29.5,29.5,29.46500015258789,29.469999313354492,29.469999313354492,5302
2024-01-17 15:10:00-05:00,29.469999313354492,29.510000228881836,29.469999313354492,29.479999542236328,29.479999542236328,6878
2024-01-17 15:15:00-05:00,29.489999771118164,29.510000228881836,29.469999313354492,29.5,29.5,7226
2024-01-17 15:20:00-05:00,29.5,29.5,29.440000534057617,29.440000534057617,29.440000534057617,7777
2024-01-17 15:25:00-05:00,29.434999465942383,29.459999084472656,29.399999618530273,29.405000686645508,29.405000686645508,19824
2024-01-17 15:30:00-05:00,29.405000686645508,29.43000030517578,29.3700008392334,29.424999237060547,29.424999237060547,16909
2024-01-17 15:35:00-05:00,29.40999984741211,29.424999237060547,29.3799991607666,29.385000228881836,29.385000228881836,11952
2024-01-17 15:40:00-05:00,29.3799991607666,29.3799991607666,29.34000015258789,29.350000381469727,29.350000381469727,15322
2024-01-17 15:45:00-05:00,29.354999542236328,29.3799991607666,29.334999084472656,29.334999084472656,29.334999084472656,16607
2024-01-17 15:50:00-05:00,29.34000015258789,29.420000076293945,29.34000015258789,29.405000686645508,29.405000686645508,28309
2024-01-17 15:55:00-05:00,29.40999984741211,29.420000076293945,29.360000610351562,29.360000610351562,29.360000610351562,76029
2024-01-18 09:30:00-05:00,29.440000534057617,29.486400604248047,29.25,29.25,29.25,17242
2024-01-18 09:35:00-05:00,29.25,29.25,29.049999237060547,29.149999618530273,29.149999618530273,13049
2024-01-18 09:40:00-05:00,29.149999618530273,29.149999618530273,28.93000030517578,28.93000030517578,28.93000030517578,22890
2024-01-18 09:45:00-05:00,28.93000030517578,29.0049991607666,28.899999618530273,28.899999618530273,28.899999618530273,8498
2024-01-18 09:50:00-05:00,28.860000610351562,28.950000762939453,28.780000686645508,28.899999618530273,28.899999618530273,4546
2024-01-18 09:55:00-05:00,28.893999099731445,28.90999984741211,28.850000381469727,28.899999618530273,28.899999618530273,9660
2024-01-18 10:00:00-05:00,28.834999084472656,28.959999084472656,28.809999465942383,28.93000030517578,28.93000030517578,4853
2024-01-18 10:05:00-05:00,28.979999542236328,29.05340003967285,28.969999313354492,28.969999313354492,28.969999313354492,7423
2024-01-18 10:10:00-05:00,28.959999084472656,29.079999923706055,28.93000030517578,29.079999923706055,29.079999923706055,8371
2024-01-18 10:15:00-05:00,29.09000015258789,29.110000610351562,29.030000686645508,29.09000015258789,29.09000015258789,8725
2024-01-18 10:20:00-05:00,29.110000610351562,29.1200008392334,28.959999084472656,28.959999084472656,28.959999084472656,3668
2024-01-18 10:25:00-05:00,28.959999084472656,29.010000228881836,28.959999084472656,28.989999771118164,28.989999771118164,5408
2024-01-18 10:30:00-05:00,29.0,29.06999969482422,28.989999771118164,29.059999465942383,29.059999465942383,8391
2024-01-18 10:35:00-05:00,29.040000915527344,29.06999969482422,29.030000686645508,29.045000076293945,29.045000076293945,5981
2024-01-18 10:40:00-05:00,29.040000915527344,29.079999923706055,29.0049991607666,29.059999465942383,29.059999465942383,11304
2024-01-18 10:45:00-05:00,29.049999237060547,29.059999465942383,29.0,29.030000686645508,29.030000686645508,6836
2024-01-18 10:50:00-05:00,29.030000686645508,29.06999969482422,29.020000457763672,29.06999969482422,29.06999969482422,6774
2024-01-18 10:55:00-05:00,29.059999465942383,29.06999969482422,29.030000686645508,29.040000915527344,29.040000915527344,2155
2024-01-18 11:00:00-05:00,29.020000457763672,29.09000015258789,29.020000457763672,29.059999465942383,29.059999465942383,6162
2024-01-18 11:05:00-05:00,29.049999237060547,29.15999984741211,29.03569984436035,29.15999984741211,29.15999984741211,3949
2024-01-18 11:10:00-05:00,29.15999984741211,29.209999084472656,29.149999618530273,29.204999923706055,29.204999923706055,11445
2024-01-18 11:15:00-05:00,29.219999313354492,29.219999313354492,29.155000686645508,29.190000534057617,29.190000534057617,4548
2024-01-18 11:20:00-05:00,29.170000076293945,29.25,29.15999984741211,29.229999542236328,29.229999542236328,2267
2024-01-18 11:25:00-05:00,29.235000610351562,29.309999465942383,29.219999313354492,29.309999465942383,29.309999465942383,5164
2024-01-18 11:30:00-05:00,29.309999465942383,29.329999923706055,29.260000228881836,29.329999923706055,29.329999923706055,3558
2024-01-18 11:35:00-05:00,29.332000732421875,29.360000610351562,29.280000686645508,29.280000686645508,29.280000686645508,8523
2024-01-18 11:40:00-05:00,29.229999542236328,29.260000228881836,29.229999542236328,29.260000228881836,29.260000228881836,4745
2024-01-18 11:45:00-05:00,29.270000457763672,29.299999237060547,29.200000762939453,29.239999771118164,29.239999771118164,8180
2024-01-18 11:50:00-05:00,29.239999771118164,29.270000457763672,29.209999084472656,29.270000457763672,29.270000457763672,5919
2024-01-18 11:55:00-05:00,29.270000457763672,29.31999969482422,29.270000457763672,29.309999465942383,29.309999465942383,5171
2024-01-18 12:00:00-05:00,29.31999969482422,29.350000381469727,29.290000915527344,29.325000762939453,29.325000762939453,5243
2024-01-18 12:05:00-05:00,29.329999923706055,29.329999923706055,29.283700942993164,29.299999237060547,29.299999237060547,3834
2024-01-18 12:10:00-05:00,29.299999237060547,29.329999923706055,29.260000228881836,29.264999389648438,29.264999389648438,8769
2024-01-18 12:15:00-05:00,29.270000457763672,29.280000686645508,29.24370002746582,29.25,29.25,4730
2024-01-18 12:20:00-05:00,29.239999771118164,29.25,29.229999542236328,29.239999771118164,29.239999771118164,2387
2024-01-18 12:25:00-05:00,29.24220085144043,29.299999237060547,29.239999771118164,29.270000457763672,29.270000457763672,4939
2024-01-18 12:30:00-05:00,29.270000457763672,29.290000915527344,29.239999771118164,29.260000228881836,29.260000228881836,3343
2024-01-18 12:35:00-05:00,29.239999771118164,29.270000457763672,29.239999771118164,29.270000457763672,29.270000457763672,2092
2024-01-18 12:40:00-05:00,29.270000457763672,29.270000457763672,29.239999771118164,29.270000457763672,29.270000457763672,6561
2024-01-18 12:45:00-05:00,29.270000457763672,29.299999237060547,29.270000457763672,29.290000915527344,29.290000915527344,2920
2024-01-18 12:50:00-05:00,29.290000915527344,29.31999969482422,29.280000686645508,29.290000915527344,29.290000915527344,5624
2024-01-18 12:55:00-05:00,29.290000915527344,29.290000915527344,29.25,29.25,29.25,2668
2024-01-18 13:00:00-05:00,29.229999542236328,29.229999542236328,29.219999313354492,29.229999542236328,29.229999542236328,1750
2024-01-18 13:05:00-05:00,29.219999313354492,29.219999313354492,29.1200008392334,29.145000457763672,29.145000457763672,4071
2024-01-18 13:10:00-05:00,29.139999389648438,29.139999389648438,29.110000610351562,29.114999771118164,29.114999771118164,3897
2024-01-18 13:15:00-05:00,29.1200008392334,29.170000076293945,29.1200008392334,29.170000076293945,29.170000076293945,3997
2024-01-18 13:20:00-05:00,29.15999984741211,29.15999984741211,29.1200008392334,29.1200008392334,29.1200008392334,3269
2024-01-18 13:25:00-05:00,29.110000610351562,29.1299991607666,29.084999084472656,29.1299991607666,29.1299991607666,4452
2024-01-18 13:30:00-05:00,29.1299991607666,29.190000534057617,29.1299991607666,29.18000030517578,29.18000030517578,2263
2024-01-18 13:35:00-05:00,29.18000030517578,29.20599937438965,29.18000030517578,29.20599937438965,29.20599937438965,1763
2024-01-18 13:40:00-05:00,29.209999084472656,29.219999313354492,29.184999465942383,29.219999313354492,29.219999313354492,3488
2024-01-18 13:45:00-05:00,29.209999084472656,29.219999313354492,29.190000534057617,29.219999313354492,29.219999313354492,3952
2024-01-18 13:50:00-05:00,29.219999313354492,29.309999465942383,29.219999313354492,29.299999237060547,29.299999237060547,2422
2024-01-18 13:55:00-05:00,29.31999969482422,29.320899963378906,29.299999237060547,29.299999237060547,29.299999237060547,3840
2024-01-18 14:00:00-05:00,29.299999237060547,29.31999969482422,29.299999237060547,29.31999969482422,29.31999969482422,3535
2024-01-18 14:05:00-05:00,29.309999465942383,29.350000381469727,29.309999465942383,29.350000381469727,29.350000381469727,3077
2024-01-18 14:10:00-05:00,29.34000015258789,29.350000381469727,29.329999923706055,29.329999923706055,29.329999923706055,2420
2024-01-18 14:15:00-05:00,29.31999969482422,29.34000015258789,29.31999969482422,29.329999923706055,29.329999923706055,3778
2024-01-18 14:20:00-05:00,29.329999923706055,29.350000381469727,29.31999969482422,29.350000381469727,29.350000381469727,3184
2024-01-18 14:25:00-05:00,29.350000381469727,29.394800186157227,29.350000381469727,29.394800186157227,29.394800186157227,3203
2024-01-18 14:30:00-05:00,29.399999618530273,29.43000030517578,29.399999618530273,29.405000686645508,29.405000686645508,4760
2024-01-18 14:35:00-05:00,29.420000076293945,29.440000534057617,29.420000076293945,29.424999237060547,29.424999237060547,4294
2024-01-18 14:40:00-05:00,29.43000030517578,29.440000534057617,29.40999984741211,29.43000030517578,29.43000030517578,4500
2024-01-18 14:45:00-05:00,29.420000076293945,29.43000030517578,29.389999389648438,29.424999237060547,29.424999237060547,4922
2024-01-18 14:50:00-05:00,29.440000534057617,29.469999313354492,29.440000534057617,29.469999313354492,29.469999313354492,3041
2024-01-18 14:55:00-05:00,29.469999313354492,29.5,29.46500015258789,29.5,29.5,3657
2024-01-18 15:00:00-05:00,29.517499923706055,29.517499923706055,29.458999633789062,29.4950008392334,29.4950008392334,7410
2024-01-18 15:05:00-05:00,29.479999542236328,29.5,29.459999084472656,29.5,29.5,3219
2024-01-18 15:10:00-05:00,29.5,29.5,29.459999084472656,29.459999084472656,29.459999084472656,4991
2024-01-18 15:15:00-05:00,29.46500015258789,29.5,29.46500015258789,29.469999313354492,29.469999313354492,6301
2024-01-18 15:20:00-05:00,29.46500015258789,29.489900588989258,29.454999923706055,29.489900588989258,29.489900588989258,6053
2024-01-18 15:25:00-05:00,29.489999771118164,29.4950008392334,29.459999084472656,29.479999542236328,29.479999542236328,10125
2024-01-18 15:30:00-05:00,29.479999542236328,29.489999771118164,29.440000534057617,29.479999542236328,29.479999542236328,14125
2024-01-18 15:35:00-05:00,29.479999542236328,29.489900588989258,29.469999313354492,29.469999313354492,29.469999313354492,19561
2024-01-18 15:40:00-05:00,29.475000381469727,29.520000457763672,29.469999313354492,29.520000457763672,29.520000457763672,12916
2024-01-18 15:45:00-05:00,29.530000686645508,29.59000015258789,29.520000457763672,29.579999923706055,29.579999923706055,26878
2024-01-18 15:50:00-05:00,29.579999923706055,29.649999618530273,29.56999969482422,29.645000457763672,29.645000457763672,41419
2024-01-18 15:55:00-05:00,29.649999618530273,29.729999542236328,29.60099983215332,29.709999084472656,29.709999084472656,105467
2024-01-19 09:30:00-05:00,29.809999465942383,29.809999465942383,29.549999237060547,29.65999984741211,29.65999984741211,16636
2024-01-19 09:35:00-05:00,29.59000015258789,29.648000717163086,29.5,29.5,29.5,2713
2024-01-19 09:40:00-05:00,29.559999465942383,29.579999923706055,29.450000762939453,29.450000762939453,29.450000762939453,4443
2024-01-19 09:45:00-05:00,29.469999313354492,29.520000457763672,29.3700008392334,29.520000457763672,29.520000457763672,5285
2024-01-19 09:50:00-05:00,29.53499984741211,29.540000915527344,29.510000228881836,29.540000915527344,29.540000915527344,2510
2024-01-19 09:55:00-05:00,29.530000686645508,29.65999984741211,29.530000686645508,29.649999618530273,29.649999618530273,2340
2024-01-19 10:00:00-05:00,29.68000030517578,29.68000030517578,29.579999923706055,29.649999618530273,29.649999618530273,3664
2024-01-19 10:05:00-05:00,29.59000015258789,29.6200008392334,29.540000915527344,29.575000762939453,29.575000762939453,3514
2024-01-19 10:10:00-05:00,29.579999923706055,29.579999923706055,29.52989959716797,29.579999923706055,29.579999923706055,5213
2024-01-19 10:15:00-05:00,29.59160041809082,29.600000381469727,29.579999923706055,29.59000015258789,29.59000015258789,1349
2024-01-19 10:20:00-05:00,29.549999237060547,29.639999389648438,29.549999237060547,29.600000381469727,29.600000381469727,2344
2024-01-19 10:25:00-05:00,29.579999923706055,29.579999923706055,29.489999771118164,29.530000686645508,29.530000686645508,3876
2024-01-19 10:30:00-05:00,29.540000915527344,29.549999237060547,29.459999084472656,29.479999542236328,29.479999542236328,4597
2024-01-19 10:35:00-05:00,29.479999542236328,29.549999237060547,29.479999542236328,29.520000457763672,29.520000457763672,1528
2024-01-19 10:40:00-05:00,29.510000228881836,29.55500030517578,29.510000228881836,29.530000686645508,29.530000686645508,3564
2024-01-19 10:45:00-05:00,29.520000457763672,29.530000686645508,29.520000457763672,29.530000686645508,29.530000686645508,2391
2024-01-19 10:50:00-05:00,29.510000228881836,29.600000381469727,29.510000228881836,29.600000381469727,29.600000381469727,4486
2024-01-19 10:55:00-05:00,29.59000015258789,29.59000015258789,29.540000915527344,29.559999465942383,29.559999465942383,3090
2024-01-19 11:00:00-05:00,29.614999771118164,29.6299991607666,29.594999313354492,29.6200008392334,29.6200008392334,1611
2024-01-19 11:05:00-05:00,29.6200008392334,29.655000686645508,29.610000610351562,29.655000686645508,29.655000686645508,1962
2024-01-19 11:10:00-05:00,29.639999389648438,29.65999984741211,29.594999313354492,29.594999313354492,29.594999313354492,2518
2024-01-19 11:15:00-05:00,29.559999465942383,29.579999923706055,29.559999465942383,29.579999923706055,29.579999923706055,2134
2024-01-19 11:20:00-05:00,29.59000015258789,29.635000228881836,29.56999969482422,29.6299991607666,29.6299991607666,8795
2024-01-19 11:25:00-05:00,29.610000610351562,29.6299991607666,29.579999923706055,29.6299991607666,29.6299991607666,2894
2024-01-19 11:30:00-05:00,29.6200008392334,29.649999618530273,29.6200008392334,29.649999618530273,29.649999618530273,7658
2024-01-19 11:35:00-05:00,29.6299991607666,29.6299991607666,29.584999084472656,29.610000610351562,29.610000610351562,2926
2024-01-19 11:40:00-05:00,29.584999084472656,29.6200008392334,29.584999084472656,29.59000015258789,29.59000015258789,2983
2024-01-19 11:45:00-05:00,29.510000228881836,29.510099411010742,29.440000534057617,29.440000534057617,29.440000534057617,908
2024-01-19 11:50:00-05:00,29.43000030517578,29.46500015258789,29.420000076293945,29.459999084472656,29.459999084472656,3839
2024-01-19 11:55:00-05:00,29.434999465942383,29.489999771118164,29.42009925842285,29.489999771118164,29.489999771118164,2149
2024-01-19 12:00:00-05:00,29.5049991607666,29.51420021057129,29.479999542236328,29.510000228881836,29.510000228881836,5029
2024-01-19 12:05:00-05:00,29.510000228881836,29.530000686645508,29.5,29.514999389648438,29.514999389648438,1944
2024-01-19 12:10:00-05:00,29.5,29.514999389648438,29.469999313354492,29.510000228881836,29.510000228881836,3315
2024-01-19 12:15:00-05:00,29.5,29.540000915527344,29.4950008392334,29.530000686645508,29.530000686645508,4279
2024-01-19 12:20:00-05:00,29.530000686645508,29.540000915527344,29.530000686645508,29.540000915527344,29.540000915527344,1051
2024-01-19 12:25:00-05:00,29.549999237060547,29.600000381469727,29.549999237060547,29.600000381469727,29.600000381469727,3372
2024-01-19 12:30:00-05:00,29.600000381469727,29.610000610351562,29.565000534057617,29.579999923706055,29.579999923706055,4521
2024-01-19 12:35:00-05:00,29.56999969482422,29.579999923706055,29.55500030517578,29.55500030517578,29.55500030517578,3672
2024-01-19 12:40:00-05:00,29.540000915527344,29.540000915527344,29.514999389648438,29.520000457763672,29.520000457763672,1983
2024-01-19 12:45:00-05:00,29.549999237060547,29.549999237060547,29.53499984741211,29.540000915527344,29.540000915527344,3813
2024-01-19 12:50:00-05:00,29.549999237060547,29.559999465942383,29.540000915527344,29.559999465942383,29.559999465942383,1984
2024-01-19 12:55:00-05:00,29.559999465942383,29.56999969482422,29.549999237060547,29.565000534057617,29.565000534057617,2487
2024-01-19 13:00:00-05:00,29.56999969482422,29.56999969482422,29.520000457763672,29.520000457763672,29.520000457763672,2780
2024-01-19 13:05:00-05:00,29.510000228881836,29.55500030517578,29.510000228881836,29.540000915527344,29.540000915527344,4106
2024-01-19 13:10:00-05:00,29.540000915527344,29.600000381469727,29.540000915527344,29.600000381469727,29.600000381469727,2473
2024-01-19 13:15:00-05:00,29.600000381469727,29.639999389648438,29.600000381469727,29.600000381469727,29.600000381469727,2179
2024-01-19 13:20:00-05:00,29.600000381469727,29.678699493408203,29.600000381469727,29.670000076293945,29.670000076293945,5122
2024-01-19 13:25:00-05:00,29.668800354003906,29.719999313354492,29.649999618530273,29.719999313354492,29.719999313354492,6523
2024-01-19 13:30:00-05:00,29.709999084472656,29.709999084472656,29.690000534057617,29.690000534057617,29.690000534057617,2744
2024-01-19 13:35:00-05:00,29.69499969482422,29.69499969482422,29.670000076293945,29.670000076293945,29.670000076293945,1298
2024-01-19 13:40:00-05:00,29.65999984741211,29.709999084472656,29.65999984741211,29.709999084472656,29.709999084472656,4180
2024-01-19 13:45:00-05:00,29.709999084472656,29.735000610351562,29.690000534057617,29.700000762939453,29.700000762939453,5368
2024-01-19 13:50:00-05:00,29.709999084472656,29.719999313354492,29.690000534057617,29.69499969482422,29.69499969482422,3815
2024-01-19 13:55:00-05:00,29.700000762939453,29.719999313354492,29.690000534057617,29.719999313354492,29.719999313354492,3210
2024-01-19 14:00:00-05:00,29.719999313354492,29.760000228881836,29.704999923706055,29.760000228881836,29.760000228881836,3698
2024-01-19 14:05:00-05:00,29.770000457763672,29.770000457763672,29.739999771118164,29.760000228881836,29.760000228881836,4556
2024-01-19 14:10:00-05:00,29.764999389648438,29.81999969482422,29.764999389648438,29.81999969482422,29.81999969482422,4431
2024-01-19 14:15:00-05:00,29.815000534057617,29.84000015258789,29.796300888061523,29.82939910888672,29.82939910888672,4932
2024-01-19 14:20:00-05:00,29.81999969482422,29.829999923706055,29.799999237060547,29.829999923706055,29.829999923706055,2105
2024-01-19 14:25:00-05:00,29.829999923706055,29.8799991607666,29.829999923706055,29.860000610351562,29.860000610351562,7929
2024-01-19 14:30:00-05:00,29.8799991607666,29.885000228881836,29.829999923706055,29.864999771118164,29.864999771118164,5581
2024-01-19 14:35:00-05:00,29.829999923706055,29.84000015258789,29.793699264526367,29.833999633789062,29.833999633789062,10527
2024-01-19 14:40:00-05:00,29.834999084472656,29.860000610351562,29.829999923706055,29.860000610351562,29.860000610351562,4300
2024-01-19 14:45:00-05:00,29.860000610351562,29.889999389648438,29.850000381469727,29.889999389648438,29.889999389648438,4664
2024-01-19 14:50:00-05:00,29.899999618530273,29.90999984741211,29.8700008392334,29.905000686645508,29.905000686645508,5156
2024-01-19 14:55:00-05:00,29.90999984741211,29.934999465942383,29.899999618530273,29.899999618530273,29.899999618530273,9147
2024-01-19 15:00:00-05:00,29.8799991607666,29.8799991607666,29.809999465942383,29.860000610351562,29.860000610351562,8378
2024-01-19 15:05:00-05:00,29.850000381469727,29.864999771118164,29.834999084472656,29.84000015258789,29.84000015258789,3433
2024-01-19 15:10:00-05:00,29.829999923706055,29.850000381469727,29.81999969482422,29.81999969482422,29.81999969482422,4075
2024-01-19 15:15:00-05:00,29.829999923706055,29.834999084472656,29.809999465942383,29.834999084472656,29.834999084472656,3521
2024-01-19 15:20:00-05:00,29.829999923706055,29.84000015258789,29.809999465942383,29.81999969482422,29.81999969482422,5426
2024-01-19 15:25:00-05:00,29.809999465942383,29.829999923706055,29.809999465942383,29.829999923706055,29.829999923706055,5373
2024-01-19 15:30:00-05:00,29.81999969482422,29.834999084472656,29.790000915527344,29.81999969482422,29.81999969482422,10420
2024-01-19 15:35:00-05:00,29.81999969482422,29.864999771118164,29.81999969482422,29.850000381469727,29.850000381469727,8280
2024-01-19 15:40:00-05:00,29.850000381469727,29.8799991607666,29.829999923706055,29.8700008392334,29.8700008392334,12010
2024-01-19 15:45:00-05:00,29.860000610351562,29.917499542236328,29.860000610351562,29.90999984741211,29.90999984741211,13618
2024-01-19 15:50:00-05:00,29.90999984741211,29.969999313354492,29.90999984741211,29.969999313354492,29.969999313354492,24582
2024-01-19 15:55:00-05:00,29.969999313354492,30.020000457763672,29.959999084472656,30.0,30.0,58538
2024-01-22 09:30:00-05:00,30.0,30.059999465942383,29.815000534057617,30.03499984741211,30.03499984741211,16907
2024-01-22 09:35:00-05:00,30.0,30.049999237060547,29.92620086669922,30.0049991607666,30.0049991607666,3777
2024-01-22 09:40:00-05:00,30.059999465942383,30.190000534057617,30.059999465942383,30.165000915527344,30.165000915527344,6811
2024-01-22 09:45:00-05:00,30.1299991607666,30.1299991607666,30.059999465942383,30.075000762939453,30.075000762939453,6317
2024-01-22 09:50:00-05:00,30.09000015258789,30.189699172973633,30.049999237060547,30.125600814819336,30.125600814819336,4043
2024-01-22 09:55:00-05:00,30.15999984741211,30.18000030517578,30.078800201416016,30.14389991760254,30.14389991760254,5620
2024-01-22 10:00:00-05:00,30.1200008392334,30.139999389648438,30.0,30.03499984741211,30.03499984741211,7679
2024-01-22 10:05:00-05:00,30.040000915527344,30.229999542236328,30.040000915527344,30.229999542236328,30.229999542236328,7050
2024-01-22 10:10:00-05:00,30.219999313354492,30.360000610351562,30.200000762939453,30.34000015258789,30.34000015258789,9598
2024-01-22 10:15:00-05:00,30.3700008392334,30.455699920654297,30.3700008392334,30.424400329589844,30.424400329589844,14367
2024-01-22 10:20:00-05:00,30.399999618530273,30.532400131225586,30.399999618530273,30.420000076293945,30.420000076293945,11916
2024-01-22 10:25:00-05:00,30.459999084472656,30.469999313354492,30.350000381469727,30.38010025024414,30.38010025024414,6431
2024-01-22 10:30:00-05:00,30.420000076293945,30.420000076293945,30.360000610351562,30.370100021362305,30.370100021362305,5878
2024-01-22 10:35:00-05:00,30.354999542236328,30.399999618530273,30.299999237060547,30.389999389648438,30.389999389648438,13316
2024-01-22 10:40:00-05:00,30.399999618530273,30.433799743652344,30.3700008392334,30.389999389648438,30.389999389648438,6915
2024-01-22 10:45:00-05:00,30.3799991607666,30.389999389648438,30.3174991607666,30.33289909362793,30.33289909362793,4756
2024-01-22 10:50:00-05:00,30.360000610351562,30.399999618530273,30.299999237060547,30.299999237060547,30.299999237060547,9916
2024-01-22 10:55:00-05:00,30.263500213623047,30.43000030517578,30.24020004272461,30.40999984741211,30.40999984741211,10328
2024-01-22 11:00:00-05:00,30.409400939941406,30.40999984741211,30.270000457763672,30.280000686645508,30.280000686645508,4961
2024-01-22 11:05:00-05:00,30.25,30.31999969482422,30.25,30.28499984741211,30.28499984741211,2392
2024-01-22 11:10:00-05:00,30.270000457763672,30.309999465942383,30.270000457763672,30.299999237060547,30.299999237060547,3411
2024-01-22 11:15:00-05:00,30.280000686645508,30.309999465942383,30.280000686645508,30.309999465942383,30.309999465942383,5117
2024-01-22 11:20:00-05:00,30.30500030517578,30.31999969482422,30.297100067138672,30.309999465942383,30.309999465942383,3898
2024-01-22 11:25:00-05:00,30.329999923706055,30.329999923706055,30.260000228881836,30.31999969482422,30.31999969482422,2046
2024-01-22 11:30:00-05:00,30.329999923706055,30.34000015258789,30.309999465942383,30.34000015258789,30.34000015258789,3439
2024-01-22 11:35:00-05:00,30.329999923706055,30.3700008392334,30.31999969482422,30.3700008392334,30.3700008392334,3255
2024-01-22 11:40:00-05:00,30.329999923706055,30.350000381469727,30.290000915527344,30.295000076293945,30.295000076293945,2233
2024-01-22 11:45:00-05:00,30.309999465942383,30.31999969482422,30.299999237060547,30.31999969482422,30.31999969482422,6431
2024-01-22 11:50:00-05:00,30.309999465942383,30.31999969482422,30.2549991607666,30.274999618530273,30.274999618530273,6323
2024-01-22 11:55:00-05:00,30.260000228881836,30.329999923706055,30.25,30.329999923706055,30.329999923706055,2792
2024-01-22 12:00:00-05:00,30.337600708007812,30.344999313354492,30.309999465942383,30.309999465942383,30.309999465942383,2138
2024-01-22 12:05:00-05:00,30.280000686645508,30.280000686645508,30.25,30.25,30.25,3548
2024-01-22 12:10:00-05:00,30.2450008392334,30.25,30.200000762939453,30.229999542236328,30.229999542236328,3541
2024-01-22 12:15:00-05:00,30.22450065612793,30.229999542236328,30.209999084472656,30.209999084472656,30.209999084472656,3545
2024-01-22 12:20:00-05:00,30.219200134277344,30.280000686645508,30.216999053955078,30.280000686645508,30.280000686645508,2614
2024-01-22 12:25:00-05:00,30.270000457763672,30.288299560546875,30.260000228881836,30.264999389648438,30.264999389648438,2155
2024-01-22 12:30:00-05:00,30.259000778198242,30.31999969482422,30.259000778198242,30.309999465942383,30.309999465942383,4063
2024-01-22 12:35:00-05:00,30.30739974975586,30.3799991607666,30.298999786376953,30.3799991607666,30.3799991607666,3463
2024-01-22 12:40:00-05:00,30.3700008392334,30.3700008392334,30.3700008392334,30.3700008392334,30.3700008392334,565
2024-01-22 12:45:00-05:00,30.360000610351562,30.3799991607666,30.329999923706055,30.329999923706055,30.329999923706055,4722
2024-01-22 12:50:00-05:00,30.309999465942383,30.34000015258789,30.309999465942383,30.334999084472656,30.334999084472656,3235
2024-01-22 12:55:00-05:00,30.350000381469727,30.350000381469727,30.30500030517578,30.30500030517578,30.30500030517578,3000
2024-01-22 13:00:00-05:00,30.30500030517578,30.350000381469727,30.30500030517578,30.350000381469727,30.350000381469727,1867
2024-01-22 13:05:00-05:00,30.350000381469727,30.3799991607666,30.34000015258789,30.360000610351562,30.360000610351562,2764
2024-01-22 13:10:00-05:00,30.3700008392334,30.389999389648438,30.360000610351562,30.3799991607666,30.3799991607666,3027
2024-01-22 13:15:00-05:00,30.389999389648438,30.399999618530273,30.350000381469727,30.3700008392334,30.3700008392334,2911
2024-01-22 13:20:00-05:00,30.360000610351562,30.360000610351562,30.334999084472656,30.350000381469727,30.350000381469727,1800
2024-01-22 13:25:00-05:00,30.344999313354492,30.344999313354492,30.28499984741211,30.290000915527344,30.290000915527344,5007
2024-01-22 13:30:00-05:00,30.290000915527344,30.334999084472656,30.2893009185791,30.334999084472656,30.334999084472656,3082
2024-01-22 13:35:00-05:00,30.350000381469727,30.350000381469727,30.329999923706055,30.350000381469727,30.350000381469727,1916
2024-01-22 13:40:00-05:00,30.329999923706055,30.3799991607666,30.329999923706055,30.3799991607666,30.3799991607666,2866
2024-01-22 13:45:00-05:00,30.3799991607666,30.399999618530273,30.364999771118164,30.399999618530273,30.399999618530273,3484
2024-01-22 13:50:00-05:00,30.389999389648438,30.399999618530273,30.3799991607666,30.399999618530273,30.399999618530273,3367
2024-01-22 13:55:00-05:00,30.40999984741211,30.448699951171875,30.399999618530273,30.399999618530273,30.399999618530273,1707
2024-01-22 14:00:00-05:00,30.389999389648438,30.389999389648438,30.3799991607666,30.389999389648438,30.389999389648438,1298
2024-01-22 14:05:00-05:00,30.389999389648438,30.420000076293945,30.389999389648438,30.399999618530273,30.399999618530273,4054
2024-01-22 14:10:00-05:00,30.3700008392334,30.375,30.34000015258789,30.34000015258789,30.34000015258789,2026
2024-01-22 14:15:00-05:00,30.329999923706055,30.329999923706055,30.31999969482422,30.31999969482422,30.31999969482422,4674
2024-01-22 14:20:00-05:00,30.309999465942383,30.31839942932129,30.280000686645508,30.299999237060547,30.299999237060547,5107
2024-01-22 14:25:00-05:00,30.299999237060547,30.31999969482422,30.299999237060547,30.31999969482422,30.31999969482422,1594
2024-01-22 14:30:00-05:00,30.31999969482422,30.31999969482422,30.290000915527344,30.299999237060547,30.299999237060547,3995
2024-01-22 14:35:00-05:00,30.299999237060547,30.309999465942383,30.289899826049805,30.309999465942383,30.309999465942383,4065
2024-01-22 14:40:00-05:00,30.28499984741211,30.299999237060547,30.260000228881836,30.290000915527344,30.290000915527344,4990
2024-01-22 14:45:00-05:00,30.280000686645508,30.350099563598633,30.270000457763672,30.350000381469727,30.350000381469727,3782
2024-01-22 14:50:00-05:00,30.360000610351562,30.360000610351562,30.329999923706055,30.329999923706055,30.329999923706055,2051
2024-01-22 14:55:00-05:00,30.329999923706055,30.34000015258789,30.32830047607422,30.329999923706055,30.329999923706055,7642
2024-01-22 15:00:00-05:00,30.329999923706055,30.34000015258789,30.315000534057617,30.31999969482422,30.31999969482422,2373
2024-01-22 15:05:00-05:00,30.309999465942383,30.34000015258789,30.290000915527344,30.34000015258789,30.34000015258789,4708
2024-01-22 15:10:00-05:00,30.34000015258789,30.360000610351562,30.34000015258789,30.354999542236328,30.354999542236328,1723
2024-01-22 15:15:00-05:00,30.350000381469727,30.3700008392334,30.344999313354492,30.360000610351562,30.360000610351562,5337
2024-01-22 15:20:00-05:00,30.354999542236328,30.359800338745117,30.350000381469727,30.350000381469727,30.350000381469727,1919
2024-01-22 15:25:00-05:00,30.360000610351562,30.399999618530273,30.34000015258789,30.399999618530273,30.399999618530273,6809
2024-01-22 15:30:00-05:00,30.40999984741211,30.44499969482422,30.40999984741211,30.44499969482422,30.44499969482422,5327
2024-01-22 15:35:00-05:00,30.450000762939453,30.459999084472656,30.420000076293945,30.438899993896484,30.438899993896484,12147
2024-01-22 15:40:00-05:00,30.440000534057617,30.459999084472656,30.375,30.3799991607666,30.3799991607666,14269
2024-01-22 15:45:00-05:00,30.3799991607666,30.3799991607666,30.334999084472656,30.344999313354492,30.344999313354492,14466
2024-01-22 15:50:00-05:00,30.34000015258789,30.349899291992188,30.292499542236328,30.31999969482422,30.31999969482422,34277
2024-01-22 15:55:00-05:00,30.329999923706055,30.3700008392334,30.299999237060547,30.309999465942383,30.309999465942383,89027
2024-01-23 09:30:00-05:00,30.34000015258789,30.56999969482422,30.34000015258789,30.559999465942383,30.559999465942383,8808
2024-01-23 09:35:00-05:00,30.549999237060547,30.68000030517578,30.545000076293945,30.635000228881836,30.635000228881836,5105
2024-01-23 09:40:00-05:00,30.68000030517578,30.760000228881836,30.610000610351562,30.610000610351562,30.610000610351562,10725
2024-01-23 09:45:00-05:00,30.575000762939453,30.739999771118164,30.575000762939453,30.639999389648438,30.639999389648438,4206
2024-01-23 09:50:00-05:00,30.639999389648438,30.709999084472656,30.6299991607666,30.665000915527344,30.665000915527344,2286
2024-01-23 09:55:00-05:00,30.700000762939453,30.760000228881836,30.649999618530273,30.670000076293945,30.670000076293945,2365
2024-01-23 10:00:00-05:00,30.639999389648438,30.655000686645508,30.600000381469727,30.6200008392334,30.6200008392334,2408
2024-01-23 10:05:00-05:00,30.6200008392334,30.690000534057617,30.6200008392334,30.690000534057617,30.690000534057617,3305
2024-01-23 10:10:00-05:00,30.700000762939453,30.700000762939453,30.600000381469727,30.610000610351562,30.610000610351562,3420
2024-01-23 10:15:00-05:00,30.6200008392334,30.670000076293945,30.6200008392334,30.65999984741211,30.65999984741211,3162
2024-01-23 10:20:00-05:00,30.6200008392334,30.674999237060547,30.6200008392334,30.670000076293945,30.670000076293945,4932
2024-01-23 10:25:00-05:00,30.649999618530273,30.670000076293945,30.6200008392334,30.6200008392334,30.6200008392334,2749
2024-01-23 10:30:00-05:00,30.6200008392334,30.6299991607666,30.540000915527344,30.540000915527344,30.540000915527344,2658
2024-01-23 10:35:00-05:00,30.489999771118164,30.5,30.389999389648438,30.389999389648438,30.389999389648438,5327
2024-01-23 10:40:00-05:00,30.389999389648438,30.389999389648438,30.270000457763672,30.270000457763672,30.270000457763672,2724
2024-01-23 10:45:00-05:00,30.270000457763672,30.309999465942383,30.239999771118164,30.309999465942383,30.309999465942383,2366
2024-01-23 10:50:00-05:00,30.290000915527344,30.290000915527344,30.209999084472656,30.25,30.25,3275
2024-01-23 10:55:00-05:00,30.260000228881836,30.270000457763672,30.229999542236328,30.2450008392334,30.2450008392334,3318
2024-01-23 11:00:00-05:00,30.260000228881836,30.329999923706055,30.260000228881836,30.329999923706055,30.329999923706055,1377
2024-01-23 11:05:00-05:00,30.350000381469727,30.3700008392334,30.350000381469727,30.3700008392334,30.3700008392334,2995
2024-01-23 11:10:00-05:00,30.399999618530273,30.440000534057617,30.399999618530273,30.420000076293945,30.420000076293945,1179
2024-01-23 11:15:00-05:00,30.440000534057617,30.5,30.440000534057617,30.440000534057617,30.440000534057617,4314
2024-01-23 11:20:00-05:00,30.43000030517578,30.440000534057617,30.399999618530273,30.43000030517578,30.43000030517578,3773
2024-01-23 11:25:00-05:00,30.420000076293945,30.420000076293945,30.399999618530273,30.399999618530273,30.399999618530273,1816
2024-01-23 11:30:00-05:00,30.420000076293945,30.44499969482422,30.420000076293945,30.420000076293945,30.420000076293945,2191
2024-01-23 11:35:00-05:00,30.40999984741211,30.459999084472656,30.40999984741211,30.459999084472656,30.459999084472656,2525
2024-01-23 11:40:00-05:00,30.459999084472656,30.485000610351562,30.440000534057617,30.475000381469727,30.475000381469727,2892
2024-01-23 11:45:00-05:00,30.469999313354492,30.475000381469727,30.399999618530273,30.399999618530273,30.399999618530273,2156
2024-01-23 11:50:00-05:00,30.399999618530273,30.420000076293945,30.3799991607666,30.420000076293945,30.420000076293945,6149
2024-01-23 11:55:00-05:00,30.40999984741211,30.40999984741211,30.3700008392334,30.3882999420166,30.3882999420166,3339
2024-01-23 12:00:00-05:00,30.34000015258789,30.3799991607666,30.290000915527344,30.368499755859375,30.368499755859375,7524
2024-01-23 12:05:00-05:00,30.360000610351562,30.360000610351562,30.270000457763672,30.270000457763672,30.270000457763672,1521
2024-01-23 12:10:00-05:00,30.315000534057617,30.32110023498535,30.270000457763672,30.299999237060547,30.299999237060547,2436
2024-01-23 12:15:00-05:00,30.299999237060547,30.299999237060547,30.25,30.299999237060547,30.299999237060547,2795
2024-01-23 12:20:00-05:00,30.309999465942383,30.34000015258789,30.309999465942383,30.329999923706055,30.329999923706055,6727
2024-01-23 12:25:00-05:00,30.31999969482422,30.329999923706055,30.309999465942383,30.309999465942383,30.309999465942383,2713
2024-01-23 12:30:00-05:00,30.309999465942383,30.329999923706055,30.309999465942383,30.309999465942383,30.309999465942383,9013
2024-01-23 12:35:00-05:00,30.31999969482422,30.329999923706055,30.299999237060547,30.31999969482422,30.31999969482422,9251
2024-01-23 12:40:00-05:00,30.31999969482422,30.34000015258789,30.299999237060547,30.309999465942383,30.309999465942383,3111
2024-01-23 12:45:00-05:00,30.299999237060547,30.299999237060547,30.260000228881836,30.260000228881836,30.260000228881836,3188
2024-01-23 12:50:00-05:00,30.260000228881836,30.31999969482422,30.260000228881836,30.31999969482422,30.31999969482422,3207
2024-01-23 12:55:00-05:00,30.34000015258789,30.360000610351562,30.329999923706055,30.360000610351562,30.360000610351562,2010
2024-01-23 13:00:00-05:00,30.350000381469727,30.350000381469727,30.309999465942383,30.311599731445312,30.311599731445312,2738
2024-01-23 13:05:00-05:00,30.309999465942383,30.31999969482422,30.290000915527344,30.309999465942383,30.309999465942383,1959
2024-01-23 13:10:00-05:00,30.309999465942383,30.329999923706055,30.299999237060547,30.309999465942383,30.309999465942383,6414
2024-01-23 13:15:00-05:00,30.309999465942383,30.329999923706055,30.290000915527344,30.299999237060547,30.299999237060547,4037
2024-01-23 13:20:00-05:00,30.280000686645508,30.280000686645508,30.219999313354492,30.2450008392334,30.2450008392334,2606
2024-01-23 13:25:00-05:00,30.229999542236328,30.34000015258789,30.229999542236328,30.31999969482422,30.31999969482422,2679
2024-01-23 13:30:00-05:00,30.329999923706055,30.389999389648438,30.329999923706055,30.34000015258789,30.34000015258789,6185
2024-01-23 13:35:00-05:00,30.350000381469727,30.360000610351562,30.31999969482422,30.329999923706055,30.329999923706055,3691
2024-01-23 13:40:00-05:00,30.329999923706055,30.350000381469727,30.309999465942383,30.350000381469727,30.350000381469727,2972
2024-01-23 13:45:00-05:00,30.354999542236328,30.3700008392334,30.309999465942383,30.309999465942383,30.309999465942383,3869
2024-01-23 13:50:00-05:00,30.31999969482422,30.34000015258789,30.31999969482422,30.34000015258789,30.34000015258789,3228
2024-01-23 13:55:00-05:00,30.360000610351562,30.3700008392334,30.350000381469727,30.360000610351562,30.360000610351562,4341
2024-01-23 14:00:00-05:00,30.344999313354492,30.354999542236328,30.34000015258789,30.350000381469727,30.350000381469727,3221
2024-01-23 14:05:00-05:00,30.350000381469727,30.354999542236328,30.309999465942383,30.34000015258789,30.34000015258789,3271
2024-01-23 14:10:00-05:00,30.350000381469727,30.389999389648438,30.34000015258789,30.34000015258789,30.34000015258789,5891
2024-01-23 14:15:00-05:00,30.34000015258789,30.34000015258789,30.299999237060547,30.31999969482422,30.31999969482422,2602
2024-01-23 14:20:00-05:00,30.309999465942383,30.329999923706055,30.299999237060547,30.329999923706055,30.329999923706055,2109
2024-01-23 14:25:00-05:00,30.329999923706055,30.360000610351562,30.329999923706055,30.354999542236328,30.354999542236328,3317
2024-01-23 14:30:00-05:00,30.348600387573242,30.348600387573242,30.290000915527344,30.309999465942383,30.309999465942383,12754
2024-01-23 14:35:00-05:00,30.31999969482422,30.329999923706055,30.290000915527344,30.290000915527344,30.290000915527344,5610
2024-01-23 14:40:00-05:00,30.309999465942383,30.31999969482422,30.270000457763672,30.270000457763672,30.270000457763672,4573
2024-01-23 14:45:00-05:00,30.299999237060547,30.31999969482422,30.280000686645508,30.31999969482422,30.31999969482422,4287
2024-01-23 14:50:00-05:00,30.31999969482422,30.31999969482422,30.280000686645508,30.309999465942383,30.309999465942383,6873
2024-01-23 14:55:00-05:00,30.31999969482422,30.350000381469727,30.3075008392334,30.329999923706055,30.329999923706055,3731
2024-01-23 15:00:00-05:00,30.329999923706055,30.34000015258789,30.299999237060547,30.31999969482422,30.31999969482422,8314
2024-01-23 15:05:00-05:00,30.31999969482422,30.350000381469727,30.309999465942383,30.350000381469727,30.350000381469727,6444
2024-01-23 15:10:00-05:00,30.34000015258789,30.399999618530273,30.31999969482422,30.389999389648438,30.389999389648438,12382
2024-01-23 15:15:00-05:00,30.395000457763672,30.40999984741211,30.3799991607666,30.395000457763672,30.395000457763672,10263
2024-01-23 15:20:00-05:00,30.399999618530273,30.40999984741211,30.360000610351562,30.360000610351562,30.360000610351562,10085
2024-01-23 15:25:00-05:00,30.360000610351562,30.395000457763672,30.360000610351562,30.364999771118164,30.364999771118164,11938
2024-01-23 15:30:00-05:00,30.360000610351562,30.360000610351562,30.329999923706055,30.360000610351562,30.360000610351562,14889
2024-01-23 15:35:00-05:00,30.354999542236328,30.360000610351562,30.34000015258789,30.350000381469727,30.350000381469727,18951
2024-01-23 15:40:00-05:00,30.334999084472656,30.34000015258789,30.290000915527344,30.334999084472656,30.334999084472656,21772
2024-01-23 15:45:00-05:00,30.334999084472656,30.3700008392334,30.315000534057617,30.31999969482422,30.31999969482422,24602
2024-01-23 15:50:00-05:00,30.309999465942383,30.3700008392334,30.30500030517578,30.3700008392334,30.3700008392334,39705
2024-01-23 15:55:00-05:00,30.3700008392334,30.420000076293945,30.360000610351562,30.3799991607666,30.3799991607666,93860
2024-01-24 09:30:00-05:00,30.600000381469727,30.600000381469727,30.43000030517578,30.489999771118164,30.489999771118164,6659
2024-01-24 09:35:00-05:00,30.549999237060547,30.56999969482422,30.479999542236328,30.479999542236328,30.479999542236328,1858
2024-01-24 09:40:00-05:00,30.559999465942383,30.56999969482422,30.459999084472656,30.46500015258789,30.46500015258789,2151
2024-01-24 09:45:00-05:00,30.459999084472656,30.59000015258789,30.450000762939453,30.520000457763672,30.520000457763672,4932
2024-01-24 09:50:00-05:00,30.530000686645508,30.565000534057617,30.440000534057617,30.520000457763672,30.520000457763672,4622
2024-01-24 09:55:00-05:00,30.559999465942383,30.610000610351562,30.549999237060547,30.549999237060547,30.549999237060547,2829
2024-01-24 10:00:00-05:00,30.490299224853516,30.490299224853516,30.399999618530273,30.399999618530273,30.399999618530273,3192
2024-01-24 10:05:00-05:00,30.424999237060547,30.459999084472656,30.360000610351562,30.424999237060547,30.424999237060547,4728
2024-01-24 10:10:00-05:00,30.440000534057617,30.604700088500977,30.43000030517578,30.579999923706055,30.579999923706055,3912
2024-01-24 10:15:00-05:00,30.610000610351562,30.610000610351562,30.530000686645508,30.530000686645508,30.530000686645508,2548
2024-01-24 10:20:00-05:00,30.549999237060547,30.584999084472656,30.540000915527344,30.584999084472656,30.584999084472656,1706
2024-01-24 10:25:00-05:00,30.59000015258789,30.610000610351562,30.570100784301758,30.600000381469727,30.600000381469727,3623
2024-01-24 10:30:00-05:00,30.639999389648438,30.65999984741211,30.600000381469727,30.65999984741211,30.65999984741211,3213
2024-01-24 10:35:00-05:00,30.649999618530273,30.65999984741211,30.6200008392334,30.6200008392334,30.6200008392334,3104
2024-01-24 10:40:00-05:00,30.649999618530273,30.739999771118164,30.649999618530273,30.729999542236328,30.729999542236328,5328
2024-01-24 10:45:00-05:00,30.75,30.7549991607666,30.639999389648438,30.639999389648438,30.639999389648438,4207
2024-01-24 10:50:00-05:00,30.639999389648438,30.649999618530273,30.639999389648438,30.639999389648438,30.639999389648438,1905
2024-01-24 10:55:00-05:00,30.645000457763672,30.670000076293945,30.610000610351562,30.649999618530273,30.649999618530273,5837
2024-01-24 11:00:00-05:00,30.690000534057617,30.739999771118164,30.670000076293945,30.739999771118164,30.739999771118164,4004
2024-01-24 11:05:00-05:00,30.725000381469727,30.770000457763672,30.700000762939453,30.700000762939453,30.700000762939453,4300
2024-01-24 11:10:00-05:00,30.709999084472656,30.709999084472656,30.670000076293945,30.670000076293945,30.670000076293945,2121
2024-01-24 11:15:00-05:00,30.65999984741211,30.690000534057617,30.649999618530273,30.68000030517578,30.68000030517578,4388
2024-01-24 11:20:00-05:00,30.670000076293945,30.719999313354492,30.670000076293945,30.690000534057617,30.690000534057617,4175
2024-01-24 11:25:00-05:00,30.674999237060547,30.674999237060547,30.639999389648438,30.65999984741211,30.65999984741211,1822
2024-01-24 11:30:00-05:00,30.639999389648438,30.690000534057617,30.6200008392334,30.690000534057617,30.690000534057617,4000
2024-01-24 11:35:00-05:00,30.68899917602539,30.719999313354492,30.68899917602539,30.709999084472656,30.709999084472656,3725
2024-01-24 11:40:00-05:00,30.709999084472656,30.709999084472656,30.690000534057617,30.690000534057617,30.690000534057617,481
2024-01-24 11:45:00-05:00,30.719999313354492,30.74799919128418,30.700000762939453,30.700000762939453,30.700000762939453,3735
2024-01-24 11:50:00-05:00,30.700599670410156,30.770000457763672,30.700000762939453,30.770000457763672,30.770000457763672,8083
2024-01-24 11:55:00-05:00,30.770000457763672,30.774999618530273,30.739999771118164,30.739999771118164,30.739999771118164,2644
2024-01-24 12:00:00-05:00,30.729999542236328,30.729999542236328,30.670000076293945,30.670000076293945,30.670000076293945,2725
2024-01-24 12:05:00-05:00,30.670000076293945,30.670000076293945,30.6299991607666,30.65999984741211,30.65999984741211,1906
2024-01-24 12:10:00-05:00,30.65999984741211,30.670000076293945,30.610000610351562,30.6200008392334,30.6200008392334,7362
2024-01-24 12:15:00-05:00,30.619400024414062,30.619400024414062,30.530000686645508,30.549999237060547,30.549999237060547,6396
2024-01-24 12:20:00-05:00,30.520000457763672,30.530000686645508,30.479999542236328,30.510000228881836,30.510000228881836,7387
2024-01-24 12:25:00-05:00,30.524999618530273,30.524999618530273,30.440000534057617,30.440000534057617,30.440000534057617,2292
2024-01-24 12:30:00-05:00,30.440000534057617,30.440000534057617,30.399999618530273,30.399999618530273,30.399999618530273,2474
2024-01-24 12:35:00-05:00,30.399999618530273,30.46500015258789,30.399999618530273,30.46500015258789,30.46500015258789,3152
2024-01-24 12:40:00-05:00,30.459999084472656,30.459999084472656,30.440000534057617,30.45170021057129,30.45170021057129,1134
2024-01-24 12:45:00-05:00,30.468799591064453,30.5,30.459999084472656,30.479999542236328,30.479999542236328,5900
2024-01-24 12:50:00-05:00,30.479999542236328,30.559999465942383,30.479999542236328,30.559999465942383,30.559999465942383,35018
2024-01-24 12:55:00-05:00,30.520000457763672,30.558799743652344,30.5,30.529499053955078,30.529499053955078,4017
2024-01-24 13:00:00-05:00,30.5,30.5,30.40999984741211,30.417499542236328,30.417499542236328,4802
2024-01-24 13:05:00-05:00,30.420000076293945,30.440000534057617,30.3799991607666,30.440000534057617,30.440000534057617,3149
2024-01-24 13:10:00-05:00,30.459999084472656,30.510000228881836,30.454999923706055,30.459999084472656,30.459999084472656,6061
2024-01-24 13:15:00-05:00,30.459999084472656,30.459999084472656,30.43000030517578,30.450000762939453,30.450000762939453,3959
2024-01-24 13:20:00-05:00,30.459999084472656,30.479999542236328,30.43000030517578,30.454999923706055,30.454999923706055,3257
2024-01-24 13:25:00-05:00,30.459999084472656,30.479999542236328,30.440000534057617,30.459999084472656,30.459999084472656,2945
2024-01-24 13:30:00-05:00,30.469999313354492,30.520000457763672,30.450000762939453,30.510000228881836,30.510000228881836,15101
2024-01-24 13:35:00-05:00,30.510000228881836,30.530000686645508,30.489999771118164,30.4950008392334,30.4950008392334,7872
2024-01-24 13:40:00-05:00,30.489999771118164,30.4950008392334,30.46500015258789,30.489999771118164,30.489999771118164,6453
2024-01-24 13:45:00-05:00,30.514999389648438,30.520000457763672,30.489999771118164,30.520000457763672,30.520000457763672,3352
2024-01-24 13:50:00-05:00,30.510000228881836,30.53499984741211,30.479999542236328,30.479999542236328,30.479999542236328,3170
2024-01-24 13:55:00-05:00,30.479999542236328,30.520000457763672,30.479999542236328,30.520000457763672,30.520000457763672,5086
2024-01-24 14:00:00-05:00,30.530000686645508,30.540000915527344,30.510000228881836,30.540000915527344,30.540000915527344,7865
2024-01-24 14:05:00-05:00,30.559999465942383,30.594999313354492,30.559999465942383,30.559999465942383,30.559999465942383,4482
2024-01-24 14:10:00-05:00,30.559999465942383,30.579999923706055,30.510000228881836,30.510000228881836,30.510000228881836,4828
2024-01-24 14:15:00-05:00,30.510000228881836,30.600000381469727,30.5,30.600000381469727,30.600000381469727,8368
2024-01-24 14:20:00-05:00,30.59000015258789,30.59000015258789,30.514999389648438,30.53499984741211,30.53499984741211,7356
2024-01-24 14:25:00-05:00,30.540000915527344,30.575000762939453,30.540000915527344,30.540000915527344,30.540000915527344,5889
2024-01-24 14:30:00-05:00,30.549999237060547,30.55500030517578,30.454999923706055,30.469999313354492,30.469999313354492,6140
2024-01-24 14:35:00-05:00,30.479999542236328,30.53499984741211,30.479999542236328,30.520000457763672,30.520000457763672,5688
2024-01-24 14:40:00-05:00,30.520000457763672,30.559999465942383,30.520000457763672,30.540000915527344,30.540000915527344,4246
2024-01-24 14:45:00-05:00,30.559999465942383,30.594999313354492,30.549999237060547,30.594999313354492,30.594999313354492,8272
2024-01-24 14:50:00-05:00,30.59000015258789,30.59000015258789,30.540000915527344,30.559999465942383,30.559999465942383,6941
2024-01-24 14:55:00-05:00,30.56999969482422,30.56999969482422,30.530000686645508,30.545000076293945,30.545000076293945,17442
2024-01-24 15:00:00-05:00,30.53499984741211,30.550800323486328,30.510000228881836,30.550800323486328,30.550800323486328,8143
2024-01-24 15:05:00-05:00,30.552499771118164,30.579999923706055,30.540000915527344,30.559999465942383,30.559999465942383,6980
2024-01-24 15:10:00-05:00,30.559999465942383,30.594999313354492,30.540000915527344,30.540000915527344,30.540000915527344,14039
2024-01-24 15:15:00-05:00,30.540000915527344,30.540000915527344,30.5049991607666,30.520000457763672,30.520000457763672,9855
2024-01-24 15:20:00-05:00,30.514999389648438,30.549999237060547,30.4950008392334,30.549999237060547,30.549999237060547,12184
2024-01-24 15:25:00-05:00,30.540000915527344,30.579999923706055,30.540000915527344,30.579999923706055,30.579999923706055,7731
2024-01-24 15:30:00-05:00,30.579999923706055,30.579999923706055,30.530000686645508,30.559999465942383,30.559999465942383,9809
2024-01-24 15:35:00-05:00,30.579999923706055,30.635000228881836,30.56999969482422,30.635000228881836,30.635000228881836,16820
2024-01-24 15:40:00-05:00,30.635000228881836,30.655000686645508,30.6200008392334,30.641000747680664,30.641000747680664,15704
2024-01-24 15:45:00-05:00,30.639999389648438,30.690000534057617,30.610000610351562,30.6200008392334,30.6200008392334,22925
2024-01-24 15:50:00-05:00,30.6299991607666,30.639999389648438,30.579999923706055,30.610000610351562,30.610000610351562,33379
2024-01-24 15:55:00-05:00,30.610000610351562,30.68000030517578,30.610000610351562,30.68000030517578,30.68000030517578,76026
2024-01-25 09:30:00-05:00,31.059999465942383,31.40999984741211,30.84000015258789,30.84000015258789,30.84000015258789,21609
2024-01-25 09:35:00-05:00,30.829999923706055,31.079999923706055,30.829999923706055,30.979999542236328,30.979999542236328,6192
2024-01-25 09:40:00-05:00,30.969999313354492,30.985000610351562,30.780000686645508,30.864999771118164,30.864999771118164,3433
2024-01-25 09:45:00-05:00,30.844999313354492,30.905000686645508,30.770000457763672,30.84000015258789,30.84000015258789,2934
2024-01-25 09:50:00-05:00,30.8799991607666,31.040000915527344,30.84000015258789,30.969999313354492,30.969999313354492,12503
2024-01-25 09:55:00-05:00,30.969999313354492,31.040000915527344,30.90999984741211,31.024999618530273,31.024999618530273,6361
2024-01-25 10:00:00-05:00,30.979999542236328,31.170000076293945,30.969999313354492,31.170000076293945,31.170000076293945,6404
2024-01-25 10:05:00-05:00,31.145000457763672,31.299999237060547,31.1299991607666,31.299999237060547,31.299999237060547,7211
2024-01-25 10:10:00-05:00,31.274999618530273,31.274999618530273,31.1299991607666,31.1299991607666,31.1299991607666,6899
2024-01-25 10:15:00-05:00,31.1200008392334,31.1299991607666,31.020000457763672,31.059999465942383,31.059999465942383,6408
2024-01-25 10:20:00-05:00,31.06999969482422,31.141799926757812,31.049999237060547,31.079999923706055,31.079999923706055,2917
2024-01-25 10:25:00-05:00,31.11829948425293,31.1200008392334,31.065000534057617,31.079999923706055,31.079999923706055,3405
2024-01-25 10:30:00-05:00,31.049999237060547,31.059999465942383,30.905000686645508,30.93000030517578,30.93000030517578,6571
2024-01-25 10:35:00-05:00,30.950000762939453,30.96500015258789,30.889999389648438,30.889999389648438,30.889999389648438,4022
2024-01-25 10:40:00-05:00,30.860000610351562,30.899999618530273,30.84000015258789,30.889999389648438,30.889999389648438,3909
2024-01-25 10:45:00-05:00,30.899999618530273,30.979999542236328,30.899999618530273,30.969999313354492,30.969999313354492,2493
2024-01-25 10:50:00-05:00,30.959999084472656,31.020000457763672,30.940000534057617,30.950000762939453,30.950000762939453,6738
2024-01-25 10:55:00-05:00,30.950000762939453,30.950000762939453,30.829999923706055,30.860000610351562,30.860000610351562,4294
2024-01-25 11:00:00-05:00,30.860000610351562,30.889999389648438,30.850000381469727,30.889999389648438,30.889999389648438,1991
2024-01-25 11:05:00-05:00,30.875,30.885499954223633,30.825000762939453,30.84000015258789,30.84000015258789,3202
2024-01-25 11:10:00-05:00,30.829999923706055,30.829999923706055,30.670000076293945,30.706499099731445,30.706499099731445,3920
2024-01-25 11:15:00-05:00,30.690000534057617,30.739999771118164,30.649999618530273,30.670000076293945,30.670000076293945,4063
2024-01-25 11:20:00-05:00,30.649999618530273,30.66309928894043,30.600000381469727,30.649999618530273,30.649999618530273,2930
2024-01-25 11:25:00-05:00,30.655000686645508,30.709999084472656,30.639999389648438,30.690000534057617,30.690000534057617,3526
2024-01-25 11:30:00-05:00,30.68000030517578,30.770000457763672,30.6299991607666,30.729999542236328,30.729999542236328,6243
2024-01-25 11:35:00-05:00,30.725000381469727,30.75,30.725000381469727,30.729999542236328,30.729999542236328,2268
2024-01-25 11:40:00-05:00,30.729999542236328,30.774999618530273,30.700000762939453,30.700000762939453,30.700000762939453,4802
2024-01-25 11:45:00-05:00,30.700000762939453,30.78499984741211,30.69499969482422,30.78499984741211,30.78499984741211,2411
2024-01-25 11:50:00-05:00,30.790000915527344,30.809999465942383,30.760000228881836,30.773500442504883,30.773500442504883,5221
2024-01-25 11:55:00-05:00,30.790000915527344,30.81999969482422,30.739999771118164,30.764999389648438,30.764999389648438,39652
2024-01-25 12:00:00-05:00,30.764999389648438,30.790000915527344,30.725000381469727,30.75,30.75,6614
2024-01-25 12:05:00-05:00,30.75,30.78499984741211,30.729999542236328,30.729999542236328,30.729999542236328,4294
2024-01-25 12:10:00-05:00,30.719999313354492,30.719999313354492,30.68000030517578,30.68000030517578,30.68000030517578,4140
2024-01-25 12:15:00-05:00,30.670000076293945,30.719999313354492,30.639999389648438,30.700000762939453,30.700000762939453,3582
2024-01-25 12:20:00-05:00,30.719999313354492,30.7450008392334,30.670000076293945,30.704999923706055,30.704999923706055,5508
2024-01-25 12:25:00-05:00,30.700000762939453,30.719999313354492,30.670000076293945,30.690000534057617,30.690000534057617,6899
2024-01-25 12:30:00-05:00,30.68000030517578,30.709999084472656,30.65999984741211,30.68000030517578,30.68000030517578,2794
2024-01-25 12:35:00-05:00,30.690000534057617,30.700000762939453,30.614999771118164,30.6299991607666,30.6299991607666,5163
2024-01-25 12:40:00-05:00,30.649999618530273,30.69499969482422,30.649999618530273,30.69499969482422,30.69499969482422,2996
2024-01-25 12:45:00-05:00,30.690000534057617,30.75,30.690000534057617,30.709999084472656,30.709999084472656,3918
2024-01-25 12:50:00-05:00,30.719999313354492,30.7450008392334,30.709999084472656,30.741100311279297,30.741100311279297,2967
2024-01-25 12:55:00-05:00,30.739999771118164,30.809999465942383,30.739999771118164,30.799999237060547,30.799999237060547,3836
2024-01-25 13:00:00-05:00,30.799999237060547,30.91990089416504,30.799999237060547,30.8799991607666,30.8799991607666,4330
2024-01-25 13:05:00-05:00,30.8700008392334,30.899999618530273,30.8700008392334,30.875,30.875,2686
2024-01-25 13:10:00-05:00,30.875,30.93000030517578,30.875,30.93000030517578,30.93000030517578,1826
2024-01-25 13:15:00-05:00,30.899999618530273,30.899999618530273,30.809999465942383,30.809999465942383,30.809999465942383,4663
2024-01-25 13:20:00-05:00,30.829999923706055,30.834999084472656,30.770000457763672,30.785499572753906,30.785499572753906,4593
2024-01-25 13:25:00-05:00,30.780000686645508,30.809999465942383,30.760000228881836,30.809999465942383,30.809999465942383,2012
2024-01-25 13:30:00-05:00,30.829999923706055,30.8700008392334,30.829999923706055,30.8700008392334,30.8700008392334,2966
2024-01-25 13:35:00-05:00,30.84000015258789,30.860000610351562,30.829999923706055,30.829999923706055,30.829999923706055,2025
2024-01-25 13:40:00-05:00,30.829999923706055,30.889999389648438,30.81999969482422,30.889999389648438,30.889999389648438,4891
2024-01-25 13:45:00-05:00,30.8700008392334,30.8799991607666,30.860000610351562,30.8700008392334,30.8700008392334,2180
2024-01-25 13:50:00-05:00,30.860000610351562,30.8700008392334,30.84000015258789,30.84000015258789,30.84000015258789,4207
2024-01-25 13:55:00-05:00,30.860000610351562,30.8700008392334,30.829999923706055,30.829999923706055,30.829999923706055,5625
2024-01-25 14:00:00-05:00,30.829999923706055,30.829999923706055,30.78499984741211,30.80500030517578,30.80500030517578,2993
2024-01-25 14:05:00-05:00,30.80500030517578,30.8700008392334,30.790000915527344,30.850000381469727,30.850000381469727,3660
2024-01-25 14:10:00-05:00,30.860000610351562,30.969999313354492,30.860000610351562,30.969999313354492,30.969999313354492,11142
2024-01-25 14:15:00-05:00,30.985000610351562,31.0,30.940000534057617,30.9950008392334,30.9950008392334,5704
2024-01-25 14:20:00-05:00,30.9950008392334,31.010000228881836,30.979999542236328,30.985000610351562,30.985000610351562,5340
2024-01-25 14:25:00-05:00,30.979999542236328,31.040000915527344,30.969999313354492,31.040000915527344,31.040000915527344,7761
2024-01-25 14:30:00-05:00,31.020000457763672,31.079999923706055,31.020000457763672,31.06999969482422,31.06999969482422,6103
2024-01-25 14:35:00-05:00,31.065000534057617,31.149999618530273,31.065000534057617,31.084999084472656,31.084999084472656,7953
2024-01-25 14:40:00-05:00,31.084999084472656,31.110000610351562,31.040000915527344,31.040000915527344,31.040000915527344,4744
2024-01-25 14:45:00-05:00,31.040000915527344,31.049999237060547,31.030000686645508,31.040000915527344,31.040000915527344,3752
2024-01-25 14:50:00-05:00,31.040000915527344,31.049999237060547,31.010000228881836,31.030000686645508,31.030000686645508,4511
2024-01-25 14:55:00-05:00,31.045000076293945,31.06999969482422,31.030000686645508,31.059999465942383,31.059999465942383,5715
2024-01-25 15:00:00-05:00,31.059999465942383,31.100000381469727,31.059999465942383,31.06999969482422,31.06999969482422,8163
2024-01-25 15:05:00-05:00,31.049999237060547,31.06999969482422,31.040000915527344,31.06999969482422,31.06999969482422,7360
2024-01-25 15:10:00-05:00,31.079999923706055,31.110000610351562,31.06999969482422,31.110000610351562,31.110000610351562,2033
2024-01-25 15:15:00-05:00,31.09000015258789,31.1299991607666,31.06999969482422,31.1299991607666,31.1299991607666,6164
2024-01-25 15:20:00-05:00,31.1299991607666,31.219999313354492,31.1299991607666,31.200000762939453,31.200000762939453,16161
2024-01-25 15:25:00-05:00,31.200000762939453,31.200000762939453,31.139999389648438,31.139999389648438,31.139999389648438,10871
2024-01-25 15:30:00-05:00,31.131000518798828,31.170000076293945,31.1200008392334,31.15999984741211,31.15999984741211,10202
2024-01-25 15:35:00-05:00,31.18000030517578,31.18000030517578,31.100000381469727,31.100000381469727,31.100000381469727,11360
2024-01-25 15:40:00-05:00,31.110000610351562,31.139999389648438,31.100000381469727,31.100000381469727,31.100000381469727,11507
2024-01-25 15:45:00-05:00,31.110000610351562,31.1299991607666,31.100000381469727,31.100000381469727,31.100000381469727,22085
2024-01-25 15:50:00-05:00,31.110000610351562,31.155000686645508,31.079999923706055,31.110000610351562,31.110000610351562,20548
2024-01-25 15:55:00-05:00,31.114999771118164,31.15999984741211,31.09000015258789,31.09000015258789,31.09000015258789,73097
2024-01-26 09:30:00-05:00,31.209999084472656,31.209999084472656,30.90999984741211,30.90999984741211,30.90999984741211,13275
2024-01-26 09:35:00-05:00,31.0,31.1299991607666,30.92140007019043,30.934999465942383,30.934999465942383,4190
2024-01-26 09:40:00-05:00,31.020000457763672,31.229999542236328,31.020000457763672,31.15999984741211,31.15999984741211,9688
2024-01-26 09:45:00-05:00,31.149999618530273,31.149999618530273,30.989999771118164,31.020000457763672,31.020000457763672,4945
2024-01-26 09:50:00-05:00,30.989999771118164,31.15999984741211,30.989999771118164,31.110000610351562,31.110000610351562,6267
2024-01-26 09:55:00-05:00,31.1200008392334,31.209999084472656,31.1200008392334,31.1200008392334,31.1200008392334,6799
2024-01-26 10:00:00-05:00,31.149999618530273,31.25,31.1200008392334,31.219999313354492,31.219999313354492,8486
2024-01-26 10:05:00-05:00,31.200000762939453,31.219999313354492,31.15999984741211,31.15999984741211,31.15999984741211,3015
2024-01-26 10:10:00-05:00,31.209999084472656,31.362499237060547,31.209999084472656,31.329999923706055,31.329999923706055,9575
2024-01-26 10:15:00-05:00,31.299999237060547,31.3799991607666,31.290000915527344,31.3799991607666,31.3799991607666,4420
2024-01-26 10:20:00-05:00,31.399999618530273,31.43000030517578,31.360000610351562,31.360000610351562,31.360000610351562,6363
2024-01-26 10:25:00-05:00,31.375,31.489999771118164,31.350000381469727,31.489999771118164,31.489999771118164,22274
2024-01-26 10:30:00-05:00,31.475000381469727,31.5,31.420000076293945,31.475000381469727,31.475000381469727,7991
2024-01-26 10:35:00-05:00,31.450000762939453,31.56999969482422,31.450000762939453,31.549999237060547,31.549999237060547,4152
2024-01-26 10:40:00-05:00,31.600000381469727,31.700000762939453,31.570100784301758,31.700000762939453,31.700000762939453,9352
2024-01-26 10:45:00-05:00,31.75,31.84000015258789,31.739999771118164,31.739999771118164,31.739999771118164,16527
2024-01-26 10:50:00-05:00,31.729999542236328,31.795000076293945,31.649999618530273,31.790000915527344,31.790000915527344,21379
2024-01-26 10:55:00-05:00,31.770000457763672,31.860000610351562,31.770000457763672,31.81999969482422,31.81999969482422,6976
2024-01-26 11:00:00-05:00,31.829999923706055,31.84000015258789,31.75,31.760000228881836,31.760000228881836,6691
2024-01-26 11:05:00-05:00,31.7549991607666,31.799999237060547,31.719999313354492,31.799999237060547,31.799999237060547,16398
2024-01-26 11:10:00-05:00,31.790000915527344,31.899999618530273,31.790000915527344,31.84000015258789,31.84000015258789,15002
2024-01-26 11:15:00-05:00,31.844999313354492,31.860000610351562,31.760000228881836,31.760099411010742,31.760099411010742,29230
2024-01-26 11:20:00-05:00,31.780000686645508,31.829999923706055,31.670000076293945,31.674999237060547,31.674999237060547,23672
2024-01-26 11:25:00-05:00,31.68440055847168,31.729999542236328,31.68000030517578,31.729999542236328,31.729999542236328,4708
2024-01-26 11:30:00-05:00,31.739999771118164,31.799999237060547,31.690000534057617,31.725000381469727,31.725000381469727,14838
2024-01-26 11:35:00-05:00,31.719999313354492,31.739999771118164,31.670000076293945,31.706600189208984,31.706600189208984,8016
2024-01-26 11:40:00-05:00,31.69499969482422,31.719999313354492,31.670000076293945,31.670000076293945,31.670000076293945,6645
2024-01-26 11:45:00-05:00,31.665000915527344,31.670000076293945,31.604999542236328,31.604999542236328,31.604999542236328,4411
2024-01-26 11:50:00-05:00,31.600000381469727,31.610000610351562,31.565000534057617,31.610000610351562,31.610000610351562,3048
2024-01-26 11:55:00-05:00,31.6200008392334,31.6299991607666,31.559999465942383,31.559999465942383,31.559999465942383,3890
2024-01-26 12:00:00-05:00,31.559999465942383,31.559999465942383,31.510000228881836,31.520000457763672,31.520000457763672,3636
2024-01-26 12:05:00-05:00,31.530000686645508,31.56999969482422,31.489999771118164,31.56999969482422,31.56999969482422,5456
2024-01-26 12:10:00-05:00,31.540000915527344,31.540000915527344,31.489999771118164,31.5,31.5,5325
2024-01-26 12:15:00-05:00,31.489999771118164,31.489999771118164,31.43000030517578,31.434999465942383,31.434999465942383,2370
2024-01-26 12:20:00-05:00,31.420000076293945,31.440000534057617,31.395000457763672,31.404199600219727,31.404199600219727,2897
2024-01-26 12:25:00-05:00,31.40999984741211,31.43000030517578,31.405000686645508,31.405000686645508,31.405000686645508,6061
2024-01-26 12:30:00-05:00,31.399999618530273,31.399999618530273,31.31999969482422,31.360000610351562,31.360000610351562,3597
2024-01-26 12:35:00-05:00,31.3799991607666,31.399999618530273,31.34000015258789,31.389999389648438,31.389999389648438,4799
2024-01-26 12:40:00-05:00,31.389999389648438,31.459999084472656,31.389999389648438,31.459999084472656,31.459999084472656,3541
2024-01-26 12:45:00-05:00,31.459999084472656,31.51059913635254,31.459999084472656,31.489999771118164,31.489999771118164,6023
2024-01-26 12:50:00-05:00,31.479999542236328,31.489999771118164,31.440000534057617,31.47279930114746,31.47279930114746,2601
2024-01-26 12:55:00-05:00,31.510000228881836,31.549999237060547,31.5,31.540000915527344,31.540000915527344,6932
2024-01-26 13:00:00-05:00,31.549999237060547,31.600000381469727,31.530000686645508,31.572500228881836,31.572500228881836,5557
2024-01-26 13:05:00-05:00,31.565000534057617,31.6200008392334,31.565000534057617,31.6200008392334,31.6200008392334,5651
2024-01-26 13:10:00-05:00,31.6299991607666,31.6299991607666,31.59000015258789,31.625,31.625,7972
2024-01-26 13:15:00-05:00,31.625900268554688,31.65999984741211,31.59000015258789,31.65999984741211,31.65999984741211,3637
2024-01-26 13:20:00-05:00,31.65999984741211,31.729999542236328,31.65999984741211,31.71500015258789,31.71500015258789,2124
2024-01-26 13:25:00-05:00,31.729999542236328,31.78499984741211,31.729999542236328,31.78499984741211,31.78499984741211,3110
2024-01-26 13:30:00-05:00,31.790000915527344,31.850000381469727,31.790000915527344,31.850000381469727,31.850000381469727,6236
2024-01-26 13:35:00-05:00,31.860000610351562,31.950000762939453,31.860000610351562,31.950000762939453,31.950000762939453,6118
2024-01-26 13:40:00-05:00,31.93000030517578,31.940000534057617,31.8799991607666,31.90999984741211,31.90999984741211,5204
2024-01-26 13:45:00-05:00,31.920000076293945,31.969999313354492,31.920000076293945,31.959999084472656,31.959999084472656,2215
2024-01-26 13:50:00-05:00,31.979999542236328,32.0,31.954999923706055,31.959999084472656,31.959999084472656,5034
2024-01-26 13:55:00-05:00,31.989999771118164,32.040000915527344,31.989999771118164,32.040000915527344,32.040000915527344,5027
2024-01-26 14:00:00-05:00,32.029998779296875,32.09000015258789,32.02199935913086,32.09000015258789,32.09000015258789,4491
2024-01-26 14:05:00-05:00,32.09000015258789,32.14500045776367,32.08000183105469,32.11000061035156,32.11000061035156,8311
2024-01-26 14:10:00-05:00,32.11000061035156,32.18000030517578,32.099998474121094,32.18000030517578,32.18000030517578,6753
2024-01-26 14:15:00-05:00,32.209999084472656,32.220001220703125,32.185001373291016,32.220001220703125,32.220001220703125,2498
2024-01-26 14:20:00-05:00,32.20500183105469,32.22999954223633,32.20500183105469,32.22999954223633,32.22999954223633,2942
2024-01-26 14:25:00-05:00,32.22010040283203,32.2400016784668,32.219398498535156,32.220001220703125,32.220001220703125,6595
2024-01-26 14:30:00-05:00,32.220001220703125,32.279998779296875,32.220001220703125,32.25,32.25,11448
2024-01-26 14:35:00-05:00,32.279998779296875,32.307098388671875,32.20500183105469,32.20500183105469,32.20500183105469,6621
2024-01-26 14:40:00-05:00,32.220001220703125,32.25,32.18000030517578,32.25,32.25,5494
2024-01-26 14:45:00-05:00,32.25,32.2599983215332,32.224998474121094,32.22999954223633,32.22999954223633,6871
2024-01-26 14:50:00-05:00,32.220001220703125,32.279998779296875,32.209999084472656,32.2599983215332,32.2599983215332,6640
2024-01-26 14:55:00-05:00,32.2599983215332,32.29999923706055,32.244998931884766,32.290000915527344,32.290000915527344,8382
2024-01-26 15:00:00-05:00,32.290000915527344,32.290000915527344,32.220001220703125,32.220001220703125,32.220001220703125,7887
2024-01-26 15:05:00-05:00,32.220001220703125,32.25,32.198001861572266,32.220001220703125,32.220001220703125,8787
2024-01-26 15:10:00-05:00,32.209999084472656,32.220001220703125,32.154998779296875,32.154998779296875,32.154998779296875,10877
2024-01-26 15:15:00-05:00,32.154998779296875,32.209999084472656,32.130001068115234,32.20000076293945,32.20000076293945,18854
2024-01-26 15:20:00-05:00,32.209999084472656,32.2599983215332,32.209999084472656,32.2599983215332,32.2599983215332,7668
2024-01-26 15:25:00-05:00,32.27000045776367,32.290000915527344,32.224998474121094,32.22999954223633,32.22999954223633,11613
2024-01-26 15:30:00-05:00,32.2400016784668,32.2599983215332,32.2400016784668,32.2599983215332,32.2599983215332,7798
2024-01-26 15:35:00-05:00,32.2599983215332,32.29999923706055,32.25,32.26499938964844,32.26499938964844,18263
2024-01-26 15:40:00-05:00,32.2599983215332,32.349998474121094,32.220001220703125,32.345001220703125,32.345001220703125,39021
2024-01-26 15:45:00-05:00,32.34000015258789,32.38999938964844,32.34000015258789,32.3849983215332,32.3849983215332,25500
2024-01-26 15:50:00-05:00,32.38999938964844,32.43000030517578,32.3650016784668,32.43000030517578,32.43000030517578,42953
2024-01-26 15:55:00-05:00,32.41999816894531,32.45000076293945,32.40999984741211,32.439998626708984,32.439998626708984,68988
2024-01-29 09:30:00-05:00,32.349998474121094,32.489898681640625,32.22999954223633,32.22999954223633,32.22999954223633,24329
2024-01-29 09:35:00-05:00,32.23899841308594,32.25,32.154998779296875,32.20500183105469,32.20500183105469,4479
2024-01-29 09:40:00-05:00,32.255001068115234,32.255001068115234,32.06999969482422,32.15999984741211,32.15999984741211,3215
2024-01-29 09:45:00-05:00,32.20500183105469,32.400001525878906,32.18000030517578,32.279998779296875,32.279998779296875,4571
2024-01-29 09:50:00-05:00,32.33000183105469,32.40999984741211,32.279998779296875,32.400001525878906,32.400001525878906,1348
2024-01-29 09:55:00-05:00,32.369998931884766,32.40999984741211,32.33000183105469,32.40999984741211,32.40999984741211,3786
2024-01-29 10:00:00-05:00,32.39500045776367,32.45000076293945,32.31999969482422,32.31999969482422,32.31999969482422,2843
2024-01-29 10:05:00-05:00,32.34000015258789,32.38999938964844,32.29999923706055,32.38999938964844,32.38999938964844,4641
2024-01-29 10:10:00-05:00,32.36000061035156,32.36000061035156,32.27000045776367,32.27000045776367,32.27000045776367,2071
2024-01-29 10:15:00-05:00,32.279998779296875,32.30799865722656,32.2400016784668,32.290000915527344,32.290000915527344,6237
2024-01-29 10:20:00-05:00,32.29499816894531,32.310001373291016,32.22999954223633,32.2400016784668,32.2400016784668,12247
2024-01-29 10:25:00-05:00,32.22999954223633,32.25,32.21500015258789,32.22999954223633,32.22999954223633,1874
2024-01-29 10:30:00-05:00,32.27000045776367,32.334999084472656,32.2599983215332,32.334999084472656,32.334999084472656,9146
2024-01-29 10:35:00-05:00,32.349998474121094,32.5,32.349998474121094,32.48500061035156,32.48500061035156,4829
2024-01-29 10:40:00-05:00,32.5,32.55500030517578,32.5,32.55500030517578,32.55500030517578,7362
2024-01-29 10:45:00-05:00,32.59000015258789,32.625,32.564998626708984,32.599998474121094,32.599998474121094,5275
2024-01-29 10:50:00-05:00,32.61000061035156,32.61000061035156,32.54999923706055,32.54999923706055,32.54999923706055,5114
2024-01-29 10:55:00-05:00,32.52000045776367,32.525001525878906,32.47999954223633,32.49720001220703,32.49720001220703,3255
2024-01-29 11:00:00-05:00,32.4900016784668,32.540000915527344,32.480098724365234,32.5,32.5,5552
2024-01-29 11:05:00-05:00,32.47999954223633,32.5099983215332,32.47800064086914,32.5,32.5,5894
2024-01-29 11:10:00-05:00,32.47999954223633,32.47999954223633,32.439998626708984,32.459999084472656,32.459999084472656,3737
2024-01-29 11:15:00-05:00,32.459999084472656,32.525001525878906,32.45000076293945,32.525001525878906,32.525001525878906,8186
2024-01-29 11:20:00-05:00,32.525001525878906,32.54999923706055,32.52000045776367,32.525001525878906,32.525001525878906,5515
2024-01-29 11:25:00-05:00,32.52000045776367,32.52000045776367,32.47999954223633,32.494998931884766,32.494998931884766,2830
2024-01-29 11:30:00-05:00,32.4900016784668,32.54999923706055,32.4900016784668,32.505001068115234,32.505001068115234,7373
2024-01-29 11:35:00-05:00,32.5099983215332,32.5099983215332,32.5,32.5099983215332,32.5099983215332,3443
2024-01-29 11:40:00-05:00,32.52000045776367,32.59000015258789,32.52000045776367,32.55500030517578,32.55500030517578,5540
2024-01-29 11:45:00-05:00,32.560001373291016,32.61000061035156,32.560001373291016,32.59000015258789,32.59000015258789,4834
2024-01-29 11:50:00-05:00,32.595001220703125,32.595001220703125,32.529998779296875,32.53499984741211,32.53499984741211,7993
2024-01-29 11:55:00-05:00,32.54999923706055,32.560001373291016,32.540000915527344,32.54499816894531,32.54499816894531,3859
2024-01-29 12:00:00-05:00,32.540000915527344,32.540000915527344,32.420101165771484,32.45000076293945,32.45000076293945,4700
2024-01-29 12:05:00-05:00,32.41999816894531,32.46500015258789,32.404998779296875,32.439998626708984,32.439998626708984,11167
2024-01-29 12:10:00-05:00,32.459999084472656,32.459999084472656,32.380001068115234,32.380001068115234,32.380001068115234,3557
2024-01-29 12:15:00-05:00,32.380001068115234,32.435001373291016,32.369998931884766,32.415000915527344,32.415000915527344,7358
2024-01-29 12:20:00-05:00,32.41999816894531,32.43000030517578,32.400001525878906,32.400001525878906,32.400001525878906,4051
2024-01-29 12:25:00-05:00,32.400001525878906,32.400001525878906,32.349998474121094,32.36000061035156,32.36000061035156,3178
2024-01-29 12:30:00-05:00,32.349998474121094,32.349998474121094,32.29999923706055,32.29999923706055,32.29999923706055,2714
2024-01-29 12:35:00-05:00,32.32500076293945,32.32500076293945,32.25,32.290000915527344,32.290000915527344,7985
2024-01-29 12:40:00-05:00,32.25,32.290000915527344,32.2400016784668,32.2599983215332,32.2599983215332,4533
2024-01-29 12:45:00-05:00,32.25,32.26499938964844,32.20000076293945,32.220001220703125,32.220001220703125,6081
2024-01-29 12:50:00-05:00,32.220001220703125,32.2400016784668,32.20000076293945,32.209999084472656,32.209999084472656,1935
2024-01-29 12:55:00-05:00,32.209999084472656,32.25,32.209999084472656,32.2400016784668,32.2400016784668,4686
2024-01-29 13:00:00-05:00,32.209999084472656,32.2599983215332,32.20000076293945,32.25,32.25,4794
2024-01-29 13:05:00-05:00,32.2400016784668,32.2599983215332,32.2338981628418,32.2599983215332,32.2599983215332,2766
2024-01-29 13:10:00-05:00,32.2400016784668,32.2400016784668,32.220001220703125,32.220001220703125,32.220001220703125,2416
2024-01-29 13:15:00-05:00,32.209999084472656,32.209999084472656,32.15999984741211,32.20000076293945,32.20000076293945,6415
2024-01-29 13:20:00-05:00,32.20000076293945,32.22999954223633,32.189998626708984,32.22999954223633,32.22999954223633,4835
2024-01-29 13:25:00-05:00,32.2400016784668,32.27000045776367,32.22999954223633,32.265499114990234,32.265499114990234,3355
2024-01-29 13:30:00-05:00,32.2599983215332,32.279998779296875,32.2599983215332,32.2599983215332,32.2599983215332,3275
2024-01-29 13:35:00-05:00,32.2400016784668,32.279998779296875,32.2400016784668,32.279998779296875,32.279998779296875,4608
2024-01-29 13:40:00-05:00,32.27000045776367,32.275001525878906,32.220001220703125,32.22999954223633,32.22999954223633,4516
2024-01-29 13:45:00-05:00,32.20000076293945,32.22999954223633,32.20000076293945,32.22999954223633,32.22999954223633,3651
2024-01-29 13:50:00-05:00,32.220001220703125,32.22999954223633,32.189998626708984,32.189998626708984,32.189998626708984,2646
2024-01-29 13:55:00-05:00,32.20500183105469,32.2599983215332,32.20500183105469,32.25,32.25,1415
2024-01-29 14:00:00-05:00,32.25,32.27000045776367,32.2400016784668,32.27000045776367,32.27000045776367,4535
2024-01-29 14:05:00-05:00,32.27000045776367,32.27000045776367,32.244998931884766,32.25419998168945,32.25419998168945,2922
2024-01-29 14:10:00-05:00,32.255001068115234,32.279998779296875,32.2400016784668,32.2400016784668,32.2400016784668,5526
2024-01-29 14:15:00-05:00,32.224998474121094,32.279998779296875,32.224998474121094,32.27000045776367,32.27000045776367,5173
2024-01-29 14:20:00-05:00,32.27000045776367,32.27000045776367,32.25,32.2599983215332,32.2599983215332,2649
2024-01-29 14:25:00-05:00,32.27000045776367,32.310001373291016,32.27000045776367,32.310001373291016,32.310001373291016,5470
2024-01-29 14:30:00-05:00,32.29999923706055,32.33000183105469,32.29999923706055,32.29999923706055,32.29999923706055,4885
2024-01-29 14:35:00-05:00,32.29999923706055,32.32500076293945,32.29999923706055,32.310001373291016,32.310001373291016,3176
2024-01-29 14:40:00-05:00,32.310001373291016,32.34000015258789,32.310001373291016,32.33000183105469,32.33000183105469,5443
2024-01-29 14:45:00-05:00,32.33000183105469,32.34000015258789,32.31999969482422,32.334999084472656,32.334999084472656,3531
2024-01-29 14:50:00-05:00,32.31999969482422,32.36000061035156,32.31999969482422,32.35499954223633,32.35499954223633,5173
2024-01-29 14:55:00-05:00,32.35499954223633,32.369998931884766,32.34000015258789,32.345001220703125,32.345001220703125,5496
2024-01-29 15:00:00-05:00,32.349998474121094,32.43000030517578,32.349998474121094,32.38999938964844,32.38999938964844,8543
2024-01-29 15:05:00-05:00,32.400001525878906,32.439998626708984,32.380001068115234,32.400001525878906,32.400001525878906,11131
2024-01-29 15:10:00-05:00,32.41999816894531,32.43000030517578,32.400001525878906,32.41999816894531,32.41999816894531,4697
2024-01-29 15:15:00-05:00,32.43000030517578,32.5,32.42499923706055,32.4900016784668,32.4900016784668,8523
2024-01-29 15:20:00-05:00,32.4900016784668,32.5099983215332,32.47100067138672,32.47200012207031,32.47200012207031,8671
2024-01-29 15:25:00-05:00,32.47999954223633,32.540000915527344,32.47999954223633,32.505001068115234,32.505001068115234,17380
2024-01-29 15:30:00-05:00,32.5093994140625,32.53499984741211,32.5,32.5099983215332,32.5099983215332,13434
2024-01-29 15:35:00-05:00,32.51100158691406,32.595001220703125,32.5099983215332,32.57500076293945,32.57500076293945,22826
2024-01-29 15:40:00-05:00,32.56999969482422,32.61000061035156,32.54999923706055,32.595001220703125,32.595001220703125,20901
2024-01-29 15:45:00-05:00,32.595001220703125,32.595001220703125,32.540000915527344,32.58000183105469,32.58000183105469,24145
2024-01-29 15:50:00-05:00,32.58000183105469,32.619998931884766,32.52000045776367,32.525001525878906,32.525001525878906,31632
2024-01-29 15:55:00-05:00,32.529998779296875,32.59000015258789,32.5099983215332,32.540000915527344,32.540000915527344,96206
2024-01-30 09:30:00-05:00,32.130001068115234,32.19219970703125,31.989999771118164,32.119998931884766,32.119998931884766,14174
2024-01-30 09:35:00-05:00,32.20750045776367,32.52000045776367,32.20750045776367,32.375,32.375,6800
2024-01-30 09:40:00-05:00,32.42499923706055,32.45500183105469,32.36000061035156,32.42250061035156,32.42250061035156,1724
2024-01-30 09:45:00-05:00,32.3390007019043,32.61000061035156,32.3390007019043,32.61000061035156,32.61000061035156,3312
2024-01-30 09:50:00-05:00,32.625,32.75,32.599998474121094,32.66999816894531,32.66999816894531,7425
2024-01-30 09:55:00-05:00,32.66999816894531,32.66999816894531,32.6349983215332,32.6349983215332,32.6349983215332,1134
2024-01-30 10:00:00-05:00,32.65999984741211,32.779998779296875,32.650001525878906,32.689998626708984,32.689998626708984,6604
2024-01-30 10:05:00-05:00,32.66999816894531,32.709999084472656,32.650001525878906,32.654998779296875,32.654998779296875,5516
2024-01-30 10:10:00-05:00,32.69499969482422,32.720001220703125,32.65999984741211,32.69499969482422,32.69499969482422,4000
2024-01-30 10:15:00-05:00,32.68000030517578,32.689998626708984,32.56999969482422,32.56999969482422,32.56999969482422,3857
2024-01-30 10:20:00-05:00,32.500999450683594,32.500999450683594,32.33000183105469,32.380001068115234,32.380001068115234,16033
2024-01-30 10:25:00-05:00,32.415000915527344,32.43000030517578,32.349998474121094,32.43000030517578,32.43000030517578,3776
2024-01-30 10:30:00-05:00,32.45000076293945,32.560001373291016,32.400001525878906,32.560001373291016,32.560001373291016,8250
2024-01-30 10:35:00-05:00,32.59000015258789,32.71500015258789,32.59000015258789,32.71500015258789,32.71500015258789,3271
2024-01-30 10:40:00-05:00,32.71500015258789,32.810001373291016,32.71500015258789,32.790000915527344,32.790000915527344,5676
2024-01-30 10:45:00-05:00,32.83000183105469,32.97999954223633,32.83000183105469,32.97999954223633,32.97999954223633,15367
2024-01-30 10:50:00-05:00,32.97999954223633,32.99020004272461,32.922000885009766,32.922000885009766,32.922000885009766,7561
2024-01-30 10:55:00-05:00,32.939998626708984,33.0,32.939998626708984,33.0,33.0,6620
2024-01-30 11:00:00-05:00,33.0,33.029998779296875,32.9474983215332,33.02840042114258,33.02840042114258,13678
2024-01-30 11:05:00-05:00,33.040000915527344,33.084999084472656,33.02000045776367,33.040000915527344,33.040000915527344,10086
2024-01-30 11:10:00-05:00,33.03499984741211,33.060001373291016,33.02000045776367,33.03499984741211,33.03499984741211,8828
2024-01-30 11:15:00-05:00,33.040000915527344,33.11000061035156,33.0099983215332,33.05500030517578,33.05500030517578,10165
2024-01-30 11:20:00-05:00,33.06209945678711,33.119998931884766,33.029998779296875,33.09000015258789,33.09000015258789,4102
2024-01-30 11:25:00-05:00,33.099998474121094,33.209999084472656,33.099998474121094,33.20000076293945,33.20000076293945,6873
2024-01-30 11:30:00-05:00,33.209999084472656,33.279998779296875,33.20500183105469,33.26499938964844,33.26499938964844,8605
2024-01-30 11:35:00-05:00,33.26499938964844,33.47999954223633,33.26499938964844,33.47999954223633,33.47999954223633,15324
2024-01-30 11:40:00-05:00,33.46500015258789,33.4900016784668,33.40999984741211,33.470001220703125,33.470001220703125,9482
2024-01-30 11:45:00-05:00,33.44499969482422,33.540000915527344,33.44499969482422,33.500099182128906,33.500099182128906,11720
2024-01-30 11:50:00-05:00,33.52000045776367,33.54999923706055,33.38999938964844,33.400001525878906,33.400001525878906,16488
2024-01-30 11:55:00-05:00,33.40999984741211,33.4900016784668,33.400001525878906,33.47999954223633,33.47999954223633,7264
2024-01-30 12:00:00-05:00,33.470001220703125,33.529998779296875,33.439998626708984,33.47999954223633,33.47999954223633,10617
2024-01-30 12:05:00-05:00,33.459999084472656,33.529998779296875,33.459999084472656,33.529998779296875,33.529998779296875,9791
2024-01-30 12:10:00-05:00,33.52000045776367,33.599998474121094,33.5099983215332,33.599998474121094,33.599998474121094,11275
2024-01-30 12:15:00-05:00,33.599998474121094,33.654998779296875,33.599998474121094,33.650001525878906,33.650001525878906,9057
2024-01-30 12:20:00-05:00,33.63999938964844,33.70000076293945,33.59000015258789,33.59000015258789,33.59000015258789,10118
2024-01-30 12:25:00-05:00,33.59000015258789,33.619998931884766,33.560001373291016,33.560001373291016,33.560001373291016,8809
2024-01-30 12:30:00-05:00,33.54999923706055,33.56999969482422,33.41999816894531,33.459999084472656,33.459999084472656,15234
2024-01-30 12:35:00-05:00,33.45500183105469,33.5,33.45500183105469,33.459999084472656,33.459999084472656,6716
2024-01-30 12:40:00-05:00,33.40999984741211,33.45000076293945,33.40999984741211,33.41999816894531,33.41999816894531,7388
2024-01-30 12:45:00-05:00,33.45000076293945,33.5,33.439998626708984,33.5,33.5,4791
2024-01-30 12:50:00-05:00,33.4900016784668,33.61000061035156,33.4900016784668,33.59989929199219,33.59989929199219,7161
2024-01-30 12:55:00-05:00,33.59000015258789,33.68000030517578,33.59000015258789,33.66999816894531,33.66999816894531,9503
2024-01-30 13:00:00-05:00,33.68000030517578,33.689998626708984,33.650001525878906,33.654998779296875,33.654998779296875,12091
2024-01-30 13:05:00-05:00,33.657501220703125,33.73500061035156,33.63999938964844,33.73500061035156,33.73500061035156,17498
2024-01-30 13:10:00-05:00,33.709999084472656,33.720001220703125,33.68000030517578,33.709999084472656,33.709999084472656,9382
2024-01-30 13:15:00-05:00,33.709999084472656,33.82500076293945,33.709999084472656,33.82500076293945,33.82500076293945,6721
2024-01-30 13:20:00-05:00,33.81999969482422,33.81999969482422,33.779998779296875,33.779998779296875,33.779998779296875,8837
2024-01-30 13:25:00-05:00,33.779998779296875,33.88999938964844,33.779998779296875,33.88999938964844,33.88999938964844,8303
2024-01-30 13:30:00-05:00,33.900001525878906,33.91999816894531,33.88999938964844,33.88999938964844,33.88999938964844,15650
2024-01-30 13:35:00-05:00,33.869998931884766,33.869998931884766,33.81999969482422,33.86000061035156,33.86000061035156,8503
2024-01-30 13:40:00-05:00,33.85499954223633,33.90999984741211,33.85499954223633,33.90999984741211,33.90999984741211,8475
2024-01-30 13:45:00-05:00,33.91999816894531,33.97999954223633,33.91999816894531,33.970001220703125,33.970001220703125,14621
2024-01-30 13:50:00-05:00,33.970001220703125,34.03499984741211,33.970001220703125,34.02000045776367,34.02000045776367,13719
2024-01-30 13:55:00-05:00,34.029998779296875,34.04999923706055,33.96500015258789,33.9900016784668,33.9900016784668,19907
2024-01-30 14:00:00-05:00,33.97999954223633,34.029998779296875,33.95000076293945,34.02000045776367,34.02000045776367,8675
2024-01-30 14:05:00-05:00,34.0099983215332,34.02000045776367,33.91999816894531,34.0099983215332,34.0099983215332,8735
2024-01-30 14:10:00-05:00,34.0099983215332,34.08000183105469,34.0,34.08000183105469,34.08000183105469,8155
2024-01-30 14:15:00-05:00,34.08000183105469,34.099998474121094,34.0099983215332,34.06999969482422,34.06999969482422,7501
2024-01-30 14:20:00-05:00,34.06999969482422,34.15999984741211,34.06999969482422,34.15999984741211,34.15999984741211,10292
2024-01-30 14:25:00-05:00,34.140098571777344,34.2400016784668,34.140098571777344,34.224998474121094,34.224998474121094,16267
2024-01-30 14:30:00-05:00,34.2400016784668,34.27000045776367,34.150001525878906,34.15999984741211,34.15999984741211,9927
2024-01-30 14:35:00-05:00,34.16999816894531,34.2400016784668,34.13999938964844,34.2400016784668,34.2400016784668,12500
2024-01-30 14:40:00-05:00,34.279998779296875,34.31999969482422,34.2400016784668,34.29999923706055,34.29999923706055,16238
2024-01-30 14:45:00-05:00,34.29999923706055,34.34000015258789,34.27000045776367,34.28499984741211,34.28499984741211,12278
2024-01-30 14:50:00-05:00,34.290000915527344,34.310001373291016,34.2400016784668,34.25,34.25,22270
2024-01-30 14:55:00-05:00,34.2599983215332,34.34000015258789,34.2599983215332,34.314998626708984,34.314998626708984,13083
2024-01-30 15:00:00-05:00,34.314998626708984,34.33000183105469,34.27000045776367,34.33000183105469,34.33000183105469,13202
2024-01-30 15:05:00-05:00,34.33000183105469,34.34000015258789,34.27000045776367,34.29999923706055,34.29999923706055,22183
2024-01-30 15:10:00-05:00,34.310001373291016,34.345001220703125,34.29999923706055,34.334999084472656,34.334999084472656,16340
2024-01-30 15:15:00-05:00,34.334999084472656,34.38999938964844,34.33000183105469,34.349998474121094,34.349998474121094,16550
2024-01-30 15:20:00-05:00,34.36000061035156,34.36000061035156,34.34000015258789,34.345001220703125,34.345001220703125,10971
2024-01-30 15:25:00-05:00,34.349998474121094,34.41999816894531,34.349998474121094,34.400001525878906,34.400001525878906,13973
2024-01-30 15:30:00-05:00,34.38999938964844,34.40999984741211,34.369998931884766,34.40999984741211,34.40999984741211,16867
2024-01-30 15:35:00-05:00,34.40999984741211,34.439998626708984,34.380001068115234,34.3849983215332,34.3849983215332,17710
2024-01-30 15:40:00-05:00,34.380001068115234,34.380001068115234,34.310001373291016,34.31999969482422,34.31999969482422,11734
2024-01-30 15:45:00-05:00,34.313899993896484,34.415000915527344,34.313899993896484,34.400001525878906,34.400001525878906,25646
2024-01-30 15:50:00-05:00,34.40999984741211,34.439998626708984,34.369998931884766,34.369998931884766,34.369998931884766,64002
2024-01-30 15:55:00-05:00,34.369998931884766,34.5,34.349998474121094,34.5,34.5,103092
2024-01-31 09:30:00-05:00,34.5,34.849998474121094,34.5,34.81999969482422,34.81999969482422,23176
2024-01-31 09:35:00-05:00,34.7599983215332,34.7599983215332,34.349998474121094,34.36000061035156,34.36000061035156,43311
2024-01-31 09:40:00-05:00,34.32500076293945,34.5348014831543,34.25,34.5348014831543,34.5348014831543,6686
2024-01-31 09:45:00-05:00,34.540000915527344,34.58000183105469,34.47999954223633,34.505001068115234,34.505001068115234,4709
2024-01-31 09:50:00-05:00,34.52000045776367,34.56529998779297,34.459999084472656,34.52000045776367,34.52000045776367,17481
2024-01-31 09:55:00-05:00,34.470001220703125,34.61600112915039,34.369998931884766,34.43000030517578,34.43000030517578,7654
2024-01-31 10:00:00-05:00,34.470001220703125,34.519901275634766,34.27000045776367,34.305999755859375,34.305999755859375,11624
2024-01-31 10:05:00-05:00,34.310001373291016,34.36000061035156,34.18000030517578,34.20000076293945,34.20000076293945,8862
2024-01-31 10:10:00-05:00,34.20000076293945,34.220001220703125,34.029998779296875,34.06999969482422,34.06999969482422,11835
2024-01-31 10:15:00-05:00,34.040000915527344,34.166500091552734,33.9900016784668,34.13999938964844,34.13999938964844,8857
2024-01-31 10:20:00-05:00,34.14500045776367,34.18000030517578,34.08000183105469,34.130001068115234,34.130001068115234,6096
2024-01-31 10:25:00-05:00,34.13999938964844,34.29499816894531,34.13999938964844,34.29499816894531,34.29499816894531,14300
2024-01-31 10:30:00-05:00,34.310001373291016,34.349998474121094,34.25,34.279998779296875,34.279998779296875,11894
2024-01-31 10:35:00-05:00,34.25,34.25,34.09000015258789,34.130001068115234,34.130001068115234,8649
2024-01-31 10:40:00-05:00,34.099998474121094,34.099998474121094,33.959999084472656,33.97999954223633,33.97999954223633,10833
2024-01-31 10:45:00-05:00,34.0,34.18000030517578,34.0,34.18000030517578,34.18000030517578,8115
2024-01-31 10:50:00-05:00,34.20000076293945,34.20000076293945,34.084999084472656,34.130001068115234,34.130001068115234,6975
2024-01-31 10:55:00-05:00,34.187198638916016,34.27000045776367,34.187198638916016,34.27000045776367,34.27000045776367,6833
2024-01-31 11:00:00-05:00,34.275001525878906,34.290000915527344,34.165000915527344,34.165000915527344,34.165000915527344,8657
2024-01-31 11:05:00-05:00,34.13999938964844,34.2400016784668,34.13999938964844,34.2400016784668,34.2400016784668,3016
2024-01-31 11:10:00-05:00,34.22999954223633,34.25,34.16999816894531,34.20000076293945,34.20000076293945,12722
2024-01-31 11:15:00-05:00,34.20000076293945,34.209999084472656,34.13999938964844,34.15999984741211,34.15999984741211,10303
2024-01-31 11:20:00-05:00,34.154998779296875,34.154998779296875,34.064998626708984,34.099998474121094,34.099998474121094,15217
2024-01-31 11:25:00-05:00,34.099998474121094,34.220001220703125,34.07849884033203,34.19499969482422,34.19499969482422,8543
2024-01-31 11:30:00-05:00,34.16999816894531,34.22999954223633,34.15999984741211,34.224998474121094,34.224998474121094,7765
2024-01-31 11:35:00-05:00,34.209999084472656,34.22999954223633,34.084999084472656,34.099998474121094,34.099998474121094,16199
2024-01-31 11:40:00-05:00,34.097999572753906,34.097999572753906,33.959999084472656,34.005001068115234,34.005001068115234,6918
2024-01-31 11:45:00-05:00,34.0,34.0,33.880001068115234,33.88999938964844,33.88999938964844,9076
2024-01-31 11:50:00-05:00,33.900001525878906,33.959999084472656,33.900001525878906,33.95000076293945,33.95000076293945,9407
2024-01-31 11:55:00-05:00,33.91999816894531,33.91999816894531,33.810001373291016,33.90999984741211,33.90999984741211,14927
2024-01-31 12:00:00-05:00,33.93000030517578,33.9900016784668,33.90999984741211,33.9900016784668,33.9900016784668,7317
2024-01-31 12:05:00-05:00,33.970001220703125,34.040000915527344,33.939998626708984,34.040000915527344,34.040000915527344,8374
2024-01-31 12:10:00-05:00,34.040000915527344,34.040000915527344,33.939998626708984,34.0099983215332,34.0099983215332,8424
2024-01-31 12:15:00-05:00,33.9900016784668,34.0099983215332,33.90999984741211,33.970001220703125,33.970001220703125,4828
2024-01-31 12:20:00-05:00,33.959999084472656,33.9900016784668,33.939998626708984,33.9552001953125,33.9552001953125,8439
2024-01-31 12:25:00-05:00,33.970001220703125,34.040000915527344,33.970001220703125,34.02000045776367,34.02000045776367,6295
2024-01-31 12:30:00-05:00,34.02000045776367,34.02000045776367,33.959999084472656,33.98500061035156,33.98500061035156,8746
2024-01-31 12:35:00-05:00,34.0,34.0099983215332,33.90999984741211,33.93000030517578,33.93000030517578,5918
2024-01-31 12:40:00-05:00,33.91999816894531,33.959999084472656,33.900001525878906,33.90999984741211,33.90999984741211,5253
2024-01-31 12:45:00-05:00,33.91999816894531,33.98500061035156,33.90999984741211,33.96500015258789,33.96500015258789,9368
2024-01-31 12:50:00-05:00,33.959999084472656,34.02000045776367,33.95750045776367,33.98500061035156,33.98500061035156,6971
2024-01-31 12:55:00-05:00,33.98500061035156,33.98500061035156,33.93000030517578,33.93000030517578,33.93000030517578,8781
2024-01-31 13:00:00-05:00,33.93000030517578,33.93000030517578,33.880001068115234,33.90999984741211,33.90999984741211,6285
2024-01-31 13:05:00-05:00,33.91999816894531,33.9900016784668,33.900001525878906,33.97999954223633,33.97999954223633,10320
2024-01-31 13:10:00-05:00,33.96500015258789,33.96500015258789,33.79999923706055,33.79999923706055,33.79999923706055,11421
2024-01-31 13:15:00-05:00,33.83000183105469,33.849998474121094,33.79999923706055,33.84000015258789,33.84000015258789,4796
2024-01-31 13:20:00-05:00,33.79999923706055,33.849998474121094,33.7400016784668,33.7400016784668,33.7400016784668,4844
2024-01-31 13:25:00-05:00,33.7599983215332,33.84000015258789,33.7599983215332,33.84000015258789,33.84000015258789,7681
2024-01-31 13:30:00-05:00,33.84000015258789,33.8650016784668,33.81999969482422,33.86000061035156,33.86000061035156,13417
2024-01-31 13:35:00-05:00,33.849998474121094,33.869998931884766,33.81999969482422,33.869998931884766,33.869998931884766,4452
2024-01-31 13:40:00-05:00,33.845001220703125,33.900001525878906,33.845001220703125,33.900001525878906,33.900001525878906,6424
2024-01-31 13:45:00-05:00,33.900001525878906,33.90999984741211,33.88999938964844,33.90999984741211,33.90999984741211,12463
2024-01-31 13:50:00-05:00,33.90999984741211,33.939998626708984,33.900001525878906,33.904998779296875,33.904998779296875,5453
2024-01-31 13:55:00-05:00,33.90999984741211,34.130001068115234,33.90999984741211,34.119998931884766,34.119998931884766,6896
2024-01-31 14:00:00-05:00,34.13999938964844,34.15999984741211,34.04999923706055,34.11000061035156,34.11000061035156,11279
2024-01-31 14:05:00-05:00,34.15999984741211,34.20000076293945,34.11000061035156,34.13999938964844,34.13999938964844,11277
2024-01-31 14:10:00-05:00,34.119998931884766,34.2400016784668,34.11000061035156,34.16999816894531,34.16999816894531,16218
2024-01-31 14:15:00-05:00,34.16999816894531,34.31999969482422,34.165000915527344,34.27000045776367,34.27000045776367,15300
2024-01-31 14:20:00-05:00,34.290000915527344,34.310001373291016,34.125,34.189998626708984,34.189998626708984,22939
2024-01-31 14:25:00-05:00,34.189998626708984,34.27000045776367,34.17499923706055,34.22999954223633,34.22999954223633,7945
2024-01-31 14:30:00-05:00,34.21500015258789,34.2400016784668,34.09000015258789,34.18000030517578,34.18000030517578,24012
2024-01-31 14:35:00-05:00,34.16999816894531,34.36000061035156,34.150001525878906,34.36000061035156,34.36000061035156,15152
2024-01-31 14:40:00-05:00,34.400001525878906,34.630001068115234,34.400001525878906,34.59000015258789,34.59000015258789,14410
2024-01-31 14:45:00-05:00,34.630001068115234,34.689998626708984,34.54499816894531,34.56999969482422,34.56999969482422,21097
2024-01-31 14:50:00-05:00,34.59000015258789,34.59000015258789,34.290000915527344,34.4900016784668,34.4900016784668,13479
2024-01-31 14:55:00-05:00,34.45000076293945,34.5,34.34000015258789,34.400001525878906,34.400001525878906,14300
2024-01-31 15:00:00-05:00,34.380001068115234,34.439998626708984,34.119998931884766,34.150001525878906,34.150001525878906,14492
2024-01-31 15:05:00-05:00,34.150001525878906,34.150001525878906,34.03499984741211,34.119998931884766,34.119998931884766,19437
2024-01-31 15:10:00-05:00,34.13999938964844,34.349998474121094,34.09000015258789,34.349998474121094,34.349998474121094,10877
2024-01-31 15:15:00-05:00,34.349998474121094,34.38999938964844,34.16999816894531,34.189998626708984,34.189998626708984,16113
2024-01-31 15:20:00-05:00,34.20000076293945,34.290000915527344,34.18000030517578,34.20500183105469,34.20500183105469,11736
2024-01-31 15:25:00-05:00,34.209999084472656,34.220001220703125,34.15999984741211,34.189998626708984,34.189998626708984,15208
2024-01-31 15:30:00-05:00,34.16999816894531,34.18000030517578,33.88999938964844,33.93000030517578,33.93000030517578,18836
2024-01-31 15:35:00-05:00,33.91999816894531,33.93000030517578,33.81999969482422,33.904998779296875,33.904998779296875,28308
2024-01-31 15:40:00-05:00,33.900001525878906,33.92100143432617,33.86000061035156,33.8650016784668,33.8650016784668,24041
2024-01-31 15:45:00-05:00,33.8650016784668,33.900001525878906,33.82500076293945,33.869998931884766,33.869998931884766,34035
2024-01-31 15:50:00-05:00,33.84000015258789,33.88999938964844,33.779998779296875,33.82500076293945,33.82500076293945,51358
2024-01-31 15:55:00-05:00,33.84000015258789,33.880001068115234,33.720001220703125,33.720001220703125,33.720001220703125,95299
2024-02-01 09:30:00-05:00,33.970001220703125,34.41999816894531,33.78010177612305,34.255001068115234,34.255001068115234,51155
2024-02-01 09:35:00-05:00,34.2599983215332,34.400001525878906,34.15999984741211,34.15999984741211,34.15999984741211,5484
2024-02-01 09:40:00-05:00,34.25,34.322200775146484,34.19499969482422,34.19499969482422,34.19499969482422,4791
2024-02-01 09:45:00-05:00,34.22999954223633,34.290000915527344,34.15999984741211,34.18000030517578,34.18000030517578,10725
2024-02-01 09:50:00-05:00,34.18000030517578,34.31999969482422,34.15999984741211,34.310001373291016,34.310001373291016,13890
2024-02-01 09:55:00-05:00,34.33000183105469,34.45000076293945,34.33000183105469,34.345001220703125,34.345001220703125,13959
2024-02-01 10:00:00-05:00,34.310001373291016,34.499900817871094,34.310001373291016,34.40999984741211,34.40999984741211,10288
2024-02-01 10:05:00-05:00,34.42499923706055,34.43000030517578,34.349998474121094,34.43000030517578,34.43000030517578,2437
2024-02-01 10:10:00-05:00,34.45000076293945,34.45000076293945,34.29999923706055,34.369998931884766,34.369998931884766,4812
2024-02-01 10:15:00-05:00,34.35499954223633,34.474998474121094,34.35499954223633,34.459999084472656,34.459999084472656,11563
2024-02-01 10:20:00-05:00,34.470001220703125,34.470001220703125,34.4010009765625,34.41999816894531,34.41999816894531,10160
2024-02-01 10:25:00-05:00,34.43000030517578,34.52000045776367,34.43000030517578,34.52000045776367,34.52000045776367,5290
2024-02-01 10:30:00-05:00,34.52000045776367,34.52000045776367,34.43000030517578,34.43000030517578,34.43000030517578,9947
2024-02-01 10:35:00-05:00,34.41999816894531,34.470001220703125,34.3401985168457,34.43000030517578,34.43000030517578,11980
2024-02-01 10:40:00-05:00,34.43000030517578,34.45500183105469,34.27000045776367,34.29499816894531,34.29499816894531,9254
2024-02-01 10:45:00-05:00,34.290000915527344,34.375,34.27000045776367,34.375,34.375,9809
2024-02-01 10:50:00-05:00,34.375,34.375,34.220001220703125,34.220001220703125,34.220001220703125,6767
2024-02-01 10:55:00-05:00,34.2400016784668,34.290000915527344,34.220001220703125,34.220001220703125,34.220001220703125,6996
2024-02-01 11:00:00-05:00,34.099998474121094,34.099998474121094,34.060001373291016,34.06999969482422,34.06999969482422,2652
2024-02-01 11:05:00-05:00,34.05500030517578,34.05500030517578,33.97999954223633,34.0,34.0,7258
2024-02-01 11:10:00-05:00,33.97999954223633,34.0099983215332,33.93000030517578,33.970001220703125,33.970001220703125,7834
2024-02-01 11:15:00-05:00,34.0,34.060001373291016,34.0,34.05500030517578,34.05500030517578,4080
2024-02-01 11:20:00-05:00,34.06999969482422,34.18000030517578,34.040000915527344,34.18000030517578,34.18000030517578,24084
2024-02-01 11:25:00-05:00,34.18000030517578,34.189998626708984,34.13999938964844,34.189998626708984,34.189998626708984,7664
2024-02-01 11:30:00-05:00,34.20000076293945,34.22999954223633,34.20000076293945,34.20000076293945,34.20000076293945,4297
2024-02-01 11:35:00-05:00,34.19499969482422,34.19499969482422,34.130001068115234,34.18000030517578,34.18000030517578,6757
2024-02-01 11:40:00-05:00,34.189998626708984,34.314998626708984,34.189998626708984,34.314998626708984,34.314998626708984,6091
2024-02-01 11:45:00-05:00,34.35499954223633,34.35499954223633,34.29999923706055,34.29999923706055,34.29999923706055,2939
2024-02-01 11:50:00-05:00,34.33000183105469,34.36000061035156,34.29999923706055,34.36000061035156,34.36000061035156,4441
2024-02-01 11:55:00-05:00,34.38999938964844,34.45000076293945,34.380001068115234,34.439998626708984,34.439998626708984,4457
2024-02-01 12:00:00-05:00,34.459999084472656,34.505001068115234,34.459999084472656,34.4900016784668,34.4900016784668,5028
2024-02-01 12:05:00-05:00,34.4900016784668,34.52000045776367,34.400001525878906,34.52000045776367,34.52000045776367,27012
2024-02-01 12:10:00-05:00,34.52000045776367,34.529998779296875,34.38999938964844,34.46009826660156,34.46009826660156,19963
2024-02-01 12:15:00-05:00,34.43000030517578,34.44499969482422,34.415000915527344,34.44499969482422,34.44499969482422,2920
2024-02-01 12:20:00-05:00,34.439998626708984,34.439998626708984,34.369998931884766,34.400001525878906,34.400001525878906,7563
2024-02-01 12:25:00-05:00,34.40999984741211,34.40999984741211,34.349998474121094,34.375,34.375,3424
2024-02-01 12:30:00-05:00,34.349998474121094,34.369998931884766,34.29999923706055,34.29999923706055,34.29999923706055,3970
2024-02-01 12:35:00-05:00,34.275001525878906,34.290000915527344,34.08000183105469,34.08000183105469,34.08000183105469,3187
2024-02-01 12:40:00-05:00,34.08000183105469,34.08000183105469,33.82500076293945,33.86989974975586,33.86989974975586,15342
2024-02-01 12:45:00-05:00,33.78499984741211,33.78499984741211,33.323299407958984,33.34000015258789,33.34000015258789,9634
2024-02-01 12:50:00-05:00,33.31999969482422,33.35150146484375,33.029998779296875,33.310001373291016,33.310001373291016,67887
2024-02-01 12:55:00-05:00,33.33000183105469,33.41999816894531,33.09000015258789,33.11000061035156,33.11000061035156,16328
2024-02-01 13:00:00-05:00,33.119998931884766,33.20000076293945,33.060001373291016,33.12080001831055,33.12080001831055,16187
2024-02-01 13:05:00-05:00,33.08000183105469,33.08000183105469,32.90999984741211,32.970001220703125,32.970001220703125,9547
2024-02-01 13:10:00-05:00,33.040000915527344,33.06999969482422,32.94499969482422,33.064998626708984,33.064998626708984,7222
2024-02-01 13:15:00-05:00,33.09000015258789,33.220001220703125,33.08000183105469,33.220001220703125,33.220001220703125,8962
2024-02-01 13:20:00-05:00,33.2599983215332,33.36000061035156,33.2599983215332,33.29999923706055,33.29999923706055,8433
2024-02-01 13:25:00-05:00,33.33000183105469,33.349998474121094,33.27000045776367,33.29999923706055,33.29999923706055,3715
2024-02-01 13:30:00-05:00,33.34000015258789,33.400001525878906,33.31999969482422,33.345001220703125,33.345001220703125,10980
2024-02-01 13:35:00-05:00,33.349998474121094,33.470001220703125,33.290000915527344,33.459999084472656,33.459999084472656,5747
2024-02-01 13:40:00-05:00,33.45000076293945,33.45000076293945,33.40999984741211,33.40999984741211,33.40999984741211,1616
2024-02-01 13:45:00-05:00,33.40999984741211,33.540000915527344,33.40999984741211,33.470001220703125,33.470001220703125,15118
2024-02-01 13:50:00-05:00,33.47999954223633,33.5,33.36000061035156,33.36000061035156,33.36000061035156,7592
2024-02-01 13:55:00-05:00,33.33000183105469,33.35499954223633,33.27000045776367,33.310001373291016,33.310001373291016,13554
2024-02-01 14:00:00-05:00,33.290000915527344,33.31999969482422,33.2599983215332,33.314998626708984,33.314998626708984,8442
2024-02-01 14:05:00-05:00,33.290000915527344,33.39500045776367,33.275001525878906,33.33000183105469,33.33000183105469,8920
2024-02-01 14:10:00-05:00,33.29999923706055,33.34830093383789,33.220001220703125,33.220001220703125,33.220001220703125,8511
2024-02-01 14:15:00-05:00,33.22999954223633,33.404998779296875,33.22999954223633,33.404998779296875,33.404998779296875,6913
2024-02-01 14:20:00-05:00,33.40999984741211,33.48500061035156,33.400001525878906,33.41999816894531,33.41999816894531,9104
2024-02-01 14:25:00-05:00,33.43000030517578,33.4900016784668,33.415000915527344,33.439998626708984,33.439998626708984,8047
2024-02-01 14:30:00-05:00,33.45000076293945,33.45000076293945,33.29999923706055,33.29999923706055,33.29999923706055,10742
2024-02-01 14:35:00-05:00,33.31999969482422,33.59000015258789,33.31999969482422,33.59000015258789,33.59000015258789,6424
2024-02-01 14:40:00-05:00,33.584999084472656,33.689998626708984,33.56999969482422,33.689998626708984,33.689998626708984,5284
2024-02-01 14:45:00-05:00,33.69499969482422,33.7599983215332,33.665000915527344,33.75,33.75,5726
2024-02-01 14:50:00-05:00,33.7400016784668,33.77000045776367,33.68000030517578,33.68000030517578,33.68000030517578,6003
2024-02-01 14:55:00-05:00,33.720001220703125,33.790000915527344,33.709999084472656,33.77000045776367,33.77000045776367,6492
2024-02-01 15:00:00-05:00,33.779998779296875,33.8650016784668,33.7599983215332,33.849998474121094,33.849998474121094,7467
2024-02-01 15:05:00-05:00,33.869998931884766,33.869998931884766,33.7599983215332,33.790000915527344,33.790000915527344,6460
2024-02-01 15:10:00-05:00,33.814998626708984,33.814998626708984,33.709999084472656,33.73500061035156,33.73500061035156,7481
2024-02-01 15:15:00-05:00,33.720001220703125,33.779998779296875,33.709999084472656,33.779998779296875,33.779998779296875,7740
2024-02-01 15:20:00-05:00,33.79999923706055,33.79999923706055,33.689998626708984,33.72999954223633,33.72999954223633,13939
2024-02-01 15:25:00-05:00,33.72999954223633,33.755001068115234,33.65999984741211,33.689998626708984,33.689998626708984,9755
2024-02-01 15:30:00-05:00,33.70000076293945,33.720001220703125,33.66999816894531,33.685001373291016,33.685001373291016,14249
2024-02-01 15:35:00-05:00,33.689998626708984,33.69499969482422,33.630001068115234,33.65999984741211,33.65999984741211,23756
2024-02-01 15:40:00-05:00,33.650001525878906,33.66999816894531,33.61000061035156,33.650001525878906,33.650001525878906,24942
2024-02-01 15:45:00-05:00,33.650001525878906,33.665000915527344,33.595001220703125,33.625,33.625,35615
2024-02-01 15:50:00-05:00,33.630001068115234,33.66999816894531,33.595001220703125,33.665000915527344,33.665000915527344,36588
2024-02-01 15:55:00-05:00,33.66999816894531,33.810001373291016,33.66999816894531,33.79999923706055,33.79999923706055,84403
2024-02-02 09:30:00-05:00,33.779998779296875,34.380001068115234,33.77000045776367,33.810001373291016,33.810001373291016,55339
2024-02-02 09:35:00-05:00,33.77000045776367,33.93000030517578,33.40999984741211,33.72999954223633,33.72999954223633,10522
2024-02-02 09:40:00-05:00,33.56999969482422,33.630001068115234,33.40999984741211,33.630001068115234,33.630001068115234,2096
2024-02-02 09:45:00-05:00,33.595001220703125,33.702301025390625,33.42470169067383,33.42470169067383,33.42470169067383,4556
2024-02-02 09:50:00-05:00,33.40999984741211,33.40999984741211,33.15999984741211,33.33000183105469,33.33000183105469,5916
2024-02-02 09:55:00-05:00,33.275001525878906,33.349998474121094,33.20500183105469,33.20500183105469,33.20500183105469,3288
2024-02-02 10:00:00-05:00,33.30500030517578,33.30500030517578,33.150001525878906,33.279998779296875,33.279998779296875,9973
2024-02-02 10:05:00-05:00,33.279998779296875,33.470001220703125,33.209999084472656,33.470001220703125,33.470001220703125,8495
2024-02-02 10:10:00-05:00,33.41999816894531,33.4900016784668,33.36000061035156,33.474998474121094,33.474998474121094,9731
2024-02-02 10:15:00-05:00,33.47999954223633,33.599998474121094,33.459999084472656,33.58000183105469,33.58000183105469,6519
2024-02-02 10:20:00-05:00,33.58000183105469,33.79499816894531,33.57500076293945,33.75,33.75,4061
2024-02-02 10:25:00-05:00,33.77000045776367,33.779998779296875,33.689998626708984,33.70000076293945,33.70000076293945,6177
2024-02-02 10:30:00-05:00,33.712501525878906,33.7400016784668,33.560001373291016,33.56999969482422,33.56999969482422,7136
2024-02-02 10:35:00-05:00,33.57500076293945,33.58000183105469,33.5099983215332,33.5099983215332,33.5099983215332,7390
2024-02-02 10:40:00-05:00,33.5099983215332,33.53990173339844,33.415000915527344,33.53990173339844,33.53990173339844,4280
2024-02-02 10:45:00-05:00,33.522499084472656,33.54999923706055,33.42499923706055,33.42499923706055,33.42499923706055,6708
2024-02-02 10:50:00-05:00,33.375,33.5099983215332,33.375,33.470001220703125,33.470001220703125,9119
2024-02-02 10:55:00-05:00,33.470001220703125,33.525001525878906,33.375,33.525001525878906,33.525001525878906,7198
2024-02-02 11:00:00-05:00,33.55500030517578,33.7599983215332,33.54999923706055,33.7400016784668,33.7400016784668,13310
2024-02-02 11:05:00-05:00,33.72999954223633,33.83000183105469,33.7223014831543,33.81999969482422,33.81999969482422,3572
2024-02-02 11:10:00-05:00,33.79999923706055,33.869998931884766,33.7599983215332,33.7599983215332,33.7599983215332,8181
2024-02-02 11:15:00-05:00,33.79999923706055,33.79999923706055,33.61000061035156,33.64500045776367,33.64500045776367,5975
2024-02-02 11:20:00-05:00,33.68000030517578,33.689998626708984,33.619998931884766,33.619998931884766,33.619998931884766,3585
2024-02-02 11:25:00-05:00,33.599998474121094,33.755001068115234,33.599998474121094,33.7400016784668,33.7400016784668,22747
2024-02-02 11:30:00-05:00,33.7599983215332,33.790000915527344,33.68000030517578,33.7599983215332,33.7599983215332,9295
2024-02-02 11:35:00-05:00,33.79309844970703,33.86249923706055,33.75,33.86000061035156,33.86000061035156,5637
2024-02-02 11:40:00-05:00,33.86439895629883,33.89250183105469,33.810001373291016,33.86000061035156,33.86000061035156,5313
2024-02-02 11:45:00-05:00,33.849998474121094,33.85689926147461,33.779998779296875,33.810001373291016,33.810001373291016,3112
2024-02-02 11:50:00-05:00,33.81999969482422,33.81999969482422,33.77000045776367,33.775001525878906,33.775001525878906,3432
2024-02-02 11:55:00-05:00,33.775001525878906,33.779998779296875,33.720001220703125,33.7400016784668,33.7400016784668,7090
2024-02-02 12:00:00-05:00,33.72999954223633,33.72999954223633,33.66999816894531,33.68000030517578,33.68000030517578,5243
2024-02-02 12:05:00-05:00,33.70000076293945,33.720001220703125,33.689998626708984,33.71500015258789,33.71500015258789,4888
2024-02-02 12:10:00-05:00,33.72999954223633,33.779998779296875,33.69499969482422,33.720001220703125,33.720001220703125,5394
2024-02-02 12:15:00-05:00,33.72999954223633,33.775001525878906,33.70000076293945,33.72999954223633,33.72999954223633,8953
2024-02-02 12:20:00-05:00,33.75,33.75,33.70500183105469,33.70500183105469,33.70500183105469,7165
2024-02-02 12:25:00-05:00,33.689998626708984,33.75,33.650001525878906,33.7400016784668,33.7400016784668,7546
2024-02-02 12:30:00-05:00,33.7400016784668,33.810001373291016,33.73500061035156,33.77000045776367,33.77000045776367,9294
2024-02-02 12:35:00-05:00,33.779998779296875,33.83000183105469,33.779998779296875,33.814998626708984,33.814998626708984,4124
2024-02-02 12:40:00-05:00,33.83000183105469,33.83000183105469,33.75,33.75,33.75,9735
2024-02-02 12:45:00-05:00,33.744998931884766,33.7599983215332,33.65999984741211,33.7400016784668,33.7400016784668,5416
2024-02-02 12:50:00-05:00,33.779998779296875,33.779998779296875,33.720001220703125,33.75,33.75,4822
2024-02-02 12:55:00-05:00,33.79999923706055,33.91999816894531,33.79999923706055,33.91999816894531,33.91999816894531,6262
2024-02-02 13:00:00-05:00,33.959999084472656,33.959999084472656,33.869998931884766,33.875,33.875,6963
2024-02-02 13:05:00-05:00,33.900001525878906,33.91999816894531,33.84000015258789,33.86000061035156,33.86000061035156,9741
2024-02-02 13:10:00-05:00,33.880001068115234,33.8849983215332,33.810001373291016,33.82500076293945,33.82500076293945,6336
2024-02-02 13:15:00-05:00,33.81999969482422,33.90999984741211,33.81999969482422,33.88999938964844,33.88999938964844,10244
2024-02-02 13:20:00-05:00,33.880001068115234,33.88999938964844,33.84000015258789,33.88999938964844,33.88999938964844,7992
2024-02-02 13:25:00-05:00,33.880001068115234,33.88999938964844,33.7599983215332,33.79999923706055,33.79999923706055,9539
2024-02-02 13:30:00-05:00,33.79999923706055,33.81999969482422,33.779998779296875,33.79999923706055,33.79999923706055,5082
2024-02-02 13:35:00-05:00,33.80799865722656,33.81999969482422,33.775001525878906,33.81999969482422,33.81999969482422,6493
2024-02-02 13:40:00-05:00,33.83000183105469,33.849998474121094,33.79999923706055,33.79999923706055,33.79999923706055,8424
2024-02-02 13:45:00-05:00,33.79499816894531,33.79499816894531,33.7400016784668,33.75,33.75,3378
2024-02-02 13:50:00-05:00,33.7599983215332,33.775001525878906,33.68000030517578,33.70000076293945,33.70000076293945,6597
2024-02-02 13:55:00-05:00,33.619998931884766,33.66999816894531,33.60200119018555,33.66999816894531,33.66999816894531,3860
2024-02-02 14:00:00-05:00,33.70000076293945,33.720001220703125,33.66999816894531,33.66999816894531,33.66999816894531,6861
2024-02-02 14:05:00-05:00,33.650001525878906,33.65999984741211,33.619998931884766,33.65999984741211,33.65999984741211,4579
2024-02-02 14:10:00-05:00,33.65999984741211,33.65999984741211,33.599998474121094,33.630001068115234,33.630001068115234,7942
2024-02-02 14:15:00-05:00,33.619998931884766,33.630001068115234,33.59000015258789,33.625,33.625,7546
2024-02-02 14:20:00-05:00,33.59000015258789,33.59000015258789,33.54999923706055,33.56999969482422,33.56999969482422,5266
2024-02-02 14:25:00-05:00,33.56999969482422,33.56999969482422,33.540000915527344,33.56999969482422,33.56999969482422,7371
2024-02-02 14:30:00-05:00,33.56999969482422,33.584999084472656,33.529998779296875,33.56999969482422,33.56999969482422,6695
2024-02-02 14:35:00-05:00,33.584999084472656,33.599998474121094,33.54999923706055,33.560001373291016,33.560001373291016,5824
2024-02-02 14:40:00-05:00,33.56999969482422,33.58000183105469,33.540000915527344,33.54999923706055,33.54999923706055,5857
2024-02-02 14:45:00-05:00,33.540000915527344,33.599998474121094,33.540000915527344,33.599998474121094,33.599998474121094,3776
2024-02-02 14:50:00-05:00,33.595001220703125,33.595001220703125,33.529998779296875,33.55500030517578,33.55500030517578,6056
2024-02-02 14:55:00-05:00,33.564998626708984,33.60179901123047,33.54999923706055,33.60179901123047,33.60179901123047,5790
2024-02-02 15:00:00-05:00,33.619998931884766,33.619998931884766,33.56999969482422,33.59000015258789,33.59000015258789,5740
2024-02-02 15:05:00-05:00,33.595001220703125,33.61000061035156,33.54999923706055,33.56999969482422,33.56999969482422,7299
2024-02-02 15:10:00-05:00,33.56999969482422,33.600799560546875,33.56999969482422,33.599998474121094,33.599998474121094,4902
2024-02-02 15:15:00-05:00,33.59000015258789,33.599998474121094,33.560001373291016,33.58000183105469,33.58000183105469,8015
2024-02-02 15:20:00-05:00,33.57500076293945,33.595001220703125,33.529998779296875,33.529998779296875,33.529998779296875,7311
2024-02-02 15:25:00-05:00,33.540000915527344,33.599998474121094,33.52000045776367,33.599998474121094,33.599998474121094,8433
2024-02-02 15:30:00-05:00,33.61000061035156,33.630001068115234,33.54999923706055,33.54999923706055,33.54999923706055,10921
2024-02-02 15:35:00-05:00,33.54999923706055,33.560001373291016,33.529998779296875,33.560001373291016,33.560001373291016,10016
2024-02-02 15:40:00-05:00,33.55500030517578,33.59000015258789,33.492000579833984,33.5,33.5,13738
2024-02-02 15:45:00-05:00,33.5,33.56999969482422,33.47999954223633,33.56999969482422,33.56999969482422,17183
2024-02-02 15:50:00-05:00,33.58000183105469,33.58000183105469,33.470001220703125,33.55500030517578,33.55500030517578,35809
2024-02-02 15:55:00-05:00,33.560001373291016,33.59000015258789,33.52000045776367,33.529998779296875,33.529998779296875,70376
