date,open,high,low,close,volume,average,barCount
2023-03-14 09:30:00-04:00,188.02,189.47,187.51,187.52,21496.0,188.171,39
2023-03-14 09:35:00-04:00,187.52,188.21,187.24,187.75,1900.0,187.913,19
2023-03-14 09:40:00-04:00,187.92,188.34,187.62,187.65,23671.0,188.068,127
2023-03-14 09:45:00-04:00,187.55,188.53,187.26,188.15,46154.0,188.17,160
2023-03-14 09:50:00-04:00,188.11,188.37,187.62,187.9,9574.0,188.025,91
2023-03-14 09:55:00-04:00,187.79,188.0,187.51,187.77,18393.0,187.758,75
2023-03-14 10:00:00-04:00,187.7,187.86,187.29,187.86,9322.0,187.612,71
2023-03-14 10:05:00-04:00,188.0,188.26,187.78,188.02,26850.0,188.119,84
2023-03-14 10:10:00-04:00,188.1,188.35,187.62,188.35,12080.0,188.041,63
2023-03-14 10:15:00-04:00,188.39,188.68,188.22,188.4,27851.0,188.438,90
2023-03-14 10:20:00-04:00,188.43,188.98,188.3,188.78,8882.0,188.627,71
2023-03-14 10:25:00-04:00,188.88,188.88,188.36,188.5,4237.0,188.594,39
2023-03-14 10:30:00-04:00,188.46,188.46,188.05,188.32,6279.0,188.246,49
2023-03-14 10:35:00-04:00,188.32,188.6,188.12,188.21,5407.0,188.367,48
2023-03-14 10:40:00-04:00,188.25,188.6,188.23,188.49,5562.0,188.44,44
2023-03-14 10:45:00-04:00,188.49,188.99,188.41,188.99,8357.0,188.666,76
2023-03-14 10:50:00-04:00,189.07,189.25,188.94,189.22,5931.0,189.09,55
2023-03-14 10:55:00-04:00,189.2,189.32,188.56,188.56,10618.0,189.092,78
2023-03-14 11:00:00-04:00,188.58,188.87,188.19,188.84,8347.0,188.452,59
2023-03-14 11:05:00-04:00,188.88,188.97,188.61,188.83,5985.0,188.83,51
2023-03-14 11:10:00-04:00,188.79,189.15,188.73,189.11,4776.0,188.84,41
2023-03-14 11:15:00-04:00,189.06,189.14,188.73,188.82,3570.0,188.893,33
2023-03-14 11:20:00-04:00,188.87,189.2,188.79,188.94,6964.0,188.96,48
2023-03-14 11:25:00-04:00,188.92,189.07,188.63,188.63,12562.0,188.931,39
2023-03-14 11:30:00-04:00,188.64,188.78,188.52,188.73,5280.0,188.677,45
2023-03-14 11:35:00-04:00,188.8,188.88,188.55,188.84,9648.0,188.712,73
2023-03-14 11:40:00-04:00,188.89,188.95,188.67,188.91,3542.0,188.813,33
2023-03-14 11:45:00-04:00,188.89,188.95,188.44,188.45,8598.0,188.697,48
2023-03-14 11:50:00-04:00,188.55,189.01,188.55,188.89,3161.0,188.808,29
2023-03-14 11:55:00-04:00,188.92,188.95,188.77,188.89,3974.0,188.876,32
2023-03-14 12:00:00-04:00,188.9,189.06,188.71,188.79,4964.0,188.899,42
2023-03-14 12:05:00-04:00,188.82,188.87,188.67,188.82,4220.0,188.745,34
2023-03-14 12:10:00-04:00,188.75,189.24,188.75,189.14,8118.0,189.011,62
2023-03-14 12:15:00-04:00,189.11,189.18,188.94,188.99,7165.0,189.054,63
2023-03-14 12:20:00-04:00,188.98,188.98,188.73,188.81,4499.0,188.864,41
2023-03-14 12:25:00-04:00,188.71,188.71,188.5,188.63,3014.0,188.607,28
2023-03-14 12:30:00-04:00,188.63,189.32,188.57,189.3,8000.0,188.971,79
2023-03-14 12:35:00-04:00,189.31,189.58,189.06,189.58,7511.0,189.387,72
2023-03-14 12:40:00-04:00,189.6,189.6,189.08,189.23,13702.0,189.317,89
2023-03-14 12:45:00-04:00,189.23,189.5,189.14,189.47,4696.0,189.346,44
2023-03-14 12:50:00-04:00,189.52,189.63,189.11,189.18,6367.0,189.377,50
2023-03-14 12:55:00-04:00,189.18,189.2,189.04,189.05,2923.0,189.103,24
2023-03-14 13:00:00-04:00,189.05,189.3,188.94,188.96,3661.0,189.132,31
2023-03-14 13:05:00-04:00,188.88,188.88,188.54,188.56,6279.0,188.685,53
2023-03-14 13:10:00-04:00,188.52,188.52,188.2,188.2,1917.0,188.357,17
2023-03-14 13:15:00-04:00,188.04,188.04,187.41,187.82,3064.0,187.728,29
2023-03-14 13:20:00-04:00,187.81,187.83,187.48,187.68,2822.0,187.674,26
2023-03-14 13:25:00-04:00,187.62,187.87,187.59,187.59,3711.0,187.748,35
2023-03-14 13:30:00-04:00,187.56,187.68,187.4,187.48,2483.0,187.514,24
2023-03-14 13:35:00-04:00,187.44,187.62,187.41,187.58,3981.0,187.497,35
2023-03-14 13:40:00-04:00,187.74,187.74,187.12,187.12,2404.0,187.463,24
2023-03-14 13:45:00-04:00,186.94,187.11,186.89,186.92,3198.0,187.008,31
2023-03-14 13:50:00-04:00,186.99,187.19,186.95,187.11,4294.0,187.077,32
2023-03-14 13:55:00-04:00,187.08,187.19,186.92,187.01,5505.0,187.051,39
2023-03-14 14:00:00-04:00,187.11,187.26,186.67,186.67,2836.0,187.035,27
2023-03-14 14:05:00-04:00,186.64,186.68,186.38,186.65,4904.0,186.552,30
2023-03-14 14:10:00-04:00,186.56,186.78,186.56,186.68,3608.0,186.695,34
2023-03-14 14:15:00-04:00,186.67,186.74,186.32,186.74,3090.0,186.481,27
2023-03-14 14:20:00-04:00,186.71,186.8,186.46,186.73,3534.0,186.643,34
2023-03-14 14:25:00-04:00,186.64,187.23,186.64,187.17,3547.0,186.987,35
2023-03-14 14:30:00-04:00,187.14,187.4,187.05,187.34,2800.0,187.251,28
2023-03-14 14:35:00-04:00,187.37,187.55,187.19,187.5,4030.0,187.351,35
2023-03-14 14:40:00-04:00,187.43,187.56,187.29,187.44,3214.0,187.376,29
2023-03-14 14:45:00-04:00,187.49,187.95,187.49,187.75,3566.0,187.71,31
2023-03-14 14:50:00-04:00,187.73,187.96,187.64,187.78,5124.0,187.878,33
2023-03-14 14:55:00-04:00,187.69,187.75,187.34,187.35,4277.0,187.55,35
2023-03-14 15:00:00-04:00,187.34,187.63,187.34,187.5,3116.0,187.494,28
2023-03-14 15:05:00-04:00,187.49,187.57,186.94,186.94,3880.0,187.356,33
2023-03-14 15:10:00-04:00,186.85,186.9,186.77,186.83,2725.0,186.835,26
2023-03-14 15:15:00-04:00,186.77,187.17,186.57,187.17,10138.0,186.896,74
2023-03-14 15:20:00-04:00,187.17,187.26,186.9,186.96,7499.0,187.02,72
2023-03-14 15:25:00-04:00,187.01,187.32,186.98,187.27,4504.0,187.159,43
2023-03-14 15:30:00-04:00,187.19,187.64,187.14,187.63,6321.0,187.463,53
2023-03-14 15:35:00-04:00,187.71,188.28,187.71,188.01,7942.0,188.022,64
2023-03-14 15:40:00-04:00,187.97,188.29,187.92,188.25,7659.0,188.124,69
2023-03-14 15:45:00-04:00,188.25,188.41,188.05,188.27,8807.0,188.227,80
2023-03-14 15:50:00-04:00,188.37,188.63,188.08,188.3,11744.0,188.412,101
2023-03-14 15:55:00-04:00,188.34,189.24,188.34,189.02,56734.0,188.913,378
2023-03-15 09:30:00-04:00,185.2,185.56,184.54,184.74,16954.0,185.186,34
2023-03-15 09:35:00-04:00,184.73,185.09,184.12,184.8,6724.0,184.575,61
2023-03-15 09:40:00-04:00,184.82,185.43,184.77,185.32,10487.0,185.054,73
2023-03-15 09:45:00-04:00,185.18,185.52,184.9,185.11,11560.0,185.155,101
2023-03-15 09:50:00-04:00,184.95,184.96,183.83,184.05,6331.0,184.51,43
2023-03-15 09:55:00-04:00,184.01,184.01,182.88,183.39,42983.0,183.103,130
2023-03-15 10:00:00-04:00,183.36,183.51,182.74,183.04,11095.0,183.05,78
2023-03-15 10:05:00-04:00,183.14,183.16,181.94,182.02,10876.0,182.585,76
2023-03-15 10:10:00-04:00,182.08,182.6,181.82,182.03,140491.0,182.233,92
2023-03-15 10:15:00-04:00,181.96,182.85,181.96,182.25,16864.0,182.32,64
2023-03-15 10:20:00-04:00,182.49,182.61,181.56,181.56,34074.0,182.364,82
2023-03-15 10:25:00-04:00,181.54,182.32,181.44,181.91,18468.0,181.778,100
2023-03-15 10:30:00-04:00,182.0,182.47,181.61,182.25,52505.0,182.126,93
2023-03-15 10:35:00-04:00,182.18,182.88,182.03,182.27,20066.0,182.259,95
2023-03-15 10:40:00-04:00,182.4,182.46,181.82,181.86,7937.0,182.173,63
2023-03-15 10:45:00-04:00,181.73,181.73,180.97,181.0,4925.0,181.327,38
2023-03-15 10:50:00-04:00,180.99,181.44,180.9,181.32,13906.0,181.069,78
2023-03-15 10:55:00-04:00,181.38,181.75,181.04,181.65,14581.0,181.515,123
2023-03-15 11:00:00-04:00,181.68,181.76,181.18,181.26,35517.0,181.557,68
2023-03-15 11:05:00-04:00,181.26,181.86,180.9,181.75,24238.0,181.26,82
2023-03-15 11:10:00-04:00,181.75,181.81,181.37,181.55,2537.0,181.597,25
2023-03-15 11:15:00-04:00,181.46,182.17,181.46,182.16,70995.0,181.871,57
2023-03-15 11:20:00-04:00,181.97,182.02,181.31,181.39,3922.0,181.684,37
2023-03-15 11:25:00-04:00,181.46,181.47,181.0,181.0,2564.0,181.239,21
2023-03-15 11:30:00-04:00,180.98,181.33,180.82,180.87,3317.0,181.041,32
2023-03-15 11:35:00-04:00,180.71,180.72,180.17,180.22,3846.0,180.386,34
2023-03-15 11:40:00-04:00,180.03,180.51,179.85,180.17,16650.0,180.172,65
2023-03-15 11:45:00-04:00,180.12,180.53,179.83,179.83,18446.0,180.281,56
2023-03-15 11:50:00-04:00,180.0,180.04,179.21,179.43,45361.0,179.396,43
2023-03-15 11:55:00-04:00,179.16,179.31,178.8,178.8,4133.0,179.087,40
2023-03-15 12:00:00-04:00,178.72,179.19,178.72,178.92,6938.0,178.965,60
2023-03-15 12:05:00-04:00,178.68,178.74,178.24,178.24,23214.0,178.547,115
2023-03-15 12:10:00-04:00,178.09,178.32,177.92,177.92,3502.0,178.173,32
2023-03-15 12:15:00-04:00,177.94,178.12,177.75,177.84,4971.0,177.95,48
2023-03-15 12:20:00-04:00,177.84,177.99,177.44,177.45,5860.0,177.851,54
2023-03-15 12:25:00-04:00,177.44,177.74,177.32,177.72,7768.0,177.54,75
2023-03-15 12:30:00-04:00,177.72,178.11,177.62,177.67,6210.0,177.862,50
2023-03-15 12:35:00-04:00,177.59,177.75,177.48,177.49,5085.0,177.6,45
2023-03-15 12:40:00-04:00,177.59,177.67,177.44,177.55,5571.0,177.565,47
2023-03-15 12:45:00-04:00,177.64,177.96,177.64,177.88,3095.0,177.803,29
2023-03-15 12:50:00-04:00,177.96,177.96,177.27,177.45,2845.0,177.597,27
2023-03-15 12:55:00-04:00,177.43,177.54,177.16,177.47,4442.0,177.381,40
2023-03-15 13:00:00-04:00,177.43,177.43,177.0,177.02,4349.0,177.182,32
2023-03-15 13:05:00-04:00,177.07,177.51,176.87,176.88,7958.0,177.211,70
2023-03-15 13:10:00-04:00,177.03,177.25,176.96,176.99,7921.0,177.09,69
2023-03-15 13:15:00-04:00,177.02,177.25,176.85,177.04,5887.0,177.012,55
2023-03-15 13:20:00-04:00,177.06,177.12,176.9,176.96,19396.0,177.052,59
2023-03-15 13:25:00-04:00,177.02,177.59,177.02,177.59,6414.0,177.303,59
2023-03-15 13:30:00-04:00,177.56,177.6,176.95,177.09,23001.0,177.175,160
2023-03-15 13:35:00-04:00,177.14,177.7,177.04,177.05,13270.0,177.506,123
2023-03-15 13:40:00-04:00,177.02,177.02,176.39,176.64,12019.0,176.604,90
2023-03-15 13:45:00-04:00,176.56,176.85,176.41,176.85,9151.0,176.61,70
2023-03-15 13:50:00-04:00,176.72,177.11,176.7,177.01,5265.0,176.96,47
2023-03-15 13:55:00-04:00,176.96,177.23,176.93,177.13,7681.0,177.042,71
2023-03-15 14:00:00-04:00,177.22,177.41,176.92,177.32,13765.0,177.174,87
2023-03-15 14:05:00-04:00,177.21,177.46,177.09,177.11,13156.0,177.276,87
2023-03-15 14:10:00-04:00,177.19,177.62,177.16,177.48,20321.0,177.518,152
2023-03-15 14:15:00-04:00,177.46,177.72,177.18,177.65,10129.0,177.428,95
2023-03-15 14:20:00-04:00,177.53,178.2,177.53,178.18,9164.0,177.826,77
2023-03-15 14:25:00-04:00,178.22,179.28,178.16,178.7,13877.0,178.831,130
2023-03-15 14:30:00-04:00,178.69,179.08,178.18,178.59,9034.0,178.614,75
2023-03-15 14:35:00-04:00,178.49,178.94,178.25,178.58,7050.0,178.556,68
2023-03-15 14:40:00-04:00,178.54,178.68,178.32,178.43,19488.0,178.516,173
2023-03-15 14:45:00-04:00,178.48,178.51,178.11,178.24,14004.0,178.377,104
2023-03-15 14:50:00-04:00,178.23,178.65,177.85,178.64,6245.0,178.347,60
2023-03-15 14:55:00-04:00,178.59,178.85,178.52,178.76,10339.0,178.668,78
2023-03-15 15:00:00-04:00,178.79,178.99,178.7,178.79,8524.0,178.84,74
2023-03-15 15:05:00-04:00,178.8,179.34,178.58,178.9,7189.0,178.912,69
2023-03-15 15:10:00-04:00,178.84,179.27,178.67,179.08,9821.0,179.022,72
2023-03-15 15:15:00-04:00,179.11,179.3,178.92,178.92,8390.0,179.117,77
2023-03-15 15:20:00-04:00,178.87,179.27,178.7,179.1,19071.0,178.974,111
2023-03-15 15:25:00-04:00,179.07,179.3,178.81,179.04,13199.0,179.072,117
2023-03-15 15:30:00-04:00,178.99,179.2,178.62,178.62,9240.0,178.957,83
2023-03-15 15:35:00-04:00,178.69,178.69,178.26,178.29,23795.0,178.418,200
2023-03-15 15:40:00-04:00,178.29,178.33,177.73,177.85,25139.0,177.97,214
2023-03-15 15:45:00-04:00,177.79,177.93,177.22,177.32,48103.0,177.656,319
2023-03-15 15:50:00-04:00,177.24,177.44,176.95,177.38,61988.0,177.152,501
2023-03-15 15:55:00-04:00,177.39,178.64,177.38,178.63,87340.0,178.105,611
2023-03-16 09:30:00-04:00,176.36,176.64,175.09,175.25,27944.0,176.107,107
2023-03-16 09:35:00-04:00,175.29,176.02,175.27,175.89,34274.0,175.696,212
2023-03-16 09:40:00-04:00,175.88,176.21,175.81,175.87,11965.0,176.015,106
2023-03-16 09:45:00-04:00,175.93,176.17,175.64,176.03,18303.0,175.923,163
2023-03-16 09:50:00-04:00,176.03,176.47,175.79,176.26,18767.0,176.212,180
2023-03-16 09:55:00-04:00,176.37,177.29,176.37,176.91,20462.0,176.923,197
2023-03-16 10:00:00-04:00,176.9,177.37,176.75,176.89,18912.0,177.012,159
2023-03-16 10:05:00-04:00,176.83,176.83,175.23,175.23,12465.0,176.241,113
2023-03-16 10:10:00-04:00,175.36,175.61,175.07,175.6,8621.0,175.338,81
2023-03-16 10:15:00-04:00,175.6,175.75,174.86,174.9,13039.0,175.207,118
2023-03-16 10:20:00-04:00,174.88,175.31,174.85,175.25,22896.0,175.075,215
2023-03-16 10:25:00-04:00,175.33,175.58,175.24,175.5,11234.0,175.467,103
2023-03-16 10:30:00-04:00,175.61,176.03,175.56,175.96,17467.0,175.928,168
2023-03-16 10:35:00-04:00,176.01,176.58,175.96,176.54,15932.0,176.17,136
2023-03-16 10:40:00-04:00,176.54,176.98,176.37,176.98,6171.0,176.567,61
2023-03-16 10:45:00-04:00,177.01,177.8,176.99,177.61,12601.0,177.218,88
2023-03-16 10:50:00-04:00,177.66,178.53,177.6,178.53,11083.0,178.036,97
2023-03-16 10:55:00-04:00,178.72,179.22,178.56,178.78,10105.0,178.795,84
2023-03-16 11:00:00-04:00,178.9,178.94,178.5,178.56,7466.0,178.732,60
2023-03-16 11:05:00-04:00,178.56,178.91,178.2,178.67,17259.0,178.508,136
2023-03-16 11:10:00-04:00,178.73,178.94,178.33,178.35,16394.0,178.601,144
2023-03-16 11:15:00-04:00,178.35,178.37,178.0,178.18,16546.0,178.189,146
2023-03-16 11:20:00-04:00,178.18,178.27,177.86,178.17,51935.0,178.076,459
2023-03-16 11:25:00-04:00,178.12,178.95,178.05,178.73,36315.0,178.454,323
2023-03-16 11:30:00-04:00,178.7,178.99,178.54,178.76,17357.0,178.72,143
2023-03-16 11:35:00-04:00,178.77,179.0,178.72,178.77,18603.0,178.902,113
2023-03-16 11:40:00-04:00,178.76,179.31,178.76,179.01,9500.0,179.036,80
2023-03-16 11:45:00-04:00,179.04,179.44,178.89,179.44,12325.0,179.084,107
2023-03-16 11:50:00-04:00,179.42,180.21,179.36,180.03,7168.0,179.604,66
2023-03-16 11:55:00-04:00,180.09,180.38,179.76,179.82,12122.0,180.102,114
2023-03-16 12:00:00-04:00,179.68,179.86,179.46,179.7,14861.0,179.668,105
2023-03-16 12:05:00-04:00,179.68,179.84,179.53,179.53,8230.0,179.692,70
2023-03-16 12:10:00-04:00,179.5,179.62,179.1,179.46,5747.0,179.372,54
2023-03-16 12:15:00-04:00,179.55,179.91,179.5,179.75,4229.0,179.746,36
2023-03-16 12:20:00-04:00,179.75,179.8,179.37,179.47,5489.0,179.584,40
2023-03-16 12:25:00-04:00,179.47,179.76,179.4,179.73,2517.0,179.608,21
2023-03-16 12:30:00-04:00,179.73,179.8,179.42,179.42,6600.0,179.617,54
2023-03-16 12:35:00-04:00,179.34,179.51,179.18,179.42,7853.0,179.356,44
2023-03-16 12:40:00-04:00,179.52,179.72,179.4,179.69,5589.0,179.585,44
2023-03-16 12:45:00-04:00,179.69,179.77,179.42,179.75,7054.0,179.567,66
2023-03-16 12:50:00-04:00,179.88,180.6,179.88,180.19,8847.0,180.216,82
2023-03-16 12:55:00-04:00,180.19,180.54,180.19,180.53,2687.0,180.39,19
2023-03-16 13:00:00-04:00,180.66,180.99,180.56,180.97,5022.0,180.713,43
2023-03-16 13:05:00-04:00,181.03,181.31,180.92,181.09,6702.0,181.128,56
2023-03-16 13:10:00-04:00,181.08,181.08,180.66,180.84,8399.0,180.842,76
2023-03-16 13:15:00-04:00,180.69,180.69,180.28,180.48,5729.0,180.452,49
2023-03-16 13:20:00-04:00,180.43,180.75,180.42,180.71,5934.0,180.64,52
2023-03-16 13:25:00-04:00,180.74,180.94,180.7,180.78,3558.0,180.771,32
2023-03-16 13:30:00-04:00,180.78,180.83,180.52,180.65,10653.0,180.668,92
2023-03-16 13:35:00-04:00,180.64,180.64,180.38,180.61,4286.0,180.456,38
2023-03-16 13:40:00-04:00,180.57,180.68,180.39,180.49,4777.0,180.549,46
2023-03-16 13:45:00-04:00,180.43,180.45,180.28,180.28,4899.0,180.372,47
2023-03-16 13:50:00-04:00,180.26,180.35,179.93,180.03,7602.0,180.161,72
2023-03-16 13:55:00-04:00,180.04,180.25,180.0,180.14,4473.0,180.137,42
2023-03-16 14:00:00-04:00,180.13,180.14,179.92,180.02,6500.0,180.03,54
2023-03-16 14:05:00-04:00,180.08,180.14,179.87,180.12,6565.0,179.973,57
2023-03-16 14:10:00-04:00,180.1,180.1,179.74,179.79,4658.0,179.877,42
2023-03-16 14:15:00-04:00,179.84,180.06,179.75,179.95,3693.0,179.909,36
2023-03-16 14:20:00-04:00,180.04,180.18,179.99,180.09,4524.0,180.088,33
2023-03-16 14:25:00-04:00,180.03,180.22,179.87,180.22,5254.0,179.969,48
2023-03-16 14:30:00-04:00,180.21,180.21,179.78,179.88,4736.0,180.045,42
2023-03-16 14:35:00-04:00,179.88,180.41,179.88,180.37,5718.0,180.182,52
2023-03-16 14:40:00-04:00,180.42,180.65,180.37,180.64,7568.0,180.51,65
2023-03-16 14:45:00-04:00,180.55,180.57,180.13,180.37,8214.0,180.36,74
2023-03-16 14:50:00-04:00,180.32,180.41,180.27,180.27,8998.0,180.339,79
2023-03-16 14:55:00-04:00,180.32,180.54,180.28,180.51,9780.0,180.395,77
2023-03-16 15:00:00-04:00,180.51,180.55,180.32,180.4,8347.0,180.415,73
2023-03-16 15:05:00-04:00,180.41,180.74,180.41,180.48,12444.0,180.623,108
2023-03-16 15:10:00-04:00,180.47,180.71,180.39,180.39,8850.0,180.558,71
2023-03-16 15:15:00-04:00,180.39,180.65,180.37,180.61,7476.0,180.551,63
2023-03-16 15:20:00-04:00,180.6,180.83,180.51,180.77,22551.0,180.669,191
2023-03-16 15:25:00-04:00,180.71,181.12,180.65,181.12,15121.0,180.774,100
2023-03-16 15:30:00-04:00,181.15,181.21,180.85,181.01,16147.0,181.053,152
2023-03-16 15:35:00-04:00,181.01,181.13,180.91,181.08,17640.0,181.019,151
2023-03-16 15:40:00-04:00,181.1,181.59,181.1,181.52,25931.0,181.404,210
2023-03-16 15:45:00-04:00,181.55,181.55,181.06,181.31,23155.0,181.221,215
2023-03-16 15:50:00-04:00,181.34,181.45,180.91,181.02,50032.0,181.101,469
2023-03-16 15:55:00-04:00,181.0,181.62,180.84,181.17,97497.0,181.287,734
2023-03-17 09:30:00-04:00,179.29,179.56,177.62,178.55,209373.0,179.244,77
2023-03-17 09:35:00-04:00,178.28,178.8,178.04,178.36,4487.0,178.38,36
2023-03-17 09:40:00-04:00,178.56,178.56,178.15,178.47,2348.0,178.312,11
2023-03-17 09:45:00-04:00,178.43,178.44,176.79,176.79,4373.0,177.559,38
2023-03-17 09:50:00-04:00,176.91,176.93,176.14,176.6,9675.0,176.572,86
2023-03-17 09:55:00-04:00,176.39,176.58,175.45,175.67,23479.0,175.849,135
2023-03-17 10:00:00-04:00,175.75,177.8,175.68,177.74,37268.0,176.792,126
2023-03-17 10:05:00-04:00,177.73,177.73,177.16,177.29,13433.0,177.328,75
2023-03-17 10:10:00-04:00,177.3,177.3,176.48,176.73,22132.0,176.746,87
2023-03-17 10:15:00-04:00,176.84,177.3,176.46,176.7,6148.0,176.905,55
2023-03-17 10:20:00-04:00,176.69,177.13,176.69,176.88,15124.0,176.886,76
2023-03-17 10:25:00-04:00,176.83,177.07,176.52,177.02,5589.0,176.801,50
2023-03-17 10:30:00-04:00,177.0,177.0,176.16,176.22,6525.0,176.658,62
2023-03-17 10:35:00-04:00,176.23,176.6,176.02,176.45,7346.0,176.281,64
2023-03-17 10:40:00-04:00,176.45,176.45,175.98,175.98,9055.0,176.219,64
2023-03-17 10:45:00-04:00,175.97,176.53,175.82,176.5,5208.0,176.163,44
2023-03-17 10:50:00-04:00,176.54,176.6,175.84,176.12,19217.0,176.256,128
2023-03-17 10:55:00-04:00,176.01,176.53,175.95,176.15,9537.0,176.211,81
2023-03-17 11:00:00-04:00,176.29,176.3,175.49,175.49,7775.0,175.782,64
2023-03-17 11:05:00-04:00,175.59,176.03,175.28,176.03,11870.0,175.729,83
2023-03-17 11:10:00-04:00,175.92,176.28,175.77,176.02,16580.0,175.965,66
2023-03-17 11:15:00-04:00,176.13,176.22,175.83,175.87,7503.0,176.035,60
2023-03-17 11:20:00-04:00,175.87,175.88,175.22,175.38,9252.0,175.525,76
2023-03-17 11:25:00-04:00,175.37,175.61,175.13,175.45,9920.0,175.316,75
2023-03-17 11:30:00-04:00,175.34,175.72,175.34,175.62,9691.0,175.527,85
2023-03-17 11:35:00-04:00,175.65,175.68,175.31,175.4,13302.0,175.482,99
2023-03-17 11:40:00-04:00,175.42,175.63,175.26,175.46,8733.0,175.467,72
2023-03-17 11:45:00-04:00,175.46,175.77,175.42,175.61,18347.0,175.602,114
2023-03-17 11:50:00-04:00,175.69,176.03,175.51,175.51,10814.0,175.764,76
2023-03-17 11:55:00-04:00,175.59,175.82,175.5,175.82,14203.0,175.69,105
2023-03-17 12:00:00-04:00,175.82,176.45,175.82,176.39,10763.0,176.21,75
2023-03-17 12:05:00-04:00,176.35,176.71,176.21,176.69,9423.0,176.408,75
2023-03-17 12:10:00-04:00,176.61,176.78,176.53,176.72,7961.0,176.662,59
2023-03-17 12:15:00-04:00,176.73,176.84,176.5,176.5,5978.0,176.69,53
2023-03-17 12:20:00-04:00,176.6,176.61,176.36,176.39,12062.0,176.502,68
2023-03-17 12:25:00-04:00,176.38,176.67,176.37,176.55,6346.0,176.515,44
2023-03-17 12:30:00-04:00,176.49,177.01,176.49,176.77,3081.0,176.787,29
2023-03-17 12:35:00-04:00,176.82,176.82,176.52,176.6,4251.0,176.669,41
2023-03-17 12:40:00-04:00,176.53,176.91,176.53,176.89,4248.0,176.745,40
2023-03-17 12:45:00-04:00,176.92,177.21,176.76,176.99,4035.0,176.898,38
2023-03-17 12:50:00-04:00,177.07,177.08,176.68,176.68,4146.0,176.893,39
2023-03-17 12:55:00-04:00,176.77,177.01,176.77,176.9,2244.0,176.906,22
2023-03-17 13:00:00-04:00,176.88,176.98,176.75,176.98,3556.0,176.858,31
2023-03-17 13:05:00-04:00,177.03,177.4,177.0,177.29,3259.0,177.215,29
2023-03-17 13:10:00-04:00,177.32,177.59,177.3,177.56,4605.0,177.439,40
2023-03-17 13:15:00-04:00,177.63,177.65,177.21,177.35,4596.0,177.465,43
2023-03-17 13:20:00-04:00,177.38,177.69,177.36,177.36,2866.0,177.544,26
2023-03-17 13:25:00-04:00,177.36,177.36,177.05,177.06,4365.0,177.159,30
2023-03-17 13:30:00-04:00,177.06,177.22,176.72,176.72,5090.0,177.011,45
2023-03-17 13:35:00-04:00,176.83,176.86,176.53,176.86,4022.0,176.681,37
2023-03-17 13:40:00-04:00,176.81,176.81,176.55,176.67,7263.0,176.664,67
2023-03-17 13:45:00-04:00,176.67,176.97,176.47,176.91,8273.0,176.81,32
2023-03-17 13:50:00-04:00,176.9,176.99,176.77,176.88,3516.0,176.869,32
2023-03-17 13:55:00-04:00,176.96,177.13,176.76,177.13,3500.0,176.945,35
2023-03-17 14:00:00-04:00,177.19,177.38,176.82,176.87,5164.0,177.153,46
2023-03-17 14:05:00-04:00,176.87,176.88,176.57,176.57,3633.0,176.714,35
2023-03-17 14:10:00-04:00,176.55,176.62,176.31,176.32,7421.0,176.472,49
2023-03-17 14:15:00-04:00,176.3,176.61,176.21,176.61,25608.0,176.484,104
2023-03-17 14:20:00-04:00,176.59,176.71,176.34,176.34,3607.0,176.533,35
2023-03-17 14:25:00-04:00,176.35,176.46,176.21,176.31,3141.0,176.361,29
2023-03-17 14:30:00-04:00,176.31,176.71,176.23,176.55,6209.0,176.484,56
2023-03-17 14:35:00-04:00,176.58,176.65,176.26,176.5,5217.0,176.422,46
2023-03-17 14:40:00-04:00,176.43,176.57,176.37,176.53,4493.0,176.468,42
2023-03-17 14:45:00-04:00,176.53,176.81,176.4,176.78,5978.0,176.579,55
2023-03-17 14:50:00-04:00,176.77,176.94,176.44,176.89,12543.0,176.717,90
2023-03-17 14:55:00-04:00,177.02,177.24,176.9,177.1,7682.0,177.016,68
2023-03-17 15:00:00-04:00,177.14,177.15,176.91,177.14,10252.0,177.01,81
2023-03-17 15:05:00-04:00,177.14,177.18,176.79,176.85,7352.0,176.999,72
2023-03-17 15:10:00-04:00,176.91,177.21,176.88,177.21,7764.0,177.016,71
2023-03-17 15:15:00-04:00,177.17,177.41,176.96,177.21,24375.0,177.181,153
2023-03-17 15:20:00-04:00,177.21,177.28,176.89,177.11,21719.0,177.129,156
2023-03-17 15:25:00-04:00,177.15,177.16,176.9,176.98,7912.0,177.024,74
2023-03-17 15:30:00-04:00,176.94,176.97,176.44,176.58,12258.0,176.697,119
2023-03-17 15:35:00-04:00,176.62,176.67,176.45,176.67,10230.0,176.565,93
2023-03-17 15:40:00-04:00,176.63,176.82,176.63,176.71,16665.0,176.722,149
2023-03-17 15:45:00-04:00,176.71,176.79,176.54,176.69,19766.0,176.685,183
2023-03-17 15:50:00-04:00,176.75,177.67,176.71,177.66,61483.0,177.359,469
2023-03-17 15:55:00-04:00,177.68,177.68,177.33,177.52,70272.0,177.484,515
2023-03-20 09:30:00-04:00,178.82,180.0,178.77,179.28,20185.0,179.129,55
2023-03-20 09:35:00-04:00,179.36,180.01,178.71,179.8,4711.0,179.1,45
2023-03-20 09:40:00-04:00,179.62,179.84,179.16,179.56,25230.0,179.497,139
2023-03-20 09:45:00-04:00,179.49,179.96,179.12,179.7,10560.0,179.693,93
2023-03-20 09:50:00-04:00,179.88,180.82,179.64,180.64,8025.0,180.14,69
2023-03-20 09:55:00-04:00,180.41,180.62,180.34,180.39,3010.0,180.463,30
2023-03-20 10:00:00-04:00,180.4,180.87,180.4,180.67,2702.0,180.681,26
2023-03-20 10:05:00-04:00,180.67,180.67,179.82,179.83,8057.0,180.171,67
2023-03-20 10:10:00-04:00,179.92,180.19,179.91,180.03,11583.0,180.071,105
2023-03-20 10:15:00-04:00,180.1,180.2,179.42,179.45,11754.0,179.829,110
2023-03-20 10:20:00-04:00,179.45,180.11,179.33,180.06,31436.0,179.728,296
2023-03-20 10:25:00-04:00,180.0,180.14,179.91,180.04,15528.0,180.054,140
2023-03-20 10:30:00-04:00,180.0,180.62,179.91,180.34,29933.0,180.133,117
2023-03-20 10:35:00-04:00,180.31,180.39,179.65,179.89,7342.0,180.057,63
2023-03-20 10:40:00-04:00,179.83,180.13,179.65,180.12,2811.0,179.927,25
2023-03-20 10:45:00-04:00,180.1,180.42,180.07,180.42,3328.0,180.257,33
2023-03-20 10:50:00-04:00,180.36,180.38,179.86,179.86,43760.0,180.114,103
2023-03-20 10:55:00-04:00,179.86,180.32,179.64,180.22,6448.0,179.868,62
2023-03-20 11:00:00-04:00,180.23,180.7,180.15,180.29,4085.0,180.431,38
2023-03-20 11:05:00-04:00,180.31,180.38,180.09,180.19,5184.0,180.253,51
2023-03-20 11:10:00-04:00,180.2,180.29,179.95,180.25,18275.0,180.134,91
2023-03-20 11:15:00-04:00,180.24,180.25,179.78,179.98,12626.0,180.072,84
2023-03-20 11:20:00-04:00,180.02,180.12,179.83,179.91,8378.0,180.019,77
2023-03-20 11:25:00-04:00,179.91,180.3,179.83,180.29,5584.0,180.004,52
2023-03-20 11:30:00-04:00,180.33,180.35,179.83,179.87,9484.0,180.146,88
2023-03-20 11:35:00-04:00,179.87,180.1,179.79,180.08,5936.0,180.022,37
2023-03-20 11:40:00-04:00,180.07,180.08,179.58,179.6,24593.0,179.762,83
2023-03-20 11:45:00-04:00,179.55,179.76,179.45,179.69,15577.0,179.57,85
2023-03-20 11:50:00-04:00,179.69,179.92,179.59,179.69,19653.0,179.77,104
2023-03-20 11:55:00-04:00,179.73,179.85,179.37,179.38,23315.0,179.704,92
2023-03-20 12:00:00-04:00,179.42,179.62,179.35,179.53,9633.0,179.459,69
2023-03-20 12:05:00-04:00,179.53,179.53,179.14,179.22,10592.0,179.363,93
2023-03-20 12:10:00-04:00,179.19,179.24,178.71,178.9,5671.0,179.014,53
2023-03-20 12:15:00-04:00,178.98,179.25,178.86,178.86,15864.0,179.106,69
2023-03-20 12:20:00-04:00,178.96,179.26,178.81,178.89,26214.0,178.94,71
2023-03-20 12:25:00-04:00,178.89,179.15,178.77,179.13,6469.0,178.93,55
2023-03-20 12:30:00-04:00,179.16,179.45,179.09,179.21,8545.0,179.247,71
2023-03-20 12:35:00-04:00,179.17,179.41,178.97,179.41,7108.0,179.117,64
2023-03-20 12:40:00-04:00,179.46,179.6,179.27,179.39,7790.0,179.437,57
2023-03-20 12:45:00-04:00,179.49,179.6,179.41,179.54,2805.0,179.527,26
2023-03-20 12:50:00-04:00,179.64,179.99,179.59,179.86,5996.0,179.85,48
2023-03-20 12:55:00-04:00,180.0,180.22,180.0,180.09,4062.0,180.094,36
2023-03-20 13:00:00-04:00,180.03,180.18,180.03,180.18,1100.0,180.133,11
2023-03-20 13:05:00-04:00,180.29,180.56,180.21,180.22,4522.0,180.407,42
2023-03-20 13:10:00-04:00,180.3,180.33,180.2,180.24,2838.0,180.27,16
2023-03-20 13:15:00-04:00,180.37,180.37,180.12,180.18,3310.0,180.282,30
2023-03-20 13:20:00-04:00,180.19,180.24,180.09,180.1,5324.0,180.149,45
2023-03-20 13:25:00-04:00,180.12,180.12,179.99,180.03,6560.0,180.053,51
2023-03-20 13:30:00-04:00,180.03,180.19,179.93,179.93,8480.0,180.036,68
2023-03-20 13:35:00-04:00,179.93,180.08,179.83,180.08,6506.0,179.948,51
2023-03-20 13:40:00-04:00,180.07,180.21,180.07,180.16,1758.0,180.15,11
2023-03-20 13:45:00-04:00,180.21,180.25,180.15,180.16,500.0,180.199,5
2023-03-20 13:50:00-04:00,180.17,180.17,179.99,180.07,1961.0,180.09,18
2023-03-20 13:55:00-04:00,180.04,180.21,180.0,180.11,2013.0,180.13,16
2023-03-20 14:00:00-04:00,180.1,180.1,179.94,180.07,1971.0,180.029,17
2023-03-20 14:05:00-04:00,180.06,180.28,179.99,180.28,14485.0,180.083,123
2023-03-20 14:10:00-04:00,180.25,180.65,180.23,180.65,12064.0,180.478,94
2023-03-20 14:15:00-04:00,180.65,180.93,180.58,180.93,15266.0,180.695,102
2023-03-20 14:20:00-04:00,180.92,181.29,180.92,181.22,5115.0,181.126,47
2023-03-20 14:25:00-04:00,181.14,181.3,181.03,181.21,13739.0,181.124,124
2023-03-20 14:30:00-04:00,181.22,181.23,180.86,181.19,20720.0,181.078,186
2023-03-20 14:35:00-04:00,181.1,181.1,180.73,180.75,3949.0,180.905,34
2023-03-20 14:40:00-04:00,180.7,180.98,180.56,180.94,4817.0,180.745,44
2023-03-20 14:45:00-04:00,180.94,181.2,180.87,181.03,4442.0,181.074,39
2023-03-20 14:50:00-04:00,181.03,181.39,180.89,180.89,15154.0,181.152,99
2023-03-20 14:55:00-04:00,180.89,181.22,180.89,180.98,13629.0,181.053,88
2023-03-20 15:00:00-04:00,180.97,181.12,180.73,180.98,25133.0,180.856,73
2023-03-20 15:05:00-04:00,180.94,181.16,180.93,181.07,11587.0,181.06,84
2023-03-20 15:10:00-04:00,181.06,181.21,180.87,181.21,12818.0,181.048,107
2023-03-20 15:15:00-04:00,181.15,181.35,181.05,181.24,11948.0,181.175,103
2023-03-20 15:20:00-04:00,181.22,181.22,180.84,181.07,4325.0,180.958,33
2023-03-20 15:25:00-04:00,181.07,181.35,181.07,181.25,7168.0,181.2,47
2023-03-20 15:30:00-04:00,181.27,181.57,181.21,181.44,9443.0,181.449,90
2023-03-20 15:35:00-04:00,181.51,181.75,181.44,181.46,30493.0,181.622,247
2023-03-20 15:40:00-04:00,181.53,181.78,181.47,181.65,11260.0,181.622,86
2023-03-20 15:45:00-04:00,181.59,181.78,181.49,181.75,8691.0,181.634,77
2023-03-20 15:50:00-04:00,181.72,181.95,181.56,181.72,33474.0,181.758,297
2023-03-20 15:55:00-04:00,181.74,181.74,181.21,181.41,49870.0,181.459,326
2023-03-21 09:30:00-04:00,184.27,184.27,183.72,183.99,8088.0,183.789,12
2023-03-21 09:35:00-04:00,184.13,184.13,183.64,183.65,2363.0,183.863,19
2023-03-21 09:40:00-04:00,183.88,184.04,183.76,183.95,1561.0,183.898,15
2023-03-21 09:45:00-04:00,184.18,184.37,183.81,183.91,2790.0,184.161,25
2023-03-21 09:50:00-04:00,183.91,184.01,183.4,183.48,2125.0,183.808,20
2023-03-21 09:55:00-04:00,183.5,184.03,183.42,184.0,3057.0,183.683,23
2023-03-21 10:00:00-04:00,184.23,184.49,183.94,184.08,5153.0,184.203,40
2023-03-21 10:05:00-04:00,184.19,184.34,183.96,183.99,5875.0,184.176,52
2023-03-21 10:10:00-04:00,184.11,184.43,183.87,183.88,10054.0,184.114,81
2023-03-21 10:15:00-04:00,183.59,183.98,183.5,183.74,32210.0,183.636,67
2023-03-21 10:20:00-04:00,183.73,183.88,183.58,183.64,3996.0,183.718,39
2023-03-21 10:25:00-04:00,183.69,183.86,183.66,183.73,5915.0,183.759,54
2023-03-21 10:30:00-04:00,183.81,184.15,183.75,184.02,12741.0,183.94,110
2023-03-21 10:35:00-04:00,183.98,184.02,183.64,183.79,13359.0,183.83,109
2023-03-21 10:40:00-04:00,183.92,183.98,183.5,183.5,3104.0,183.789,26
2023-03-21 10:45:00-04:00,183.58,183.81,183.5,183.81,8881.0,183.741,63
2023-03-21 10:50:00-04:00,183.8,183.8,183.47,183.48,30886.0,183.555,50
2023-03-21 10:55:00-04:00,183.47,183.48,183.06,183.23,2422.0,183.34,24
2023-03-21 11:00:00-04:00,183.2,183.2,183.01,183.1,27126.0,183.105,21
2023-03-21 11:05:00-04:00,183.1,183.62,183.1,183.56,20089.0,183.457,52
2023-03-21 11:10:00-04:00,183.56,183.77,183.47,183.47,5375.0,183.589,51
2023-03-21 11:15:00-04:00,183.54,183.87,183.46,183.87,12535.0,183.602,24
2023-03-21 11:20:00-04:00,183.88,184.07,183.88,183.99,30581.0,183.973,43
2023-03-21 11:25:00-04:00,184.01,184.01,183.5,183.5,7344.0,183.757,65
2023-03-21 11:30:00-04:00,183.65,183.82,183.57,183.57,19494.0,183.71,70
2023-03-21 11:35:00-04:00,183.66,183.7,183.24,183.25,1597.0,183.508,15
2023-03-21 11:40:00-04:00,183.21,183.21,182.64,182.65,6575.0,182.989,62
2023-03-21 11:45:00-04:00,182.71,182.85,182.58,182.7,27482.0,182.676,21
2023-03-21 11:50:00-04:00,182.86,183.07,182.86,182.92,5214.0,182.946,46
2023-03-21 11:55:00-04:00,183.07,183.07,182.86,182.92,1704.0,182.947,17
2023-03-21 12:00:00-04:00,183.0,183.03,182.71,182.71,3011.0,182.881,29
2023-03-21 12:05:00-04:00,182.76,182.84,182.71,182.76,26269.0,182.76,13
2023-03-21 12:10:00-04:00,182.93,183.13,182.73,182.74,2003.0,182.977,20
2023-03-21 12:15:00-04:00,182.74,182.9,182.66,182.66,2892.0,182.762,27
2023-03-21 12:20:00-04:00,182.65,182.65,182.44,182.51,3187.0,182.55,28
2023-03-21 12:25:00-04:00,182.61,182.86,182.6,182.86,2334.0,182.754,18
2023-03-21 12:30:00-04:00,182.92,182.93,182.58,182.58,6833.0,182.859,39
2023-03-21 12:35:00-04:00,182.51,182.63,182.45,182.52,3207.0,182.549,29
2023-03-21 12:40:00-04:00,182.51,182.8,182.37,182.67,6115.0,182.639,47
2023-03-21 12:45:00-04:00,182.66,182.66,182.33,182.5,28643.0,182.355,36
2023-03-21 12:50:00-04:00,182.6,182.81,182.56,182.74,4018.0,182.726,39
2023-03-21 12:55:00-04:00,182.69,182.84,182.69,182.79,3085.0,182.772,26
2023-03-21 13:00:00-04:00,182.72,182.74,182.5,182.5,31358.0,182.564,58
2023-03-21 13:05:00-04:00,182.5,182.54,182.35,182.49,32480.0,182.412,71
2023-03-21 13:10:00-04:00,182.49,182.81,182.45,182.66,7768.0,182.64,73
2023-03-21 13:15:00-04:00,182.69,182.77,182.66,182.73,2291.0,182.707,21
2023-03-21 13:20:00-04:00,182.68,182.68,182.42,182.53,10818.0,182.556,47
2023-03-21 13:25:00-04:00,182.52,182.52,182.31,182.36,5655.0,182.427,50
2023-03-21 13:30:00-04:00,182.41,182.58,182.31,182.41,13647.0,182.434,100
2023-03-21 13:35:00-04:00,182.41,182.49,182.16,182.3,4927.0,182.402,35
2023-03-21 13:40:00-04:00,182.3,182.44,182.23,182.4,4912.0,182.334,42
2023-03-21 13:45:00-04:00,182.38,182.38,182.01,182.01,7804.0,182.134,57
2023-03-21 13:50:00-04:00,182.03,182.1,181.9,181.9,31733.0,181.962,64
2023-03-21 13:55:00-04:00,181.95,181.96,181.62,181.64,8628.0,181.887,73
2023-03-21 14:00:00-04:00,181.55,181.91,181.55,181.77,8608.0,181.755,68
2023-03-21 14:05:00-04:00,181.77,181.83,181.6,181.67,3124.0,181.678,30
2023-03-21 14:10:00-04:00,181.65,181.81,181.61,181.73,2484.0,181.716,23
2023-03-21 14:15:00-04:00,181.61,181.81,181.61,181.81,2748.0,181.754,26
2023-03-21 14:20:00-04:00,181.84,182.09,181.84,182.02,6400.0,181.998,53
2023-03-21 14:25:00-04:00,182.02,182.24,182.0,182.11,32358.0,182.111,64
2023-03-21 14:30:00-04:00,182.15,182.6,182.13,182.47,32094.0,182.333,51
2023-03-21 14:35:00-04:00,182.52,182.62,182.43,182.49,59143.0,182.494,81
2023-03-21 14:40:00-04:00,182.49,182.73,182.49,182.66,4399.0,182.638,41
2023-03-21 14:45:00-04:00,182.66,182.69,182.38,182.38,3377.0,182.569,33
2023-03-21 14:50:00-04:00,182.37,182.37,181.97,182.05,4046.0,182.21,39
2023-03-21 14:55:00-04:00,182.02,182.5,181.96,182.45,6377.0,182.231,60
2023-03-21 15:00:00-04:00,182.46,182.48,182.17,182.32,6962.0,182.354,68
2023-03-21 15:05:00-04:00,182.36,182.53,182.33,182.51,4691.0,182.453,43
2023-03-21 15:10:00-04:00,182.53,182.81,182.41,182.72,6032.0,182.628,51
2023-03-21 15:15:00-04:00,182.73,182.83,182.65,182.78,5499.0,182.756,48
2023-03-21 15:20:00-04:00,182.82,182.92,182.64,182.74,11413.0,182.811,105
2023-03-21 15:25:00-04:00,182.71,182.71,182.49,182.49,8396.0,182.601,75
2023-03-21 15:30:00-04:00,182.54,182.63,182.46,182.58,18188.0,182.566,156
2023-03-21 15:35:00-04:00,182.57,183.26,182.48,183.22,23916.0,182.761,133
2023-03-21 15:40:00-04:00,183.26,183.79,183.25,183.74,10257.0,183.504,91
2023-03-21 15:45:00-04:00,183.75,183.79,183.57,183.62,19896.0,183.641,184
2023-03-21 15:50:00-04:00,183.59,183.63,183.3,183.45,22242.0,183.491,194
2023-03-21 15:55:00-04:00,183.48,183.53,182.89,183.14,67321.0,183.118,426
2023-03-22 09:30:00-04:00,183.02,184.08,183.01,183.92,18643.0,183.21,26
2023-03-22 09:35:00-04:00,183.93,184.67,183.78,183.91,12559.0,184.164,106
2023-03-22 09:40:00-04:00,184.02,184.06,183.24,183.54,9163.0,183.704,81
2023-03-22 09:45:00-04:00,183.24,183.7,183.1,183.28,35818.0,183.302,66
2023-03-22 09:50:00-04:00,183.5,184.09,183.5,183.84,20606.0,183.603,58
2023-03-22 09:55:00-04:00,183.78,183.92,183.66,183.75,5364.0,183.778,43
2023-03-22 10:00:00-04:00,183.73,183.81,183.52,183.69,34159.0,183.704,69
2023-03-22 10:05:00-04:00,183.79,184.22,183.63,183.92,9882.0,183.874,88
2023-03-22 10:10:00-04:00,183.84,184.08,183.76,183.99,15942.0,183.968,137
2023-03-22 10:15:00-04:00,184.0,184.26,183.88,184.11,121921.0,183.987,186
2023-03-22 10:20:00-04:00,184.12,184.47,184.03,184.03,10132.0,184.317,95
2023-03-22 10:25:00-04:00,184.03,184.38,183.85,184.34,13960.0,184.074,131
2023-03-22 10:30:00-04:00,184.46,184.48,184.13,184.28,6651.0,184.314,62
2023-03-22 10:35:00-04:00,184.24,184.31,183.97,184.0,5513.0,184.15,47
2023-03-22 10:40:00-04:00,184.0,184.15,183.92,184.12,5039.0,184.06,44
2023-03-22 10:45:00-04:00,184.13,184.49,184.12,184.26,10325.0,184.317,97
2023-03-22 10:50:00-04:00,184.25,184.45,184.03,184.19,7798.0,184.219,71
2023-03-22 10:55:00-04:00,184.17,184.43,184.16,184.23,6131.0,184.318,48
2023-03-22 11:00:00-04:00,184.23,184.44,184.19,184.32,6605.0,184.337,63
2023-03-22 11:05:00-04:00,184.38,184.42,183.93,184.08,110906.0,184.075,75
2023-03-22 11:10:00-04:00,184.02,184.25,183.85,183.98,36600.0,183.932,98
2023-03-22 11:15:00-04:00,183.97,184.28,183.93,184.17,17001.0,184.12,142
2023-03-22 11:20:00-04:00,184.2,184.6,184.12,184.47,12270.0,184.303,109
2023-03-22 11:25:00-04:00,184.53,184.67,184.35,184.54,17885.0,184.55,168
2023-03-22 11:30:00-04:00,184.57,184.72,184.48,184.68,18283.0,184.6,169
2023-03-22 11:35:00-04:00,184.65,184.69,184.22,184.35,15842.0,184.469,146
2023-03-22 11:40:00-04:00,184.35,184.39,184.27,184.37,16207.0,184.324,147
2023-03-22 11:45:00-04:00,184.37,184.68,184.33,184.61,7374.0,184.474,71
2023-03-22 11:50:00-04:00,184.6,184.76,184.5,184.74,8576.0,184.666,84
2023-03-22 11:55:00-04:00,184.74,184.81,184.6,184.69,27070.0,184.698,218
2023-03-22 12:00:00-04:00,184.7,184.71,184.51,184.58,17445.0,184.628,167
2023-03-22 12:05:00-04:00,184.59,184.59,184.23,184.23,8562.0,184.432,69
2023-03-22 12:10:00-04:00,184.23,184.51,184.19,184.48,6121.0,184.328,58
2023-03-22 12:15:00-04:00,184.5,184.72,184.5,184.62,6096.0,184.616,54
2023-03-22 12:20:00-04:00,184.6,184.89,184.6,184.81,3990.0,184.718,34
2023-03-22 12:25:00-04:00,184.88,184.88,184.42,184.42,10648.0,184.705,45
2023-03-22 12:30:00-04:00,184.43,184.85,184.43,184.82,4746.0,184.643,43
2023-03-22 12:35:00-04:00,184.82,185.02,184.82,184.95,6284.0,184.909,55
2023-03-22 12:40:00-04:00,184.97,185.09,184.88,185.06,4776.0,184.985,45
2023-03-22 12:45:00-04:00,185.02,185.02,184.86,184.93,33601.0,184.947,255
2023-03-22 12:50:00-04:00,184.91,185.01,184.64,184.65,3701.0,184.906,32
2023-03-22 12:55:00-04:00,184.58,184.58,184.36,184.41,3335.0,184.419,31
2023-03-22 13:00:00-04:00,184.41,184.53,184.3,184.31,16681.0,184.437,147
2023-03-22 13:05:00-04:00,184.28,184.28,183.82,183.87,3536.0,183.996,35
2023-03-22 13:10:00-04:00,183.73,183.91,183.53,183.82,14842.0,183.77,85
2023-03-22 13:15:00-04:00,183.82,183.92,183.7,183.71,2380.0,183.83,22
2023-03-22 13:20:00-04:00,183.86,183.89,183.75,183.8,2774.0,183.83,22
2023-03-22 13:25:00-04:00,183.73,183.86,183.73,183.86,1651.0,183.798,14
2023-03-22 13:30:00-04:00,183.89,184.37,183.88,184.37,8101.0,184.181,68
2023-03-22 13:35:00-04:00,184.27,184.37,184.16,184.17,8384.0,184.258,70
2023-03-22 13:40:00-04:00,184.08,184.32,184.07,184.31,2859.0,184.193,25
2023-03-22 13:45:00-04:00,184.4,184.5,184.35,184.5,3575.0,184.426,28
2023-03-22 13:50:00-04:00,184.59,184.64,184.32,184.39,5257.0,184.487,42
2023-03-22 13:55:00-04:00,184.37,184.38,184.12,184.22,7261.0,184.223,46
2023-03-22 14:00:00-04:00,184.32,185.26,184.32,185.25,12528.0,184.821,100
2023-03-22 14:05:00-04:00,185.58,186.24,185.43,185.46,4428.0,185.706,42
2023-03-22 14:10:00-04:00,185.45,185.59,185.06,185.28,9639.0,185.307,79
2023-03-22 14:15:00-04:00,185.28,185.8,185.28,185.68,5728.0,185.507,55
2023-03-22 14:20:00-04:00,185.63,185.63,185.24,185.39,12187.0,185.451,81
2023-03-22 14:25:00-04:00,185.39,185.55,185.12,185.25,11091.0,185.391,101
2023-03-22 14:30:00-04:00,185.19,185.69,185.0,185.51,9079.0,185.326,79
2023-03-22 14:35:00-04:00,185.47,185.54,184.8,185.27,11069.0,185.152,103
2023-03-22 14:40:00-04:00,185.33,186.59,185.33,186.13,9987.0,186.188,92
2023-03-22 14:45:00-04:00,186.28,187.0,186.18,186.58,8138.0,186.713,79
2023-03-22 14:50:00-04:00,186.68,186.78,185.99,185.99,8776.0,186.469,86
2023-03-22 14:55:00-04:00,185.94,186.17,184.93,185.05,11541.0,185.535,103
2023-03-22 15:00:00-04:00,184.91,185.11,183.92,184.15,9050.0,184.532,87
2023-03-22 15:05:00-04:00,184.02,184.28,182.98,183.52,11608.0,183.658,104
2023-03-22 15:10:00-04:00,183.71,184.47,183.47,184.47,18460.0,183.684,166
2023-03-22 15:15:00-04:00,184.36,184.79,184.3,184.48,6827.0,184.504,58
2023-03-22 15:20:00-04:00,184.37,185.39,184.37,185.02,14121.0,185.035,123
2023-03-22 15:25:00-04:00,185.11,185.18,184.61,184.99,8457.0,184.93,75
2023-03-22 15:30:00-04:00,185.14,185.14,184.3,184.44,8377.0,184.698,76
2023-03-22 15:35:00-04:00,184.53,184.59,183.88,183.98,10035.0,184.11,84
2023-03-22 15:40:00-04:00,184.11,184.34,183.84,183.84,15677.0,184.133,137
2023-03-22 15:45:00-04:00,183.75,183.8,183.05,183.34,30111.0,183.476,230
2023-03-22 15:50:00-04:00,183.07,183.27,182.39,182.41,27094.0,182.719,225
2023-03-22 15:55:00-04:00,182.39,182.53,181.22,181.64,140277.0,182.099,763
2023-03-23 09:30:00-04:00,181.78,183.4,181.65,182.66,14220.0,182.053,46
2023-03-23 09:35:00-04:00,182.93,184.38,182.71,184.16,10743.0,183.779,93
2023-03-23 09:40:00-04:00,184.0,184.76,184.0,184.21,16078.0,184.442,140
2023-03-23 09:45:00-04:00,184.22,184.38,183.48,184.38,7111.0,183.861,59
2023-03-23 09:50:00-04:00,184.43,184.43,183.57,183.75,7863.0,183.955,74
2023-03-23 09:55:00-04:00,183.74,183.84,183.33,183.67,9155.0,183.613,70
2023-03-23 10:00:00-04:00,183.8,184.07,183.53,183.72,7585.0,183.751,66
2023-03-23 10:05:00-04:00,183.73,183.78,183.1,183.28,6601.0,183.518,58
2023-03-23 10:10:00-04:00,183.45,183.79,183.3,183.59,4414.0,183.519,39
2023-03-23 10:15:00-04:00,183.7,183.94,183.63,183.73,5481.0,183.764,41
2023-03-23 10:20:00-04:00,183.61,183.66,183.26,183.6,7019.0,183.487,64
2023-03-23 10:25:00-04:00,183.78,183.9,183.61,183.73,10366.0,183.74,94
2023-03-23 10:30:00-04:00,183.82,183.98,183.69,183.83,8098.0,183.822,73
2023-03-23 10:35:00-04:00,183.89,184.08,183.61,184.03,9793.0,183.772,90
2023-03-23 10:40:00-04:00,184.1,184.47,184.1,184.31,10094.0,184.313,95
2023-03-23 10:45:00-04:00,184.32,184.97,184.32,184.97,5196.0,184.648,42
2023-03-23 10:50:00-04:00,184.97,185.67,184.97,185.58,7624.0,185.406,67
2023-03-23 10:55:00-04:00,185.5,185.51,185.15,185.41,21233.0,185.355,192
2023-03-23 11:00:00-04:00,185.45,185.69,185.32,185.41,19336.0,185.489,149
2023-03-23 11:05:00-04:00,185.41,185.89,185.41,185.55,11543.0,185.658,97
2023-03-23 11:10:00-04:00,185.5,185.92,185.39,185.43,8524.0,185.638,72
2023-03-23 11:15:00-04:00,185.44,185.67,185.24,185.41,15392.0,185.44,94
2023-03-23 11:20:00-04:00,185.3,185.48,185.06,185.29,39806.0,185.231,104
2023-03-23 11:25:00-04:00,185.3,185.36,184.97,185.04,6480.0,185.119,59
2023-03-23 11:30:00-04:00,185.12,185.21,184.5,184.7,10201.0,184.88,83
2023-03-23 11:35:00-04:00,184.82,185.1,184.79,184.8,9432.0,184.882,60
2023-03-23 11:40:00-04:00,184.82,184.93,184.46,184.51,4118.0,184.652,41
2023-03-23 11:45:00-04:00,184.66,185.07,184.66,185.04,3858.0,184.859,32
2023-03-23 11:50:00-04:00,185.04,185.18,184.81,185.09,5480.0,184.991,44
2023-03-23 11:55:00-04:00,184.99,185.14,184.84,184.97,12857.0,184.975,123
2023-03-23 12:00:00-04:00,184.95,185.21,184.84,185.05,7749.0,185.018,57
2023-03-23 12:05:00-04:00,185.03,185.04,184.93,184.98,1687.0,184.966,16
2023-03-23 12:10:00-04:00,184.98,185.0,184.68,184.79,9598.0,184.839,86
2023-03-23 12:15:00-04:00,184.72,184.75,184.18,184.22,7177.0,184.566,54
2023-03-23 12:20:00-04:00,184.25,184.67,184.21,184.65,7760.0,184.345,72
2023-03-23 12:25:00-04:00,184.72,184.82,184.59,184.67,11922.0,184.709,109
2023-03-23 12:30:00-04:00,184.67,184.79,184.6,184.63,7565.0,184.69,68
2023-03-23 12:35:00-04:00,184.7,184.71,184.37,184.43,5347.0,184.581,47
2023-03-23 12:40:00-04:00,184.29,184.34,183.93,184.2,15089.0,184.157,52
2023-03-23 12:45:00-04:00,184.12,184.19,183.97,184.17,4461.0,184.073,36
2023-03-23 12:50:00-04:00,184.09,184.18,184.04,184.13,1211.0,184.124,12
2023-03-23 12:55:00-04:00,184.07,184.1,183.78,183.9,7467.0,183.882,37
2023-03-23 13:00:00-04:00,183.82,184.08,183.82,184.01,1744.0,183.973,16
2023-03-23 13:05:00-04:00,184.11,184.3,183.98,184.11,10362.0,184.102,65
2023-03-23 13:10:00-04:00,184.12,184.23,183.7,184.13,7427.0,183.952,60
2023-03-23 13:15:00-04:00,184.02,184.02,183.76,183.89,8313.0,183.925,78
2023-03-23 13:20:00-04:00,183.89,184.17,183.81,183.89,9665.0,183.95,87
2023-03-23 13:25:00-04:00,183.89,183.95,183.27,183.68,13352.0,183.587,105
2023-03-23 13:30:00-04:00,183.68,183.99,183.64,183.88,10125.0,183.84,90
2023-03-23 13:35:00-04:00,183.84,184.1,183.78,184.06,10905.0,183.903,97
2023-03-23 13:40:00-04:00,184.02,184.38,183.93,184.28,6275.0,184.133,57
2023-03-23 13:45:00-04:00,184.3,184.3,183.69,183.87,6928.0,183.898,64
2023-03-23 13:50:00-04:00,183.78,183.87,183.51,183.72,8061.0,183.65,78
2023-03-23 13:55:00-04:00,183.6,183.76,183.38,183.52,3635.0,183.611,36
2023-03-23 14:00:00-04:00,183.52,183.92,183.52,183.66,8593.0,183.694,83
2023-03-23 14:05:00-04:00,183.74,183.92,183.56,183.57,8050.0,183.711,80
2023-03-23 14:10:00-04:00,183.63,183.81,183.4,183.66,6788.0,183.613,62
2023-03-23 14:15:00-04:00,183.66,183.7,183.34,183.63,9429.0,183.511,67
2023-03-23 14:20:00-04:00,183.47,183.53,183.17,183.3,13224.0,183.319,92
2023-03-23 14:25:00-04:00,183.2,183.31,182.84,182.94,13275.0,183.052,117
2023-03-23 14:30:00-04:00,182.83,183.02,182.49,182.58,10284.0,182.699,91
2023-03-23 14:35:00-04:00,182.66,182.9,182.54,182.7,10225.0,182.741,100
2023-03-23 14:40:00-04:00,182.63,182.63,181.87,181.9,11526.0,182.187,104
2023-03-23 14:45:00-04:00,181.96,182.33,181.64,181.91,20092.0,182.031,123
2023-03-23 14:50:00-04:00,181.95,182.12,181.34,181.34,71986.0,181.822,171
2023-03-23 14:55:00-04:00,181.35,181.84,181.06,181.84,21462.0,181.698,62
2023-03-23 15:00:00-04:00,181.84,182.8,181.83,182.5,31368.0,182.344,257
2023-03-23 15:05:00-04:00,182.52,182.57,182.0,182.57,5812.0,182.299,49
2023-03-23 15:10:00-04:00,182.8,182.86,182.07,182.3,4907.0,182.411,46
2023-03-23 15:15:00-04:00,182.42,182.44,181.65,181.65,7748.0,182.065,67
2023-03-23 15:20:00-04:00,181.53,181.77,180.93,181.77,5523.0,181.365,45
2023-03-23 15:25:00-04:00,181.57,181.86,181.47,181.61,6838.0,181.671,58
2023-03-23 15:30:00-04:00,181.51,181.79,181.31,181.65,6225.0,181.499,54
2023-03-23 15:35:00-04:00,181.74,182.28,181.68,182.14,7252.0,181.98,68
2023-03-23 15:40:00-04:00,182.04,182.35,181.93,182.31,10318.0,182.139,82
2023-03-23 15:45:00-04:00,182.23,182.86,182.23,182.5,7520.0,182.601,70
2023-03-23 15:50:00-04:00,182.43,183.49,182.43,183.35,46933.0,183.167,393
2023-03-23 15:55:00-04:00,183.26,183.43,182.82,182.82,107735.0,183.114,885
2023-03-24 09:30:00-04:00,180.56,181.08,179.84,180.19,36449.0,180.509,71
2023-03-24 09:35:00-04:00,180.2,180.77,179.79,180.17,5929.0,180.29,57
2023-03-24 09:40:00-04:00,180.15,180.47,179.63,180.03,24997.0,179.981,157
2023-03-24 09:45:00-04:00,179.96,179.96,178.83,179.63,18425.0,179.334,112
2023-03-24 09:50:00-04:00,179.58,180.36,179.43,180.17,22629.0,179.909,119
2023-03-24 09:55:00-04:00,180.26,180.71,180.26,180.53,8630.0,180.466,77
2023-03-24 10:00:00-04:00,180.55,181.06,180.52,180.95,28327.0,180.782,132
2023-03-24 10:05:00-04:00,180.95,181.4,180.85,181.22,21679.0,181.03,191
2023-03-24 10:10:00-04:00,181.22,181.91,181.09,181.75,18406.0,181.483,155
2023-03-24 10:15:00-04:00,181.73,181.73,180.44,180.44,19753.0,181.325,189
2023-03-24 10:20:00-04:00,180.46,180.7,179.97,180.22,10023.0,180.27,70
2023-03-24 10:25:00-04:00,180.4,181.34,180.36,181.25,7202.0,181.047,64
2023-03-24 10:30:00-04:00,181.23,181.34,181.04,181.24,3606.0,181.226,31
2023-03-24 10:35:00-04:00,181.23,181.23,180.25,180.28,10540.0,180.534,84
2023-03-24 10:40:00-04:00,180.34,180.35,179.89,179.89,10407.0,180.08,75
2023-03-24 10:45:00-04:00,179.91,180.29,179.88,180.03,10088.0,180.056,94
2023-03-24 10:50:00-04:00,180.02,180.11,179.91,179.93,1730.0,179.99,15
2023-03-24 10:55:00-04:00,179.9,180.52,179.88,180.52,9134.0,180.167,55
2023-03-24 11:00:00-04:00,180.48,180.59,180.01,180.35,4990.0,180.278,35
2023-03-24 11:05:00-04:00,180.34,180.34,179.71,179.75,4420.0,179.961,37
2023-03-24 11:10:00-04:00,179.73,179.92,179.54,179.68,12062.0,179.743,80
2023-03-24 11:15:00-04:00,179.77,180.2,179.76,180.15,13361.0,180.067,59
2023-03-24 11:20:00-04:00,180.2,180.49,180.0,180.34,30595.0,180.247,112
2023-03-24 11:25:00-04:00,180.49,180.82,180.47,180.81,11751.0,180.655,104
2023-03-24 11:30:00-04:00,180.79,181.03,180.51,180.97,15049.0,180.852,127
2023-03-24 11:35:00-04:00,180.88,181.07,180.36,180.55,11245.0,180.795,94
2023-03-24 11:40:00-04:00,180.65,180.69,180.35,180.68,15256.0,180.46,76
2023-03-24 11:45:00-04:00,180.79,181.53,180.79,181.23,22363.0,181.326,164
2023-03-24 11:50:00-04:00,181.23,181.4,181.05,181.36,6808.0,181.254,64
2023-03-24 11:55:00-04:00,181.36,181.87,181.36,181.56,11490.0,181.578,76
2023-03-24 12:00:00-04:00,181.59,182.09,181.56,181.82,11092.0,181.918,79
2023-03-24 12:05:00-04:00,181.7,181.82,181.5,181.51,4143.0,181.692,40
2023-03-24 12:10:00-04:00,181.58,181.75,181.31,181.34,9611.0,181.519,66
2023-03-24 12:15:00-04:00,181.33,181.47,180.89,180.97,24490.0,181.095,75
2023-03-24 12:20:00-04:00,180.94,181.17,180.91,181.15,91004.0,181.049,146
2023-03-24 12:25:00-04:00,181.22,181.29,180.85,181.09,8715.0,181.084,83
2023-03-24 12:30:00-04:00,181.1,181.19,180.99,181.09,4349.0,181.108,39
2023-03-24 12:35:00-04:00,181.09,181.36,181.08,181.24,2229.0,181.249,21
2023-03-24 12:40:00-04:00,181.4,181.55,181.2,181.48,4149.0,181.415,37
2023-03-24 12:45:00-04:00,181.54,181.78,181.54,181.7,8899.0,181.751,23
2023-03-24 12:50:00-04:00,181.73,181.85,181.34,181.42,7021.0,181.552,62
2023-03-24 12:55:00-04:00,181.4,181.63,181.29,181.53,17865.0,181.496,117
2023-03-24 13:00:00-04:00,181.51,181.54,181.12,181.21,10540.0,181.461,39
2023-03-24 13:05:00-04:00,181.24,181.41,181.13,181.17,1513.0,181.243,14
2023-03-24 13:10:00-04:00,181.24,181.25,181.09,181.09,1889.0,181.176,18
2023-03-24 13:15:00-04:00,181.13,181.23,180.81,180.85,3440.0,181.049,32
2023-03-24 13:20:00-04:00,180.8,181.26,180.79,181.05,7119.0,181.109,40
2023-03-24 13:25:00-04:00,181.15,181.54,181.0,181.1,6836.0,181.186,58
2023-03-24 13:30:00-04:00,181.16,181.27,180.96,180.96,6875.0,181.166,60
2023-03-24 13:35:00-04:00,181.12,181.31,181.12,181.14,2752.0,181.195,23
2023-03-24 13:40:00-04:00,181.06,181.19,180.81,180.96,9231.0,180.994,55
2023-03-24 13:45:00-04:00,180.88,180.95,180.54,180.54,1277.0,180.734,12
2023-03-24 13:50:00-04:00,180.53,180.53,180.33,180.36,1105.0,180.404,9
2023-03-24 13:55:00-04:00,180.37,180.77,180.28,180.73,8244.0,180.45,54
2023-03-24 14:00:00-04:00,180.76,180.85,180.67,180.82,3860.0,180.784,28
2023-03-24 14:05:00-04:00,180.75,180.81,180.5,180.75,3400.0,180.726,34
2023-03-24 14:10:00-04:00,180.75,180.96,180.72,180.84,3175.0,180.809,29
2023-03-24 14:15:00-04:00,180.86,180.88,180.39,180.63,13107.0,180.588,121
2023-03-24 14:20:00-04:00,180.61,180.63,180.36,180.37,7072.0,180.547,64
2023-03-24 14:25:00-04:00,180.38,180.42,180.33,180.38,2191.0,180.386,18
2023-03-24 14:30:00-04:00,180.38,180.62,180.23,180.42,22424.0,180.387,188
2023-03-24 14:35:00-04:00,180.41,180.45,180.22,180.39,7793.0,180.329,65
2023-03-24 14:40:00-04:00,180.39,180.51,180.26,180.49,12901.0,180.344,77
2023-03-24 14:45:00-04:00,180.48,180.49,180.29,180.41,4891.0,180.425,43
2023-03-24 14:50:00-04:00,180.41,180.67,180.24,180.59,57812.0,180.278,125
2023-03-24 14:55:00-04:00,180.59,180.88,180.59,180.75,18291.0,180.774,160
2023-03-24 15:00:00-04:00,180.69,180.74,180.42,180.48,7654.0,180.579,73
2023-03-24 15:05:00-04:00,180.53,180.6,180.41,180.48,5561.0,180.498,47
2023-03-24 15:10:00-04:00,180.54,180.69,180.46,180.58,5009.0,180.592,43
2023-03-24 15:15:00-04:00,180.58,180.94,180.54,180.94,5845.0,180.72,52
2023-03-24 15:20:00-04:00,180.99,181.4,180.9,180.94,8327.0,181.109,72
2023-03-24 15:25:00-04:00,180.89,181.52,180.89,181.39,8853.0,181.155,74
2023-03-24 15:30:00-04:00,181.43,181.68,181.4,181.55,9858.0,181.512,88
2023-03-24 15:35:00-04:00,181.6,181.94,181.52,181.53,6214.0,181.739,53
2023-03-24 15:40:00-04:00,181.66,181.85,181.63,181.66,10225.0,181.716,86
2023-03-24 15:45:00-04:00,181.67,181.67,181.27,181.63,11575.0,181.49,106
2023-03-24 15:50:00-04:00,181.63,181.76,181.34,181.55,28147.0,181.556,232
2023-03-24 15:55:00-04:00,181.53,182.09,181.36,182.08,94931.0,181.778,714
2023-03-27 09:30:00-04:00,183.81,183.81,183.07,183.25,18613.0,183.698,38
2023-03-27 09:35:00-04:00,183.39,183.46,182.41,182.41,12182.0,183.073,88
2023-03-27 09:40:00-04:00,182.46,183.24,182.33,183.19,7335.0,182.784,68
2023-03-27 09:45:00-04:00,183.45,183.9,183.34,183.84,5922.0,183.532,55
2023-03-27 09:50:00-04:00,183.84,184.0,183.21,183.26,7789.0,183.643,64
2023-03-27 09:55:00-04:00,183.4,183.82,183.03,183.2,4484.0,183.33,42
2023-03-27 10:00:00-04:00,183.25,183.28,182.92,183.1,8347.0,183.088,50
2023-03-27 10:05:00-04:00,183.1,183.1,182.67,182.82,3451.0,182.885,29
2023-03-27 10:10:00-04:00,182.85,182.91,182.62,182.63,5927.0,182.802,33
2023-03-27 10:15:00-04:00,182.68,182.99,182.27,182.61,19091.0,182.524,51
2023-03-27 10:20:00-04:00,182.55,182.67,182.52,182.53,3300.0,182.603,28
2023-03-27 10:25:00-04:00,182.51,182.83,182.39,182.81,9039.0,182.563,89
2023-03-27 10:30:00-04:00,182.81,182.91,182.71,182.79,4981.0,182.807,35
2023-03-27 10:35:00-04:00,182.8,182.93,182.66,182.75,5312.0,182.754,53
2023-03-27 10:40:00-04:00,182.81,182.84,182.42,182.47,6745.0,182.59,64
2023-03-27 10:45:00-04:00,182.5,182.67,182.42,182.61,10871.0,182.503,63
2023-03-27 10:50:00-04:00,182.58,182.74,182.57,182.67,2975.0,182.623,29
2023-03-27 10:55:00-04:00,182.63,182.7,182.22,182.32,19214.0,182.446,87
2023-03-27 11:00:00-04:00,182.32,182.57,182.32,182.43,5820.0,182.433,57
2023-03-27 11:05:00-04:00,182.43,182.43,181.98,182.37,5624.0,182.186,43
2023-03-27 11:10:00-04:00,182.27,182.5,182.27,182.5,5263.0,182.414,51
2023-03-27 11:15:00-04:00,182.5,182.55,182.4,182.5,3900.0,182.481,39
2023-03-27 11:20:00-04:00,182.42,182.63,182.38,182.63,2930.0,182.467,28
2023-03-27 11:25:00-04:00,182.59,182.86,182.55,182.72,4871.0,182.709,45
2023-03-27 11:30:00-04:00,182.75,183.04,182.75,182.86,1900.0,182.922,17
2023-03-27 11:35:00-04:00,182.94,183.01,182.51,182.66,6602.0,182.718,61
2023-03-27 11:40:00-04:00,182.6,182.72,182.47,182.53,6255.0,182.579,49
2023-03-27 11:45:00-04:00,182.53,182.75,182.53,182.69,2790.0,182.631,27
2023-03-27 11:50:00-04:00,182.64,182.66,182.25,182.35,8109.0,182.472,52
2023-03-27 11:55:00-04:00,182.35,182.52,182.16,182.24,28966.0,182.197,41
2023-03-27 12:00:00-04:00,182.17,182.49,182.15,182.39,7506.0,182.3,62
2023-03-27 12:05:00-04:00,182.36,182.44,181.91,181.96,10067.0,182.116,74
2023-03-27 12:10:00-04:00,182.04,182.11,181.88,181.91,8471.0,182.014,66
2023-03-27 12:15:00-04:00,181.95,182.26,181.94,182.26,9773.0,182.087,86
2023-03-27 12:20:00-04:00,182.27,182.37,182.21,182.28,5033.0,182.296,44
2023-03-27 12:25:00-04:00,182.21,182.21,181.79,181.98,6027.0,181.978,43
2023-03-27 12:30:00-04:00,182.04,182.13,181.86,181.86,4552.0,182.034,35
2023-03-27 12:35:00-04:00,181.84,182.09,181.83,182.04,3757.0,181.969,32
2023-03-27 12:40:00-04:00,181.99,181.99,181.87,181.88,2004.0,181.931,20
2023-03-27 12:45:00-04:00,181.88,182.01,181.85,181.99,4888.0,181.934,41
2023-03-27 12:50:00-04:00,181.93,181.98,181.76,181.84,61962.0,181.807,114
2023-03-27 12:55:00-04:00,181.84,181.84,181.14,181.4,24088.0,181.44,128
2023-03-27 13:00:00-04:00,181.4,181.62,181.36,181.56,25181.0,181.483,186
2023-03-27 13:05:00-04:00,181.51,181.51,181.18,181.25,12041.0,181.363,87
2023-03-27 13:10:00-04:00,181.22,181.73,181.12,181.59,5458.0,181.4,54
2023-03-27 13:15:00-04:00,181.6,181.67,181.41,181.48,11367.0,181.516,47
2023-03-27 13:20:00-04:00,181.48,181.71,181.44,181.69,5670.0,181.532,35
2023-03-27 13:25:00-04:00,181.76,182.04,181.75,182.04,5816.0,181.9,49
2023-03-27 13:30:00-04:00,182.04,182.19,181.89,182.03,4982.0,181.981,40
2023-03-27 13:35:00-04:00,181.99,182.1,181.9,181.91,3853.0,182.005,36
2023-03-27 13:40:00-04:00,181.89,182.12,181.89,182.11,7391.0,182.03,56
2023-03-27 13:45:00-04:00,182.15,182.18,182.01,182.07,14087.0,182.124,57
2023-03-27 13:50:00-04:00,182.07,182.14,181.83,181.83,9030.0,182.031,76
2023-03-27 13:55:00-04:00,181.84,181.99,181.54,181.55,13215.0,181.765,108
2023-03-27 14:00:00-04:00,181.54,181.64,181.07,181.12,32864.0,181.458,200
2023-03-27 14:05:00-04:00,181.11,181.31,181.11,181.31,11611.0,181.222,79
2023-03-27 14:10:00-04:00,181.31,181.38,181.2,181.38,4335.0,181.271,38
2023-03-27 14:15:00-04:00,181.45,181.46,181.29,181.36,7641.0,181.362,68
2023-03-27 14:20:00-04:00,181.38,181.52,181.37,181.37,7716.0,181.462,67
2023-03-27 14:25:00-04:00,181.35,181.58,181.34,181.53,7824.0,181.464,60
2023-03-27 14:30:00-04:00,181.49,181.75,181.49,181.75,5090.0,181.638,47
2023-03-27 14:35:00-04:00,181.75,181.94,181.74,181.74,16245.0,181.854,76
2023-03-27 14:40:00-04:00,181.78,181.96,181.78,181.93,5483.0,181.855,41
2023-03-27 14:45:00-04:00,181.93,182.0,181.61,181.85,7793.0,181.874,69
2023-03-27 14:50:00-04:00,181.9,181.94,181.77,181.86,8072.0,181.86,67
2023-03-27 14:55:00-04:00,181.86,181.91,181.71,181.9,11961.0,181.794,97
2023-03-27 15:00:00-04:00,181.91,182.29,181.87,182.08,7348.0,182.113,69
2023-03-27 15:05:00-04:00,182.08,182.08,181.86,181.97,8088.0,181.994,69
2023-03-27 15:10:00-04:00,181.95,181.97,181.7,181.7,20924.0,181.807,138
2023-03-27 15:15:00-04:00,181.74,181.9,181.55,181.61,12147.0,181.703,100
2023-03-27 15:20:00-04:00,181.57,181.63,181.43,181.47,26069.0,181.502,159
2023-03-27 15:25:00-04:00,181.55,181.79,181.49,181.59,14176.0,181.62,133
2023-03-27 15:30:00-04:00,181.66,181.76,181.39,181.47,19121.0,181.573,167
2023-03-27 15:35:00-04:00,181.52,181.57,181.11,181.21,43987.0,181.272,162
2023-03-27 15:40:00-04:00,181.24,181.31,181.12,181.18,43930.0,181.174,161
2023-03-27 15:45:00-04:00,181.21,181.28,180.79,180.84,26666.0,180.992,243
2023-03-27 15:50:00-04:00,180.83,181.09,180.63,180.89,54238.0,180.869,452
2023-03-27 15:55:00-04:00,180.95,181.03,180.56,181.01,118552.0,180.739,883
2023-03-28 09:30:00-04:00,181.41,181.41,180.69,181.31,20813.0,181.251,48
2023-03-28 09:35:00-04:00,181.22,182.23,181.21,182.13,5545.0,182.007,51
2023-03-28 09:40:00-04:00,182.33,182.93,182.28,182.68,10073.0,182.725,74
2023-03-28 09:45:00-04:00,182.75,183.0,182.7,182.77,8211.0,182.894,74
2023-03-28 09:50:00-04:00,182.99,183.07,182.45,182.88,6759.0,182.746,59
2023-03-28 09:55:00-04:00,182.9,182.94,182.68,182.81,2521.0,182.794,23
2023-03-28 10:00:00-04:00,182.81,183.06,182.67,183.04,4950.0,182.819,48
2023-03-28 10:05:00-04:00,183.0,183.79,182.99,183.72,4900.0,183.238,45
2023-03-28 10:10:00-04:00,183.72,183.97,183.48,183.87,6029.0,183.601,42
2023-03-28 10:15:00-04:00,183.78,184.08,183.66,183.73,7845.0,183.815,54
2023-03-28 10:20:00-04:00,183.74,183.74,183.34,183.72,5753.0,183.541,47
2023-03-28 10:25:00-04:00,183.81,183.92,183.66,183.72,6265.0,183.781,52
2023-03-28 10:30:00-04:00,183.72,183.72,182.7,182.75,2478.0,183.295,24
2023-03-28 10:35:00-04:00,182.89,183.08,182.83,182.9,7120.0,182.914,36
2023-03-28 10:40:00-04:00,182.88,182.93,182.73,182.73,6744.0,182.835,42
2023-03-28 10:45:00-04:00,183.01,183.11,182.83,182.85,3756.0,182.936,27
2023-03-28 10:50:00-04:00,182.93,183.05,182.67,182.94,33607.0,182.743,66
2023-03-28 10:55:00-04:00,182.93,183.05,182.79,182.9,1326.0,182.903,11
2023-03-28 11:00:00-04:00,182.9,183.07,182.76,182.92,2964.0,182.911,26
2023-03-28 11:05:00-04:00,182.92,182.92,182.43,182.43,3641.0,182.745,27
2023-03-28 11:10:00-04:00,182.45,182.54,182.32,182.38,3649.0,182.416,30
2023-03-28 11:15:00-04:00,182.45,182.6,182.34,182.45,3040.0,182.479,26
2023-03-28 11:20:00-04:00,182.53,182.71,182.47,182.6,2740.0,182.64,26
2023-03-28 11:25:00-04:00,182.61,183.01,182.39,183.01,8731.0,182.573,65
2023-03-28 11:30:00-04:00,183.01,183.17,182.91,182.91,3497.0,183.048,29
2023-03-28 11:35:00-04:00,182.92,183.2,182.89,183.07,3117.0,183.054,27
2023-03-28 11:40:00-04:00,183.17,183.21,183.15,183.17,1300.0,183.178,13
2023-03-28 11:45:00-04:00,183.2,183.29,183.02,183.02,3145.0,183.144,27
2023-03-28 11:50:00-04:00,183.11,183.31,183.07,183.3,3483.0,183.163,28
2023-03-28 11:55:00-04:00,183.24,183.32,183.17,183.28,5187.0,183.26,38
2023-03-28 12:00:00-04:00,183.32,183.5,183.32,183.44,1500.0,183.404,15
2023-03-28 12:05:00-04:00,183.43,183.43,183.23,183.32,2549.0,183.343,22
2023-03-28 12:10:00-04:00,183.31,183.39,183.22,183.3,4569.0,183.317,43
2023-03-28 12:15:00-04:00,183.34,183.35,183.16,183.17,3956.0,183.233,37
2023-03-28 12:20:00-04:00,183.27,183.45,183.19,183.34,4568.0,183.321,40
2023-03-28 12:25:00-04:00,183.31,183.31,183.08,183.08,3056.0,183.208,30
2023-03-28 12:30:00-04:00,183.07,183.09,182.97,183.01,1853.0,183.029,17
2023-03-28 12:35:00-04:00,183.09,183.17,183.05,183.16,4063.0,183.104,35
2023-03-28 12:40:00-04:00,183.21,183.37,183.16,183.36,3636.0,183.26,36
2023-03-28 12:45:00-04:00,183.36,183.44,183.19,183.4,2892.0,183.316,28
2023-03-28 12:50:00-04:00,183.39,183.52,183.39,183.4,2182.0,183.454,21
2023-03-28 12:55:00-04:00,183.5,183.61,183.41,183.55,4821.0,183.518,43
2023-03-28 13:00:00-04:00,183.58,183.6,183.22,183.23,4116.0,183.451,36
2023-03-28 13:05:00-04:00,183.29,183.29,183.08,183.14,4438.0,183.187,30
2023-03-28 13:10:00-04:00,183.14,183.19,182.68,182.88,11627.0,182.862,73
2023-03-28 13:15:00-04:00,182.8,182.92,182.78,182.92,2089.0,182.831,18
2023-03-28 13:20:00-04:00,182.92,182.99,182.83,182.98,3287.0,182.91,28
2023-03-28 13:25:00-04:00,182.97,183.01,182.87,182.95,3313.0,182.923,32
2023-03-28 13:30:00-04:00,182.91,183.07,182.78,182.78,3942.0,182.94,37
2023-03-28 13:35:00-04:00,182.78,182.78,182.53,182.61,2723.0,182.664,25
2023-03-28 13:40:00-04:00,182.59,182.63,182.53,182.59,2000.0,182.596,20
2023-03-28 13:45:00-04:00,182.56,182.79,182.46,182.76,14442.0,182.605,110
2023-03-28 13:50:00-04:00,182.73,182.79,182.56,182.67,9005.0,182.698,70
2023-03-28 13:55:00-04:00,182.65,182.85,182.38,182.85,59903.0,182.688,128
2023-03-28 14:00:00-04:00,182.78,183.2,182.78,183.14,8543.0,183.0,82
2023-03-28 14:05:00-04:00,183.2,183.24,183.12,183.15,10075.0,183.186,99
2023-03-28 14:10:00-04:00,183.19,183.23,183.0,183.07,8799.0,183.161,85
2023-03-28 14:15:00-04:00,183.1,183.1,182.72,182.72,6917.0,182.94,59
2023-03-28 14:20:00-04:00,182.74,182.84,182.45,182.46,5429.0,182.702,42
2023-03-28 14:25:00-04:00,182.59,182.61,182.44,182.48,4017.0,182.544,34
2023-03-28 14:30:00-04:00,182.59,182.59,182.31,182.36,4383.0,182.485,30
2023-03-28 14:35:00-04:00,182.36,182.51,182.36,182.44,7024.0,182.439,37
2023-03-28 14:40:00-04:00,182.43,182.61,182.42,182.6,2936.0,182.511,28
2023-03-28 14:45:00-04:00,182.62,182.71,182.55,182.64,5781.0,182.629,54
2023-03-28 14:50:00-04:00,182.7,182.78,182.64,182.77,3800.0,182.708,38
2023-03-28 14:55:00-04:00,182.77,182.92,182.73,182.88,6227.0,182.837,59
2023-03-28 15:00:00-04:00,182.89,182.93,182.68,182.69,4845.0,182.792,45
2023-03-28 15:05:00-04:00,182.68,182.83,182.68,182.73,9717.0,182.764,78
2023-03-28 15:10:00-04:00,182.71,182.75,182.45,182.59,7922.0,182.626,70
2023-03-28 15:15:00-04:00,182.59,182.62,182.4,182.48,6818.0,182.513,63
2023-03-28 15:20:00-04:00,182.48,182.62,182.4,182.44,10404.0,182.502,95
2023-03-28 15:25:00-04:00,182.47,182.51,182.29,182.43,7651.0,182.428,66
2023-03-28 15:30:00-04:00,182.41,182.62,182.31,182.62,14259.0,182.424,126
2023-03-28 15:35:00-04:00,182.66,182.88,182.6,182.63,12335.0,182.715,113
2023-03-28 15:40:00-04:00,182.72,182.74,182.58,182.65,10663.0,182.671,91
2023-03-28 15:45:00-04:00,182.62,182.62,182.52,182.59,16720.0,182.573,124
2023-03-28 15:50:00-04:00,182.64,182.68,182.39,182.44,37535.0,182.578,291
2023-03-28 15:55:00-04:00,182.44,182.89,182.19,182.6,90973.0,182.51,562
2023-03-29 09:30:00-04:00,184.31,184.93,183.37,183.84,17694.0,184.244,36
2023-03-29 09:35:00-04:00,183.92,184.06,183.67,183.99,23330.0,183.942,95
2023-03-29 09:40:00-04:00,184.07,184.97,184.0,184.97,3812.0,184.254,31
2023-03-29 09:45:00-04:00,184.69,184.84,184.22,184.27,46413.0,184.489,205
2023-03-29 09:50:00-04:00,184.47,184.58,184.29,184.52,11863.0,184.479,79
2023-03-29 09:55:00-04:00,184.53,184.53,184.13,184.34,17857.0,184.458,81
2023-03-29 10:00:00-04:00,184.27,184.85,184.27,184.55,12206.0,184.642,107
2023-03-29 10:05:00-04:00,184.53,184.6,184.21,184.37,20594.0,184.436,135
2023-03-29 10:10:00-04:00,184.37,184.71,184.36,184.57,13413.0,184.534,105
2023-03-29 10:15:00-04:00,184.57,184.64,184.42,184.45,7000.0,184.536,62
2023-03-29 10:20:00-04:00,184.44,184.61,184.42,184.48,4335.0,184.506,38
2023-03-29 10:25:00-04:00,184.48,184.48,184.22,184.45,12691.0,184.339,69
2023-03-29 10:30:00-04:00,184.46,184.71,184.46,184.5,8014.0,184.581,70
2023-03-29 10:35:00-04:00,184.48,184.76,184.47,184.56,8105.0,184.629,69
2023-03-29 10:40:00-04:00,184.63,184.63,184.3,184.44,10317.0,184.47,43
2023-03-29 10:45:00-04:00,184.51,184.51,184.34,184.45,6213.0,184.414,60
2023-03-29 10:50:00-04:00,184.5,184.65,184.47,184.51,4658.0,184.576,40
2023-03-29 10:55:00-04:00,184.56,184.66,184.27,184.27,5780.0,184.501,51
2023-03-29 11:00:00-04:00,184.27,184.31,184.1,184.31,2981.0,184.211,28
2023-03-29 11:05:00-04:00,184.31,184.52,184.15,184.52,6240.0,184.321,52
2023-03-29 11:10:00-04:00,184.47,184.61,184.38,184.5,5005.0,184.484,45
2023-03-29 11:15:00-04:00,184.44,184.47,184.03,184.13,5657.0,184.275,49
2023-03-29 11:20:00-04:00,184.07,184.31,184.04,184.08,6314.0,184.146,43
2023-03-29 11:25:00-04:00,184.04,184.13,183.97,184.1,27528.0,184.008,25
2023-03-29 11:30:00-04:00,184.1,184.35,184.09,184.11,5314.0,184.217,50
2023-03-29 11:35:00-04:00,184.19,184.22,183.99,183.99,6899.0,184.111,60
2023-03-29 11:40:00-04:00,184.07,184.11,183.96,183.96,2670.0,184.024,24
2023-03-29 11:45:00-04:00,184.04,184.09,184.04,184.05,3066.0,184.055,26
2023-03-29 11:50:00-04:00,184.05,184.1,183.98,184.04,34570.0,184.047,62
2023-03-29 11:55:00-04:00,184.05,184.06,183.88,183.99,14337.0,183.997,71
2023-03-29 12:00:00-04:00,184.01,184.24,184.01,184.24,10730.0,184.096,41
2023-03-29 12:05:00-04:00,184.23,184.32,183.94,184.0,7397.0,184.054,48
2023-03-29 12:10:00-04:00,184.04,184.2,183.99,184.05,3969.0,184.121,37
2023-03-29 12:15:00-04:00,184.12,184.18,184.09,184.09,1945.0,184.141,13
2023-03-29 12:20:00-04:00,184.2,184.56,184.2,184.31,5136.0,184.354,38
2023-03-29 12:25:00-04:00,184.31,184.38,184.27,184.31,2129.0,184.324,16
2023-03-29 12:30:00-04:00,184.31,184.39,184.28,184.29,2861.0,184.354,20
2023-03-29 12:35:00-04:00,184.3,184.43,184.3,184.39,3760.0,184.38,27
2023-03-29 12:40:00-04:00,184.39,184.39,184.31,184.37,2208.0,184.359,22
2023-03-29 12:45:00-04:00,184.42,184.65,184.3,184.65,17438.0,184.515,49
2023-03-29 12:50:00-04:00,184.7,184.79,184.61,184.61,3373.0,184.698,32
2023-03-29 12:55:00-04:00,184.66,184.72,184.56,184.6,2643.0,184.617,24
2023-03-29 13:00:00-04:00,184.56,184.58,184.46,184.58,2900.0,184.532,28
2023-03-29 13:05:00-04:00,184.58,184.89,184.58,184.86,3712.0,184.699,34
2023-03-29 13:10:00-04:00,184.9,184.93,184.83,184.92,1300.0,184.881,13
2023-03-29 13:15:00-04:00,184.92,184.99,184.82,184.83,2118.0,184.896,20
2023-03-29 13:20:00-04:00,184.84,184.99,184.84,184.99,1207.0,184.937,12
2023-03-29 13:25:00-04:00,184.99,185.0,184.92,184.94,6653.0,184.984,57
2023-03-29 13:30:00-04:00,184.93,185.0,184.85,184.9,3058.0,184.926,26
2023-03-29 13:35:00-04:00,184.91,184.94,184.74,184.84,3470.0,184.826,34
2023-03-29 13:40:00-04:00,184.9,184.91,184.61,184.65,15298.0,184.836,44
2023-03-29 13:45:00-04:00,184.64,184.7,184.5,184.56,3438.0,184.616,32
2023-03-29 13:50:00-04:00,184.5,184.5,184.3,184.4,3648.0,184.397,21
2023-03-29 13:55:00-04:00,184.48,184.48,184.28,184.38,7853.0,184.409,62
2023-03-29 14:00:00-04:00,184.38,184.38,184.21,184.27,2511.0,184.287,24
2023-03-29 14:05:00-04:00,184.21,184.35,184.18,184.29,3644.0,184.272,32
2023-03-29 14:10:00-04:00,184.28,184.47,184.21,184.24,5202.0,184.322,42
2023-03-29 14:15:00-04:00,184.27,184.27,184.09,184.1,2567.0,184.164,24
2023-03-29 14:20:00-04:00,184.04,184.24,183.92,184.24,5039.0,184.107,38
2023-03-29 14:25:00-04:00,184.21,184.51,184.19,184.51,2045.0,184.294,16
2023-03-29 14:30:00-04:00,184.5,184.64,184.43,184.58,4006.0,184.557,36
2023-03-29 14:35:00-04:00,184.58,184.67,184.54,184.63,4358.0,184.609,38
2023-03-29 14:40:00-04:00,184.57,184.63,184.54,184.58,6089.0,184.589,38
2023-03-29 14:45:00-04:00,184.58,184.62,184.47,184.54,12111.0,184.543,80
2023-03-29 14:50:00-04:00,184.51,184.64,184.39,184.61,12791.0,184.535,86
2023-03-29 14:55:00-04:00,184.65,184.72,184.55,184.67,10100.0,184.625,62
2023-03-29 15:00:00-04:00,184.63,184.7,184.4,184.63,9318.0,184.594,79
2023-03-29 15:05:00-04:00,184.61,184.71,184.48,184.71,7358.0,184.595,59
2023-03-29 15:10:00-04:00,184.7,184.84,184.66,184.84,5209.0,184.758,48
2023-03-29 15:15:00-04:00,184.87,185.0,184.87,184.95,12931.0,184.98,121
2023-03-29 15:20:00-04:00,184.97,185.0,184.88,184.94,7728.0,184.958,72
2023-03-29 15:25:00-04:00,184.95,185.11,184.94,185.09,25234.0,184.998,222
2023-03-29 15:30:00-04:00,185.09,185.35,184.9,185.0,55380.0,185.036,136
2023-03-29 15:35:00-04:00,184.99,185.03,184.74,184.84,9867.0,184.897,85
2023-03-29 15:40:00-04:00,184.82,184.97,184.75,184.85,11954.0,184.862,88
2023-03-29 15:45:00-04:00,184.82,185.17,184.79,184.95,21444.0,184.958,171
2023-03-29 15:50:00-04:00,184.85,185.27,184.85,185.03,25396.0,185.09,217
2023-03-29 15:55:00-04:00,184.98,185.24,184.9,185.09,56378.0,185.044,484
2023-03-30 09:30:00-04:00,185.93,185.93,185.63,185.76,16677.0,185.925,5
2023-03-30 09:35:00-04:00,185.75,186.25,185.67,186.01,811.0,186.012,8
2023-03-30 09:40:00-04:00,186.28,186.43,185.88,186.05,5192.0,186.083,43
2023-03-30 09:45:00-04:00,186.14,186.42,185.87,186.09,4470.0,186.078,33
2023-03-30 09:50:00-04:00,186.0,186.26,185.32,185.34,6839.0,185.606,54
2023-03-30 09:55:00-04:00,185.44,185.91,185.3,185.55,11160.0,185.541,67
2023-03-30 10:00:00-04:00,185.6,185.71,185.48,185.56,6647.0,185.59,42
2023-03-30 10:05:00-04:00,185.44,185.48,184.93,184.98,13632.0,185.215,130
2023-03-30 10:10:00-04:00,184.93,185.0,184.21,184.21,4504.0,184.607,35
2023-03-30 10:15:00-04:00,184.19,184.22,183.92,184.16,8753.0,184.064,81
2023-03-30 10:20:00-04:00,184.2,184.53,184.16,184.53,5098.0,184.31,48
2023-03-30 10:25:00-04:00,184.55,184.68,184.41,184.42,6766.0,184.551,55
2023-03-30 10:30:00-04:00,184.49,184.62,184.11,184.11,9123.0,184.458,76
2023-03-30 10:35:00-04:00,184.2,184.28,184.04,184.28,13960.0,184.128,72
2023-03-30 10:40:00-04:00,184.3,184.62,184.25,184.62,4527.0,184.466,40
2023-03-30 10:45:00-04:00,184.62,185.08,184.62,185.07,2566.0,184.836,24
2023-03-30 10:50:00-04:00,185.06,185.38,185.06,185.27,3488.0,185.26,26
2023-03-30 10:55:00-04:00,185.35,185.39,184.96,184.97,3607.0,185.182,28
2023-03-30 11:00:00-04:00,184.87,184.98,184.81,184.92,3388.0,184.925,22
2023-03-30 11:05:00-04:00,184.94,184.98,184.86,184.9,1501.0,184.929,15
2023-03-30 11:10:00-04:00,184.84,185.07,184.66,184.81,9023.0,184.858,51
2023-03-30 11:15:00-04:00,184.64,184.93,184.64,184.93,903.0,184.812,8
2023-03-30 11:20:00-04:00,184.97,185.01,184.93,184.97,1045.0,184.968,10
2023-03-30 11:25:00-04:00,184.91,184.91,184.68,184.75,2224.0,184.787,21
2023-03-30 11:30:00-04:00,184.69,184.76,184.53,184.57,6421.0,184.63,44
2023-03-30 11:35:00-04:00,184.62,184.64,184.47,184.52,3639.0,184.543,29
2023-03-30 11:40:00-04:00,184.52,184.57,184.44,184.44,3232.0,184.533,27
2023-03-30 11:45:00-04:00,184.4,184.45,183.8,183.88,8951.0,184.009,81
2023-03-30 11:50:00-04:00,183.85,184.17,183.85,183.95,2945.0,184.047,16
2023-03-30 11:55:00-04:00,184.07,184.16,184.06,184.1,1237.0,184.11,10
2023-03-30 12:00:00-04:00,184.15,184.19,183.99,184.09,5424.0,184.103,28
2023-03-30 12:05:00-04:00,184.18,184.39,184.18,184.39,1696.0,184.261,15
2023-03-30 12:10:00-04:00,184.38,184.38,184.26,184.26,818.0,184.324,7
2023-03-30 12:15:00-04:00,184.18,184.35,184.1,184.32,3333.0,184.229,32
2023-03-30 12:20:00-04:00,184.33,184.43,184.3,184.37,2405.0,184.36,22
2023-03-30 12:25:00-04:00,184.37,184.49,184.37,184.46,2799.0,184.438,26
2023-03-30 12:30:00-04:00,184.37,184.41,184.16,184.16,2810.0,184.296,26
2023-03-30 12:35:00-04:00,184.09,184.16,183.97,184.0,5057.0,184.095,47
2023-03-30 12:40:00-04:00,184.06,184.1,183.94,183.94,700.0,184.024,7
2023-03-30 12:45:00-04:00,183.97,183.98,183.89,183.93,2559.0,183.944,21
2023-03-30 12:50:00-04:00,184.03,184.14,184.03,184.14,2523.0,184.079,21
2023-03-30 12:55:00-04:00,184.2,184.2,184.01,184.06,4974.0,184.112,29
2023-03-30 13:00:00-04:00,184.03,184.1,183.9,183.9,3148.0,184.015,31
2023-03-30 13:05:00-04:00,183.92,183.92,183.83,183.86,1394.0,183.865,10
2023-03-30 13:10:00-04:00,183.86,183.91,183.8,183.87,2412.0,183.859,23
2023-03-30 13:15:00-04:00,183.9,183.92,183.82,183.92,2622.0,183.874,14
2023-03-30 13:20:00-04:00,183.9,184.03,183.8,183.8,4060.0,183.928,36
2023-03-30 13:25:00-04:00,183.84,183.85,183.78,183.78,831.0,183.828,8
2023-03-30 13:30:00-04:00,183.81,183.81,183.6,183.6,18612.0,183.706,25
2023-03-30 13:35:00-04:00,183.65,183.65,183.32,183.36,4254.0,183.452,40
2023-03-30 13:40:00-04:00,183.31,183.39,183.28,183.36,4074.0,183.331,34
2023-03-30 13:45:00-04:00,183.34,183.36,183.23,183.25,3330.0,183.279,32
2023-03-30 13:50:00-04:00,183.26,183.3,183.2,183.26,6275.0,183.241,57
2023-03-30 13:55:00-04:00,183.23,183.35,183.09,183.23,8598.0,183.242,65
2023-03-30 14:00:00-04:00,183.31,183.38,183.24,183.34,6629.0,183.324,56
2023-03-30 14:05:00-04:00,183.33,183.52,183.33,183.42,10625.0,183.423,66
2023-03-30 14:10:00-04:00,183.45,183.45,183.34,183.4,8348.0,183.384,66
2023-03-30 14:15:00-04:00,183.38,183.39,183.21,183.21,13404.0,183.295,109
2023-03-30 14:20:00-04:00,183.21,183.42,183.21,183.37,10530.0,183.304,78
2023-03-30 14:25:00-04:00,183.41,183.42,183.29,183.35,9373.0,183.339,68
2023-03-30 14:30:00-04:00,183.37,183.4,183.22,183.28,7060.0,183.324,61
2023-03-30 14:35:00-04:00,183.32,183.34,183.0,183.0,7577.0,183.209,60
2023-03-30 14:40:00-04:00,183.11,183.12,183.0,183.0,3922.0,183.082,36
2023-03-30 14:45:00-04:00,183.01,183.06,182.98,183.06,3147.0,183.027,27
2023-03-30 14:50:00-04:00,183.06,183.1,182.95,182.99,6107.0,183.028,46
2023-03-30 14:55:00-04:00,182.99,183.16,182.99,183.15,5458.0,183.106,44
2023-03-30 15:00:00-04:00,183.14,183.18,183.05,183.16,6495.0,183.119,50
2023-03-30 15:05:00-04:00,183.13,183.16,182.87,182.88,5495.0,183.062,52
2023-03-30 15:10:00-04:00,182.86,182.95,182.86,182.95,3100.0,182.905,30
2023-03-30 15:15:00-04:00,182.93,183.03,182.84,183.0,3906.0,182.96,36
2023-03-30 15:20:00-04:00,182.97,183.04,182.9,183.0,16518.0,182.986,149
2023-03-30 15:25:00-04:00,183.0,183.05,182.93,182.96,13478.0,182.99,116
2023-03-30 15:30:00-04:00,182.96,183.2,182.92,182.92,9927.0,183.053,70
2023-03-30 15:35:00-04:00,182.91,183.16,182.84,183.11,14265.0,183.079,106
2023-03-30 15:40:00-04:00,183.09,183.19,182.95,182.97,14304.0,183.061,104
2023-03-30 15:45:00-04:00,182.96,182.99,182.8,182.84,17791.0,182.893,168
2023-03-30 15:50:00-04:00,182.93,183.03,182.66,182.73,42857.0,182.812,348
2023-03-30 15:55:00-04:00,182.75,183.05,182.66,182.98,103304.0,182.884,792
2023-03-31 09:30:00-04:00,183.91,183.91,183.31,183.73,22362.0,183.737,73
2023-03-31 09:35:00-04:00,183.87,183.87,182.78,183.28,14624.0,183.208,122
2023-03-31 09:40:00-04:00,183.11,183.43,182.87,182.91,19074.0,183.218,175
2023-03-31 09:45:00-04:00,182.92,183.46,182.7,183.13,20951.0,183.126,182
2023-03-31 09:50:00-04:00,183.22,183.53,183.07,183.33,16365.0,183.244,131
2023-03-31 09:55:00-04:00,183.42,183.44,183.03,183.05,12127.0,183.31,111
2023-03-31 10:00:00-04:00,183.05,183.28,182.96,183.2,9384.0,183.164,87
2023-03-31 10:05:00-04:00,183.2,183.4,183.09,183.25,12540.0,183.193,116
2023-03-31 10:10:00-04:00,183.22,183.31,182.96,183.03,7436.0,183.185,71
2023-03-31 10:15:00-04:00,183.03,183.1,182.93,183.03,7332.0,183.016,69
2023-03-31 10:20:00-04:00,183.1,183.1,182.95,183.01,11007.0,183.018,105
2023-03-31 10:25:00-04:00,182.98,183.33,182.96,183.15,6881.0,183.157,65
2023-03-31 10:30:00-04:00,183.14,183.37,183.14,183.25,16385.0,183.272,151
2023-03-31 10:35:00-04:00,183.27,183.32,183.1,183.16,13905.0,183.199,101
2023-03-31 10:40:00-04:00,183.2,183.61,183.18,183.48,10678.0,183.367,69
2023-03-31 10:45:00-04:00,183.49,183.49,183.32,183.41,6058.0,183.436,52
2023-03-31 10:50:00-04:00,183.42,183.48,183.15,183.35,18605.0,183.388,141
2023-03-31 10:55:00-04:00,183.29,183.63,183.27,183.63,7448.0,183.402,68
2023-03-31 11:00:00-04:00,183.56,183.62,183.44,183.54,6303.0,183.527,53
2023-03-31 11:05:00-04:00,183.5,183.61,183.45,183.5,17972.0,183.53,111
2023-03-31 11:10:00-04:00,183.55,183.85,183.55,183.85,11433.0,183.645,105
2023-03-31 11:15:00-04:00,184.02,184.22,183.86,184.22,11460.0,184.032,76
2023-03-31 11:20:00-04:00,184.22,184.43,184.1,184.32,11969.0,184.259,93
2023-03-31 11:25:00-04:00,184.32,184.37,184.19,184.3,9652.0,184.303,71
2023-03-31 11:30:00-04:00,184.3,184.36,184.24,184.31,8280.0,184.306,48
2023-03-31 11:35:00-04:00,184.3,184.37,184.23,184.23,5246.0,184.298,33
2023-03-31 11:40:00-04:00,184.24,184.25,184.05,184.19,18675.0,184.132,139
2023-03-31 11:45:00-04:00,184.2,184.25,184.06,184.11,35612.0,184.156,206
2023-03-31 11:50:00-04:00,184.1,184.17,183.97,183.97,6529.0,184.091,62
2023-03-31 11:55:00-04:00,183.99,184.02,183.9,184.0,11231.0,183.992,66
2023-03-31 12:00:00-04:00,184.0,184.2,183.95,184.08,13470.0,184.04,102
2023-03-31 12:05:00-04:00,184.04,184.19,183.87,184.19,5075.0,184.007,36
2023-03-31 12:10:00-04:00,184.14,184.19,184.06,184.16,11380.0,184.121,78
2023-03-31 12:15:00-04:00,184.2,184.35,184.2,184.34,9638.0,184.274,83
2023-03-31 12:20:00-04:00,184.35,184.55,184.35,184.37,7780.0,184.443,68
2023-03-31 12:25:00-04:00,184.33,184.52,184.26,184.26,4175.0,184.419,35
2023-03-31 12:30:00-04:00,184.32,184.32,184.1,184.11,3515.0,184.196,30
2023-03-31 12:35:00-04:00,184.12,184.18,183.98,184.11,6170.0,184.072,51
2023-03-31 12:40:00-04:00,184.11,184.33,184.1,184.11,5838.0,184.233,49
2023-03-31 12:45:00-04:00,184.1,184.1,183.89,183.89,3381.0,183.978,30
2023-03-31 12:50:00-04:00,183.89,184.1,183.89,183.89,10227.0,183.952,45
2023-03-31 12:55:00-04:00,183.9,184.07,183.9,184.03,4140.0,184.014,26
2023-03-31 13:00:00-04:00,184.0,184.0,183.77,183.81,5557.0,183.84,41
2023-03-31 13:05:00-04:00,183.77,183.83,183.65,183.82,15527.0,183.734,118
2023-03-31 13:10:00-04:00,183.8,183.81,183.64,183.75,3437.0,183.746,33
2023-03-31 13:15:00-04:00,183.77,183.81,183.53,183.56,6086.0,183.665,55
2023-03-31 13:20:00-04:00,183.56,183.61,183.45,183.45,3365.0,183.533,32
2023-03-31 13:25:00-04:00,183.44,183.44,183.15,183.21,5674.0,183.282,47
2023-03-31 13:30:00-04:00,183.22,183.22,183.03,183.16,7837.0,183.101,57
2023-03-31 13:35:00-04:00,183.12,183.29,183.05,183.28,5365.0,183.192,47
2023-03-31 13:40:00-04:00,183.25,183.25,183.12,183.21,8483.0,183.173,45
2023-03-31 13:45:00-04:00,183.23,183.25,182.93,183.03,5269.0,183.117,48
2023-03-31 13:50:00-04:00,183.01,183.06,182.82,182.82,5326.0,182.958,47
2023-03-31 13:55:00-04:00,182.78,182.88,182.62,182.71,13159.0,182.769,117
2023-03-31 14:00:00-04:00,182.71,182.78,182.61,182.64,4274.0,182.709,41
2023-03-31 14:05:00-04:00,182.68,183.08,182.63,182.94,10018.0,182.905,90
2023-03-31 14:10:00-04:00,182.91,183.05,182.91,183.05,6399.0,182.995,57
2023-03-31 14:15:00-04:00,183.05,183.05,182.74,182.91,7795.0,182.922,68
2023-03-31 14:20:00-04:00,182.93,183.0,182.73,182.73,6739.0,182.913,57
2023-03-31 14:25:00-04:00,182.73,182.73,182.4,182.47,10813.0,182.522,93
2023-03-31 14:30:00-04:00,182.47,182.67,182.34,182.64,12178.0,182.514,111
2023-03-31 14:35:00-04:00,182.65,182.71,182.47,182.56,13506.0,182.619,119
2023-03-31 14:40:00-04:00,182.54,182.58,182.44,182.53,6430.0,182.514,62
2023-03-31 14:45:00-04:00,182.54,182.62,182.39,182.58,13801.0,182.503,112
2023-03-31 14:50:00-04:00,182.59,182.76,182.52,182.67,17615.0,182.638,166
2023-03-31 14:55:00-04:00,182.67,182.67,182.47,182.59,22153.0,182.568,179
2023-03-31 15:00:00-04:00,182.59,183.01,182.59,183.01,17479.0,182.818,151
2023-03-31 15:05:00-04:00,182.99,183.13,182.86,183.13,9419.0,182.968,77
2023-03-31 15:10:00-04:00,183.09,183.23,182.93,182.93,15195.0,183.056,117
2023-03-31 15:15:00-04:00,182.91,183.17,182.86,183.17,34104.0,182.999,279
2023-03-31 15:20:00-04:00,183.24,183.33,183.03,183.27,12766.0,183.196,121
2023-03-31 15:25:00-04:00,183.3,183.33,183.19,183.25,11832.0,183.267,109
2023-03-31 15:30:00-04:00,183.22,183.42,183.13,183.22,21752.0,183.261,190
2023-03-31 15:35:00-04:00,183.19,183.42,183.15,183.35,25474.0,183.276,225
2023-03-31 15:40:00-04:00,183.33,183.57,183.3,183.4,20430.0,183.448,177
2023-03-31 15:45:00-04:00,183.39,183.4,183.24,183.34,21139.0,183.314,183
2023-03-31 15:50:00-04:00,183.36,183.56,183.3,183.47,45522.0,183.415,409
2023-03-31 15:55:00-04:00,183.49,184.25,183.49,183.98,110479.0,183.933,817
2023-04-03 09:30:00-04:00,183.18,184.67,183.18,183.97,19763.0,183.416,40
2023-04-03 09:35:00-04:00,183.77,184.09,183.51,183.57,3288.0,183.734,28
2023-04-03 09:40:00-04:00,183.69,183.69,183.41,183.44,3019.0,183.572,29
2023-04-03 09:45:00-04:00,183.55,183.85,183.3,183.79,2905.0,183.611,27
2023-04-03 09:50:00-04:00,183.8,184.04,183.66,183.71,5299.0,183.847,33
2023-04-03 09:55:00-04:00,183.69,183.83,183.54,183.55,3822.0,183.713,36
2023-04-03 10:00:00-04:00,183.67,183.89,183.55,183.74,5829.0,183.694,51
2023-04-03 10:05:00-04:00,183.83,184.39,183.83,184.26,5478.0,184.107,41
2023-04-03 10:10:00-04:00,184.22,184.48,184.09,184.42,2298.0,184.338,18
2023-04-03 10:15:00-04:00,184.51,184.59,184.33,184.37,3297.0,184.417,32
2023-04-03 10:20:00-04:00,184.32,184.46,184.23,184.39,7829.0,184.35,76
2023-04-03 10:25:00-04:00,184.42,184.52,184.22,184.45,6287.0,184.378,49
2023-04-03 10:30:00-04:00,184.59,184.65,184.47,184.53,2198.0,184.541,19
2023-04-03 10:35:00-04:00,184.55,184.55,184.19,184.19,3271.0,184.379,27
2023-04-03 10:40:00-04:00,184.11,184.12,183.88,183.89,2728.0,184.037,24
2023-04-03 10:45:00-04:00,183.96,184.02,183.75,183.75,4044.0,183.885,35
2023-04-03 10:50:00-04:00,183.75,183.75,183.57,183.62,2346.0,183.636,23
2023-04-03 10:55:00-04:00,183.62,183.62,183.4,183.6,3600.0,183.531,33
2023-04-03 11:00:00-04:00,183.63,183.67,183.53,183.59,4139.0,183.584,38
2023-04-03 11:05:00-04:00,183.61,183.71,183.47,183.53,7799.0,183.563,52
2023-04-03 11:10:00-04:00,183.53,183.62,183.02,183.09,5102.0,183.4,45
2023-04-03 11:15:00-04:00,183.14,183.64,183.14,183.57,3122.0,183.45,30
2023-04-03 11:20:00-04:00,183.51,183.7,183.46,183.58,1692.0,183.576,15
2023-04-03 11:25:00-04:00,183.59,183.67,183.48,183.66,4024.0,183.579,35
2023-04-03 11:30:00-04:00,183.55,183.75,183.46,183.75,3205.0,183.567,31
2023-04-03 11:35:00-04:00,183.81,183.93,183.69,183.93,4744.0,183.784,38
2023-04-03 11:40:00-04:00,183.88,183.99,183.82,183.83,2113.0,183.868,21
2023-04-03 11:45:00-04:00,183.79,184.15,183.72,184.15,7218.0,183.84,60
2023-04-03 11:50:00-04:00,184.07,184.07,183.78,183.95,2501.0,183.933,24
2023-04-03 11:55:00-04:00,183.95,184.19,183.95,184.06,9207.0,184.066,58
2023-04-03 12:00:00-04:00,184.02,184.15,183.97,184.1,6775.0,184.063,48
2023-04-03 12:05:00-04:00,184.17,184.17,183.97,183.97,2973.0,184.03,21
2023-04-03 12:10:00-04:00,183.97,184.2,183.96,184.15,5517.0,184.093,40
2023-04-03 12:15:00-04:00,184.16,184.24,184.08,184.19,10028.0,184.161,61
2023-04-03 12:20:00-04:00,184.19,184.19,183.78,183.85,4328.0,183.985,34
2023-04-03 12:25:00-04:00,183.87,183.9,183.59,183.73,8749.0,183.725,79
2023-04-03 12:30:00-04:00,183.73,183.8,183.7,183.79,2300.0,183.744,22
2023-04-03 12:35:00-04:00,183.85,183.94,183.83,183.87,4158.0,183.883,31
2023-04-03 12:40:00-04:00,183.84,183.97,183.83,183.83,5043.0,183.886,41
2023-04-03 12:45:00-04:00,183.83,183.89,183.74,183.85,3082.0,183.83,27
2023-04-03 12:50:00-04:00,183.84,183.9,183.71,183.72,3304.0,183.828,27
2023-04-03 12:55:00-04:00,183.71,183.76,183.58,183.66,4205.0,183.68,38
2023-04-03 13:00:00-04:00,183.62,183.73,183.53,183.73,4403.0,183.618,41
2023-04-03 13:05:00-04:00,183.73,183.92,183.66,183.92,4048.0,183.771,38
2023-04-03 13:10:00-04:00,183.9,184.06,183.9,184.01,4525.0,183.992,39
2023-04-03 13:15:00-04:00,183.99,184.15,183.99,184.07,6043.0,184.056,53
2023-04-03 13:20:00-04:00,184.08,184.08,183.8,183.83,2205.0,183.962,21
2023-04-03 13:25:00-04:00,183.83,183.83,183.59,183.65,4170.0,183.723,37
2023-04-03 13:30:00-04:00,183.53,183.6,183.4,183.4,4349.0,183.536,36
2023-04-03 13:35:00-04:00,183.36,183.49,183.26,183.35,2800.0,183.386,25
2023-04-03 13:40:00-04:00,183.31,183.33,183.21,183.32,3129.0,183.276,27
2023-04-03 13:45:00-04:00,183.21,183.29,183.16,183.2,4337.0,183.232,38
2023-04-03 13:50:00-04:00,183.24,183.29,183.18,183.29,2971.0,183.236,27
2023-04-03 13:55:00-04:00,183.26,183.38,183.24,183.33,2829.0,183.319,24
2023-04-03 14:00:00-04:00,183.32,183.42,183.25,183.34,6034.0,183.362,57
2023-04-03 14:05:00-04:00,183.38,183.56,183.38,183.43,6148.0,183.487,52
2023-04-03 14:10:00-04:00,183.42,183.55,183.42,183.48,3334.0,183.468,30
2023-04-03 14:15:00-04:00,183.46,183.46,183.32,183.4,7117.0,183.397,65
2023-04-03 14:20:00-04:00,183.39,183.52,183.34,183.42,7239.0,183.414,65
2023-04-03 14:25:00-04:00,183.42,183.76,183.4,183.66,3125.0,183.607,30
2023-04-03 14:30:00-04:00,183.62,183.88,183.62,183.74,2115.0,183.763,21
2023-04-03 14:35:00-04:00,183.8,183.94,183.8,183.86,3411.0,183.86,29
2023-04-03 14:40:00-04:00,183.81,183.88,183.81,183.83,6209.0,183.837,43
2023-04-03 14:45:00-04:00,183.88,183.96,183.81,183.94,8546.0,183.878,63
2023-04-03 14:50:00-04:00,183.96,183.99,183.81,183.81,3429.0,183.921,31
2023-04-03 14:55:00-04:00,183.82,183.95,183.79,183.85,3934.0,183.854,35
2023-04-03 15:00:00-04:00,183.86,183.95,183.76,183.88,7113.0,183.856,67
2023-04-03 15:05:00-04:00,183.98,184.01,183.81,183.85,2869.0,183.92,23
2023-04-03 15:10:00-04:00,183.9,184.14,183.89,183.93,6959.0,184.004,54
2023-04-03 15:15:00-04:00,183.91,183.92,183.77,183.83,12268.0,183.859,65
2023-04-03 15:20:00-04:00,183.83,183.98,183.75,183.91,17404.0,183.864,118
2023-04-03 15:25:00-04:00,183.93,184.31,183.91,184.17,16291.0,184.079,109
2023-04-03 15:30:00-04:00,184.16,184.33,184.08,184.27,11108.0,184.208,79
2023-04-03 15:35:00-04:00,184.31,184.35,184.17,184.17,12450.0,184.264,99
2023-04-03 15:40:00-04:00,184.18,184.26,184.04,184.04,12450.0,184.157,103
2023-04-03 15:45:00-04:00,184.07,184.2,183.99,184.08,14054.0,184.087,102
2023-04-03 15:50:00-04:00,184.09,184.2,183.86,183.93,38339.0,184.043,294
2023-04-03 15:55:00-04:00,183.96,183.96,183.66,183.7,88074.0,183.75,720
2023-04-04 09:30:00-04:00,183.21,183.26,182.38,183.03,16102.0,183.183,14
2023-04-04 09:35:00-04:00,183.07,183.52,182.87,183.35,4724.0,183.216,43
2023-04-04 09:40:00-04:00,183.46,183.53,182.55,182.56,14192.0,183.13,115
2023-04-04 09:45:00-04:00,182.67,182.78,181.83,182.12,17628.0,182.222,150
2023-04-04 09:50:00-04:00,182.09,182.34,181.59,181.71,6911.0,182.097,44
2023-04-04 09:55:00-04:00,181.65,181.66,180.57,181.0,34454.0,181.181,301
2023-04-04 10:00:00-04:00,181.0,181.4,180.8,181.18,16637.0,181.12,132
2023-04-04 10:05:00-04:00,181.19,181.34,180.85,180.93,12984.0,181.038,96
2023-04-04 10:10:00-04:00,180.8,180.8,179.92,179.93,15128.0,180.192,129
2023-04-04 10:15:00-04:00,179.94,179.96,179.46,179.87,11050.0,179.779,79
2023-04-04 10:20:00-04:00,179.82,179.82,178.5,178.81,38403.0,178.908,182
2023-04-04 10:25:00-04:00,178.9,179.2,178.67,178.67,7129.0,179.008,58
2023-04-04 10:30:00-04:00,178.8,179.11,178.36,178.4,15305.0,178.746,115
2023-04-04 10:35:00-04:00,178.3,178.32,177.13,177.3,23235.0,177.719,130
2023-04-04 10:40:00-04:00,177.28,177.28,176.44,176.75,16884.0,176.855,120
2023-04-04 10:45:00-04:00,176.82,177.0,176.17,176.9,15605.0,176.609,120
2023-04-04 10:50:00-04:00,176.95,177.25,176.7,176.71,7415.0,176.968,64
2023-04-04 10:55:00-04:00,176.7,176.84,175.66,175.82,28379.0,175.986,237
2023-04-04 11:00:00-04:00,175.82,175.89,175.41,175.64,12980.0,175.556,92
2023-04-04 11:05:00-04:00,175.64,175.64,175.07,175.07,6248.0,175.326,54
2023-04-04 11:10:00-04:00,175.1,175.19,174.53,174.57,15365.0,174.827,139
2023-04-04 11:15:00-04:00,174.55,174.66,174.04,174.29,17623.0,174.319,121
2023-04-04 11:20:00-04:00,174.22,174.89,174.02,174.13,22820.0,174.65,118
2023-04-04 11:25:00-04:00,174.13,174.55,173.8,174.02,24093.0,174.22,112
2023-04-04 11:30:00-04:00,174.03,174.15,173.51,173.7,13090.0,173.839,77
2023-04-04 11:35:00-04:00,173.78,173.98,173.56,173.66,8284.0,173.785,63
2023-04-04 11:40:00-04:00,173.63,173.81,173.48,173.5,4820.0,173.62,39
2023-04-04 11:45:00-04:00,173.5,173.95,173.41,173.41,10954.0,173.684,92
2023-04-04 11:50:00-04:00,173.4,173.41,172.86,172.86,9823.0,173.098,79
2023-04-04 11:55:00-04:00,172.83,172.9,172.31,172.46,20303.0,172.621,163
2023-04-04 12:00:00-04:00,172.5,173.4,172.5,172.96,27908.0,173.166,145
2023-04-04 12:05:00-04:00,172.98,173.18,172.56,172.65,4221.0,172.914,36
2023-04-04 12:10:00-04:00,172.62,172.99,172.45,172.99,8308.0,172.686,67
2023-04-04 12:15:00-04:00,172.98,173.07,172.78,172.83,9178.0,172.886,53
2023-04-04 12:20:00-04:00,172.78,173.21,172.72,172.93,7578.0,172.928,59
2023-04-04 12:25:00-04:00,172.93,173.7,172.89,173.65,55676.0,173.133,149
2023-04-04 12:30:00-04:00,173.65,173.77,173.5,173.77,17470.0,173.622,120
2023-04-04 12:35:00-04:00,173.71,174.06,173.6,173.83,18896.0,173.768,104
2023-04-04 12:40:00-04:00,173.77,173.8,173.34,173.38,10680.0,173.658,60
2023-04-04 12:45:00-04:00,173.37,173.68,173.37,173.64,5411.0,173.535,44
2023-04-04 12:50:00-04:00,173.63,173.64,173.01,173.15,24081.0,173.329,116
2023-04-04 12:55:00-04:00,173.16,173.56,173.16,173.39,5720.0,173.442,45
2023-04-04 13:00:00-04:00,173.46,173.83,173.33,173.83,8979.0,173.564,61
2023-04-04 13:05:00-04:00,173.83,174.01,173.82,173.88,7851.0,173.901,55
2023-04-04 13:10:00-04:00,173.79,173.92,173.71,173.89,7402.0,173.814,58
2023-04-04 13:15:00-04:00,173.92,174.23,173.92,174.2,15266.0,174.082,119
2023-04-04 13:20:00-04:00,174.26,174.71,174.2,174.45,13894.0,174.559,64
2023-04-04 13:25:00-04:00,174.43,174.52,174.25,174.27,4603.0,174.394,39
2023-04-04 13:30:00-04:00,174.29,174.43,174.09,174.09,10999.0,174.289,53
2023-04-04 13:35:00-04:00,174.17,174.17,173.85,173.96,7825.0,174.0,59
2023-04-04 13:40:00-04:00,173.98,174.1,173.68,173.71,10132.0,173.846,78
2023-04-04 13:45:00-04:00,173.65,173.65,173.25,173.28,12087.0,173.433,89
2023-04-04 13:50:00-04:00,173.34,173.38,173.21,173.26,7922.0,173.279,64
2023-04-04 13:55:00-04:00,173.33,173.6,173.33,173.59,6958.0,173.438,44
2023-04-04 14:00:00-04:00,173.48,173.76,173.41,173.54,6466.0,173.55,45
2023-04-04 14:05:00-04:00,173.55,173.81,173.55,173.62,7523.0,173.681,55
2023-04-04 14:10:00-04:00,173.59,173.78,173.55,173.78,4489.0,173.699,38
2023-04-04 14:15:00-04:00,173.81,173.84,173.7,173.78,6932.0,173.777,48
2023-04-04 14:20:00-04:00,173.76,173.9,173.59,173.59,7866.0,173.824,58
2023-04-04 14:25:00-04:00,173.6,173.74,173.48,173.54,6125.0,173.624,45
2023-04-04 14:30:00-04:00,173.56,173.73,173.51,173.71,7868.0,173.621,59
2023-04-04 14:35:00-04:00,173.65,174.03,173.62,173.86,6410.0,173.833,49
2023-04-04 14:40:00-04:00,173.78,174.06,173.77,174.05,4578.0,173.912,39
2023-04-04 14:45:00-04:00,174.01,174.07,173.82,174.0,8726.0,173.965,62
2023-04-04 14:50:00-04:00,174.04,174.1,173.86,173.92,7713.0,174.004,56
2023-04-04 14:55:00-04:00,173.92,173.92,173.63,173.68,8097.0,173.734,56
2023-04-04 15:00:00-04:00,173.65,173.98,173.63,173.88,6614.0,173.808,51
2023-04-04 15:05:00-04:00,173.84,173.85,173.72,173.73,6276.0,173.768,45
2023-04-04 15:10:00-04:00,173.76,173.86,173.6,173.63,10323.0,173.724,74
2023-04-04 15:15:00-04:00,173.63,173.78,173.52,173.64,9452.0,173.673,75
2023-04-04 15:20:00-04:00,173.61,173.79,173.25,173.33,16985.0,173.53,122
2023-04-04 15:25:00-04:00,173.33,173.45,172.86,172.86,14118.0,173.182,123
2023-04-04 15:30:00-04:00,172.78,172.89,172.46,172.47,31111.0,172.655,248
2023-04-04 15:35:00-04:00,172.47,172.88,172.45,172.88,16306.0,172.649,138
2023-04-04 15:40:00-04:00,172.88,172.95,172.62,172.65,20180.0,172.8,156
2023-04-04 15:45:00-04:00,172.65,173.12,172.55,173.11,27219.0,172.78,224
2023-04-04 15:50:00-04:00,173.32,173.84,173.21,173.64,70532.0,173.544,474
2023-04-04 15:55:00-04:00,173.67,173.9,173.53,173.81,107419.0,173.769,822
2023-04-05 09:30:00-04:00,172.71,173.53,171.4,171.86,42001.0,172.333,174
2023-04-05 09:35:00-04:00,172.0,172.54,171.86,172.0,42166.0,172.149,340
2023-04-05 09:40:00-04:00,172.04,172.88,171.87,172.29,17798.0,172.251,149
2023-04-05 09:45:00-04:00,172.22,173.03,172.0,172.75,26374.0,172.617,158
2023-04-05 09:50:00-04:00,172.75,173.45,172.64,173.04,120470.0,173.09,523
2023-04-05 09:55:00-04:00,173.02,173.64,172.96,173.24,42731.0,173.243,227
2023-04-05 10:00:00-04:00,173.47,173.5,172.89,173.09,10262.0,173.233,94
2023-04-05 10:05:00-04:00,173.1,173.18,172.44,172.52,10245.0,172.798,91
2023-04-05 10:10:00-04:00,172.42,172.47,172.02,172.1,8541.0,172.228,73
2023-04-05 10:15:00-04:00,172.09,172.25,171.42,171.92,11430.0,171.767,97
2023-04-05 10:20:00-04:00,171.9,173.25,171.9,173.01,127858.0,172.151,192
2023-04-05 10:25:00-04:00,173.11,173.13,171.79,172.18,222671.0,172.175,682
2023-04-05 10:30:00-04:00,172.21,172.93,171.92,172.54,65453.0,172.534,318
2023-04-05 10:35:00-04:00,172.64,173.36,172.61,173.15,33540.0,173.123,157
2023-04-05 10:40:00-04:00,173.06,173.12,171.81,171.81,96123.0,172.252,366
2023-04-05 10:45:00-04:00,171.89,172.07,171.63,172.06,48283.0,171.949,205
2023-04-05 10:50:00-04:00,171.97,172.01,171.61,171.88,12251.0,171.822,99
2023-04-05 10:55:00-04:00,171.8,172.07,171.75,171.75,16312.0,171.874,142
2023-04-05 11:00:00-04:00,171.8,171.82,171.39,171.59,18774.0,171.727,80
2023-04-05 11:05:00-04:00,171.53,171.82,171.53,171.69,8805.0,171.696,66
2023-04-05 11:10:00-04:00,171.78,172.07,171.73,171.92,11237.0,171.909,91
2023-04-05 11:15:00-04:00,171.96,171.96,171.4,171.53,7137.0,171.691,65
2023-04-05 11:20:00-04:00,171.5,171.72,171.41,171.49,6600.0,171.569,62
2023-04-05 11:25:00-04:00,171.42,171.51,171.02,171.02,21029.0,171.18,71
2023-04-05 11:30:00-04:00,171.08,171.58,171.02,171.53,8140.0,171.385,73
2023-04-05 11:35:00-04:00,171.53,171.61,171.15,171.15,20516.0,171.499,104
2023-04-05 11:40:00-04:00,171.09,171.19,171.0,171.0,4276.0,171.098,38
2023-04-05 11:45:00-04:00,171.0,171.2,170.91,170.97,10467.0,171.046,96
2023-04-05 11:50:00-04:00,171.02,171.06,170.67,170.67,5255.0,170.866,38
2023-04-05 11:55:00-04:00,170.57,171.02,170.57,171.02,7384.0,170.704,60
2023-04-05 12:00:00-04:00,171.03,171.03,170.7,170.7,7072.0,170.849,60
2023-04-05 12:05:00-04:00,170.8,170.9,170.5,170.5,5277.0,170.689,43
2023-04-05 12:10:00-04:00,170.52,170.74,170.52,170.68,5006.0,170.635,43
2023-04-05 12:15:00-04:00,170.68,170.81,170.51,170.67,8546.0,170.648,76
2023-04-05 12:20:00-04:00,170.7,170.75,170.34,170.42,9734.0,170.532,75
2023-04-05 12:25:00-04:00,170.39,170.41,169.82,170.08,10901.0,170.003,94
2023-04-05 12:30:00-04:00,170.03,170.03,169.62,169.67,11060.0,169.756,90
2023-04-05 12:35:00-04:00,169.7,170.14,169.53,169.53,13959.0,169.895,113
2023-04-05 12:40:00-04:00,169.53,169.53,168.25,169.03,55268.0,168.833,407
2023-04-05 12:45:00-04:00,169.04,169.55,168.95,169.33,10762.0,169.238,100
2023-04-05 12:50:00-04:00,169.35,169.58,169.22,169.51,8655.0,169.45,77
2023-04-05 12:55:00-04:00,169.48,169.75,169.48,169.75,2814.0,169.622,21
2023-04-05 13:00:00-04:00,169.7,170.12,169.65,170.11,9814.0,169.832,81
2023-04-05 13:05:00-04:00,170.11,170.54,170.1,170.28,11407.0,170.331,103
2023-04-05 13:10:00-04:00,170.24,170.78,170.24,170.7,17194.0,170.509,60
2023-04-05 13:15:00-04:00,170.79,170.81,170.59,170.77,6289.0,170.713,55
2023-04-05 13:20:00-04:00,170.79,171.06,170.79,170.99,5349.0,170.901,49
2023-04-05 13:25:00-04:00,170.92,171.17,170.9,170.92,5087.0,171.065,43
2023-04-05 13:30:00-04:00,170.92,170.92,170.55,170.58,3623.0,170.725,30
2023-04-05 13:35:00-04:00,170.51,170.62,170.32,170.59,9250.0,170.458,59
2023-04-05 13:40:00-04:00,170.67,170.7,170.33,170.44,5275.0,170.509,42
2023-04-05 13:45:00-04:00,170.39,170.39,169.92,169.96,14594.0,170.118,82
2023-04-05 13:50:00-04:00,170.0,170.13,169.83,169.95,18060.0,169.941,107
2023-04-05 13:55:00-04:00,169.96,170.09,169.8,169.81,17389.0,169.923,100
2023-04-05 14:00:00-04:00,169.8,170.04,169.69,169.92,47296.0,169.792,203
2023-04-05 14:05:00-04:00,169.92,170.06,169.59,169.6,75695.0,169.84,322
2023-04-05 14:10:00-04:00,169.63,169.63,169.21,169.29,35852.0,169.383,149
2023-04-05 14:15:00-04:00,169.28,169.46,169.22,169.25,23103.0,169.309,164
2023-04-05 14:20:00-04:00,169.25,169.25,168.8,168.8,12472.0,169.114,99
2023-04-05 14:25:00-04:00,168.87,169.45,168.8,169.44,51003.0,169.164,142
2023-04-05 14:30:00-04:00,169.46,169.83,169.45,169.72,18105.0,169.627,128
2023-04-05 14:35:00-04:00,169.7,169.87,169.51,169.54,7781.0,169.772,30
2023-04-05 14:40:00-04:00,169.53,169.61,169.19,169.26,18068.0,169.425,148
2023-04-05 14:45:00-04:00,169.36,169.5,169.25,169.42,14274.0,169.393,116
2023-04-05 14:50:00-04:00,169.42,169.42,169.13,169.13,10070.0,169.279,87
2023-04-05 14:55:00-04:00,169.15,169.25,169.03,169.16,14767.0,169.124,120
2023-04-05 15:00:00-04:00,169.19,169.48,169.11,169.46,23135.0,169.265,153
2023-04-05 15:05:00-04:00,169.45,169.64,169.35,169.64,12227.0,169.457,112
2023-04-05 15:10:00-04:00,169.63,169.95,169.55,169.9,11321.0,169.784,102
2023-04-05 15:15:00-04:00,169.89,169.92,169.68,169.73,11218.0,169.813,103
2023-04-05 15:20:00-04:00,169.74,169.84,169.69,169.8,11300.0,169.749,104
2023-04-05 15:25:00-04:00,169.81,170.04,169.76,169.76,101839.0,169.875,224
2023-04-05 15:30:00-04:00,169.79,170.07,169.77,169.88,23196.0,169.953,210
2023-04-05 15:35:00-04:00,169.91,170.11,169.79,169.84,21409.0,169.986,191
2023-04-05 15:40:00-04:00,169.86,170.08,169.73,170.08,29437.0,169.904,247
2023-04-05 15:45:00-04:00,170.06,170.21,169.86,170.19,37016.0,170.029,311
2023-04-05 15:50:00-04:00,170.21,170.52,170.2,170.34,57627.0,170.357,478
2023-04-05 15:55:00-04:00,170.36,170.66,170.18,170.44,159980.0,170.455,1170
2023-04-06 09:30:00-04:00,170.09,170.24,168.43,169.14,35747.0,169.687,65
2023-04-06 09:35:00-04:00,169.2,169.74,168.51,169.74,9617.0,168.892,65
2023-04-06 09:40:00-04:00,169.51,169.51,169.09,169.29,3204.0,169.257,32
2023-04-06 09:45:00-04:00,169.4,169.8,169.38,169.53,5325.0,169.564,40
2023-04-06 09:50:00-04:00,169.53,169.68,169.38,169.48,3925.0,169.513,33
2023-04-06 09:55:00-04:00,169.48,170.06,169.48,169.86,12701.0,169.851,105
2023-04-06 10:00:00-04:00,169.86,170.44,169.85,170.28,36637.0,170.211,138
2023-04-06 10:05:00-04:00,170.28,171.36,170.21,171.11,94423.0,170.912,328
2023-04-06 10:10:00-04:00,171.26,172.16,171.26,172.08,48740.0,171.854,224
2023-04-06 10:15:00-04:00,172.0,172.55,171.96,172.2,86148.0,172.263,376
2023-04-06 10:20:00-04:00,172.2,172.2,171.7,171.89,74332.0,171.882,219
2023-04-06 10:25:00-04:00,171.84,171.98,171.5,171.65,17638.0,171.831,118
2023-04-06 10:30:00-04:00,171.65,171.73,170.94,171.04,25191.0,171.261,152
2023-04-06 10:35:00-04:00,171.11,171.3,170.68,170.69,30289.0,170.912,66
2023-04-06 10:40:00-04:00,170.6,170.7,170.09,170.22,53279.0,170.367,206
2023-04-06 10:45:00-04:00,170.22,170.93,170.16,170.7,33043.0,170.531,144
2023-04-06 10:50:00-04:00,170.71,170.95,170.52,170.6,16813.0,170.822,98
2023-04-06 10:55:00-04:00,170.54,170.76,170.49,170.53,16731.0,170.646,108
2023-04-06 11:00:00-04:00,170.48,170.6,170.31,170.37,26128.0,170.442,140
2023-04-06 11:05:00-04:00,170.5,170.96,170.28,170.67,59770.0,170.682,232
2023-04-06 11:10:00-04:00,170.66,170.78,170.58,170.69,5463.0,170.656,47
2023-04-06 11:15:00-04:00,170.75,171.21,170.75,170.86,17074.0,170.986,108
2023-04-06 11:20:00-04:00,170.85,170.86,170.26,170.55,22149.0,170.595,109
2023-04-06 11:25:00-04:00,170.45,170.46,170.31,170.39,3362.0,170.389,32
2023-04-06 11:30:00-04:00,170.34,170.34,169.87,169.87,10286.0,170.139,47
2023-04-06 11:35:00-04:00,169.97,170.28,169.72,169.73,44220.0,170.103,103
2023-04-06 11:40:00-04:00,169.62,170.16,169.62,169.93,73723.0,169.934,269
2023-04-06 11:45:00-04:00,169.89,170.63,169.82,170.41,22166.0,170.253,139
2023-04-06 11:50:00-04:00,170.36,170.43,170.22,170.27,6051.0,170.332,35
2023-04-06 11:55:00-04:00,170.3,170.58,170.3,170.51,14710.0,170.448,46
2023-04-06 12:00:00-04:00,170.58,170.64,170.44,170.44,6613.0,170.541,60
2023-04-06 12:05:00-04:00,170.51,170.53,170.39,170.42,10323.0,170.467,86
2023-04-06 12:10:00-04:00,170.42,170.53,170.41,170.47,5908.0,170.469,47
2023-04-06 12:15:00-04:00,170.47,170.71,170.33,170.71,31983.0,170.533,161
2023-04-06 12:20:00-04:00,170.71,171.12,170.57,170.75,63095.0,170.879,295
2023-04-06 12:25:00-04:00,170.71,170.99,170.67,170.76,31805.0,170.895,146
2023-04-06 12:30:00-04:00,170.76,170.99,170.56,170.63,30450.0,170.87,91
2023-04-06 12:35:00-04:00,170.63,170.8,170.45,170.8,24067.0,170.671,129
2023-04-06 12:40:00-04:00,170.68,170.79,170.62,170.73,7072.0,170.713,63
2023-04-06 12:45:00-04:00,170.74,170.95,170.47,170.47,19722.0,170.761,94
2023-04-06 12:50:00-04:00,170.57,170.62,170.38,170.39,5488.0,170.486,38
2023-04-06 12:55:00-04:00,170.48,170.78,170.39,170.64,89177.0,170.675,385
2023-04-06 13:00:00-04:00,170.65,171.0,170.5,170.88,24648.0,170.762,101
2023-04-06 13:05:00-04:00,170.84,170.84,170.55,170.64,7798.0,170.692,44
2023-04-06 13:10:00-04:00,170.64,170.77,170.63,170.66,4551.0,170.678,40
2023-04-06 13:15:00-04:00,170.66,170.78,170.59,170.69,8016.0,170.684,60
2023-04-06 13:20:00-04:00,170.74,170.79,170.65,170.69,14637.0,170.72,82
2023-04-06 13:25:00-04:00,170.69,170.76,170.52,170.53,11604.0,170.689,69
2023-04-06 13:30:00-04:00,170.53,170.74,170.42,170.49,11756.0,170.702,41
2023-04-06 13:35:00-04:00,170.49,170.62,170.48,170.56,4455.0,170.566,43
2023-04-06 13:40:00-04:00,170.56,170.79,170.41,170.75,33710.0,170.65,145
2023-04-06 13:45:00-04:00,170.71,170.75,170.2,170.27,4760.0,170.599,36
2023-04-06 13:50:00-04:00,170.22,170.34,170.21,170.26,3671.0,170.258,34
2023-04-06 13:55:00-04:00,170.25,170.77,170.21,170.56,34218.0,170.544,168
2023-04-06 14:00:00-04:00,170.53,170.53,170.42,170.52,4253.0,170.497,34
2023-04-06 14:05:00-04:00,170.55,170.69,170.54,170.64,8837.0,170.603,76
2023-04-06 14:10:00-04:00,170.64,170.7,170.57,170.69,7827.0,170.62,69
2023-04-06 14:15:00-04:00,170.69,170.82,170.67,170.77,23637.0,170.744,103
2023-04-06 14:20:00-04:00,170.81,170.84,170.7,170.74,24695.0,170.771,91
2023-04-06 14:25:00-04:00,170.7,170.85,170.61,170.71,30072.0,170.728,107
2023-04-06 14:30:00-04:00,170.77,170.82,170.52,170.7,27764.0,170.71,161
2023-04-06 14:35:00-04:00,170.76,170.76,170.6,170.6,7328.0,170.701,52
2023-04-06 14:40:00-04:00,170.65,170.71,170.57,170.68,54871.0,170.629,147
2023-04-06 14:45:00-04:00,170.65,170.72,170.57,170.62,7109.0,170.626,59
2023-04-06 14:50:00-04:00,170.7,170.7,170.59,170.59,3872.0,170.629,34
2023-04-06 14:55:00-04:00,170.58,170.68,170.48,170.64,12427.0,170.568,103
2023-04-06 15:00:00-04:00,170.64,170.72,170.64,170.64,10487.0,170.675,82
2023-04-06 15:05:00-04:00,170.67,170.72,170.53,170.53,9581.0,170.656,82
2023-04-06 15:10:00-04:00,170.52,170.62,170.47,170.47,6108.0,170.547,46
2023-04-06 15:15:00-04:00,170.42,170.43,170.08,170.38,15099.0,170.212,129
2023-04-06 15:20:00-04:00,170.35,170.67,170.34,170.58,8216.0,170.564,72
2023-04-06 15:25:00-04:00,170.56,170.74,170.55,170.71,11863.0,170.694,69
2023-04-06 15:30:00-04:00,170.73,171.08,170.7,171.08,60710.0,170.851,140
2023-04-06 15:35:00-04:00,171.12,171.23,170.69,170.69,48171.0,170.965,146
2023-04-06 15:40:00-04:00,170.69,171.01,170.6,170.81,34122.0,170.813,133
2023-04-06 15:45:00-04:00,170.82,170.92,170.5,170.5,54304.0,170.753,288
2023-04-06 15:50:00-04:00,170.41,170.86,170.41,170.78,59379.0,170.675,400
2023-04-06 15:55:00-04:00,170.77,170.89,170.59,170.74,159500.0,170.728,699
2023-04-10 09:30:00-04:00,169.98,170.39,169.96,169.97,8702.0,170.022,3
2023-04-10 09:35:00-04:00,170.03,170.74,170.02,170.74,2333.0,170.53,22
2023-04-10 09:40:00-04:00,170.95,171.24,170.83,170.99,3883.0,170.969,20
2023-04-10 09:45:00-04:00,171.09,171.61,170.88,171.02,34117.0,171.376,76
2023-04-10 09:50:00-04:00,170.78,170.78,170.23,170.42,2880.0,170.48,28
2023-04-10 09:55:00-04:00,170.36,170.51,170.13,170.34,4774.0,170.253,35
2023-04-10 10:00:00-04:00,170.4,170.79,170.16,170.71,6236.0,170.488,44
2023-04-10 10:05:00-04:00,170.71,171.21,170.62,171.21,15943.0,170.941,55
2023-04-10 10:10:00-04:00,171.2,171.2,170.77,170.79,1915.0,170.935,19
2023-04-10 10:15:00-04:00,170.78,171.02,170.13,170.24,11788.0,170.752,89
2023-04-10 10:20:00-04:00,170.23,170.24,169.92,170.11,4089.0,170.083,38
2023-04-10 10:25:00-04:00,170.1,170.15,169.87,170.06,1240.0,170.011,11
2023-04-10 10:30:00-04:00,170.13,170.33,170.13,170.25,4435.0,170.253,27
2023-04-10 10:35:00-04:00,170.35,170.84,170.25,170.63,9527.0,170.646,46
2023-04-10 10:40:00-04:00,170.59,170.59,170.19,170.49,4515.0,170.368,37
2023-04-10 10:45:00-04:00,170.31,170.32,170.05,170.06,3761.0,170.182,24
2023-04-10 10:50:00-04:00,170.12,170.26,170.06,170.15,9840.0,170.167,62
2023-04-10 10:55:00-04:00,170.19,170.24,170.09,170.1,22335.0,170.197,41
2023-04-10 11:00:00-04:00,170.07,170.16,169.92,169.92,4910.0,170.041,38
2023-04-10 11:05:00-04:00,169.96,170.08,169.94,169.96,10746.0,170.007,44
2023-04-10 11:10:00-04:00,169.96,170.03,169.77,169.83,6161.0,169.976,56
2023-04-10 11:15:00-04:00,169.93,170.07,169.93,170.02,510.0,170.019,5
2023-04-10 11:20:00-04:00,170.03,170.11,169.73,169.73,4614.0,169.962,43
2023-04-10 11:25:00-04:00,169.72,170.01,169.72,170.0,6743.0,169.81,33
2023-04-10 11:30:00-04:00,170.01,170.08,169.99,170.08,1470.0,170.038,14
2023-04-10 11:35:00-04:00,170.02,170.02,169.8,169.88,3027.0,169.912,27
2023-04-10 11:40:00-04:00,169.87,169.98,169.7,169.74,4143.0,169.879,29
2023-04-10 11:45:00-04:00,169.74,169.74,169.51,169.63,6054.0,169.63,47
2023-04-10 11:50:00-04:00,169.64,169.64,169.36,169.5,4040.0,169.497,34
2023-04-10 11:55:00-04:00,169.46,169.64,169.38,169.43,27355.0,169.513,142
2023-04-10 12:00:00-04:00,169.41,169.47,169.27,169.35,7385.0,169.406,66
2023-04-10 12:05:00-04:00,169.31,169.38,169.19,169.34,5000.0,169.299,48
2023-04-10 12:10:00-04:00,169.37,169.46,169.3,169.3,1729.0,169.388,14
2023-04-10 12:15:00-04:00,169.35,169.59,169.35,169.59,4439.0,169.518,28
2023-04-10 12:20:00-04:00,169.61,169.74,169.61,169.69,2695.0,169.681,21
2023-04-10 12:25:00-04:00,169.74,169.99,169.69,169.95,14614.0,169.871,82
2023-04-10 12:30:00-04:00,169.95,169.99,169.75,169.91,17278.0,169.851,147
2023-04-10 12:35:00-04:00,169.91,170.37,169.89,170.37,3586.0,170.071,27
2023-04-10 12:40:00-04:00,170.33,170.41,170.27,170.41,7357.0,170.378,27
2023-04-10 12:45:00-04:00,170.42,170.76,170.42,170.59,4674.0,170.611,41
2023-04-10 12:50:00-04:00,170.59,170.88,170.56,170.84,3212.0,170.707,32
2023-04-10 12:55:00-04:00,170.83,171.02,170.82,171.02,6954.0,170.887,27
2023-04-10 13:00:00-04:00,171.04,171.08,170.88,170.88,3745.0,171.002,30
2023-04-10 13:05:00-04:00,170.94,171.06,170.82,171.06,4340.0,170.884,24
2023-04-10 13:10:00-04:00,171.18,171.18,170.97,171.0,2628.0,171.046,25
2023-04-10 13:15:00-04:00,171.03,171.16,170.86,170.86,1698.0,171.024,15
2023-04-10 13:20:00-04:00,170.85,170.85,170.61,170.61,3849.0,170.778,36
2023-04-10 13:25:00-04:00,170.62,170.66,170.45,170.45,3014.0,170.584,27
2023-04-10 13:30:00-04:00,170.56,170.66,170.47,170.66,4310.0,170.567,37
2023-04-10 13:35:00-04:00,170.65,170.65,170.5,170.62,1666.0,170.558,11
2023-04-10 13:40:00-04:00,170.48,170.62,170.47,170.62,3422.0,170.52,21
2023-04-10 13:45:00-04:00,170.72,170.79,170.6,170.69,19305.0,170.747,70
2023-04-10 13:50:00-04:00,170.66,170.78,170.57,170.57,3131.0,170.64,21
2023-04-10 13:55:00-04:00,170.42,170.57,170.42,170.57,900.0,170.502,8
2023-04-10 14:00:00-04:00,170.54,170.57,170.37,170.53,2479.0,170.47,20
2023-04-10 14:05:00-04:00,170.58,170.71,170.52,170.56,4175.0,170.663,14
2023-04-10 14:10:00-04:00,170.5,170.82,170.49,170.8,5220.0,170.79,14
2023-04-10 14:15:00-04:00,170.8,170.9,170.58,170.58,22410.0,170.834,46
2023-04-10 14:20:00-04:00,170.61,170.61,170.43,170.43,3972.0,170.501,36
2023-04-10 14:25:00-04:00,170.43,170.67,170.43,170.63,4947.0,170.525,40
2023-04-10 14:30:00-04:00,170.67,170.79,170.63,170.66,8086.0,170.74,40
2023-04-10 14:35:00-04:00,170.63,170.77,170.63,170.73,1580.0,170.7,14
2023-04-10 14:40:00-04:00,170.7,170.79,170.61,170.72,5606.0,170.723,42
2023-04-10 14:45:00-04:00,170.77,170.83,170.76,170.79,12566.0,170.806,38
2023-04-10 14:50:00-04:00,170.77,170.86,170.72,170.81,6700.0,170.828,27
2023-04-10 14:55:00-04:00,170.71,170.9,170.71,170.86,5569.0,170.847,35
2023-04-10 15:00:00-04:00,170.9,170.96,170.86,170.88,16544.0,170.908,47
2023-04-10 15:05:00-04:00,170.9,170.9,170.8,170.84,2692.0,170.841,21
2023-04-10 15:10:00-04:00,170.84,170.89,170.79,170.8,3865.0,170.836,37
2023-04-10 15:15:00-04:00,170.79,170.89,170.73,170.84,7609.0,170.819,68
2023-04-10 15:20:00-04:00,170.84,170.85,170.72,170.72,2638.0,170.802,26
2023-04-10 15:25:00-04:00,170.72,170.81,170.66,170.78,7268.0,170.723,37
2023-04-10 15:30:00-04:00,170.75,170.88,170.71,170.84,6089.0,170.791,46
2023-04-10 15:35:00-04:00,170.79,170.88,170.73,170.8,10273.0,170.819,73
2023-04-10 15:40:00-04:00,170.81,171.07,170.8,171.07,41498.0,170.933,150
2023-04-10 15:45:00-04:00,171.05,171.07,170.86,170.96,19100.0,170.987,158
2023-04-10 15:50:00-04:00,170.94,171.03,170.91,170.93,21676.0,170.984,208
2023-04-10 15:55:00-04:00,170.91,171.09,170.8,171.09,96607.0,171.02,493
2023-04-11 09:30:00-04:00,171.73,171.96,171.43,171.5,17089.0,171.688,29
2023-04-11 09:35:00-04:00,171.31,171.87,171.31,171.67,12344.0,171.601,61
2023-04-11 09:40:00-04:00,171.55,171.85,171.35,171.79,16862.0,171.789,55
2023-04-11 09:45:00-04:00,171.89,171.89,171.55,171.56,8002.0,171.705,68
2023-04-11 09:50:00-04:00,171.58,171.89,171.4,171.7,26755.0,171.725,116
2023-04-11 09:55:00-04:00,171.7,171.82,171.45,171.5,10862.0,171.718,49
2023-04-11 10:00:00-04:00,171.4,171.49,171.16,171.31,4668.0,171.311,41
2023-04-11 10:05:00-04:00,171.41,171.61,171.37,171.54,6868.0,171.497,31
2023-04-11 10:10:00-04:00,171.56,171.6,171.23,171.59,12451.0,171.435,70
2023-04-11 10:15:00-04:00,171.62,171.65,171.48,171.59,6359.0,171.584,35
2023-04-11 10:20:00-04:00,171.61,171.65,171.5,171.57,15301.0,171.609,71
2023-04-11 10:25:00-04:00,171.6,171.66,171.48,171.56,29218.0,171.593,110
2023-04-11 10:30:00-04:00,171.56,171.76,171.25,171.25,107537.0,171.664,378
2023-04-11 10:35:00-04:00,171.22,171.28,171.1,171.28,4700.0,171.194,45
2023-04-11 10:40:00-04:00,171.15,171.41,171.12,171.28,6890.0,171.275,54
2023-04-11 10:45:00-04:00,171.28,171.28,170.85,171.14,2861.0,171.07,23
2023-04-11 10:50:00-04:00,171.16,171.16,170.94,170.99,1800.0,170.99,18
2023-04-11 10:55:00-04:00,171.01,171.39,170.99,171.37,5648.0,171.208,44
2023-04-11 11:00:00-04:00,171.39,171.58,171.28,171.28,8160.0,171.431,75
2023-04-11 11:05:00-04:00,171.33,171.37,171.2,171.31,4654.0,171.289,41
2023-04-11 11:10:00-04:00,171.37,171.41,171.24,171.28,9964.0,171.312,84
2023-04-11 11:15:00-04:00,171.32,172.13,171.29,172.12,119940.0,171.706,385
2023-04-11 11:20:00-04:00,172.07,173.35,172.06,173.28,57685.0,172.294,182
2023-04-11 11:25:00-04:00,173.29,173.29,172.61,172.74,17781.0,173.019,165
2023-04-11 11:30:00-04:00,172.74,172.93,172.33,172.93,29559.0,172.681,276
2023-04-11 11:35:00-04:00,172.85,172.99,172.61,172.86,10223.0,172.813,88
2023-04-11 11:40:00-04:00,172.78,172.78,172.38,172.52,11028.0,172.534,91
2023-04-11 11:45:00-04:00,172.58,172.64,172.3,172.55,12116.0,172.448,111
2023-04-11 11:50:00-04:00,172.55,172.64,172.4,172.41,10963.0,172.568,88
2023-04-11 11:55:00-04:00,172.37,172.72,172.34,172.58,9600.0,172.563,95
2023-04-11 12:00:00-04:00,172.63,172.72,172.55,172.61,7425.0,172.618,67
2023-04-11 12:05:00-04:00,172.67,172.67,172.4,172.43,9710.0,172.564,92
2023-04-11 12:10:00-04:00,172.5,172.58,172.43,172.44,7499.0,172.526,69
2023-04-11 12:15:00-04:00,172.41,172.46,172.22,172.22,3376.0,172.365,29
2023-04-11 12:20:00-04:00,172.28,172.33,171.95,171.95,12180.0,172.242,116
2023-04-11 12:25:00-04:00,171.97,171.99,171.76,171.95,5425.0,171.909,48
2023-04-11 12:30:00-04:00,171.91,171.92,171.62,171.62,8983.0,171.81,76
2023-04-11 12:35:00-04:00,171.6,171.61,171.1,171.22,19112.0,171.278,175
2023-04-11 12:40:00-04:00,171.28,171.49,171.22,171.43,5619.0,171.347,51
2023-04-11 12:45:00-04:00,171.4,171.48,171.29,171.37,6558.0,171.406,61
2023-04-11 12:50:00-04:00,171.33,171.54,171.25,171.31,17478.0,171.426,118
2023-04-11 12:55:00-04:00,171.25,171.53,171.24,171.28,8857.0,171.398,68
2023-04-11 13:00:00-04:00,171.25,171.73,171.25,171.59,8152.0,171.556,73
2023-04-11 13:05:00-04:00,171.66,171.86,171.52,171.57,53359.0,171.641,113
2023-04-11 13:10:00-04:00,171.64,171.67,171.41,171.58,60233.0,171.532,109
2023-04-11 13:15:00-04:00,171.6,171.87,171.52,171.87,6951.0,171.664,63
2023-04-11 13:20:00-04:00,171.86,171.87,171.59,171.67,3595.0,171.759,31
2023-04-11 13:25:00-04:00,171.61,171.73,171.47,171.51,41341.0,171.636,129
2023-04-11 13:30:00-04:00,171.56,171.81,171.55,171.76,31749.0,171.729,168
2023-04-11 13:35:00-04:00,171.77,172.08,171.62,171.99,65103.0,171.885,180
2023-04-11 13:40:00-04:00,171.99,172.52,171.98,172.52,3000.0,172.255,26
2023-04-11 13:45:00-04:00,172.43,172.56,172.26,172.26,10516.0,172.435,84
2023-04-11 13:50:00-04:00,172.28,172.45,172.27,172.41,6633.0,172.364,56
2023-04-11 13:55:00-04:00,172.52,172.62,172.4,172.59,3340.0,172.498,32
2023-04-11 14:00:00-04:00,172.6,172.67,172.44,172.47,4283.0,172.535,39
2023-04-11 14:05:00-04:00,172.49,172.5,172.27,172.29,6237.0,172.401,56
2023-04-11 14:10:00-04:00,172.3,172.3,172.11,172.12,6969.0,172.199,63
2023-04-11 14:15:00-04:00,172.15,172.54,172.15,172.53,4707.0,172.294,37
2023-04-11 14:20:00-04:00,172.53,172.56,172.34,172.34,2000.0,172.468,19
2023-04-11 14:25:00-04:00,172.34,172.38,172.21,172.21,11186.0,172.319,52
2023-04-11 14:30:00-04:00,172.24,172.29,172.12,172.14,5063.0,172.221,46
2023-04-11 14:35:00-04:00,172.17,172.35,172.16,172.33,4821.0,172.288,36
2023-04-11 14:40:00-04:00,172.33,172.37,172.23,172.33,5033.0,172.309,37
2023-04-11 14:45:00-04:00,172.29,172.35,172.22,172.27,4665.0,172.265,42
2023-04-11 14:50:00-04:00,172.25,172.31,172.14,172.18,7155.0,172.209,65
2023-04-11 14:55:00-04:00,172.2,172.44,172.2,172.3,7804.0,172.33,62
2023-04-11 15:00:00-04:00,172.3,172.3,172.15,172.16,7787.0,172.247,69
2023-04-11 15:05:00-04:00,172.18,172.27,172.06,172.21,6574.0,172.155,60
2023-04-11 15:10:00-04:00,172.28,172.46,172.25,172.27,14434.0,172.351,108
2023-04-11 15:15:00-04:00,172.28,172.37,172.22,172.22,6663.0,172.288,51
2023-04-11 15:20:00-04:00,172.24,172.36,172.17,172.32,4468.0,172.235,41
2023-04-11 15:25:00-04:00,172.31,172.31,172.1,172.25,17459.0,172.195,98
2023-04-11 15:30:00-04:00,172.25,172.31,172.1,172.29,18473.0,172.243,119
2023-04-11 15:35:00-04:00,172.31,172.31,171.97,171.99,17007.0,172.129,114
2023-04-11 15:40:00-04:00,171.99,172.03,171.87,171.92,11553.0,171.935,104
2023-04-11 15:45:00-04:00,171.89,171.89,171.39,171.42,16111.0,171.542,142
2023-04-11 15:50:00-04:00,171.29,171.54,171.07,171.24,36393.0,171.295,313
2023-04-11 15:55:00-04:00,171.2,171.22,170.83,171.03,172494.0,170.972,1002
2023-04-12 09:30:00-04:00,172.71,173.07,172.05,172.33,21632.0,172.64,43
2023-04-12 09:35:00-04:00,172.31,172.41,171.89,172.09,9309.0,172.199,50
2023-04-12 09:40:00-04:00,172.11,172.34,171.87,172.0,10593.0,172.214,60
2023-04-13 09:30:00-04:00,174.59,174.59,173.22,173.61,19789.0,174.33,38
2023-04-13 09:35:00-04:00,173.61,173.89,172.04,172.39,86536.0,172.776,206
2023-04-13 09:40:00-04:00,172.33,173.36,172.25,173.34,25800.0,172.692,109
2023-04-13 09:45:00-04:00,173.34,173.49,172.79,172.88,49848.0,173.025,138
2023-04-13 09:50:00-04:00,172.81,172.91,172.39,172.46,63990.0,172.551,162
2023-04-13 09:55:00-04:00,172.5,172.72,171.85,171.85,117662.0,172.122,351
2023-04-13 10:00:00-04:00,171.9,172.1,171.38,171.81,46819.0,171.961,190
2023-04-13 10:05:00-04:00,171.8,171.88,171.41,171.52,27635.0,171.555,101
2023-04-13 10:10:00-04:00,171.52,172.18,171.05,172.16,17976.0,171.407,154
2023-04-13 10:15:00-04:00,172.22,173.27,172.22,173.03,13029.0,172.722,115
2023-04-13 10:20:00-04:00,173.03,173.46,173.0,173.34,7658.0,173.226,64
2023-04-13 10:25:00-04:00,173.36,173.82,173.16,173.53,9273.0,173.398,86
2023-04-13 10:30:00-04:00,173.53,173.64,173.27,173.49,17231.0,173.453,166
2023-04-13 10:35:00-04:00,173.57,173.95,173.57,173.73,12204.0,173.732,91
2023-04-13 10:40:00-04:00,173.73,173.88,173.52,173.71,6801.0,173.674,65
2023-04-13 10:45:00-04:00,173.71,173.78,173.24,173.26,5925.0,173.527,48
2023-04-13 10:50:00-04:00,173.32,173.95,173.25,173.92,12403.0,173.735,112
2023-04-13 10:55:00-04:00,173.87,174.0,173.55,173.63,8331.0,173.776,69
2023-04-13 11:00:00-04:00,173.63,174.0,173.62,173.92,10027.0,173.812,72
2023-04-13 11:05:00-04:00,173.97,174.26,173.9,174.14,8100.0,174.051,66
2023-04-13 11:10:00-04:00,174.09,174.46,173.91,174.46,8288.0,174.183,74
2023-04-13 11:15:00-04:00,174.49,174.81,174.36,174.76,11123.0,174.571,86
2023-04-13 11:20:00-04:00,174.9,175.55,174.84,175.55,21805.0,175.139,195
2023-04-13 11:25:00-04:00,175.55,175.69,174.97,175.08,38968.0,175.422,282
2023-04-13 11:30:00-04:00,175.24,175.24,174.7,174.7,3564.0,174.897,34
2023-04-13 11:35:00-04:00,174.7,174.7,174.4,174.44,4103.0,174.529,40
2023-04-13 11:40:00-04:00,174.48,174.68,174.26,174.34,21232.0,174.473,140
2023-04-13 11:45:00-04:00,174.28,174.47,174.27,174.44,7745.0,174.337,63
2023-04-13 11:50:00-04:00,174.49,174.51,174.06,174.07,7976.0,174.324,77
2023-04-13 11:55:00-04:00,174.03,174.51,174.03,174.45,8177.0,174.392,74
2023-04-13 12:00:00-04:00,174.47,174.76,174.47,174.55,3410.0,174.637,32
2023-04-13 12:05:00-04:00,174.6,174.85,174.56,174.61,14715.0,174.742,133
2023-04-13 12:10:00-04:00,174.54,174.6,174.37,174.37,3452.0,174.519,32
2023-04-13 12:15:00-04:00,174.33,174.61,174.33,174.58,6345.0,174.537,58
2023-04-13 12:20:00-04:00,174.63,174.81,174.58,174.61,10588.0,174.704,98
2023-04-13 12:25:00-04:00,174.61,174.66,174.4,174.66,6514.0,174.54,60
2023-04-13 12:30:00-04:00,174.7,174.7,174.62,174.68,2502.0,174.669,24
2023-04-13 12:35:00-04:00,174.75,174.77,174.45,174.61,6504.0,174.61,57
2023-04-13 12:40:00-04:00,174.7,174.9,174.61,174.9,6825.0,174.665,42
2023-04-13 12:45:00-04:00,174.88,175.02,174.88,175.02,2817.0,174.957,27
2023-04-13 12:50:00-04:00,175.08,175.08,175.02,175.08,500.0,175.053,5
2023-04-13 12:55:00-04:00,175.08,175.23,175.08,175.19,14567.0,175.117,53
2023-04-13 13:00:00-04:00,175.27,175.27,174.9,175.08,6852.0,175.108,58
2023-04-13 13:05:00-04:00,175.03,175.19,175.03,175.19,2226.0,175.1,19
2023-04-13 13:10:00-04:00,175.19,175.44,175.19,175.25,4533.0,175.292,37
2023-04-13 13:15:00-04:00,175.26,175.32,175.23,175.32,950.0,175.264,8
2023-04-13 13:20:00-04:00,175.28,175.37,175.18,175.34,5041.0,175.29,46
2023-04-13 13:25:00-04:00,175.35,175.44,175.22,175.22,6562.0,175.363,43
2023-04-13 13:30:00-04:00,175.25,175.35,175.2,175.22,4884.0,175.278,41
2023-04-13 13:35:00-04:00,175.26,175.53,175.26,175.41,2333.0,175.421,21
2023-04-13 13:40:00-04:00,175.5,175.69,175.45,175.67,1621.0,175.573,16
2023-04-13 13:45:00-04:00,175.74,175.95,175.74,175.95,1285.0,175.829,11
2023-04-13 13:50:00-04:00,175.87,176.0,175.78,175.97,5343.0,175.831,41
2023-04-13 13:55:00-04:00,175.9,176.06,175.89,175.97,1059.0,175.972,10
2023-04-13 14:00:00-04:00,176.03,176.17,175.96,176.0,4112.0,176.079,34
2023-04-13 14:05:00-04:00,175.96,176.02,175.87,175.98,4172.0,175.955,33
2023-04-13 14:10:00-04:00,175.97,176.04,175.73,175.91,10018.0,175.887,91
2023-04-13 14:15:00-04:00,175.99,176.2,175.99,176.08,2433.0,176.061,21
2023-04-13 14:20:00-04:00,176.0,176.19,175.93,176.09,6852.0,176.036,58
2023-04-13 14:25:00-04:00,176.13,176.25,176.13,176.17,1730.0,176.161,17
2023-04-13 14:30:00-04:00,176.17,176.29,176.11,176.13,3755.0,176.2,32
2023-04-13 14:35:00-04:00,176.09,176.16,176.03,176.06,2689.0,176.097,24
2023-04-13 14:40:00-04:00,176.06,176.26,176.01,176.19,8072.0,176.126,75
2023-04-13 14:45:00-04:00,176.14,176.25,176.05,176.07,10042.0,176.129,88
2023-04-13 14:50:00-04:00,176.09,176.12,175.95,176.11,6467.0,176.034,49
2023-04-13 14:55:00-04:00,176.11,176.22,176.08,176.13,8359.0,176.146,69
2023-04-13 15:00:00-04:00,176.15,176.2,176.09,176.14,5747.0,176.151,48
2023-04-13 15:05:00-04:00,176.17,176.24,175.99,176.03,9015.0,176.094,75
2023-04-13 15:10:00-04:00,176.05,176.08,175.71,175.84,16288.0,175.859,142
2023-04-13 15:15:00-04:00,175.8,175.81,175.64,175.81,20865.0,175.746,160
2023-04-13 15:20:00-04:00,175.83,176.08,175.69,175.73,10182.0,175.914,87
2023-04-13 15:25:00-04:00,175.71,175.88,175.62,175.88,15331.0,175.718,118
2023-04-13 15:30:00-04:00,175.94,176.01,175.8,175.82,12066.0,175.89,97
2023-04-13 15:35:00-04:00,175.85,176.01,175.76,175.84,11169.0,175.877,95
2023-04-13 15:40:00-04:00,175.89,176.21,175.89,176.08,9857.0,176.119,86
2023-04-13 15:45:00-04:00,176.08,176.15,175.81,175.93,18156.0,175.955,155
2023-04-13 15:50:00-04:00,175.98,176.13,175.81,175.81,29769.0,175.982,239
2023-04-13 15:55:00-04:00,175.84,175.95,175.68,175.78,59939.0,175.785,452
2023-04-14 09:30:00-04:00,175.97,176.27,175.86,175.95,15116.0,176.012,40
2023-04-14 09:35:00-04:00,176.15,176.47,176.1,176.39,5520.0,176.31,44
2023-04-14 09:40:00-04:00,176.47,177.27,176.1,177.27,6388.0,176.468,62
2023-04-14 09:45:00-04:00,177.31,177.54,176.95,177.52,3917.0,177.246,36
2023-04-14 09:50:00-04:00,177.52,177.78,177.45,177.46,4492.0,177.638,39
2023-04-14 09:55:00-04:00,177.46,177.72,177.35,177.63,3274.0,177.564,29
2023-04-14 10:00:00-04:00,177.38,178.47,177.12,178.33,30445.0,177.517,135
2023-04-14 10:05:00-04:00,178.24,178.27,177.42,177.66,13575.0,177.885,124
2023-04-14 10:10:00-04:00,178.0,178.59,178.0,178.49,9713.0,178.32,83
2023-04-14 10:15:00-04:00,178.41,178.51,177.95,178.16,6421.0,178.199,47
2023-04-14 10:20:00-04:00,178.09,178.34,177.43,177.54,12568.0,177.834,107
2023-04-14 10:25:00-04:00,177.48,177.48,177.18,177.35,4750.0,177.35,37
2023-04-14 10:30:00-04:00,177.59,177.6,177.2,177.3,2906.0,177.339,19
2023-04-14 10:35:00-04:00,177.26,177.5,177.22,177.5,2181.0,177.356,21
2023-04-14 10:40:00-04:00,177.64,177.64,177.04,177.32,5016.0,177.263,44
2023-04-14 10:45:00-04:00,177.44,177.51,177.37,177.41,901.0,177.433,9
2023-04-14 10:50:00-04:00,177.3,177.54,177.29,177.3,1300.0,177.396,13
2023-04-14 10:55:00-04:00,177.15,177.27,176.95,177.0,5976.0,177.097,38
2023-04-14 11:00:00-04:00,177.0,177.04,176.66,176.89,12457.0,176.894,34
2023-04-14 11:05:00-04:00,176.76,176.95,176.53,176.54,2698.0,176.784,25
2023-04-14 11:10:00-04:00,176.59,176.74,176.44,176.55,4622.0,176.58,40
2023-04-14 11:15:00-04:00,176.56,176.57,176.02,176.31,13545.0,176.238,119
2023-04-14 11:20:00-04:00,176.23,176.28,175.94,175.94,5721.0,176.091,54
2023-04-14 11:25:00-04:00,175.96,175.96,175.72,175.9,16086.0,175.847,137
2023-04-14 11:30:00-04:00,175.94,175.95,175.61,175.8,6510.0,175.801,58
2023-04-14 11:35:00-04:00,175.7,175.84,175.55,175.69,4053.0,175.686,35
2023-04-14 11:40:00-04:00,175.68,175.68,175.39,175.53,2919.0,175.536,14
2023-04-14 11:45:00-04:00,175.53,175.62,175.18,175.39,5942.0,175.448,50
2023-04-14 11:50:00-04:00,175.3,175.45,175.3,175.31,3386.0,175.384,30
2023-04-14 11:55:00-04:00,175.3,175.5,175.22,175.5,5462.0,175.338,50
2023-04-14 12:00:00-04:00,175.62,175.77,175.54,175.54,1915.0,175.646,18
2023-04-14 12:05:00-04:00,175.64,175.86,175.51,175.61,4078.0,175.644,33
2023-04-14 12:10:00-04:00,175.52,175.52,175.39,175.39,802.0,175.428,7
2023-04-14 12:15:00-04:00,175.35,175.35,175.2,175.21,808.0,175.282,8
2023-04-14 12:20:00-04:00,175.2,175.27,175.12,175.15,3404.0,175.204,27
2023-04-14 12:25:00-04:00,175.08,175.08,174.94,174.96,403.0,174.999,4
2023-04-14 12:30:00-04:00,174.84,174.99,174.78,174.97,2310.0,174.867,20
2023-04-14 12:35:00-04:00,174.97,174.97,174.76,174.77,3730.0,174.837,30
2023-04-14 12:40:00-04:00,174.72,174.81,174.53,174.53,5802.0,174.725,51
2023-04-14 12:45:00-04:00,174.5,174.54,174.27,174.39,5453.0,174.41,50
2023-04-14 12:50:00-04:00,174.27,174.27,174.05,174.16,2400.0,174.185,24
2023-04-14 12:55:00-04:00,174.16,174.19,174.04,174.14,1399.0,174.128,13
2023-04-14 13:00:00-04:00,174.08,174.37,174.08,174.37,2301.0,174.227,22
2023-04-14 13:05:00-04:00,174.34,174.48,174.27,174.3,1300.0,174.383,12
2023-04-14 13:10:00-04:00,174.29,174.58,174.29,174.46,1602.0,174.454,16
2023-04-14 13:15:00-04:00,174.49,174.69,174.47,174.63,2344.0,174.575,22
2023-04-14 13:20:00-04:00,174.57,174.57,174.32,174.47,1911.0,174.421,17
2023-04-14 13:25:00-04:00,174.36,174.4,174.25,174.25,7108.0,174.287,55
2023-04-14 13:30:00-04:00,174.19,174.2,173.95,174.01,2488.0,174.051,18
2023-04-14 13:35:00-04:00,173.94,174.01,173.85,173.97,3056.0,173.924,29
2023-04-14 13:40:00-04:00,174.03,174.28,173.97,174.0,1604.0,174.082,16
2023-04-14 13:45:00-04:00,174.0,174.15,173.89,174.15,2603.0,174.074,26
2023-04-14 13:50:00-04:00,174.15,174.32,174.14,174.31,4548.0,174.213,41
2023-04-14 13:55:00-04:00,174.32,174.38,174.27,174.27,2331.0,174.327,23
2023-04-14 14:00:00-04:00,174.34,174.4,174.15,174.2,2000.0,174.284,20
2023-04-14 14:05:00-04:00,174.15,174.58,174.15,174.56,1915.0,174.404,18
2023-04-14 14:10:00-04:00,174.6,174.67,174.4,174.44,2477.0,174.459,24
2023-04-14 14:15:00-04:00,174.49,174.49,174.33,174.38,3527.0,174.399,33
2023-04-14 14:20:00-04:00,174.38,174.5,174.35,174.46,2605.0,174.428,26
2023-04-14 14:25:00-04:00,174.53,174.69,174.44,174.68,2448.0,174.561,18
2023-04-14 14:30:00-04:00,174.74,174.78,174.64,174.68,2358.0,174.721,23
2023-04-14 14:35:00-04:00,174.65,174.74,174.61,174.72,1217.0,174.686,12
2023-04-14 14:40:00-04:00,174.71,174.79,174.59,174.78,2998.0,174.691,29
2023-04-14 14:45:00-04:00,174.74,174.74,174.59,174.71,1100.0,174.685,11
2023-04-14 14:50:00-04:00,174.69,174.69,174.41,174.41,2700.0,174.541,27
2023-04-14 14:55:00-04:00,174.45,174.61,174.44,174.56,2320.0,174.54,23
2023-04-14 15:00:00-04:00,174.51,174.57,174.44,174.47,4220.0,174.5,41
2023-04-14 15:05:00-04:00,174.39,174.56,174.39,174.49,2639.0,174.451,26
2023-04-14 15:10:00-04:00,174.45,174.49,174.31,174.31,3285.0,174.409,29
2023-04-14 15:15:00-04:00,174.29,174.37,174.04,174.37,4550.0,174.224,44
2023-04-14 15:20:00-04:00,174.33,174.54,174.18,174.54,2664.0,174.376,26
2023-04-14 15:25:00-04:00,174.6,174.71,174.56,174.69,2802.0,174.656,25
2023-04-14 15:30:00-04:00,174.69,174.88,174.69,174.85,3018.0,174.779,29
2023-04-14 15:35:00-04:00,174.89,175.12,174.86,175.12,5771.0,175.01,53
2023-04-14 15:40:00-04:00,175.19,175.19,174.98,175.09,5782.0,175.085,54
2023-04-14 15:45:00-04:00,175.09,175.18,174.82,174.89,9445.0,174.961,86
2023-04-14 15:50:00-04:00,174.93,175.06,174.78,174.78,14391.0,174.911,133
2023-04-14 15:55:00-04:00,174.68,175.1,174.68,174.98,40284.0,174.925,219
2023-04-17 09:30:00-04:00,175.26,175.99,174.65,175.99,9688.0,175.316,10
2023-04-17 09:35:00-04:00,175.43,176.15,175.43,176.13,3485.0,175.826,25
2023-04-17 09:40:00-04:00,175.92,176.36,175.79,176.21,5345.0,176.167,47
2023-04-17 09:45:00-04:00,176.33,176.37,175.57,175.69,24907.0,175.919,103
2023-04-17 09:50:00-04:00,175.87,176.08,175.59,175.87,32841.0,175.801,136
2023-04-17 09:55:00-04:00,175.83,176.11,175.58,175.89,35413.0,175.757,173
2023-04-17 10:00:00-04:00,176.02,176.35,175.67,175.84,43537.0,175.988,189
2023-04-17 10:05:00-04:00,175.9,176.35,175.75,175.88,26030.0,176.008,104
2023-04-17 10:10:00-04:00,176.01,176.1,175.72,175.81,20999.0,175.85,92
2023-04-17 10:15:00-04:00,175.95,175.99,175.73,175.88,14918.0,175.772,69
2023-04-17 10:20:00-04:00,175.82,176.1,175.74,175.97,15349.0,175.871,61
2023-04-17 10:25:00-04:00,175.95,176.22,175.82,175.89,23770.0,175.939,116
2023-04-17 10:30:00-04:00,175.9,176.22,175.75,175.88,31064.0,175.924,111
2023-04-17 10:35:00-04:00,175.89,175.95,175.61,175.78,84523.0,175.708,193
2023-04-17 10:40:00-04:00,175.74,175.87,175.73,175.78,2147.0,175.802,20
2023-04-17 10:45:00-04:00,175.86,176.06,175.66,175.88,14346.0,175.777,44
2023-04-17 10:50:00-04:00,175.88,175.9,175.52,175.65,95599.0,175.678,245
2023-04-17 10:55:00-04:00,175.6,175.78,175.46,175.78,56257.0,175.523,126
2023-04-17 11:00:00-04:00,175.72,175.97,175.48,175.61,30713.0,175.593,172
2023-04-17 11:05:00-04:00,175.61,175.71,175.46,175.5,56016.0,175.545,177
2023-04-17 11:10:00-04:00,175.49,175.65,175.42,175.65,37042.0,175.464,136
2023-04-17 11:15:00-04:00,175.68,175.81,175.44,175.44,65945.0,175.515,308
2023-04-17 11:20:00-04:00,175.49,175.58,175.24,175.25,146978.0,175.336,447
2023-04-17 11:25:00-04:00,175.29,175.46,175.11,175.2,204706.0,175.197,526
2023-04-17 11:30:00-04:00,175.21,175.36,175.11,175.35,27402.0,175.213,177
2023-04-17 11:35:00-04:00,175.36,175.4,175.11,175.37,68297.0,175.223,157
2023-04-17 11:40:00-04:00,175.46,175.49,175.17,175.29,65896.0,175.23,172
2023-04-17 11:45:00-04:00,175.31,175.34,175.19,175.19,24034.0,175.211,97
2023-04-17 11:50:00-04:00,175.2,175.43,175.17,175.18,17323.0,175.238,62
2023-04-17 11:55:00-04:00,175.22,175.35,175.11,175.11,44335.0,175.176,128
2023-04-17 12:00:00-04:00,175.15,175.27,174.88,174.97,80507.0,175.102,322
2023-04-17 12:05:00-04:00,175.01,175.29,174.94,175.0,66716.0,175.091,301
2023-04-17 12:10:00-04:00,175.0,175.24,174.79,174.89,111350.0,174.989,404
2023-04-17 12:15:00-04:00,174.89,174.94,174.64,174.7,91665.0,174.807,295
2023-04-17 12:20:00-04:00,174.63,174.63,174.5,174.5,5829.0,174.572,55
2023-04-17 12:25:00-04:00,174.62,174.86,174.61,174.79,4191.0,174.737,30
2023-04-17 12:30:00-04:00,174.83,175.06,174.79,175.03,5685.0,174.929,51
2023-04-17 12:35:00-04:00,175.06,175.29,175.05,175.23,3896.0,175.148,34
2023-04-17 12:40:00-04:00,175.23,175.27,175.23,175.26,1100.0,175.241,11
2023-04-17 12:45:00-04:00,175.24,175.53,175.23,175.41,9214.0,175.401,84
2023-04-17 12:50:00-04:00,175.41,175.46,175.12,175.12,5332.0,175.33,42
2023-04-17 12:55:00-04:00,175.15,175.16,174.89,174.94,3068.0,175.063,29
2023-04-17 13:00:00-04:00,175.0,175.17,175.0,175.11,2808.0,175.085,25
2023-04-17 13:05:00-04:00,175.11,175.11,174.9,174.92,3305.0,174.962,32
2023-04-17 13:10:00-04:00,174.93,175.12,174.85,175.09,3710.0,174.978,34
2023-04-17 13:15:00-04:00,175.09,175.45,175.09,175.35,3066.0,175.322,25
2023-04-17 13:20:00-04:00,175.35,175.43,175.2,175.22,3786.0,175.274,32
2023-04-17 13:25:00-04:00,175.22,175.28,175.16,175.17,4457.0,175.215,43
2023-04-17 13:30:00-04:00,175.15,175.36,175.11,175.23,5681.0,175.225,51
2023-04-17 13:35:00-04:00,175.22,175.43,175.22,175.39,3121.0,175.335,28
2023-04-17 13:40:00-04:00,175.39,175.44,175.33,175.34,3463.0,175.4,33
2023-04-17 13:45:00-04:00,175.3,175.38,175.22,175.34,4121.0,175.3,35
2023-04-17 13:50:00-04:00,175.34,175.37,175.25,175.36,14758.0,175.297,46
2023-04-17 13:55:00-04:00,175.27,175.66,175.11,175.42,86786.0,175.39,204
2023-04-17 14:00:00-04:00,175.51,175.65,175.21,175.32,36087.0,175.54,125
2023-04-17 14:05:00-04:00,175.31,175.67,175.21,175.43,42052.0,175.449,143
2023-04-17 14:10:00-04:00,175.45,175.6,175.28,175.32,34458.0,175.498,129
2023-04-17 14:15:00-04:00,175.3,175.57,175.22,175.45,47498.0,175.436,151
2023-04-17 14:20:00-04:00,175.54,175.54,175.42,175.42,2564.0,175.443,24
2023-04-17 14:25:00-04:00,175.46,175.71,175.3,175.45,71280.0,175.513,296
2023-04-17 14:30:00-04:00,175.59,175.73,175.46,175.54,33214.0,175.556,133
2023-04-17 14:35:00-04:00,175.54,175.65,175.39,175.54,12365.0,175.512,78
2023-04-17 14:40:00-04:00,175.54,175.71,175.54,175.6,24523.0,175.641,133
2023-04-17 14:45:00-04:00,175.69,175.82,175.55,175.77,37621.0,175.692,188
2023-04-17 14:50:00-04:00,175.78,175.88,175.71,175.78,48935.0,175.754,213
2023-04-17 14:55:00-04:00,175.78,176.1,175.77,175.98,7123.0,175.917,65
2023-04-17 15:00:00-04:00,176.02,176.27,176.02,176.21,3884.0,176.177,32
2023-04-17 15:05:00-04:00,176.17,176.35,176.13,176.26,6861.0,176.241,57
2023-04-17 15:10:00-04:00,176.3,176.36,176.24,176.24,3560.0,176.31,29
2023-04-17 15:15:00-04:00,176.3,176.61,176.29,176.45,6591.0,176.47,59
2023-04-17 15:20:00-04:00,176.46,176.58,176.33,176.4,7332.0,176.44,65
2023-04-17 15:25:00-04:00,176.36,176.47,176.24,176.25,8860.0,176.405,76
2023-04-17 15:30:00-04:00,176.18,176.27,176.09,176.11,10890.0,176.202,97
2023-04-17 15:35:00-04:00,176.11,176.11,175.87,175.9,12081.0,175.953,106
2023-04-17 15:40:00-04:00,175.93,175.93,175.68,175.77,11010.0,175.794,99
2023-04-17 15:45:00-04:00,175.71,175.72,175.58,175.61,25830.0,175.65,224
2023-04-17 15:50:00-04:00,175.58,176.09,175.56,176.03,25640.0,175.894,222
2023-04-17 15:55:00-04:00,176.07,176.5,176.06,176.49,66357.0,176.328,448
2023-04-18 09:30:00-04:00,177.97,178.47,177.57,178.35,14026.0,178.03,34
2023-04-18 09:35:00-04:00,178.15,178.47,178.07,178.11,2400.0,178.31,20
2023-04-18 09:40:00-04:00,178.48,178.89,178.48,178.81,3444.0,178.656,27
2023-04-18 09:45:00-04:00,178.76,178.76,177.65,177.65,16094.0,178.467,77
2023-04-18 09:50:00-04:00,177.6,177.6,176.92,177.16,9950.0,177.168,86
2023-04-18 09:55:00-04:00,177.23,177.26,176.36,176.85,5259.0,176.626,50
2023-04-18 10:00:00-04:00,176.8,177.3,176.8,177.23,6208.0,177.127,55
2023-04-18 10:05:00-04:00,177.28,177.33,177.03,177.11,4769.0,177.2,41
2023-04-18 10:10:00-04:00,176.98,176.99,176.53,176.66,5152.0,176.719,41
2023-04-18 10:15:00-04:00,176.55,176.73,176.52,176.67,3621.0,176.642,34
2023-04-18 10:20:00-04:00,176.71,177.15,176.66,177.11,4515.0,176.901,41
2023-04-18 10:25:00-04:00,177.12,177.12,176.46,176.52,4375.0,176.663,37
2023-04-18 10:30:00-04:00,176.43,176.44,176.12,176.2,5077.0,176.269,47
2023-04-18 10:35:00-04:00,176.16,176.48,176.15,176.23,7120.0,176.311,53
2023-04-18 10:40:00-04:00,176.22,176.53,176.15,176.25,7361.0,176.332,68
2023-04-18 10:45:00-04:00,176.37,176.47,176.27,176.27,2530.0,176.363,23
2023-04-18 10:50:00-04:00,176.2,176.27,175.9,175.95,6119.0,176.09,50
2023-04-18 10:55:00-04:00,175.92,175.92,175.67,175.7,3986.0,175.787,38
2023-04-18 11:00:00-04:00,175.7,175.86,175.49,175.51,7045.0,175.723,67
2023-04-18 11:05:00-04:00,175.56,175.73,175.47,175.47,3717.0,175.601,30
2023-04-18 11:10:00-04:00,175.45,175.48,175.29,175.47,4920.0,175.405,46
2023-04-18 11:15:00-04:00,175.43,175.44,175.14,175.21,6380.0,175.267,60
2023-04-18 11:20:00-04:00,175.24,175.24,174.97,174.97,7840.0,175.153,72
2023-04-18 11:25:00-04:00,174.99,175.47,174.99,175.47,4703.0,175.237,46
2023-04-18 11:30:00-04:00,175.46,175.73,175.43,175.58,5623.0,175.551,50
2023-04-18 11:35:00-04:00,175.63,175.81,175.2,175.2,3173.0,175.611,30
2023-04-18 11:40:00-04:00,175.19,175.34,175.06,175.16,11890.0,175.239,76
2023-04-18 11:45:00-04:00,175.18,175.33,174.91,175.22,3987.0,175.137,36
2023-04-18 11:50:00-04:00,175.18,175.18,175.01,175.02,4007.0,175.117,35
2023-04-18 11:55:00-04:00,175.01,175.01,174.78,174.87,4748.0,174.898,42
2023-04-18 12:00:00-04:00,174.91,175.22,174.91,175.1,2912.0,175.101,29
2023-04-18 12:05:00-04:00,175.07,175.2,175.04,175.2,2792.0,175.108,25
2023-04-18 12:10:00-04:00,175.17,175.29,175.1,175.1,4028.0,175.177,38
2023-04-18 12:15:00-04:00,175.04,175.05,174.83,174.88,13452.0,174.926,88
2023-04-18 12:20:00-04:00,174.9,174.9,174.69,174.69,3581.0,174.833,34
2023-04-18 12:25:00-04:00,174.66,175.19,174.63,174.94,21503.0,174.765,114
2023-04-18 12:30:00-04:00,175.0,175.12,174.9,175.12,7302.0,175.005,63
2023-04-18 12:35:00-04:00,175.12,175.12,175.02,175.04,3479.0,175.04,15
2023-04-18 12:40:00-04:00,175.09,175.1,174.92,174.96,3038.0,174.983,25
2023-04-18 12:45:00-04:00,174.96,175.1,174.96,175.1,3341.0,175.012,33
2023-04-18 12:50:00-04:00,175.1,175.15,174.74,174.86,3815.0,174.922,31
2023-04-18 12:55:00-04:00,174.77,174.77,174.67,174.69,2518.0,174.715,22
2023-04-18 13:00:00-04:00,174.64,174.79,174.57,174.79,4167.0,174.641,35
2023-04-18 13:05:00-04:00,174.87,174.99,174.79,174.99,5314.0,174.871,50
2023-04-18 13:10:00-04:00,175.04,175.18,175.01,175.01,4152.0,175.086,38
2023-04-18 13:15:00-04:00,174.92,175.06,174.91,174.91,1608.0,174.975,16
2023-04-18 13:20:00-04:00,174.88,175.04,174.86,175.0,3562.0,174.973,33
2023-04-18 13:25:00-04:00,174.94,175.05,174.84,174.91,6358.0,174.965,50
2023-04-18 13:30:00-04:00,174.78,175.1,174.78,175.1,3586.0,174.899,34
2023-04-18 13:35:00-04:00,175.1,175.16,174.91,174.94,4117.0,174.995,40
2023-04-18 13:40:00-04:00,174.94,175.11,174.93,175.02,3711.0,174.998,36
2023-04-18 13:45:00-04:00,174.91,174.99,174.85,174.91,7586.0,174.909,59
2023-04-18 13:50:00-04:00,174.92,174.96,174.79,174.87,3345.0,174.91,33
2023-04-18 13:55:00-04:00,174.81,174.82,174.52,174.58,5569.0,174.617,34
2023-04-18 14:00:00-04:00,174.58,174.79,174.54,174.79,6625.0,174.617,60
2023-04-18 14:05:00-04:00,174.77,174.77,174.61,174.69,3976.0,174.733,31
2023-04-18 14:10:00-04:00,174.69,174.92,174.69,174.76,14985.0,174.785,54
2023-04-18 14:15:00-04:00,174.8,175.16,174.8,175.13,12695.0,174.976,117
2023-04-18 14:20:00-04:00,175.19,175.39,175.18,175.37,3464.0,175.301,34
2023-04-18 14:25:00-04:00,175.41,175.61,175.41,175.47,4623.0,175.503,43
2023-04-18 14:30:00-04:00,175.43,175.54,175.39,175.48,3620.0,175.483,35
2023-04-18 14:35:00-04:00,175.51,175.65,175.51,175.59,4240.0,175.56,28
2023-04-18 14:40:00-04:00,175.62,175.64,175.53,175.64,10303.0,175.581,75
2023-04-18 14:45:00-04:00,175.65,175.65,175.42,175.51,40122.0,175.517,297
2023-04-18 14:50:00-04:00,175.51,175.55,175.39,175.53,19598.0,175.48,163
2023-04-18 14:55:00-04:00,175.5,175.82,175.48,175.75,7117.0,175.629,50
2023-04-18 15:00:00-04:00,175.66,175.74,175.59,175.74,8221.0,175.656,74
2023-04-18 15:05:00-04:00,175.76,175.82,175.69,175.69,3724.0,175.753,30
2023-04-18 15:10:00-04:00,175.68,175.82,175.57,175.58,6766.0,175.707,55
2023-04-18 15:15:00-04:00,175.53,175.62,175.52,175.59,6951.0,175.583,57
2023-04-18 15:20:00-04:00,175.59,175.63,175.38,175.44,12856.0,175.517,116
2023-04-18 15:25:00-04:00,175.45,175.61,175.43,175.56,14342.0,175.493,106
2023-04-18 15:30:00-04:00,175.54,175.62,175.45,175.5,15375.0,175.514,139
2023-04-18 15:35:00-04:00,175.49,175.7,175.49,175.69,15109.0,175.599,129
2023-04-18 15:40:00-04:00,175.7,175.83,175.56,175.83,18281.0,175.683,157
2023-04-18 15:45:00-04:00,175.85,176.0,175.79,176.0,27465.0,175.837,198
2023-04-18 15:50:00-04:00,176.04,176.25,175.7,175.7,38454.0,175.906,271
2023-04-18 15:55:00-04:00,175.74,176.17,175.72,176.05,79513.0,176.035,579
2023-04-19 09:30:00-04:00,174.99,176.78,174.99,176.76,21176.0,176.138,21
2023-04-19 09:35:00-04:00,176.75,176.75,176.0,176.03,2624.0,176.161,16
2023-04-19 09:40:00-04:00,176.26,176.48,176.09,176.2,14646.0,176.266,62
2023-04-19 09:45:00-04:00,176.12,176.36,175.99,176.28,5581.0,176.133,46
2023-04-19 09:50:00-04:00,176.17,176.48,175.87,175.87,12102.0,176.198,86
2023-04-19 09:55:00-04:00,175.77,176.04,175.61,175.75,10527.0,175.813,76
2023-04-19 10:00:00-04:00,175.75,176.15,175.75,176.13,5455.0,175.911,33
2023-04-19 10:05:00-04:00,176.15,176.74,176.12,176.67,3237.0,176.315,29
2023-04-19 10:10:00-04:00,176.74,177.08,176.61,177.07,9319.0,176.795,77
2023-04-19 10:15:00-04:00,176.95,176.95,176.72,176.92,26668.0,176.91,43
2023-04-19 10:20:00-04:00,176.93,177.17,176.92,176.97,6778.0,177.03,63
2023-04-19 10:25:00-04:00,176.97,177.21,176.97,177.12,8648.0,177.112,39
2023-04-19 10:30:00-04:00,177.06,177.06,176.9,177.02,2082.0,176.967,19
2023-04-19 10:35:00-04:00,176.97,176.97,176.71,176.77,7666.0,176.864,61
2023-04-19 10:40:00-04:00,176.67,176.76,176.33,176.63,9428.0,176.512,63
2023-04-19 10:45:00-04:00,176.53,176.53,176.29,176.45,3815.0,176.413,27
2023-04-19 10:50:00-04:00,176.51,176.76,176.51,176.76,1299.0,176.647,11
2023-04-19 10:55:00-04:00,176.71,176.89,176.65,176.86,2650.0,176.771,16
2023-04-19 11:00:00-04:00,176.86,176.96,176.72,176.86,5681.0,176.804,47
2023-04-19 11:05:00-04:00,176.69,176.69,176.35,176.36,2474.0,176.54,20
2023-04-19 11:10:00-04:00,176.36,176.45,176.31,176.35,3350.0,176.389,27
2023-04-19 11:15:00-04:00,176.4,176.41,176.11,176.22,5574.0,176.232,40
2023-04-19 11:20:00-04:00,176.22,176.36,176.04,176.11,4145.0,176.203,36
2023-04-19 11:25:00-04:00,176.01,176.01,175.93,175.98,864.0,175.967,8
2023-04-19 11:30:00-04:00,175.93,175.93,175.67,175.75,8426.0,175.785,71
2023-04-19 11:35:00-04:00,175.75,175.94,175.68,175.93,11314.0,175.775,91
2023-04-19 11:40:00-04:00,175.87,175.87,175.79,175.84,1012.0,175.816,10
2023-04-19 11:45:00-04:00,175.75,175.83,175.69,175.72,2119.0,175.754,20
2023-04-19 11:50:00-04:00,175.73,175.94,175.73,175.75,22346.0,175.839,57
2023-04-19 11:55:00-04:00,175.78,176.05,175.67,175.74,35406.0,175.798,132
2023-04-19 12:00:00-04:00,175.74,176.15,175.74,175.92,43544.0,175.916,135
2023-04-19 12:05:00-04:00,175.9,176.11,175.78,175.78,48630.0,175.93,172
2023-04-19 12:10:00-04:00,175.78,176.15,175.78,176.09,32064.0,175.892,93
2023-04-19 12:15:00-04:00,176.09,176.45,176.08,176.45,2794.0,176.296,25
2023-04-19 12:20:00-04:00,176.45,176.45,176.08,176.08,5510.0,176.217,47
2023-04-19 12:25:00-04:00,176.08,176.31,176.05,176.18,21111.0,176.119,57
2023-04-19 12:30:00-04:00,176.1,176.3,176.1,176.25,12097.0,176.146,45
2023-04-19 12:35:00-04:00,176.28,176.35,176.1,176.1,9056.0,176.255,42
2023-04-19 12:40:00-04:00,176.09,176.23,176.08,176.21,5314.0,176.131,44
2023-04-19 12:45:00-04:00,176.2,176.25,175.88,176.01,16921.0,176.06,76
2023-04-19 12:50:00-04:00,176.0,176.26,175.98,176.2,8983.0,176.068,57
2023-04-19 12:55:00-04:00,176.16,176.2,176.05,176.2,5174.0,176.11,23
2023-04-19 13:00:00-04:00,176.16,176.27,176.15,176.27,2200.0,176.201,18
2023-04-19 13:05:00-04:00,176.33,176.34,176.23,176.26,2847.0,176.281,26
2023-04-19 13:10:00-04:00,176.22,176.32,176.11,176.12,2624.0,176.191,24
2023-04-19 13:15:00-04:00,176.12,176.32,176.11,176.18,5164.0,176.217,43
2023-04-19 13:20:00-04:00,176.09,176.19,176.07,176.1,2810.0,176.131,26
2023-04-19 13:25:00-04:00,176.17,176.27,176.12,176.27,3119.0,176.182,21
2023-04-19 13:30:00-04:00,176.28,176.41,176.28,176.33,3571.0,176.345,19
2023-04-19 13:35:00-04:00,176.29,176.4,176.25,176.39,5780.0,176.291,37
2023-04-19 13:40:00-04:00,176.46,176.56,176.46,176.5,9572.0,176.503,18
2023-04-19 13:45:00-04:00,176.54,176.55,176.41,176.44,9337.0,176.496,28
2023-04-19 13:50:00-04:00,176.45,176.6,176.45,176.56,13021.0,176.517,83
2023-04-19 13:55:00-04:00,176.58,176.83,176.58,176.8,13460.0,176.678,27
2023-04-19 14:00:00-04:00,176.75,176.98,176.64,176.68,5023.0,176.806,42
2023-04-19 14:05:00-04:00,176.64,176.79,176.64,176.73,3588.0,176.717,26
2023-04-19 14:10:00-04:00,176.69,176.69,176.63,176.67,2554.0,176.655,20
2023-04-19 14:15:00-04:00,176.66,176.77,176.64,176.65,3688.0,176.683,33
2023-04-19 14:20:00-04:00,176.65,176.79,176.55,176.78,3200.0,176.628,27
2023-04-19 14:25:00-04:00,176.78,176.95,176.77,176.92,9413.0,176.812,23
2023-04-19 14:30:00-04:00,176.96,177.03,176.82,176.82,6670.0,176.928,41
2023-04-19 14:35:00-04:00,176.86,176.89,176.71,176.77,4611.0,176.806,37
2023-04-19 14:40:00-04:00,176.82,176.92,176.76,176.76,2825.0,176.842,27
2023-04-19 14:45:00-04:00,176.77,176.93,176.74,176.87,4148.0,176.802,35
2023-04-19 14:50:00-04:00,176.84,176.97,176.75,176.97,6132.0,176.849,34
2023-04-19 14:55:00-04:00,176.95,177.02,176.88,177.02,3447.0,176.937,31
2023-04-19 15:00:00-04:00,177.04,177.05,176.91,176.99,5591.0,177.011,29
2023-04-19 15:05:00-04:00,177.03,177.03,176.85,176.86,12928.0,176.918,49
2023-04-19 15:10:00-04:00,176.86,177.04,176.85,176.95,4782.0,176.93,42
2023-04-19 15:15:00-04:00,176.99,177.12,176.99,177.05,2741.0,177.07,24
2023-04-19 15:20:00-04:00,176.98,177.0,176.93,177.0,2073.0,176.972,18
2023-04-19 15:25:00-04:00,177.03,177.1,176.95,177.0,4123.0,177.013,36
2023-04-19 15:30:00-04:00,177.0,177.0,176.74,176.79,7218.0,176.913,66
2023-04-19 15:35:00-04:00,176.78,176.83,176.64,176.76,6464.0,176.73,60
2023-04-19 15:40:00-04:00,176.69,176.78,176.6,176.65,5765.0,176.679,53
2023-04-19 15:45:00-04:00,176.65,176.65,176.34,176.47,16763.0,176.463,145
2023-04-19 15:50:00-04:00,176.45,176.72,176.38,176.38,26754.0,176.564,196
2023-04-19 15:55:00-04:00,176.46,176.68,176.37,176.44,101366.0,176.499,494
2023-04-20 09:30:00-04:00,175.6,175.92,175.17,175.49,17319.0,175.622,68
2023-04-20 09:35:00-04:00,175.69,175.84,175.33,175.34,29469.0,175.464,106
2023-04-20 09:40:00-04:00,175.65,175.88,175.3,175.68,16781.0,175.546,70
2023-04-20 09:45:00-04:00,175.52,175.63,175.1,175.62,37256.0,175.284,76
2023-04-20 09:50:00-04:00,175.76,175.76,175.34,175.34,27033.0,175.447,107
2023-04-20 09:55:00-04:00,175.35,175.52,175.17,175.41,34785.0,175.35,109
2023-04-20 10:00:00-04:00,175.41,175.88,175.41,175.75,9676.0,175.614,77
2023-04-20 10:05:00-04:00,175.76,176.01,175.55,175.57,27595.0,175.719,90
2023-04-20 10:10:00-04:00,175.56,175.96,175.55,175.92,26429.0,175.774,111
2023-04-20 10:15:00-04:00,175.85,176.14,175.78,176.06,20658.0,175.976,98
2023-04-20 10:20:00-04:00,176.08,176.14,175.96,175.96,900.0,176.072,9
2023-04-20 10:25:00-04:00,175.93,176.07,175.73,175.95,6616.0,175.87,39
2023-04-20 10:30:00-04:00,175.97,176.28,175.96,176.12,4830.0,176.115,40
2023-04-20 10:35:00-04:00,176.15,176.25,175.9,175.9,13071.0,176.04,74
2023-04-20 10:40:00-04:00,176.04,176.35,175.92,176.07,40442.0,176.158,144
2023-04-20 10:45:00-04:00,176.17,176.18,175.83,176.17,11198.0,175.994,57
2023-04-20 10:50:00-04:00,176.19,176.37,176.15,176.25,4713.0,176.245,44
2023-04-20 10:55:00-04:00,176.33,176.48,176.19,176.47,7302.0,176.269,53
2023-04-20 11:00:00-04:00,176.52,176.82,176.39,176.39,51103.0,176.549,194
2023-04-20 11:05:00-04:00,176.46,176.52,175.84,176.02,89655.0,176.105,510
2023-04-20 11:10:00-04:00,176.22,176.67,176.01,176.03,15910.0,176.225,107
2023-04-20 11:15:00-04:00,176.01,176.23,175.76,176.19,47353.0,175.929,290
2023-04-20 11:20:00-04:00,176.21,176.21,175.83,175.96,8121.0,175.969,61
2023-04-20 11:25:00-04:00,176.01,176.14,175.92,176.06,2575.0,176.037,20
2023-04-20 11:30:00-04:00,176.05,176.28,175.9,176.06,6816.0,176.085,54
2023-04-20 11:35:00-04:00,176.11,176.29,176.06,176.21,2367.0,176.158,21
2023-04-20 11:40:00-04:00,176.1,176.26,176.06,176.25,4685.0,176.165,32
2023-04-20 11:45:00-04:00,176.32,176.41,176.26,176.35,4512.0,176.347,35
2023-04-20 11:50:00-04:00,176.43,176.54,176.42,176.5,4529.0,176.46,37
2023-04-20 11:55:00-04:00,176.5,176.77,176.5,176.77,5495.0,176.686,36
2023-04-20 12:00:00-04:00,176.77,176.97,176.62,176.62,14753.0,176.816,134
2023-04-20 12:05:00-04:00,176.62,176.62,176.44,176.44,6185.0,176.539,57
2023-04-20 12:10:00-04:00,176.43,176.88,176.43,176.75,10965.0,176.611,82
2023-04-20 12:15:00-04:00,176.71,176.71,176.17,176.32,49528.0,176.406,262
2023-04-20 12:20:00-04:00,176.49,176.72,176.33,176.69,8985.0,176.469,61
2023-04-20 12:25:00-04:00,176.66,176.78,176.48,176.52,7891.0,176.618,60
2023-04-20 12:30:00-04:00,176.54,176.6,176.25,176.27,11137.0,176.445,71
2023-04-20 12:35:00-04:00,176.34,176.46,176.04,176.44,6662.0,176.256,52
2023-04-20 12:40:00-04:00,176.45,176.55,176.39,176.52,4530.0,176.47,44
2023-04-20 12:45:00-04:00,176.55,176.55,176.34,176.35,8258.0,176.392,29
2023-04-20 12:50:00-04:00,176.3,176.46,176.29,176.39,2682.0,176.365,23
2023-04-20 12:55:00-04:00,176.39,176.49,176.35,176.49,2900.0,176.441,25
2023-04-20 13:00:00-04:00,176.51,176.7,176.4,176.7,3900.0,176.525,32
2023-04-20 13:05:00-04:00,176.66,176.67,176.52,176.53,1342.0,176.556,13
2023-04-20 13:10:00-04:00,176.58,176.67,176.53,176.66,7079.0,176.59,63
2023-04-20 13:15:00-04:00,176.6,176.61,176.48,176.52,2075.0,176.55,20
2023-04-20 13:20:00-04:00,176.52,176.52,176.4,176.5,4069.0,176.468,38
2023-04-20 13:25:00-04:00,176.54,176.56,176.45,176.45,2580.0,176.529,22
2023-04-20 13:30:00-04:00,176.47,176.5,176.34,176.42,7899.0,176.391,41
2023-04-20 13:35:00-04:00,176.47,176.48,176.39,176.46,2466.0,176.436,19
2023-04-20 13:40:00-04:00,176.44,176.55,176.39,176.54,5874.0,176.471,46
2023-04-20 13:45:00-04:00,176.63,176.64,176.49,176.56,3371.0,176.549,26
2023-04-20 13:50:00-04:00,176.5,176.71,176.5,176.7,3632.0,176.604,30
2023-04-20 13:55:00-04:00,176.75,176.75,176.55,176.61,2093.0,176.624,18
2023-04-20 14:00:00-04:00,176.64,176.67,176.45,176.47,4047.0,176.604,39
2023-04-20 14:05:00-04:00,176.49,176.54,176.24,176.49,10440.0,176.339,68
2023-04-20 14:10:00-04:00,176.5,176.64,176.5,176.61,2825.0,176.572,24
2023-04-20 14:15:00-04:00,176.51,176.62,176.51,176.59,3126.0,176.559,26
2023-04-20 14:20:00-04:00,176.62,176.72,176.35,176.41,16190.0,176.523,117
2023-04-20 14:25:00-04:00,176.48,176.66,176.34,176.53,19307.0,176.465,137
2023-04-20 14:30:00-04:00,176.45,176.46,176.26,176.27,5899.0,176.336,52
2023-04-20 14:35:00-04:00,176.27,176.27,175.83,175.91,24902.0,175.943,83
2023-04-20 14:40:00-04:00,175.95,176.04,175.88,176.02,4665.0,175.959,38
2023-04-20 14:45:00-04:00,175.96,176.09,175.88,176.02,4405.0,175.966,36
2023-04-20 14:50:00-04:00,176.05,176.12,175.83,175.83,50890.0,175.901,177
2023-04-20 14:55:00-04:00,175.84,176.04,175.8,175.89,14895.0,175.906,89
2023-04-20 15:00:00-04:00,175.87,175.99,175.73,175.75,54108.0,175.811,103
2023-04-20 15:05:00-04:00,175.77,175.97,175.73,175.85,12117.0,175.855,103
2023-04-20 15:10:00-04:00,175.81,175.82,175.58,175.65,101933.0,175.704,185
2023-04-20 15:15:00-04:00,175.62,175.95,175.59,175.73,51334.0,175.805,271
2023-04-20 15:20:00-04:00,175.76,176.12,175.65,176.12,29935.0,175.88,95
2023-04-20 15:25:00-04:00,176.13,176.19,175.88,176.0,9396.0,176.014,73
2023-04-20 15:30:00-04:00,176.03,176.18,176.02,176.09,12940.0,176.101,109
2023-04-20 15:35:00-04:00,176.09,176.18,175.93,176.06,18497.0,176.077,110
2023-04-20 15:40:00-04:00,176.09,176.11,175.86,175.98,51206.0,175.978,255
2023-04-20 15:45:00-04:00,175.97,176.42,175.96,176.42,20815.0,176.145,185
2023-04-20 15:50:00-04:00,176.38,176.51,175.98,176.45,122848.0,176.213,663
2023-04-20 15:55:00-04:00,176.44,176.76,175.81,176.46,272544.0,176.246,1495
2023-04-21 09:30:00-04:00,176.46,177.04,175.96,176.19,32398.0,176.465,14
2023-04-21 09:35:00-04:00,175.9,176.14,175.5,175.81,13335.0,175.841,54
2023-04-21 09:40:00-04:00,175.79,176.4,175.79,176.11,5937.0,176.209,43
2023-04-21 09:45:00-04:00,176.16,176.56,176.15,176.53,2103.0,176.408,20
2023-04-21 09:50:00-04:00,176.42,176.52,176.19,176.24,5842.0,176.385,42
2023-04-21 09:55:00-04:00,176.2,176.2,175.89,176.12,6204.0,175.989,31
2023-04-21 10:00:00-04:00,176.09,176.25,175.91,176.25,4964.0,176.036,32
2023-04-21 10:05:00-04:00,176.13,176.17,175.8,175.84,6987.0,175.934,51
2023-04-21 10:10:00-04:00,175.89,176.14,175.65,176.0,16992.0,175.868,80
2023-04-21 10:15:00-04:00,175.87,176.2,175.68,176.02,9778.0,175.907,55
2023-04-21 10:20:00-04:00,176.22,176.26,176.11,176.25,4283.0,176.203,37
2023-04-21 10:25:00-04:00,176.22,176.31,175.89,175.93,12692.0,176.0,45
2023-04-21 10:30:00-04:00,175.93,176.17,175.89,176.05,3822.0,176.042,34
2023-04-21 10:35:00-04:00,176.07,176.08,175.77,175.78,62227.0,175.87,194
2023-04-21 10:40:00-04:00,175.82,175.91,175.5,175.56,184224.0,175.686,402
2023-04-21 10:45:00-04:00,175.56,176.03,175.5,176.03,57259.0,175.646,253
2023-04-21 10:50:00-04:00,176.07,176.07,175.8,175.83,29548.0,175.882,96
2023-04-21 10:55:00-04:00,175.89,176.02,175.79,176.02,29471.0,175.842,105
2023-04-21 11:00:00-04:00,175.97,176.59,175.95,176.44,25019.0,176.411,51
2023-04-21 11:05:00-04:00,176.46,176.48,176.0,176.06,47673.0,176.215,136
2023-04-21 11:10:00-04:00,176.11,176.2,175.97,176.18,8240.0,176.053,43
2023-04-21 11:15:00-04:00,176.13,176.36,175.96,176.23,19751.0,176.035,91
2023-04-21 11:20:00-04:00,176.16,176.23,176.0,176.08,22525.0,176.087,113
2023-04-21 11:25:00-04:00,176.1,176.15,175.97,176.09,6189.0,176.023,41
2023-04-21 11:30:00-04:00,176.11,176.32,176.04,176.31,4410.0,176.175,42
2023-04-21 11:35:00-04:00,176.27,176.29,176.08,176.29,2778.0,176.212,26
2023-04-21 11:40:00-04:00,176.19,176.53,176.19,176.49,3936.0,176.413,33
2023-04-21 11:45:00-04:00,176.49,176.49,176.19,176.19,2971.0,176.403,27
2023-04-21 11:50:00-04:00,176.25,176.42,176.21,176.42,1709.0,176.294,17
2023-04-21 11:55:00-04:00,176.53,176.99,176.41,176.45,31547.0,176.711,176
2023-04-21 12:00:00-04:00,176.53,176.71,176.45,176.6,11165.0,176.494,28
2023-04-21 12:05:00-04:00,176.67,176.73,176.62,176.68,1984.0,176.664,16
2023-04-21 12:10:00-04:00,176.64,176.88,176.36,176.49,23890.0,176.533,141
2023-04-21 12:15:00-04:00,176.63,176.79,176.44,176.74,11941.0,176.549,71
2023-04-21 12:20:00-04:00,176.72,176.72,176.35,176.68,6942.0,176.586,60
2023-04-21 12:25:00-04:00,176.68,176.87,176.58,176.65,1586.0,176.674,14
2023-04-21 12:30:00-04:00,176.56,176.56,176.4,176.49,3047.0,176.495,28
2023-04-21 12:35:00-04:00,176.51,176.55,176.36,176.46,3000.0,176.445,30
2023-04-21 12:40:00-04:00,176.39,176.46,176.12,176.12,14839.0,176.249,101
2023-04-21 12:45:00-04:00,176.12,176.39,176.12,176.32,6423.0,176.271,44
2023-04-21 12:50:00-04:00,176.26,176.41,176.23,176.41,2156.0,176.324,21
2023-04-21 12:55:00-04:00,176.39,176.6,176.35,176.6,1726.0,176.499,16
2023-04-21 13:00:00-04:00,176.52,176.62,176.44,176.46,4938.0,176.571,44
2023-04-21 13:05:00-04:00,176.5,176.69,176.5,176.69,2387.0,176.635,23
2023-04-21 13:10:00-04:00,176.71,176.76,176.61,176.61,5735.0,176.675,27
2023-04-21 13:15:00-04:00,176.65,176.65,176.48,176.48,2029.0,176.553,20
2023-04-21 13:20:00-04:00,176.45,176.6,176.45,176.56,661.0,176.53,6
2023-04-21 13:25:00-04:00,176.53,176.54,176.39,176.47,6397.0,176.452,56
2023-04-21 13:30:00-04:00,176.52,176.57,176.47,176.47,3637.0,176.517,33
2023-04-21 13:35:00-04:00,176.5,176.56,176.44,176.51,5775.0,176.515,53
2023-04-21 13:40:00-04:00,176.55,176.67,176.53,176.66,8417.0,176.588,77
2023-04-21 13:45:00-04:00,176.63,176.73,176.57,176.66,5666.0,176.648,50
2023-04-21 13:50:00-04:00,176.65,176.69,176.56,176.57,2626.0,176.649,23
2023-04-21 13:55:00-04:00,176.57,176.6,176.38,176.59,7433.0,176.526,66
2023-04-21 14:00:00-04:00,176.58,176.89,176.58,176.85,3703.0,176.756,29
2023-04-21 14:05:00-04:00,176.85,177.02,176.79,176.97,2976.0,176.922,28
2023-04-21 14:10:00-04:00,177.02,177.16,176.97,177.09,2835.0,177.077,28
2023-04-21 14:15:00-04:00,177.16,177.31,177.06,177.06,6077.0,177.169,57
2023-04-21 14:20:00-04:00,177.17,177.37,177.12,177.34,7098.0,177.269,70
2023-04-21 14:25:00-04:00,177.31,177.33,177.01,177.09,10489.0,177.195,102
2023-04-21 14:30:00-04:00,177.02,177.11,176.84,176.93,4524.0,176.974,41
2023-04-21 14:35:00-04:00,176.93,177.05,176.87,177.05,1925.0,176.952,19
2023-04-21 14:40:00-04:00,177.06,177.14,177.0,177.07,3358.0,177.065,29
2023-04-21 14:45:00-04:00,177.09,177.13,177.0,177.13,4662.0,177.067,39
2023-04-21 14:50:00-04:00,177.09,177.23,177.07,177.23,3835.0,177.155,33
2023-04-21 14:55:00-04:00,177.16,177.33,177.13,177.33,4737.0,177.198,41
2023-04-21 15:00:00-04:00,177.28,177.32,177.17,177.24,4808.0,177.242,46
2023-04-21 15:05:00-04:00,177.21,177.21,176.96,177.18,6094.0,177.084,48
2023-04-21 15:10:00-04:00,177.24,177.29,177.14,177.14,4569.0,177.185,44
2023-04-21 15:15:00-04:00,177.15,177.15,177.01,177.09,6838.0,177.081,65
2023-04-21 15:20:00-04:00,177.1,177.22,177.1,177.2,5503.0,177.147,53
2023-04-21 15:25:00-04:00,177.21,177.29,177.1,177.29,8528.0,177.18,65
2023-04-21 15:30:00-04:00,177.31,177.34,177.17,177.24,8856.0,177.252,80
2023-04-21 15:35:00-04:00,177.21,177.33,177.15,177.16,12138.0,177.245,113
2023-04-21 15:40:00-04:00,177.14,177.33,177.12,177.2,11088.0,177.223,99
2023-04-21 15:45:00-04:00,177.18,177.56,177.15,177.33,19870.0,177.386,178
2023-04-21 15:50:00-04:00,177.67,177.75,177.11,177.34,55285.0,177.336,484
2023-04-21 15:55:00-04:00,177.28,177.57,176.83,176.92,283045.0,177.165,1524
2023-04-24 09:30:00-04:00,178.53,178.53,177.0,177.56,94025.0,177.711,127
2023-04-24 09:35:00-04:00,177.62,177.8,176.94,177.45,4918.0,177.449,37
2023-04-24 09:40:00-04:00,177.75,177.82,177.06,177.5,2090.0,177.381,17
2023-04-24 09:45:00-04:00,177.59,177.97,177.58,177.95,1297.0,177.819,11
2023-04-24 09:50:00-04:00,177.71,177.96,177.66,177.96,1481.0,177.783,13
2023-04-24 09:55:00-04:00,177.87,178.12,177.81,177.92,2709.0,177.958,23
2023-04-24 10:00:00-04:00,178.19,178.54,178.02,178.25,31594.0,178.216,102
2023-04-24 10:05:00-04:00,178.19,178.28,178.18,178.28,296.0,178.217,2
2023-04-24 10:10:00-04:00,178.38,178.66,178.36,178.63,3985.0,178.483,31
2023-04-24 10:15:00-04:00,178.49,178.51,178.39,178.47,827.0,178.457,8
2023-04-24 10:20:00-04:00,178.39,178.67,178.39,178.67,2305.0,178.51,15
2023-04-24 10:25:00-04:00,178.62,178.72,178.5,178.72,1510.0,178.625,15
2023-04-24 10:30:00-04:00,178.79,178.93,178.79,178.92,2920.0,178.814,25
2023-04-24 10:35:00-04:00,178.75,178.77,178.39,178.39,2152.0,178.649,21
2023-04-24 10:40:00-04:00,178.46,178.48,177.93,178.12,2227.0,178.248,15
2023-04-24 10:45:00-04:00,177.89,178.03,177.89,178.01,1257.0,177.971,12
2023-04-24 10:50:00-04:00,177.97,177.97,177.72,177.81,2598.0,177.826,22
2023-04-24 10:55:00-04:00,177.72,177.72,177.61,177.62,1371.0,177.664,8
2023-04-24 11:00:00-04:00,177.53,177.66,177.53,177.53,2892.0,177.601,27
2023-04-24 11:05:00-04:00,177.53,177.55,177.48,177.55,1016.0,177.521,8
2023-04-24 11:10:00-04:00,177.61,177.61,177.45,177.53,1935.0,177.492,18
2023-04-24 11:15:00-04:00,177.43,177.6,177.3,177.47,7177.0,177.451,57
2023-04-24 11:20:00-04:00,177.56,177.6,177.51,177.55,2019.0,177.557,18
2023-04-24 11:25:00-04:00,177.64,177.73,177.64,177.66,1319.0,177.673,11
2023-04-24 11:30:00-04:00,177.7,178.01,177.7,177.96,2012.0,177.795,18
2023-04-24 11:35:00-04:00,178.02,178.02,177.88,177.88,569.0,177.941,5
2023-04-24 11:40:00-04:00,177.99,177.99,177.68,177.78,3404.0,177.785,33
2023-04-24 11:45:00-04:00,177.79,177.89,177.79,177.89,400.0,177.851,4
2023-04-24 11:50:00-04:00,177.97,178.08,176.87,177.07,16795.0,177.529,133
2023-04-24 11:55:00-04:00,177.02,177.02,176.41,176.91,45759.0,176.577,228
2023-04-24 12:00:00-04:00,176.75,177.69,176.74,177.43,14629.0,177.326,93
2023-04-24 12:05:00-04:00,177.34,177.47,177.18,177.34,3503.0,177.346,35
2023-04-24 12:10:00-04:00,177.23,177.23,176.69,176.77,13737.0,176.86,75
2023-04-24 12:15:00-04:00,176.77,177.18,176.52,176.82,17797.0,176.904,135
2023-04-24 12:20:00-04:00,176.94,177.21,176.94,177.15,6646.0,177.048,64
2023-04-24 12:25:00-04:00,177.22,177.22,177.04,177.06,5301.0,177.096,43
2023-04-24 12:30:00-04:00,177.06,177.25,177.04,177.04,4961.0,177.125,20
2023-04-24 12:35:00-04:00,177.06,177.16,177.0,177.09,3548.0,177.045,13
2023-04-24 12:40:00-04:00,177.15,177.55,177.15,177.25,3418.0,177.309,32
2023-04-24 12:45:00-04:00,177.28,177.5,177.27,177.45,1225.0,177.39,11
2023-04-24 12:50:00-04:00,177.56,177.75,177.54,177.66,7860.0,177.606,71
2023-04-24 12:55:00-04:00,177.64,177.67,177.53,177.62,2260.0,177.59,19
2023-04-24 13:00:00-04:00,177.73,177.77,177.5,177.61,3467.0,177.602,34
2023-04-24 13:05:00-04:00,177.52,177.56,177.42,177.55,2020.0,177.503,18
2023-04-24 13:10:00-04:00,177.55,177.88,177.5,177.88,4679.0,177.603,43
2023-04-24 13:15:00-04:00,177.88,178.02,177.81,177.9,4171.0,177.87,37
2023-04-24 13:20:00-04:00,177.77,177.87,177.75,177.87,3404.0,177.815,31
2023-04-24 13:25:00-04:00,177.9,177.96,177.85,177.89,2012.0,177.882,15
2023-04-24 13:30:00-04:00,177.95,177.95,177.55,177.55,4077.0,177.794,33
2023-04-24 13:35:00-04:00,177.61,177.68,177.54,177.68,1609.0,177.637,15
2023-04-24 13:40:00-04:00,177.69,177.9,177.69,177.9,5062.0,177.763,42
2023-04-24 13:45:00-04:00,177.94,177.94,177.83,177.88,1902.0,177.879,19
2023-04-24 13:50:00-04:00,177.94,177.94,177.77,177.88,3968.0,177.866,37
2023-04-24 13:55:00-04:00,177.89,177.89,177.64,177.64,3422.0,177.763,32
2023-04-24 14:00:00-04:00,177.69,177.8,177.57,177.61,4141.0,177.698,37
2023-04-24 14:05:00-04:00,177.61,177.61,177.18,177.28,4962.0,177.368,46
2023-04-24 14:10:00-04:00,177.22,177.34,177.1,177.2,4492.0,177.23,41
2023-04-24 14:15:00-04:00,177.14,177.48,177.08,177.31,6610.0,177.306,61
2023-04-24 14:20:00-04:00,177.39,177.48,177.23,177.48,6014.0,177.334,50
2023-04-24 14:25:00-04:00,177.37,177.45,177.19,177.31,5346.0,177.342,50
2023-04-24 14:30:00-04:00,177.33,177.55,177.27,177.36,4288.0,177.417,39
2023-04-24 14:35:00-04:00,177.37,177.45,177.3,177.3,2782.0,177.378,25
2023-04-24 14:40:00-04:00,177.27,177.48,177.23,177.31,3809.0,177.327,36
2023-04-24 14:45:00-04:00,177.39,177.47,177.24,177.47,4748.0,177.35,45
2023-04-24 14:50:00-04:00,177.47,177.52,177.31,177.41,5103.0,177.417,50
2023-04-24 14:55:00-04:00,177.46,177.52,177.46,177.47,1700.0,177.485,17
2023-04-24 15:00:00-04:00,177.46,177.58,177.46,177.51,2941.0,177.529,26
2023-04-24 15:05:00-04:00,177.53,177.54,177.37,177.5,5367.0,177.457,47
2023-04-24 15:10:00-04:00,177.54,177.73,177.51,177.73,7046.0,177.596,66
2023-04-24 15:15:00-04:00,177.68,177.68,177.41,177.5,5474.0,177.508,50
2023-04-24 15:20:00-04:00,177.53,177.56,177.41,177.43,4735.0,177.47,44
2023-04-24 15:25:00-04:00,177.42,177.42,177.15,177.16,8044.0,177.272,69
2023-04-24 15:30:00-04:00,177.11,177.31,177.11,177.17,8754.0,177.224,81
2023-04-24 15:35:00-04:00,177.16,177.25,177.05,177.25,8742.0,177.15,80
2023-04-24 15:40:00-04:00,177.28,177.4,177.13,177.33,10221.0,177.279,98
2023-04-24 15:45:00-04:00,177.34,177.6,177.25,177.57,16296.0,177.41,147
2023-04-24 15:50:00-04:00,177.6,177.84,177.47,177.84,39545.0,177.643,343
2023-04-24 15:55:00-04:00,177.79,177.8,177.56,177.7,63556.0,177.697,467
2023-04-25 09:30:00-04:00,178.72,179.36,178.18,179.0,23192.0,178.788,29
2023-04-25 09:35:00-04:00,179.0,180.0,178.99,179.46,26235.0,179.644,218
2023-04-25 09:40:00-04:00,179.36,179.71,179.01,179.69,5598.0,179.438,48
2023-04-25 09:45:00-04:00,179.61,179.87,179.51,179.81,9900.0,179.677,85
2023-04-25 09:50:00-04:00,179.74,180.2,179.37,180.16,10844.0,179.737,90
2023-04-25 09:55:00-04:00,180.16,180.27,179.72,180.08,15695.0,179.949,130
2023-04-25 10:00:00-04:00,179.99,180.61,179.83,180.55,7339.0,180.227,58
2023-04-25 10:05:00-04:00,180.59,180.87,180.5,180.55,13776.0,180.65,103
2023-04-25 10:10:00-04:00,180.5,180.58,180.2,180.23,17459.0,180.391,103
2023-04-25 10:15:00-04:00,180.2,180.6,180.12,180.54,24005.0,180.338,206
2023-04-25 10:20:00-04:00,180.53,180.94,180.47,180.93,15855.0,180.784,151
2023-04-25 10:25:00-04:00,180.93,181.27,180.93,181.12,16312.0,181.129,135
2023-04-25 10:30:00-04:00,181.11,181.11,180.47,180.59,20679.0,180.842,164
2023-04-25 10:35:00-04:00,180.59,180.6,180.35,180.49,12002.0,180.469,103
2023-04-25 10:40:00-04:00,180.5,180.95,180.48,180.8,7224.0,180.632,41
2023-04-25 10:45:00-04:00,180.68,181.14,180.53,181.12,5471.0,180.782,51
2023-04-25 10:50:00-04:00,181.16,181.43,180.95,181.01,14805.0,181.213,115
2023-04-25 10:55:00-04:00,181.01,181.63,181.0,181.63,4927.0,181.247,46
2023-04-25 11:00:00-04:00,181.5,181.54,181.28,181.32,3251.0,181.392,27
2023-04-25 11:05:00-04:00,181.3,181.42,180.96,180.96,4482.0,181.298,37
2023-04-25 11:10:00-04:00,180.93,181.07,180.93,180.95,1000.0,181.005,10
2023-04-25 11:15:00-04:00,180.93,180.93,180.76,180.86,4576.0,180.844,42
2023-04-25 11:20:00-04:00,180.96,181.01,180.59,180.7,3766.0,180.796,35
2023-04-25 11:25:00-04:00,180.79,180.85,180.66,180.66,1710.0,180.773,17
2023-04-25 11:30:00-04:00,180.62,180.63,180.48,180.61,2267.0,180.544,20
2023-04-25 11:35:00-04:00,180.59,180.6,180.5,180.56,4935.0,180.536,45
2023-04-25 11:40:00-04:00,180.5,180.66,180.33,180.63,6212.0,180.53,61
2023-04-25 11:45:00-04:00,180.57,180.57,180.35,180.43,4453.0,180.468,42
2023-04-25 11:50:00-04:00,180.49,180.5,180.09,180.09,3318.0,180.351,32
2023-04-25 11:55:00-04:00,180.08,180.14,179.92,179.96,4870.0,180.052,42
2023-04-25 12:00:00-04:00,180.04,180.17,179.91,179.92,7135.0,180.035,66
2023-04-25 12:05:00-04:00,179.9,180.09,179.9,179.99,4643.0,179.987,44
2023-04-25 12:10:00-04:00,179.98,179.98,179.71,179.72,2768.0,179.816,23
2023-04-25 12:15:00-04:00,179.72,180.02,179.71,180.0,6513.0,179.953,57
2023-04-25 12:20:00-04:00,179.98,180.12,179.98,180.03,8039.0,180.061,73
2023-04-25 12:25:00-04:00,180.03,180.06,179.98,180.0,2500.0,180.007,24
2023-04-25 12:30:00-04:00,179.99,180.07,179.92,179.94,3669.0,179.991,30
2023-04-25 12:35:00-04:00,180.0,180.05,179.92,180.0,7604.0,180.01,46
2023-04-25 12:40:00-04:00,180.1,180.29,180.1,180.11,2177.0,180.199,19
2023-04-25 12:45:00-04:00,180.03,180.05,179.77,179.86,6310.0,179.985,27
2023-04-25 12:50:00-04:00,179.79,179.99,179.72,179.88,16777.0,179.865,141
2023-04-25 12:55:00-04:00,179.8,180.03,179.75,180.03,7806.0,179.876,68
2023-04-25 13:00:00-04:00,179.93,180.05,179.81,180.02,2699.0,179.964,26
2023-04-25 13:05:00-04:00,180.02,180.02,179.84,179.86,2180.0,179.942,17
2023-04-25 13:10:00-04:00,179.9,179.9,179.45,179.45,1500.0,179.631,15
2023-04-25 13:15:00-04:00,179.35,179.42,178.74,178.93,9613.0,178.955,65
2023-04-25 13:20:00-04:00,178.92,179.07,178.74,179.01,14734.0,178.959,137
2023-04-25 13:25:00-04:00,178.86,179.02,178.81,179.02,4068.0,178.929,37
2023-04-25 13:30:00-04:00,179.03,179.25,178.87,179.08,7308.0,179.036,67
2023-04-25 13:35:00-04:00,179.21,179.34,179.21,179.28,5250.0,179.293,31
2023-04-25 13:40:00-04:00,179.28,179.51,179.28,179.5,2445.0,179.427,23
2023-04-25 13:45:00-04:00,179.52,179.61,179.4,179.61,9565.0,179.475,93
2023-04-25 13:50:00-04:00,179.56,179.61,179.47,179.47,5200.0,179.544,50
2023-04-25 13:55:00-04:00,179.48,179.68,179.47,179.64,3990.0,179.609,36
2023-04-25 14:00:00-04:00,179.69,179.69,179.4,179.4,8259.0,179.555,75
2023-04-25 14:05:00-04:00,179.43,179.62,179.28,179.28,7993.0,179.507,78
2023-04-25 14:10:00-04:00,179.33,179.41,179.14,179.18,3521.0,179.257,30
2023-04-25 14:15:00-04:00,179.25,179.4,179.01,179.15,2294.0,179.221,19
2023-04-25 14:20:00-04:00,179.19,179.29,179.08,179.08,2604.0,179.173,21
2023-04-25 14:25:00-04:00,179.14,179.18,178.99,178.99,1543.0,179.099,14
2023-04-25 14:30:00-04:00,179.08,179.19,178.92,178.92,2027.0,179.065,18
2023-04-25 14:35:00-04:00,179.02,179.27,179.01,179.22,3626.0,179.11,34
2023-04-25 14:40:00-04:00,179.24,179.36,179.21,179.23,14156.0,179.287,132
2023-04-25 14:45:00-04:00,179.25,179.25,178.9,179.18,3980.0,179.072,31
2023-04-25 14:50:00-04:00,179.17,179.22,178.84,178.84,2208.0,179.067,18
2023-04-25 14:55:00-04:00,178.84,178.9,178.78,178.84,2278.0,178.83,22
2023-04-25 15:00:00-04:00,178.86,179.06,178.85,178.94,3997.0,178.962,37
2023-04-25 15:05:00-04:00,178.94,179.11,178.94,178.97,4884.0,179.028,44
2023-04-25 15:10:00-04:00,178.99,179.22,178.96,179.17,3059.0,179.084,29
2023-04-25 15:15:00-04:00,179.18,179.24,179.07,179.2,4338.0,179.165,41
2023-04-25 15:20:00-04:00,179.25,179.39,179.09,179.09,3832.0,179.3,31
2023-04-25 15:25:00-04:00,179.09,179.09,178.92,178.98,3425.0,179.024,31
2023-04-25 15:30:00-04:00,178.97,179.02,178.76,178.85,6417.0,178.914,58
2023-04-25 15:35:00-04:00,178.78,178.95,178.73,178.9,11770.0,178.82,111
2023-04-25 15:40:00-04:00,178.9,179.0,178.78,178.88,8711.0,178.858,83
2023-04-25 15:45:00-04:00,178.86,178.96,178.77,178.77,7948.0,178.85,76
2023-04-25 15:50:00-04:00,178.71,179.03,178.68,178.84,15398.0,178.874,144
2023-04-25 15:55:00-04:00,178.82,178.91,178.67,178.88,52190.0,178.81,396
2023-04-26 09:30:00-04:00,176.9,177.63,176.69,177.63,14623.0,176.95,14
2023-04-26 09:35:00-04:00,177.53,177.6,177.3,177.48,2590.0,177.482,23
2023-04-26 09:40:00-04:00,177.47,177.73,177.12,177.56,23276.0,177.455,118
2023-04-26 09:45:00-04:00,177.56,178.08,177.44,177.56,65820.0,177.68,234
2023-04-26 09:50:00-04:00,177.51,179.02,177.51,179.01,22061.0,178.44,201
2023-04-26 09:55:00-04:00,178.93,179.56,178.64,179.51,51354.0,179.101,416
2023-04-26 10:00:00-04:00,179.39,179.43,178.91,179.09,43667.0,179.067,377
2023-04-26 10:05:00-04:00,179.15,179.35,178.9,179.17,52249.0,179.022,415
2023-04-26 10:10:00-04:00,179.16,179.24,178.82,178.82,24089.0,179.015,220
2023-04-26 10:15:00-04:00,178.75,178.95,178.23,178.39,18162.0,178.565,161
2023-04-26 10:20:00-04:00,178.39,178.9,178.2,178.21,23583.0,178.572,190
2023-04-26 10:25:00-04:00,178.18,178.71,178.16,178.51,13520.0,178.418,120
2023-04-26 10:30:00-04:00,178.57,178.87,178.49,178.57,25175.0,178.661,235
2023-04-26 10:35:00-04:00,178.55,179.0,178.42,178.8,21343.0,178.802,143
2023-04-26 10:40:00-04:00,178.8,179.29,178.65,179.28,14997.0,178.892,137
2023-04-26 10:45:00-04:00,179.3,179.74,179.05,179.4,32623.0,179.41,221
2023-04-26 10:50:00-04:00,179.4,179.48,179.08,179.15,9415.0,179.317,82
2023-04-26 10:55:00-04:00,179.11,179.53,179.08,179.52,25699.0,179.268,154
2023-04-26 11:00:00-04:00,179.48,179.68,179.45,179.53,8147.0,179.547,74
2023-04-26 11:05:00-04:00,179.53,179.82,179.52,179.82,10512.0,179.652,102
2023-04-26 11:10:00-04:00,179.84,179.9,179.55,179.74,10227.0,179.712,86
2023-04-26 11:15:00-04:00,179.75,179.96,179.67,179.72,13083.0,179.785,92
2023-04-26 11:20:00-04:00,179.72,179.72,179.21,179.55,41969.0,179.516,133
2023-04-26 11:25:00-04:00,179.52,179.88,179.42,179.86,34294.0,179.604,188
2023-04-26 11:30:00-04:00,179.83,179.86,179.56,179.62,15133.0,179.755,143
2023-04-26 11:35:00-04:00,179.59,179.59,179.16,179.21,12651.0,179.345,104
2023-04-26 11:40:00-04:00,179.21,179.48,179.1,179.44,17976.0,179.245,146
2023-04-26 11:45:00-04:00,179.41,179.46,179.27,179.38,7552.0,179.366,68
2023-04-26 11:50:00-04:00,179.4,179.43,179.26,179.4,11372.0,179.349,98
2023-04-26 11:55:00-04:00,179.4,179.56,179.36,179.53,50902.0,179.482,162
2023-04-26 12:00:00-04:00,179.53,179.83,179.52,179.83,10792.0,179.689,99
2023-04-26 12:05:00-04:00,179.86,180.18,179.84,180.09,18365.0,180.022,128
2023-04-26 12:10:00-04:00,180.12,180.88,180.08,180.76,37727.0,180.535,228
2023-04-26 12:15:00-04:00,180.73,180.87,180.25,180.34,34273.0,180.589,268
2023-04-26 12:20:00-04:00,180.32,180.38,180.18,180.38,11940.0,180.269,111
2023-04-26 12:25:00-04:00,180.34,180.34,179.83,180.15,16024.0,180.089,131
2023-04-26 12:30:00-04:00,180.15,180.21,179.79,179.83,6815.0,179.942,66
2023-04-26 12:35:00-04:00,179.81,180.14,179.69,180.09,4451.0,179.932,40
2023-04-26 12:40:00-04:00,180.09,180.32,180.05,180.32,12856.0,180.162,109
2023-04-26 12:45:00-04:00,180.32,180.45,180.09,180.31,8368.0,180.282,77
2023-04-26 12:50:00-04:00,180.31,180.32,180.14,180.28,7487.0,180.247,66
2023-04-26 12:55:00-04:00,180.31,180.42,180.26,180.38,5835.0,180.356,53
2023-04-26 13:00:00-04:00,180.38,180.63,180.33,180.48,11498.0,180.44,109
2023-04-26 13:05:00-04:00,180.48,180.48,180.16,180.24,5776.0,180.275,56
2023-04-26 13:10:00-04:00,180.19,180.19,179.94,179.98,10939.0,180.022,53
2023-04-26 13:15:00-04:00,179.91,179.92,179.52,179.52,6421.0,179.747,57
2023-04-26 13:20:00-04:00,179.53,179.53,179.31,179.39,4430.0,179.361,38
2023-04-26 13:25:00-04:00,179.37,179.41,179.15,179.41,10450.0,179.262,89
2023-04-26 13:30:00-04:00,179.4,179.4,179.18,179.22,6866.0,179.257,59
2023-04-26 13:35:00-04:00,179.22,179.37,179.11,179.11,4007.0,179.262,38
2023-04-26 13:40:00-04:00,179.06,179.34,179.06,179.25,7729.0,179.207,63
2023-04-26 13:45:00-04:00,179.24,179.25,178.94,178.94,4728.0,179.15,43
2023-04-26 13:50:00-04:00,178.94,178.98,178.73,178.73,11949.0,178.843,106
2023-04-26 13:55:00-04:00,178.69,178.74,178.52,178.74,8073.0,178.648,72
2023-04-26 14:00:00-04:00,178.74,178.8,178.59,178.59,12109.0,178.697,107
2023-04-26 14:05:00-04:00,178.56,178.59,178.43,178.55,13551.0,178.502,118
2023-04-26 14:10:00-04:00,178.51,178.69,178.43,178.67,9190.0,178.534,88
2023-04-26 14:15:00-04:00,178.64,178.66,178.45,178.47,10342.0,178.573,96
2023-04-26 14:20:00-04:00,178.47,178.8,178.42,178.76,9525.0,178.522,88
2023-04-26 14:25:00-04:00,178.8,179.09,178.76,179.09,12153.0,178.888,102
2023-04-26 14:30:00-04:00,179.09,179.28,178.96,178.96,15577.0,179.105,127
2023-04-26 14:35:00-04:00,178.96,179.1,178.87,179.05,11579.0,178.994,108
2023-04-26 14:40:00-04:00,179.04,179.04,178.47,178.47,6992.0,178.78,66
2023-04-26 14:45:00-04:00,178.45,178.49,178.3,178.38,12280.0,178.399,98
2023-04-26 14:50:00-04:00,178.34,178.56,178.31,178.45,5225.0,178.426,48
2023-04-26 14:55:00-04:00,178.4,178.52,178.33,178.51,16861.0,178.423,85
2023-04-26 15:00:00-04:00,178.46,178.73,178.45,178.5,8791.0,178.582,83
2023-04-26 15:05:00-04:00,178.57,178.69,178.51,178.69,9659.0,178.588,89
2023-04-26 15:10:00-04:00,178.67,178.94,178.64,178.72,11885.0,178.788,112
2023-04-26 15:15:00-04:00,178.71,178.72,178.42,178.43,12961.0,178.547,111
2023-04-26 15:20:00-04:00,178.34,178.38,178.02,178.07,10964.0,178.144,101
2023-04-26 15:25:00-04:00,178.03,178.32,178.01,178.25,12259.0,178.176,107
2023-04-26 15:30:00-04:00,178.26,178.28,177.86,177.9,16683.0,178.112,156
2023-04-26 15:35:00-04:00,177.85,177.99,177.72,177.88,17974.0,177.852,167
2023-04-26 15:40:00-04:00,177.9,177.92,177.55,177.64,27136.0,177.67,228
2023-04-26 15:45:00-04:00,177.67,177.75,177.42,177.58,37333.0,177.546,276
2023-04-26 15:50:00-04:00,177.55,177.7,177.33,177.63,59239.0,177.478,492
2023-04-26 15:55:00-04:00,177.63,178.01,177.62,177.66,101919.0,177.806,727
2023-04-27 09:30:00-04:00,179.5,179.97,178.86,179.62,13554.0,179.5,5
2023-04-27 09:35:00-04:00,179.81,180.15,179.37,179.99,3847.0,179.733,32
2023-04-27 09:40:00-04:00,179.84,179.85,179.0,179.21,10762.0,179.402,94
2023-04-27 09:45:00-04:00,179.4,179.85,179.19,179.82,7072.0,179.527,68
2023-04-27 09:50:00-04:00,180.01,180.32,179.92,180.06,25398.0,180.126,96
2023-04-27 09:55:00-04:00,180.19,180.77,179.83,180.77,26277.0,180.173,161
2023-04-27 10:00:00-04:00,181.2,181.25,180.57,180.87,29342.0,180.835,167
2023-04-27 10:05:00-04:00,180.87,181.27,180.4,181.03,21076.0,180.821,193
2023-04-27 10:10:00-04:00,181.02,181.84,181.0,181.81,7124.0,181.335,70
2023-04-27 10:15:00-04:00,181.87,182.16,181.64,182.08,28566.0,181.942,212
2023-04-27 10:20:00-04:00,182.07,182.53,182.0,182.53,17807.0,182.226,163
2023-04-27 10:25:00-04:00,182.65,182.65,182.14,182.5,14923.0,182.308,129
2023-04-27 10:30:00-04:00,182.59,182.7,182.41,182.56,13273.0,182.542,121
2023-04-27 10:35:00-04:00,182.65,182.86,182.53,182.53,10885.0,182.671,101
2023-04-27 10:40:00-04:00,182.59,182.6,182.36,182.58,6907.0,182.46,68
2023-04-27 10:45:00-04:00,182.7,183.19,182.48,183.02,9302.0,182.842,82
2023-04-27 10:50:00-04:00,183.14,183.14,182.77,182.94,6581.0,182.936,60
2023-04-27 10:55:00-04:00,182.87,182.93,182.61,182.65,13631.0,182.775,117
2023-04-27 11:00:00-04:00,182.67,182.77,182.43,182.49,8466.0,182.553,74
2023-04-27 11:05:00-04:00,182.51,182.57,182.32,182.38,14406.0,182.43,134
2023-04-27 11:10:00-04:00,182.37,182.6,182.32,182.6,21154.0,182.416,177
2023-04-27 11:15:00-04:00,182.62,182.68,182.49,182.63,16075.0,182.573,133
2023-04-27 11:20:00-04:00,182.67,182.95,182.37,182.95,7780.0,182.6,66
2023-04-27 11:25:00-04:00,182.95,183.3,182.72,183.28,10809.0,182.974,101
2023-04-27 11:30:00-04:00,183.3,183.75,183.07,183.08,12912.0,183.419,109
2023-04-27 11:35:00-04:00,183.08,183.08,182.79,182.88,4516.0,182.981,29
2023-04-27 11:40:00-04:00,182.91,183.45,182.9,183.37,7736.0,183.163,70
2023-04-27 11:45:00-04:00,183.57,183.62,183.35,183.43,4224.0,183.469,42
2023-04-27 11:50:00-04:00,183.44,183.83,183.43,183.63,6522.0,183.643,63
2023-04-27 11:55:00-04:00,183.72,184.05,183.72,184.0,4396.0,183.919,42
2023-04-27 12:00:00-04:00,184.0,184.31,184.0,184.17,6037.0,184.178,45
2023-04-27 12:05:00-04:00,184.18,184.36,184.1,184.11,36605.0,184.258,38
2023-04-27 12:10:00-04:00,184.12,184.14,183.73,183.86,6198.0,183.946,54
2023-04-27 12:15:00-04:00,183.88,184.04,183.77,183.84,3000.0,183.935,28
2023-04-27 12:20:00-04:00,183.85,184.06,183.85,183.89,3862.0,183.943,33
2023-04-27 12:25:00-04:00,184.11,184.12,183.84,183.91,2811.0,183.948,26
2023-04-27 12:30:00-04:00,183.84,183.87,183.76,183.81,1372.0,183.809,13
2023-04-27 12:35:00-04:00,183.74,183.97,183.73,183.78,4975.0,183.838,49
2023-04-27 12:40:00-04:00,183.84,183.88,183.64,183.7,1803.0,183.74,14
2023-04-27 12:45:00-04:00,183.74,183.91,183.68,183.68,4572.0,183.822,39
2023-04-27 12:50:00-04:00,183.71,183.95,183.71,183.83,2116.0,183.843,19
2023-04-27 12:55:00-04:00,183.78,183.98,183.67,183.67,7100.0,183.81,22
2023-04-27 13:00:00-04:00,183.8,183.92,183.64,183.66,1821.0,183.794,17
2023-04-27 13:05:00-04:00,183.6,183.73,183.51,183.7,3689.0,183.636,35
2023-04-27 13:10:00-04:00,183.73,183.88,183.67,183.85,5196.0,183.793,49
2023-04-27 13:15:00-04:00,183.84,184.03,183.83,183.88,2962.0,183.947,28
2023-04-27 13:20:00-04:00,183.88,184.0,183.85,183.97,2435.0,183.939,23
2023-04-27 13:25:00-04:00,183.94,184.01,183.76,183.8,4135.0,183.922,41
2023-04-27 13:30:00-04:00,183.86,184.0,183.86,183.98,6016.0,183.926,45
2023-04-27 13:35:00-04:00,183.97,184.06,183.84,184.06,6727.0,183.992,63
2023-04-27 13:40:00-04:00,184.06,184.17,184.0,184.09,4201.0,184.111,41
2023-04-27 13:45:00-04:00,184.13,184.6,184.03,184.45,15099.0,184.289,109
2023-04-27 13:50:00-04:00,184.58,184.83,184.51,184.72,4405.0,184.706,42
2023-04-27 13:55:00-04:00,184.75,184.85,184.71,184.78,5757.0,184.783,54
2023-04-27 14:00:00-04:00,184.75,184.8,184.53,184.8,7323.0,184.685,69
2023-04-27 14:05:00-04:00,184.81,184.81,184.71,184.76,3413.0,184.768,31
2023-04-27 14:10:00-04:00,184.76,184.88,184.64,184.7,4944.0,184.779,45
2023-04-27 14:15:00-04:00,184.73,185.0,184.73,184.96,18235.0,184.784,56
2023-04-27 14:20:00-04:00,184.93,184.97,184.82,184.89,8899.0,184.901,70
2023-04-27 14:25:00-04:00,184.84,184.87,184.55,184.77,7581.0,184.759,68
2023-04-27 14:30:00-04:00,184.75,184.96,184.59,184.87,5028.0,184.769,41
2023-04-27 14:35:00-04:00,184.83,185.05,184.68,184.86,8935.0,184.917,65
2023-04-27 14:40:00-04:00,184.85,184.92,184.73,184.82,8715.0,184.846,79
2023-04-27 14:45:00-04:00,184.79,184.86,184.66,184.69,12513.0,184.767,97
2023-04-27 14:50:00-04:00,184.7,184.98,184.68,184.94,9481.0,184.827,76
2023-04-27 14:55:00-04:00,184.94,185.47,184.93,185.47,6868.0,185.172,65
2023-04-27 15:00:00-04:00,185.48,185.48,185.21,185.3,6606.0,185.325,61
2023-04-27 15:05:00-04:00,185.27,185.29,185.02,185.05,7009.0,185.114,65
2023-04-27 15:10:00-04:00,185.04,185.13,184.96,185.09,7798.0,185.046,72
2023-04-27 15:15:00-04:00,185.14,185.6,185.12,185.6,11887.0,185.352,110
2023-04-27 15:20:00-04:00,185.59,185.63,185.22,185.36,11006.0,185.47,105
2023-04-27 15:25:00-04:00,185.34,185.34,184.96,185.02,5295.0,185.086,52
2023-04-27 15:30:00-04:00,185.0,185.11,184.9,185.01,10961.0,185.028,99
2023-04-27 15:35:00-04:00,185.02,185.22,184.98,185.17,13664.0,185.126,122
2023-04-27 15:40:00-04:00,185.14,185.39,185.09,185.31,13421.0,185.27,107
2023-04-27 15:45:00-04:00,185.34,185.62,185.21,185.61,28125.0,185.435,155
2023-04-27 15:50:00-04:00,185.57,185.64,185.41,185.51,31818.0,185.518,267
2023-04-27 15:55:00-04:00,185.48,185.57,185.12,185.51,120503.0,185.344,776
2023-04-28 09:30:00-04:00,185.9,187.13,185.9,187.13,14779.0,186.181,40
2023-04-28 09:35:00-04:00,186.9,187.29,186.7,187.02,12336.0,187.061,75
2023-04-28 09:40:00-04:00,187.05,187.16,186.35,186.78,7626.0,186.924,70
2023-04-28 09:45:00-04:00,186.65,186.97,186.53,186.53,7726.0,186.812,66
2023-04-28 09:50:00-04:00,186.47,186.65,186.42,186.54,5746.0,186.528,54
2023-04-28 09:55:00-04:00,186.47,186.63,185.72,185.78,9514.0,186.307,85
2023-04-28 10:00:00-04:00,185.69,185.85,185.45,185.77,11765.0,185.645,88
2023-04-28 10:05:00-04:00,185.69,185.97,185.61,185.8,8242.0,185.759,58
2023-04-28 10:10:00-04:00,185.79,186.22,185.46,185.47,9719.0,185.888,80
2023-04-28 10:15:00-04:00,185.55,185.74,185.02,185.02,20532.0,185.597,82
2023-04-28 10:20:00-04:00,185.14,185.63,184.72,184.82,9975.0,185.255,92
2023-04-28 10:25:00-04:00,184.87,185.1,184.48,184.63,17424.0,184.79,132
2023-04-28 10:30:00-04:00,184.71,185.26,184.71,185.26,5395.0,185.013,47
2023-04-28 10:35:00-04:00,185.24,185.67,184.84,185.56,17365.0,185.332,163
2023-04-28 10:40:00-04:00,185.47,185.67,185.32,185.36,15687.0,185.46,122
2023-04-28 10:45:00-04:00,185.42,185.5,185.27,185.38,8828.0,185.406,62
2023-04-28 10:50:00-04:00,185.4,185.86,185.25,185.84,19115.0,185.545,166
2023-04-28 10:55:00-04:00,185.83,185.83,185.27,185.53,32987.0,185.485,312
2023-04-28 11:00:00-04:00,185.56,185.56,185.08,185.51,15902.0,185.391,152
2023-04-28 11:05:00-04:00,185.51,186.17,185.44,186.14,6973.0,185.923,65
2023-04-28 11:10:00-04:00,186.16,186.2,185.74,185.76,4935.0,186.0,40
2023-04-28 11:15:00-04:00,185.92,185.97,185.69,185.77,10744.0,185.84,100
2023-04-28 11:20:00-04:00,185.7,185.7,185.48,185.56,7008.0,185.557,60
2023-04-28 11:25:00-04:00,185.5,185.84,185.5,185.63,7123.0,185.656,61
2023-04-28 11:30:00-04:00,185.71,186.22,185.71,186.03,2865.0,186.049,27
2023-04-28 11:35:00-04:00,186.12,186.14,185.98,185.99,2640.0,186.067,25
2023-04-28 11:40:00-04:00,185.93,186.08,185.89,186.01,3394.0,185.986,32
2023-04-28 11:45:00-04:00,185.92,186.2,185.77,186.2,5739.0,185.931,52
2023-04-28 11:50:00-04:00,186.08,186.09,185.87,186.01,2766.0,186.002,25
2023-04-28 11:55:00-04:00,186.01,186.12,185.9,185.9,3874.0,186.039,33
2023-04-28 12:00:00-04:00,186.04,186.04,185.72,185.75,1403.0,185.87,14
2023-04-28 12:05:00-04:00,185.75,185.93,185.73,185.73,4955.0,185.816,46
2023-04-28 12:10:00-04:00,185.83,185.96,185.77,185.83,7084.0,185.861,37
2023-04-28 12:15:00-04:00,185.83,185.98,185.71,185.92,4397.0,185.873,41
2023-04-28 12:20:00-04:00,185.79,186.07,185.69,185.96,2845.0,185.863,26
2023-04-28 12:25:00-04:00,185.8,185.94,185.78,185.9,1412.0,185.863,13
2023-04-28 12:30:00-04:00,185.95,186.0,185.86,185.95,3391.0,185.951,30
2023-04-28 12:35:00-04:00,185.97,185.97,185.86,185.95,1021.0,185.931,9
2023-04-28 12:40:00-04:00,185.89,186.21,185.89,186.13,3302.0,186.065,31
2023-04-28 12:45:00-04:00,186.1,186.11,185.92,186.03,1790.0,186.025,17
2023-04-28 12:50:00-04:00,186.0,186.21,185.99,186.2,2963.0,186.08,28
2023-04-28 12:55:00-04:00,186.2,186.42,186.18,186.28,9832.0,186.27,92
2023-04-28 13:00:00-04:00,186.31,186.31,186.07,186.21,4002.0,186.161,37
2023-04-28 13:05:00-04:00,186.17,186.25,186.0,186.0,1800.0,186.169,17
2023-04-28 13:10:00-04:00,186.03,186.07,185.99,186.06,1111.0,186.041,11
2023-04-28 13:15:00-04:00,186.1,186.16,185.94,185.97,6892.0,186.034,61
2023-04-28 13:20:00-04:00,186.02,186.08,185.95,185.95,2289.0,186.011,20
2023-04-28 13:25:00-04:00,185.97,186.02,185.87,185.95,5453.0,185.957,45
2023-04-28 13:30:00-04:00,185.98,186.05,185.95,185.98,3966.0,186.01,33
2023-04-28 13:35:00-04:00,186.02,186.11,185.82,186.07,5073.0,185.989,47
2023-04-28 13:40:00-04:00,186.08,186.15,185.82,185.82,2954.0,186.015,29
2023-04-28 13:45:00-04:00,185.84,186.05,185.83,186.05,3006.0,185.946,28
2023-04-28 13:50:00-04:00,186.03,186.03,185.65,185.71,3717.0,185.782,37
2023-04-28 13:55:00-04:00,185.66,185.81,185.53,185.81,4423.0,185.684,43
2023-04-28 14:00:00-04:00,185.81,186.22,185.81,186.16,4256.0,186.022,42
2023-04-28 14:05:00-04:00,186.13,186.13,185.96,186.09,3519.0,186.068,33
2023-04-28 14:10:00-04:00,186.05,186.09,185.7,185.95,4222.0,185.885,38
2023-04-28 14:15:00-04:00,185.89,186.03,185.83,185.96,4603.0,185.93,46
2023-04-28 14:20:00-04:00,185.98,186.03,185.75,185.76,2368.0,185.944,23
2023-04-28 14:25:00-04:00,185.7,185.72,185.58,185.69,3834.0,185.661,36
2023-04-28 14:30:00-04:00,185.74,185.84,185.61,185.84,3723.0,185.731,33
2023-04-28 14:35:00-04:00,185.81,185.81,185.5,185.68,5034.0,185.629,40
2023-04-28 14:40:00-04:00,185.69,185.92,185.54,185.58,3760.0,185.687,35
2023-04-28 14:45:00-04:00,185.53,185.68,185.48,185.55,5933.0,185.546,57
2023-04-28 14:50:00-04:00,185.58,185.69,185.49,185.49,4239.0,185.586,40
2023-04-28 14:55:00-04:00,185.58,185.76,185.58,185.76,6524.0,185.666,37
2023-04-28 15:00:00-04:00,185.78,186.1,185.78,186.02,7098.0,185.998,62
2023-04-28 15:05:00-04:00,186.06,186.17,186.05,186.13,5649.0,186.118,42
2023-04-28 15:10:00-04:00,186.18,186.38,186.16,186.21,7229.0,186.273,62
2023-04-28 15:15:00-04:00,186.17,186.44,186.17,186.44,3672.0,186.277,33
2023-04-28 15:20:00-04:00,186.4,186.4,186.03,186.18,6376.0,186.22,50
2023-04-28 15:25:00-04:00,186.22,186.37,185.87,186.0,25260.0,186.224,168
2023-04-28 15:30:00-04:00,186.08,186.12,185.81,185.98,6827.0,185.942,56
2023-04-28 15:35:00-04:00,185.85,186.08,185.84,186.04,6792.0,185.989,61
2023-04-28 15:40:00-04:00,186.02,186.24,185.96,186.24,11311.0,186.107,101
2023-04-28 15:45:00-04:00,186.22,186.25,185.86,185.9,15757.0,186.007,147
2023-04-28 15:50:00-04:00,185.82,185.89,185.56,185.78,26225.0,185.738,210
2023-04-28 15:55:00-04:00,185.8,185.96,185.72,185.82,87240.0,185.835,613
2023-05-01 09:30:00-04:00,186.23,186.23,185.93,185.94,8289.0,186.226,2
2023-05-01 09:35:00-04:00,185.96,186.98,185.96,186.56,2058.0,186.512,17
2023-05-01 09:40:00-04:00,187.0,187.04,186.69,186.86,4682.0,186.795,38
2023-05-01 09:45:00-04:00,186.76,187.44,186.76,187.44,2975.0,186.963,15
2023-05-01 09:50:00-04:00,187.45,187.54,187.11,187.13,3432.0,187.346,26
2023-05-01 09:55:00-04:00,187.15,187.46,186.79,187.24,19301.0,186.901,82
2023-05-01 10:00:00-04:00,187.02,187.27,186.84,187.21,2200.0,187.093,21
2023-05-01 10:05:00-04:00,187.33,187.45,187.25,187.34,2940.0,187.342,24
2023-05-01 10:10:00-04:00,187.42,187.57,187.27,187.49,4759.0,187.41,45
2023-05-01 10:15:00-04:00,187.51,187.98,187.51,187.95,9675.0,187.736,62
2023-05-01 10:20:00-04:00,187.9,187.92,187.36,187.48,9219.0,187.583,84
2023-05-01 10:25:00-04:00,187.5,187.75,187.45,187.56,4140.0,187.564,35
2023-05-01 10:30:00-04:00,187.51,187.85,187.51,187.65,8135.0,187.681,69
2023-05-01 10:35:00-04:00,187.76,188.0,187.76,188.0,1612.0,187.883,15
2023-05-01 10:40:00-04:00,187.89,188.17,187.6,188.02,9462.0,187.877,80
2023-05-01 10:45:00-04:00,188.03,188.41,188.01,188.41,2653.0,188.177,20
2023-05-01 10:50:00-04:00,188.44,188.44,188.08,188.14,2055.0,188.223,19
2023-05-01 10:55:00-04:00,188.14,188.33,188.11,188.28,6652.0,188.22,57
2023-05-01 11:00:00-04:00,188.4,188.46,188.12,188.12,1912.0,188.342,17
2023-05-01 11:05:00-04:00,188.1,188.3,188.08,188.22,3502.0,188.188,29
2023-05-01 11:10:00-04:00,188.27,188.29,187.96,188.22,11599.0,188.133,90
2023-05-01 11:15:00-04:00,188.25,188.27,188.04,188.18,6587.0,188.176,59
2023-05-01 11:20:00-04:00,188.15,188.33,188.02,188.03,7113.0,188.158,69
2023-05-01 11:25:00-04:00,188.02,188.14,187.97,188.03,6958.0,188.062,66
2023-05-01 11:30:00-04:00,187.96,187.99,187.73,187.86,5170.0,187.886,43
2023-05-01 11:35:00-04:00,187.89,188.16,187.88,188.13,7917.0,188.022,42
2023-05-01 11:40:00-04:00,188.17,188.21,187.96,188.19,4049.0,188.103,37
2023-05-01 11:45:00-04:00,188.28,188.4,188.26,188.35,5113.0,188.331,42
2023-05-01 11:50:00-04:00,188.36,188.36,188.15,188.32,2437.0,188.264,22
2023-05-01 11:55:00-04:00,188.3,188.4,188.16,188.25,4595.0,188.28,40
2023-05-01 12:00:00-04:00,188.33,188.5,188.22,188.49,4537.0,188.34,35
2023-05-01 12:05:00-04:00,188.61,188.7,188.49,188.53,6691.0,188.578,64
2023-05-01 12:10:00-04:00,188.47,188.61,188.28,188.28,5398.0,188.499,47
2023-05-01 12:15:00-04:00,188.36,188.36,188.08,188.18,4851.0,188.265,44
2023-05-01 12:20:00-04:00,188.13,188.2,188.0,188.09,9757.0,188.094,92
2023-05-01 12:25:00-04:00,188.11,188.36,188.08,188.36,3073.0,188.216,27
2023-05-01 12:30:00-04:00,188.35,188.65,188.3,188.58,3491.0,188.485,25
2023-05-01 12:35:00-04:00,188.61,188.69,188.55,188.65,3033.0,188.606,26
2023-05-01 12:40:00-04:00,188.64,188.73,188.63,188.72,2682.0,188.676,25
2023-05-01 12:45:00-04:00,188.7,188.71,188.42,188.42,5906.0,188.613,51
2023-05-01 12:50:00-04:00,188.42,188.49,188.35,188.44,2906.0,188.412,28
2023-05-01 12:55:00-04:00,188.38,188.48,188.33,188.37,3079.0,188.394,29
2023-05-01 13:00:00-04:00,188.36,188.57,188.36,188.4,4486.0,188.474,38
2023-05-01 13:05:00-04:00,188.45,188.54,188.39,188.39,5040.0,188.448,48
2023-05-01 13:10:00-04:00,188.39,188.59,188.35,188.48,4889.0,188.468,42
2023-05-01 13:15:00-04:00,188.48,188.51,188.3,188.32,4023.0,188.398,34
2023-05-01 13:20:00-04:00,188.26,188.41,188.24,188.39,4616.0,188.349,42
2023-05-01 13:25:00-04:00,188.36,188.45,188.24,188.27,6015.0,188.366,54
2023-05-01 13:30:00-04:00,188.22,188.26,188.16,188.26,1991.0,188.224,17
2023-05-01 13:35:00-04:00,188.22,188.23,187.95,187.97,5608.0,188.089,48
2023-05-01 13:40:00-04:00,188.0,188.19,187.91,188.01,5147.0,188.058,44
2023-05-01 13:45:00-04:00,187.96,188.1,187.84,187.98,4547.0,187.976,41
2023-05-01 13:50:00-04:00,187.94,187.94,187.83,187.85,2300.0,187.865,20
2023-05-01 13:55:00-04:00,187.84,188.11,187.78,188.11,6960.0,187.962,64
2023-05-01 14:00:00-04:00,188.11,188.2,187.81,187.88,6691.0,188.051,61
2023-05-01 14:05:00-04:00,187.88,187.88,187.65,187.73,5110.0,187.761,39
2023-05-01 14:10:00-04:00,187.67,187.73,187.48,187.53,7872.0,187.605,60
2023-05-01 14:15:00-04:00,187.51,187.66,187.47,187.61,6078.0,187.556,48
2023-05-01 14:20:00-04:00,187.66,187.74,187.61,187.71,4309.0,187.676,41
2023-05-01 14:25:00-04:00,187.7,187.82,187.67,187.82,4250.0,187.732,36
2023-05-01 14:30:00-04:00,187.83,187.83,187.44,187.46,3409.0,187.628,29
2023-05-01 14:35:00-04:00,187.47,187.7,187.46,187.7,5400.0,187.537,52
2023-05-01 14:40:00-04:00,187.67,187.76,187.57,187.7,4969.0,187.678,41
2023-05-01 14:45:00-04:00,187.7,187.74,187.54,187.56,3403.0,187.629,29
2023-05-01 14:50:00-04:00,187.61,187.66,187.49,187.58,8922.0,187.587,82
2023-05-01 14:55:00-04:00,187.58,187.84,187.49,187.78,7495.0,187.656,68
2023-05-01 15:00:00-04:00,187.84,187.97,187.64,187.71,6797.0,187.806,58
2023-05-01 15:05:00-04:00,187.76,187.82,187.68,187.74,15656.0,187.787,75
2023-05-01 15:10:00-04:00,187.68,187.72,187.61,187.71,5584.0,187.679,46
2023-05-01 15:15:00-04:00,187.68,187.75,187.5,187.51,10412.0,187.645,85
2023-05-01 15:20:00-04:00,187.55,187.92,187.54,187.92,21602.0,187.732,188
2023-05-01 15:25:00-04:00,187.93,188.0,187.85,187.89,29522.0,187.937,256
2023-05-01 15:30:00-04:00,187.93,188.22,187.86,188.21,20229.0,188.044,184
2023-05-01 15:35:00-04:00,188.19,188.19,187.97,188.13,16008.0,188.081,136
2023-05-01 15:40:00-04:00,188.09,188.19,188.0,188.16,12397.0,188.129,111
2023-05-01 15:45:00-04:00,188.18,188.41,188.11,188.11,22294.0,188.298,205
2023-05-01 15:50:00-04:00,188.2,188.25,187.75,188.07,39992.0,188.058,322
2023-05-01 15:55:00-04:00,188.09,188.24,187.68,187.71,110858.0,188.004,647
2023-05-02 09:30:00-04:00,187.42,187.5,186.43,186.94,25144.0,186.957,110
2023-05-02 09:35:00-04:00,187.0,187.86,186.83,187.65,10938.0,187.243,92
2023-05-02 09:40:00-04:00,187.93,188.73,187.88,188.68,12463.0,188.14,108
2023-05-02 09:45:00-04:00,188.73,188.91,188.09,188.09,15816.0,188.609,138
2023-05-02 09:50:00-04:00,188.06,188.57,188.05,188.31,15671.0,188.326,144
2023-05-02 09:55:00-04:00,188.41,189.09,188.41,188.9,17799.0,188.791,110
2023-05-02 10:00:00-04:00,189.03,189.06,188.46,188.46,21560.0,188.741,208
2023-05-02 10:05:00-04:00,188.46,188.46,187.71,187.95,22092.0,188.169,204
2023-05-02 10:10:00-04:00,188.0,188.01,186.96,187.22,15659.0,187.324,133
2023-05-02 10:15:00-04:00,187.24,187.87,187.19,187.8,19701.0,187.49,123
2023-05-02 10:20:00-04:00,187.78,187.84,186.78,186.82,10736.0,187.287,98
2023-05-02 10:25:00-04:00,186.72,187.29,186.6,187.28,14834.0,186.819,118
2023-05-02 10:30:00-04:00,187.21,187.21,186.73,186.78,11899.0,186.983,99
2023-05-02 10:35:00-04:00,186.88,187.0,186.51,187.0,12650.0,186.79,103
2023-05-02 10:40:00-04:00,187.04,187.13,186.77,186.83,8531.0,186.967,72
2023-05-02 10:45:00-04:00,186.81,186.88,186.43,186.62,13603.0,186.707,117
2023-05-02 10:50:00-04:00,186.66,186.74,186.03,186.18,12946.0,186.366,118
2023-05-02 10:55:00-04:00,186.12,186.36,185.98,186.21,9989.0,186.186,87
2023-05-02 11:00:00-04:00,186.29,186.46,185.98,186.45,25769.0,186.195,193
2023-05-02 11:05:00-04:00,186.46,186.66,186.46,186.54,10436.0,186.55,93
2023-05-02 11:10:00-04:00,186.66,186.93,186.62,186.64,13123.0,186.756,115
2023-05-02 11:15:00-04:00,186.59,186.73,186.48,186.54,11541.0,186.594,99
2023-05-02 11:20:00-04:00,186.61,186.8,186.42,186.78,12774.0,186.632,114
2023-05-02 11:25:00-04:00,186.75,186.78,186.46,186.74,10076.0,186.662,88
2023-05-02 11:30:00-04:00,186.72,186.77,186.34,186.63,13596.0,186.518,122
2023-05-02 11:35:00-04:00,186.61,187.08,186.56,187.06,8714.0,186.813,81
2023-05-02 11:40:00-04:00,187.0,187.32,186.92,187.18,14456.0,187.147,129
2023-05-02 11:45:00-04:00,187.25,187.35,187.14,187.27,7660.0,187.256,55
2023-05-02 11:50:00-04:00,187.27,187.37,186.84,187.13,13507.0,187.194,114
2023-05-02 11:55:00-04:00,187.23,187.31,187.14,187.27,11207.0,187.226,100
2023-05-02 12:00:00-04:00,187.32,187.41,187.14,187.27,9065.0,187.27,69
2023-05-02 12:05:00-04:00,187.28,187.59,187.18,187.59,7949.0,187.395,63
2023-05-02 12:10:00-04:00,187.57,187.64,187.33,187.64,9457.0,187.51,84
2023-05-02 12:15:00-04:00,187.69,187.97,187.52,187.97,14436.0,187.724,123
2023-05-02 12:20:00-04:00,187.99,188.07,187.79,187.79,10695.0,187.913,88
2023-05-02 12:25:00-04:00,187.77,187.99,187.58,187.74,36444.0,187.764,89
2023-05-02 12:30:00-04:00,187.75,187.76,187.34,187.61,10108.0,187.615,94
2023-05-02 12:35:00-04:00,187.56,188.06,187.56,187.97,13777.0,187.843,72
2023-05-02 12:40:00-04:00,187.98,187.99,187.72,187.81,5373.0,187.865,41
2023-05-02 12:45:00-04:00,187.85,188.12,187.84,188.08,12511.0,187.949,102
2023-05-02 12:50:00-04:00,188.12,188.6,188.12,188.48,12130.0,188.462,99
2023-05-02 12:55:00-04:00,188.5,188.52,188.32,188.37,6728.0,188.395,57
2023-05-02 13:00:00-04:00,188.33,188.39,188.19,188.21,6316.0,188.284,54
2023-05-02 13:05:00-04:00,188.24,188.24,187.95,188.02,5526.0,188.113,43
2023-05-02 13:10:00-04:00,188.02,188.27,187.91,188.02,13022.0,188.061,109
2023-05-02 13:15:00-04:00,188.09,188.28,187.97,187.98,5812.0,188.142,53
2023-05-02 13:20:00-04:00,188.04,188.27,187.95,188.27,5473.0,188.082,51
2023-05-02 13:25:00-04:00,188.35,188.62,188.35,188.44,11829.0,188.499,104
2023-05-02 13:30:00-04:00,188.47,188.55,188.24,188.27,5668.0,188.409,54
2023-05-02 13:35:00-04:00,188.28,188.66,188.27,188.65,8242.0,188.509,73
2023-05-02 13:40:00-04:00,188.65,188.9,188.62,188.68,7619.0,188.746,73
2023-05-02 13:45:00-04:00,188.65,188.88,188.59,188.86,6941.0,188.726,55
2023-05-02 13:50:00-04:00,189.0,189.21,188.97,188.97,11635.0,189.086,99
2023-05-02 13:55:00-04:00,189.06,189.07,188.67,188.67,8695.0,188.823,80
2023-05-02 14:00:00-04:00,188.64,188.66,188.27,188.52,6151.0,188.433,47
2023-05-02 14:05:00-04:00,188.53,188.68,188.49,188.59,14130.0,188.553,115
2023-05-02 14:10:00-04:00,188.64,188.68,188.08,188.18,15686.0,188.236,129
2023-05-02 14:15:00-04:00,188.15,188.39,188.08,188.39,7070.0,188.216,61
2023-05-02 14:20:00-04:00,188.39,188.54,188.24,188.41,9477.0,188.414,87
2023-05-02 14:25:00-04:00,188.47,188.48,188.25,188.47,9352.0,188.351,83
2023-05-02 14:30:00-04:00,188.49,188.53,188.29,188.45,7497.0,188.416,68
2023-05-02 14:35:00-04:00,188.49,188.69,188.46,188.63,11016.0,188.583,103
2023-05-02 14:40:00-04:00,188.65,188.77,188.53,188.75,8523.0,188.621,78
2023-05-02 14:45:00-04:00,188.74,189.1,188.73,189.04,8727.0,188.91,79
2023-05-02 14:50:00-04:00,189.1,189.18,188.88,188.9,10312.0,189.034,95
2023-05-02 14:55:00-04:00,188.85,189.16,188.76,189.05,9523.0,188.969,89
2023-05-02 15:00:00-04:00,189.05,189.15,188.88,188.9,8395.0,189.035,80
2023-05-02 15:05:00-04:00,188.9,189.03,188.82,188.93,10580.0,188.951,97
2023-05-02 15:10:00-04:00,188.96,189.2,188.91,188.94,10418.0,189.053,96
2023-05-02 15:15:00-04:00,188.97,189.0,188.55,188.87,31410.0,188.731,174
2023-05-02 15:20:00-04:00,188.88,188.9,188.71,188.71,12117.0,188.797,115
2023-05-02 15:25:00-04:00,188.76,188.96,188.68,188.75,40582.0,188.739,92
2023-05-02 15:30:00-04:00,188.81,188.85,188.4,188.44,12524.0,188.612,119
2023-05-02 15:35:00-04:00,188.47,188.48,188.11,188.25,21160.0,188.322,182
2023-05-02 15:40:00-04:00,188.25,188.32,188.0,188.06,34555.0,188.177,294
2023-05-02 15:45:00-04:00,188.07,188.13,187.91,188.01,33572.0,188.029,286
2023-05-02 15:50:00-04:00,187.99,188.91,187.92,188.89,54925.0,188.504,445
2023-05-02 15:55:00-04:00,188.88,189.01,188.51,188.65,103407.0,188.752,791
2023-05-03 09:30:00-04:00,187.05,189.58,184.13,184.96,29019.0,188.441,114
2023-05-03 09:35:00-04:00,184.97,185.06,182.5,185.06,33920.0,183.748,251
2023-05-03 09:40:00-04:00,184.33,185.46,184.19,184.93,25832.0,184.855,158
2023-05-03 09:45:00-04:00,184.93,187.57,184.42,187.27,45485.0,186.387,296
2023-05-03 09:50:00-04:00,187.27,187.27,185.36,185.75,39413.0,186.299,241
2023-05-03 09:55:00-04:00,185.81,186.99,185.58,186.8,32411.0,186.443,281
2023-05-03 10:00:00-04:00,186.85,186.95,185.47,185.52,13885.0,186.211,112
2023-05-03 10:05:00-04:00,185.47,185.99,184.61,185.06,20315.0,185.305,145
2023-05-03 10:10:00-04:00,185.06,185.43,183.06,183.1,26963.0,184.234,209
2023-05-03 10:15:00-04:00,183.07,183.96,182.81,183.66,33941.0,183.282,220
2023-05-03 10:20:00-04:00,183.42,183.65,182.53,182.58,20759.0,183.067,179
2023-05-03 10:25:00-04:00,182.61,183.05,182.32,182.84,46997.0,182.624,223
2023-05-03 10:30:00-04:00,182.73,183.32,182.61,182.79,9861.0,182.927,81
2023-05-03 10:35:00-04:00,182.62,183.02,182.11,182.17,20065.0,182.715,162
2023-05-03 10:40:00-04:00,182.26,182.69,181.09,181.87,25556.0,181.907,185
2023-05-03 10:45:00-04:00,181.92,181.92,181.0,181.07,6359.0,181.472,54
2023-05-03 10:50:00-04:00,181.02,182.43,181.02,181.75,25596.0,181.722,164
2023-05-03 10:55:00-04:00,181.7,181.74,180.92,181.56,19117.0,181.454,121
2023-05-03 11:00:00-04:00,181.56,181.75,181.04,181.13,12595.0,181.481,99
2023-05-03 11:05:00-04:00,181.14,181.18,179.29,179.38,44070.0,179.972,215
2023-05-03 11:10:00-04:00,179.38,179.69,178.89,179.41,28417.0,179.279,180
2023-05-03 11:15:00-04:00,179.16,180.02,178.73,179.95,37228.0,179.308,175
2023-05-03 11:20:00-04:00,179.84,180.41,179.55,179.8,19644.0,180.04,176
2023-05-03 11:25:00-04:00,179.75,180.05,179.53,179.62,9692.0,179.795,86
2023-05-03 11:30:00-04:00,179.65,179.84,179.09,179.32,50408.0,179.451,281
2023-05-03 11:35:00-04:00,179.47,179.8,179.27,179.36,14074.0,179.548,74
2023-05-03 11:40:00-04:00,179.36,179.5,178.95,179.09,9520.0,179.227,84
2023-05-03 11:45:00-04:00,179.21,179.41,178.37,178.53,27283.0,178.896,228
2023-05-03 11:50:00-04:00,178.61,179.8,178.54,179.8,16081.0,178.964,132
2023-05-03 11:55:00-04:00,179.78,180.04,179.6,179.64,4733.0,179.755,41
2023-05-03 12:00:00-04:00,179.59,179.83,179.59,179.67,4039.0,179.739,39
2023-05-03 12:05:00-04:00,179.61,179.8,179.42,179.77,14672.0,179.588,75
2023-05-03 12:10:00-04:00,179.69,179.69,179.18,179.27,13212.0,179.409,118
2023-05-03 12:15:00-04:00,179.18,179.37,178.91,178.97,12893.0,179.178,108
2023-05-03 12:20:00-04:00,178.97,179.28,178.96,179.23,9844.0,179.17,82
2023-05-03 12:25:00-04:00,179.21,180.13,179.21,180.04,17657.0,179.774,84
2023-05-03 12:30:00-04:00,180.03,180.26,179.79,179.94,7874.0,180.026,72
2023-05-03 12:35:00-04:00,179.87,179.99,179.64,179.82,9919.0,179.799,88
2023-05-03 12:40:00-04:00,179.86,180.0,179.83,179.83,4167.0,179.882,30
2023-05-03 12:45:00-04:00,179.84,180.06,179.67,180.06,8952.0,179.854,73
2023-05-03 12:50:00-04:00,180.03,180.08,179.66,179.79,12777.0,179.84,96
2023-05-03 12:55:00-04:00,179.8,180.18,179.8,180.18,7344.0,179.996,41
2023-05-03 13:00:00-04:00,180.18,180.36,180.13,180.2,2965.0,180.223,27
2023-05-03 13:05:00-04:00,180.16,180.16,179.87,179.87,3242.0,180.01,30
2023-05-03 13:10:00-04:00,179.84,179.84,179.0,179.0,47627.0,179.377,283
2023-05-03 13:15:00-04:00,179.18,179.43,178.94,179.03,10177.0,179.129,54
2023-05-03 13:20:00-04:00,179.06,179.21,178.33,178.62,47213.0,178.581,213
2023-05-03 13:25:00-04:00,178.68,179.45,178.68,179.4,7816.0,178.97,64
2023-05-03 13:30:00-04:00,179.31,179.7,179.31,179.7,7540.0,179.602,34
2023-05-03 13:35:00-04:00,179.64,179.64,179.34,179.35,6063.0,179.529,40
2023-05-03 13:40:00-04:00,179.34,179.4,179.12,179.35,9562.0,179.244,83
2023-05-03 13:45:00-04:00,179.35,179.54,179.08,179.22,8112.0,179.37,76
2023-05-03 13:50:00-04:00,179.29,179.37,179.03,179.07,2385.0,179.151,23
2023-05-03 13:55:00-04:00,179.12,179.6,179.1,179.58,7359.0,179.382,59
2023-05-03 14:00:00-04:00,179.45,180.08,179.03,179.25,12567.0,179.497,110
2023-05-03 14:05:00-04:00,179.15,179.51,178.95,179.02,6567.0,179.152,60
2023-05-03 14:10:00-04:00,179.17,179.34,178.75,179.34,24974.0,179.006,158
2023-05-03 14:15:00-04:00,179.35,179.4,178.83,179.22,12912.0,179.09,111
2023-05-03 14:20:00-04:00,179.31,179.66,179.2,179.4,15584.0,179.387,143
2023-05-03 14:25:00-04:00,179.4,179.83,179.29,179.31,5260.0,179.574,50
2023-05-03 14:30:00-04:00,179.31,179.59,179.17,179.21,16611.0,179.356,143
2023-05-03 14:35:00-04:00,179.21,179.57,178.44,179.49,16882.0,179.074,142
2023-05-03 14:40:00-04:00,179.5,179.91,179.15,179.48,17971.0,179.459,112
2023-05-03 14:45:00-04:00,179.55,180.03,179.31,179.46,8714.0,179.564,79
2023-05-03 14:50:00-04:00,179.32,179.75,179.0,179.45,16192.0,179.342,153
2023-05-03 14:55:00-04:00,179.71,180.44,179.51,180.34,10430.0,180.096,99
2023-05-03 15:00:00-04:00,180.34,180.57,179.53,179.93,21349.0,179.959,191
2023-05-03 15:05:00-04:00,179.74,180.14,179.0,179.16,9083.0,179.739,87
2023-05-03 15:10:00-04:00,178.91,179.15,178.42,178.58,5390.0,178.723,53
2023-05-03 15:15:00-04:00,178.43,178.69,177.94,178.11,112874.0,178.131,235
2023-05-03 15:20:00-04:00,177.98,178.05,177.42,177.62,167940.0,177.68,412
2023-05-03 15:25:00-04:00,177.78,177.95,177.1,177.15,142512.0,177.456,418
2023-05-03 15:30:00-04:00,177.1,177.75,176.83,177.75,211367.0,177.144,503
2023-05-03 15:35:00-04:00,177.78,178.45,177.36,177.79,124440.0,177.871,421
2023-05-03 15:40:00-04:00,177.74,179.38,177.58,178.5,136195.0,178.395,575
2023-05-03 15:45:00-04:00,178.5,178.68,178.1,178.34,22282.0,178.319,204
2023-05-03 15:50:00-04:00,178.28,178.39,177.68,177.75,43581.0,178.091,384
2023-05-03 15:55:00-04:00,177.69,178.11,177.47,177.79,97943.0,177.851,694
2023-05-04 09:30:00-04:00,177.17,178.03,177.16,178.03,16105.0,177.192,11
2023-05-04 09:35:00-04:00,177.82,178.1,176.71,176.71,22353.0,177.564,93
2023-05-04 09:40:00-04:00,176.46,176.46,175.32,175.41,26712.0,175.96,145
2023-05-04 09:45:00-04:00,175.33,177.0,175.33,176.83,18040.0,176.188,153
2023-05-04 09:50:00-04:00,177.0,178.83,176.96,178.83,32466.0,177.726,208
2023-05-04 09:55:00-04:00,178.68,179.49,178.68,178.75,22968.0,179.06,193
2023-05-04 10:00:00-04:00,178.66,179.15,178.36,179.08,12469.0,178.583,96
2023-05-04 10:05:00-04:00,179.35,179.69,178.91,179.3,38108.0,179.155,123
2023-05-04 10:10:00-04:00,179.48,179.58,179.01,179.28,15347.0,179.271,140
2023-05-04 10:15:00-04:00,179.39,179.62,178.61,179.21,9268.0,179.075,82
2023-05-04 10:20:00-04:00,179.28,179.28,178.84,179.09,10314.0,179.019,90
2023-05-04 10:25:00-04:00,178.99,179.08,178.45,178.78,8135.0,178.668,75
2023-05-04 10:30:00-04:00,178.8,179.23,178.68,178.92,13449.0,178.91,107
2023-05-04 10:35:00-04:00,178.93,179.57,178.93,179.2,10444.0,179.277,99
2023-05-04 10:40:00-04:00,179.31,179.99,179.25,179.34,6962.0,179.597,64
2023-05-04 10:45:00-04:00,179.37,180.26,179.05,179.94,12476.0,179.707,118
2023-05-04 10:50:00-04:00,179.68,179.7,179.14,179.54,12388.0,179.353,111
2023-05-04 10:55:00-04:00,179.81,179.82,178.82,179.0,13222.0,179.484,118
2023-05-04 11:00:00-04:00,178.86,179.14,178.12,178.24,19358.0,178.701,68
2023-05-04 11:05:00-04:00,178.31,179.58,178.25,179.49,5805.0,178.696,52
2023-05-04 11:10:00-04:00,179.62,179.81,179.31,179.58,10307.0,179.501,100
2023-05-04 11:15:00-04:00,179.5,180.11,179.2,179.43,6490.0,179.616,63
2023-05-04 11:20:00-04:00,179.51,179.78,179.38,179.48,7376.0,179.611,60
2023-05-04 11:25:00-04:00,179.41,179.88,179.39,179.65,12292.0,179.677,110
2023-05-04 11:30:00-04:00,179.68,179.75,179.47,179.47,7437.0,179.601,70
2023-05-04 11:35:00-04:00,179.53,179.54,178.99,179.36,8081.0,179.211,74
2023-05-04 11:40:00-04:00,179.43,179.53,178.91,178.94,6594.0,179.209,59
2023-05-04 11:45:00-04:00,178.92,179.09,178.59,178.78,7994.0,178.881,69
2023-05-04 11:50:00-04:00,178.7,178.76,178.57,178.64,4869.0,178.666,35
2023-05-04 11:55:00-04:00,178.56,178.56,178.24,178.28,26787.0,178.339,53
2023-05-04 12:00:00-04:00,178.27,178.27,177.99,177.99,6977.0,178.152,57
2023-05-04 12:05:00-04:00,177.91,178.0,177.57,177.63,8502.0,177.817,73
2023-05-04 12:10:00-04:00,177.73,177.73,177.27,177.49,4910.0,177.442,40
2023-05-04 12:15:00-04:00,177.45,178.67,177.45,178.59,16250.0,178.191,142
2023-05-04 12:20:00-04:00,178.66,179.04,178.56,178.94,12000.0,178.825,108
2023-05-04 12:25:00-04:00,178.85,178.85,178.48,178.48,1904.0,178.651,19
2023-05-04 12:30:00-04:00,178.62,178.71,178.26,178.55,8216.0,178.474,73
2023-05-04 12:35:00-04:00,178.61,179.04,178.53,179.04,7151.0,178.748,65
2023-05-04 12:40:00-04:00,179.1,179.31,179.03,179.06,8031.0,179.158,76
2023-05-04 12:45:00-04:00,178.99,179.07,178.8,178.95,12803.0,178.916,58
2023-05-04 12:50:00-04:00,178.92,178.95,178.4,178.42,7304.0,178.663,64
2023-05-04 12:55:00-04:00,178.5,178.93,178.5,178.93,4939.0,178.662,46
2023-05-04 13:00:00-04:00,178.97,179.05,178.77,178.92,3880.0,178.91,38
2023-05-04 13:05:00-04:00,179.02,179.15,178.94,179.13,3513.0,179.022,32
2023-05-04 13:10:00-04:00,179.17,179.31,179.0,179.02,4464.0,179.17,40
2023-05-04 13:15:00-04:00,179.1,179.36,178.99,179.28,7871.0,179.153,75
2023-05-04 13:20:00-04:00,179.27,179.62,179.12,179.54,6172.0,179.342,59
2023-05-04 13:25:00-04:00,179.53,179.53,179.17,179.3,3560.0,179.322,30
2023-05-04 13:30:00-04:00,179.23,179.32,179.0,179.06,3483.0,179.184,34
2023-05-04 13:35:00-04:00,179.04,179.06,178.51,178.61,8715.0,178.714,63
2023-05-04 13:40:00-04:00,178.53,178.53,178.23,178.34,6022.0,178.424,54
2023-05-04 13:45:00-04:00,178.31,178.42,177.91,177.99,7573.0,178.177,51
2023-05-04 13:50:00-04:00,178.01,178.18,177.76,178.04,29732.0,177.853,87
2023-05-04 13:55:00-04:00,178.06,178.15,177.76,177.92,3053.0,177.988,29
2023-05-04 14:00:00-04:00,177.96,178.07,177.69,177.7,6756.0,177.884,61
2023-05-04 14:05:00-04:00,177.67,177.92,177.63,177.92,2957.0,177.774,27
2023-05-04 14:10:00-04:00,177.82,177.96,177.46,177.49,4918.0,177.648,47
2023-05-04 14:15:00-04:00,177.49,177.56,177.34,177.43,7424.0,177.466,67
2023-05-04 14:20:00-04:00,177.48,177.48,176.84,176.93,6514.0,177.097,59
2023-05-04 14:25:00-04:00,176.87,176.91,176.6,176.61,6293.0,176.753,55
2023-05-04 14:30:00-04:00,176.57,176.6,176.23,176.34,8687.0,176.4,80
2023-05-04 14:35:00-04:00,176.34,176.43,176.04,176.04,8224.0,176.309,75
2023-05-04 14:40:00-04:00,176.11,176.31,175.88,176.08,11630.0,176.088,67
2023-05-04 14:45:00-04:00,176.09,176.38,175.97,176.09,4945.0,176.131,46
2023-05-04 14:50:00-04:00,176.02,176.38,176.0,176.21,5275.0,176.167,50
2023-05-04 14:55:00-04:00,176.21,176.51,176.21,176.51,4609.0,176.382,41
2023-05-04 15:00:00-04:00,176.53,176.73,176.44,176.73,5442.0,176.557,38
2023-05-04 15:05:00-04:00,176.78,177.37,176.77,177.02,3911.0,177.092,38
2023-05-04 15:10:00-04:00,176.92,176.92,176.28,176.39,22956.0,176.772,68
2023-05-04 15:15:00-04:00,176.33,176.33,175.79,175.85,12541.0,175.929,70
2023-05-04 15:20:00-04:00,175.85,176.35,175.74,176.34,6464.0,175.991,63
2023-05-04 15:25:00-04:00,176.34,176.38,176.01,176.25,13733.0,176.196,123
2023-05-04 15:30:00-04:00,176.23,176.33,176.1,176.28,17640.0,176.223,166
2023-05-04 15:35:00-04:00,176.21,176.47,176.1,176.11,24908.0,176.283,201
2023-05-04 15:40:00-04:00,176.17,176.29,175.74,175.8,19266.0,176.014,179
2023-05-04 15:45:00-04:00,175.75,176.0,175.52,175.98,27136.0,175.77,259
2023-05-04 15:50:00-04:00,175.97,176.23,175.62,175.92,43506.0,175.929,365
2023-05-04 15:55:00-04:00,175.99,176.26,175.81,175.99,100515.0,176.032,721
2023-05-05 09:30:00-04:00,177.23,178.56,177.23,178.31,25955.0,177.544,78
2023-05-05 09:35:00-04:00,178.32,178.61,177.81,177.97,3486.0,178.095,32
2023-05-05 09:40:00-04:00,177.91,178.7,177.91,178.46,23114.0,178.283,195
2023-05-05 09:45:00-04:00,178.59,178.59,177.66,177.66,10893.0,178.105,102
2023-05-05 09:50:00-04:00,177.6,177.72,176.63,176.64,17309.0,177.237,160
2023-05-05 09:55:00-04:00,176.66,176.97,176.47,176.47,12352.0,176.725,118
2023-05-05 10:00:00-04:00,176.36,176.5,175.7,175.85,20215.0,176.181,183
2023-05-05 10:05:00-04:00,175.81,176.27,175.49,176.15,8135.0,175.748,79
2023-05-05 10:10:00-04:00,176.29,176.56,176.14,176.34,5996.0,176.343,41
2023-05-05 10:15:00-04:00,176.26,176.74,176.12,176.55,6955.0,176.367,60
2023-05-05 10:20:00-04:00,176.45,176.9,176.13,176.24,24872.0,176.665,171
2023-05-05 10:25:00-04:00,176.27,176.55,176.16,176.5,5561.0,176.343,51
2023-05-05 10:30:00-04:00,176.6,177.04,176.6,176.87,8825.0,176.859,77
2023-05-05 10:35:00-04:00,176.77,176.77,176.39,176.5,42324.0,176.651,154
2023-05-05 10:40:00-04:00,176.47,177.07,176.46,177.07,16175.0,176.707,136
2023-05-05 10:45:00-04:00,176.97,177.03,176.67,176.69,6927.0,176.881,55
2023-05-05 10:50:00-04:00,176.72,176.89,176.55,176.55,4879.0,176.764,44
2023-05-05 10:55:00-04:00,176.39,176.39,176.08,176.12,12914.0,176.264,120
2023-05-05 11:00:00-04:00,176.12,176.4,175.94,176.39,6041.0,176.159,53
2023-05-05 11:05:00-04:00,176.47,176.6,175.85,175.92,20593.0,176.17,161
2023-05-05 11:10:00-04:00,175.89,176.42,175.77,176.42,13501.0,176.043,107
2023-05-05 11:15:00-04:00,176.42,176.51,176.22,176.3,19359.0,176.367,127
2023-05-05 11:20:00-04:00,176.32,176.62,176.2,176.62,5394.0,176.336,47
2023-05-05 11:25:00-04:00,176.61,176.92,176.6,176.81,9407.0,176.762,67
2023-05-05 11:30:00-04:00,176.81,176.83,176.15,176.16,13965.0,176.551,121
2023-05-05 11:35:00-04:00,176.09,176.09,175.8,175.85,15182.0,175.957,133
2023-05-05 11:40:00-04:00,175.75,175.83,175.58,175.58,11607.0,175.7,105
2023-05-05 11:45:00-04:00,175.57,175.9,175.48,175.9,10715.0,175.66,83
2023-05-05 11:50:00-04:00,175.99,176.01,175.74,175.81,9987.0,175.886,96
2023-05-05 11:55:00-04:00,175.81,176.1,175.72,176.1,11434.0,175.809,81
2023-05-05 12:00:00-04:00,176.13,176.16,175.92,175.98,15062.0,176.103,52
2023-05-05 12:05:00-04:00,175.88,176.59,175.88,176.29,4540.0,176.262,39
2023-05-05 12:10:00-04:00,176.28,176.49,176.15,176.19,5319.0,176.29,46
2023-05-05 12:15:00-04:00,176.1,176.18,175.97,176.04,5235.0,176.09,42
2023-05-05 12:20:00-04:00,176.05,176.28,175.94,176.06,7853.0,176.082,58
2023-05-05 12:25:00-04:00,176.17,176.17,175.92,175.94,5492.0,175.988,38
2023-05-05 12:30:00-04:00,175.98,176.23,175.93,176.16,5393.0,176.103,39
2023-05-05 12:35:00-04:00,176.14,176.55,176.14,176.34,3585.0,176.279,30
2023-05-05 12:40:00-04:00,176.46,176.46,176.15,176.2,5506.0,176.246,39
2023-05-05 12:45:00-04:00,176.22,176.43,175.99,176.08,8294.0,176.217,58
2023-05-05 12:50:00-04:00,176.22,176.35,176.16,176.17,2982.0,176.258,21
2023-05-05 12:55:00-04:00,176.32,176.49,176.19,176.35,3855.0,176.368,31
2023-05-05 13:00:00-04:00,176.41,176.6,176.29,176.59,4944.0,176.418,43
2023-05-05 13:05:00-04:00,176.61,176.61,176.46,176.58,4224.0,176.545,35
2023-05-05 13:10:00-04:00,176.59,176.64,176.4,176.54,3732.0,176.522,29
2023-05-05 13:15:00-04:00,176.64,176.8,176.49,176.61,3950.0,176.639,35
2023-05-05 13:20:00-04:00,176.59,176.71,176.54,176.67,3200.0,176.626,29
2023-05-05 13:25:00-04:00,176.7,176.85,176.69,176.8,1926.0,176.766,14
2023-05-05 13:30:00-04:00,176.74,176.83,176.42,176.42,15016.0,176.625,122
2023-05-05 13:35:00-04:00,176.53,176.6,176.33,176.44,12876.0,176.426,67
2023-05-05 13:40:00-04:00,176.51,176.56,176.39,176.43,8501.0,176.471,70
2023-05-05 13:45:00-04:00,176.43,176.5,176.38,176.47,3756.0,176.457,31
2023-05-05 13:50:00-04:00,176.52,176.53,176.35,176.53,7338.0,176.445,61
2023-05-05 13:55:00-04:00,176.49,176.64,176.33,176.64,6112.0,176.456,45
2023-05-05 14:00:00-04:00,176.64,176.85,176.56,176.78,6654.0,176.678,53
2023-05-05 14:05:00-04:00,176.74,176.98,176.66,176.86,18211.0,176.815,98
2023-05-05 14:10:00-04:00,176.89,177.15,176.77,176.96,11781.0,176.91,85
2023-05-05 14:15:00-04:00,176.96,177.05,176.89,176.96,5643.0,176.965,50
2023-05-05 14:20:00-04:00,176.95,177.27,176.92,177.27,4594.0,177.106,36
2023-05-05 14:25:00-04:00,177.23,177.47,177.22,177.45,5376.0,177.329,44
2023-05-05 14:30:00-04:00,177.43,177.55,177.38,177.42,6058.0,177.459,54
2023-05-05 14:35:00-04:00,177.4,177.52,177.4,177.43,3800.0,177.473,35
2023-05-05 14:40:00-04:00,177.51,177.7,177.28,177.28,9109.0,177.509,83
2023-05-05 14:45:00-04:00,177.32,177.57,177.32,177.57,5859.0,177.477,51
2023-05-05 14:50:00-04:00,177.58,177.67,177.52,177.53,5338.0,177.595,51
2023-05-05 14:55:00-04:00,177.57,177.83,177.54,177.57,10914.0,177.69,102
2023-05-05 15:00:00-04:00,177.59,177.72,177.55,177.69,8906.0,177.622,71
2023-05-05 15:05:00-04:00,177.72,177.73,177.6,177.62,5485.0,177.647,49
2023-05-05 15:10:00-04:00,177.61,177.61,177.41,177.42,8270.0,177.532,77
2023-05-05 15:15:00-04:00,177.47,177.54,177.26,177.33,9193.0,177.393,83
2023-05-05 15:20:00-04:00,177.33,177.39,177.04,177.15,36269.0,177.224,132
2023-05-05 15:25:00-04:00,177.09,177.26,176.88,177.18,9033.0,177.068,81
2023-05-05 15:30:00-04:00,177.16,177.26,176.95,176.98,32032.0,177.096,147
2023-05-05 15:35:00-04:00,176.97,177.06,176.74,176.92,12229.0,176.89,114
2023-05-05 15:40:00-04:00,176.92,177.08,176.84,176.98,20963.0,176.93,182
2023-05-05 15:45:00-04:00,176.93,176.93,176.57,176.61,14508.0,176.675,133
2023-05-05 15:50:00-04:00,176.61,176.61,176.16,176.33,39351.0,176.389,339
2023-05-05 15:55:00-04:00,176.35,176.86,176.23,176.84,143384.0,176.479,1059
2023-05-08 09:30:00-04:00,177.22,177.34,176.4,176.91,45524.0,177.04,30
2023-05-08 09:35:00-04:00,176.76,177.8,176.67,177.04,5991.0,177.142,51
2023-05-08 09:40:00-04:00,176.95,176.95,175.01,175.02,38782.0,175.746,133
2023-05-08 09:45:00-04:00,175.19,175.27,174.28,174.71,19130.0,174.865,158
2023-05-08 09:50:00-04:00,174.71,175.14,174.46,174.95,24133.0,174.93,174
2023-05-08 09:55:00-04:00,174.93,175.27,174.5,174.69,31046.0,174.964,164
2023-05-08 10:00:00-04:00,174.77,175.23,174.69,175.12,24189.0,175.058,142
2023-05-08 10:05:00-04:00,175.01,175.19,174.48,174.5,13980.0,174.898,111
2023-05-08 10:10:00-04:00,174.5,175.08,174.46,174.81,19759.0,174.707,139
2023-05-08 10:15:00-04:00,174.8,175.19,174.79,175.18,14613.0,175.04,101
2023-05-08 10:20:00-04:00,175.2,175.43,175.01,175.18,6301.0,175.232,50
2023-05-08 10:25:00-04:00,175.18,175.2,174.68,174.68,10281.0,174.965,86
2023-05-08 10:30:00-04:00,174.8,175.09,174.74,174.97,8966.0,174.938,86
2023-05-08 10:35:00-04:00,174.99,174.99,174.81,174.86,11941.0,174.891,105
2023-05-08 10:40:00-04:00,174.9,175.19,174.86,174.96,12748.0,175.029,108
2023-05-08 10:45:00-04:00,175.03,175.09,174.88,174.91,8595.0,175.003,77
2023-05-08 10:50:00-04:00,174.88,174.94,174.5,174.5,8653.0,174.766,86
2023-05-08 10:55:00-04:00,174.49,174.65,174.4,174.54,8708.0,174.531,84
2023-05-08 11:00:00-04:00,174.58,175.0,174.51,174.86,7284.0,174.802,62
2023-05-08 11:05:00-04:00,174.85,174.86,174.66,174.71,7360.0,174.778,58
2023-05-08 11:10:00-04:00,174.75,174.84,174.7,174.7,6463.0,174.776,58
2023-05-08 11:15:00-04:00,174.67,174.83,174.61,174.83,6374.0,174.7,61
2023-05-08 11:20:00-04:00,174.77,174.77,174.53,174.61,6920.0,174.639,57
2023-05-08 11:25:00-04:00,174.62,174.63,174.08,174.08,13325.0,174.438,122
2023-05-08 11:30:00-04:00,174.09,174.17,173.88,173.98,34469.0,174.069,127
2023-05-08 11:35:00-04:00,173.98,174.01,173.79,173.8,6414.0,173.916,61
2023-05-08 11:40:00-04:00,173.86,174.24,173.86,174.24,4682.0,174.103,40
2023-05-08 11:45:00-04:00,174.42,174.51,174.26,174.31,8230.0,174.372,62
2023-05-08 11:50:00-04:00,174.31,174.48,174.25,174.47,6367.0,174.373,50
2023-05-08 11:55:00-04:00,174.54,174.57,174.39,174.43,4921.0,174.478,41
2023-05-08 12:00:00-04:00,174.43,174.51,174.11,174.11,7851.0,174.325,68
2023-05-08 12:05:00-04:00,174.12,174.2,174.04,174.1,6358.0,174.118,52
2023-05-08 12:10:00-04:00,174.06,174.06,173.86,173.9,7669.0,173.947,67
2023-05-08 12:15:00-04:00,173.88,173.88,173.39,173.51,16877.0,173.605,159
2023-05-08 12:20:00-04:00,173.53,173.71,173.4,173.71,10542.0,173.543,91
2023-05-08 12:25:00-04:00,173.72,173.92,173.63,173.86,9543.0,173.777,84
2023-05-08 12:30:00-04:00,173.86,174.19,173.86,174.13,6580.0,174.028,55
2023-05-08 12:35:00-04:00,174.23,174.26,174.02,174.12,8243.0,174.156,67
2023-05-08 12:40:00-04:00,174.11,174.16,173.99,174.16,6162.0,174.067,53
2023-05-08 12:45:00-04:00,174.15,174.33,174.06,174.28,7378.0,174.172,66
2023-05-08 12:50:00-04:00,174.28,174.52,174.25,174.52,9785.0,174.383,87
2023-05-08 12:55:00-04:00,174.47,174.61,174.39,174.52,5942.0,174.496,51
2023-05-08 13:00:00-04:00,174.52,174.59,174.36,174.46,6618.0,174.447,58
2023-05-08 13:05:00-04:00,174.52,174.63,174.35,174.53,9099.0,174.465,80
2023-05-08 13:10:00-04:00,174.52,174.75,174.52,174.57,13810.0,174.611,123
2023-05-08 13:15:00-04:00,174.61,174.77,174.48,174.53,10773.0,174.611,93
2023-05-08 13:20:00-04:00,174.52,174.8,174.49,174.75,5701.0,174.702,46
2023-05-08 13:25:00-04:00,174.75,174.95,174.75,174.82,8944.0,174.839,71
2023-05-08 13:30:00-04:00,174.78,175.06,174.75,175.0,9371.0,174.932,70
2023-05-08 13:35:00-04:00,175.0,175.12,174.9,175.12,10912.0,175.016,105
2023-05-08 13:40:00-04:00,175.11,175.18,175.06,175.09,8341.0,175.088,77
2023-05-08 13:45:00-04:00,175.09,175.21,174.97,174.97,8680.0,175.103,80
2023-05-08 13:50:00-04:00,174.96,175.1,174.84,175.09,14713.0,174.995,139
2023-05-08 13:55:00-04:00,175.11,175.14,174.99,175.06,7255.0,175.056,65
2023-05-08 14:00:00-04:00,175.06,175.3,175.05,175.24,6703.0,175.197,56
2023-05-08 14:05:00-04:00,175.27,175.27,174.64,174.92,10059.0,174.949,94
2023-05-08 14:10:00-04:00,174.89,175.37,174.88,175.24,9237.0,175.213,80
2023-05-08 14:15:00-04:00,175.27,175.45,175.21,175.42,4424.0,175.291,41
2023-05-08 14:20:00-04:00,175.53,176.03,175.52,175.9,7846.0,175.881,52
2023-05-08 14:25:00-04:00,175.9,176.04,175.85,176.04,6062.0,175.923,55
2023-05-08 14:30:00-04:00,176.07,176.3,176.06,176.3,3753.0,176.186,33
2023-05-08 14:35:00-04:00,176.31,176.54,176.29,176.34,7824.0,176.404,69
2023-05-08 14:40:00-04:00,176.38,176.4,176.27,176.29,3673.0,176.338,34
2023-05-08 14:45:00-04:00,176.32,176.5,176.21,176.47,7460.0,176.364,60
2023-05-08 14:50:00-04:00,176.51,176.52,176.3,176.3,6048.0,176.427,58
2023-05-08 14:55:00-04:00,176.31,176.44,176.29,176.35,6548.0,176.365,61
2023-05-08 15:00:00-04:00,176.38,176.39,176.22,176.24,5924.0,176.312,48
2023-05-08 15:05:00-04:00,176.25,176.42,176.24,176.34,5203.0,176.338,50
2023-05-08 15:10:00-04:00,176.34,176.41,176.26,176.35,6761.0,176.331,66
2023-05-08 15:15:00-04:00,176.38,176.43,176.22,176.43,7982.0,176.329,72
2023-05-08 15:20:00-04:00,176.45,176.45,176.22,176.28,7635.0,176.312,57
2023-05-08 15:25:00-04:00,176.28,176.28,176.06,176.14,9986.0,176.162,94
2023-05-08 15:30:00-04:00,176.1,176.39,176.1,176.37,9434.0,176.222,86
2023-05-08 15:35:00-04:00,176.38,176.44,176.15,176.19,13298.0,176.265,117
2023-05-08 15:40:00-04:00,176.19,176.37,176.19,176.35,13619.0,176.316,115
2023-05-08 15:45:00-04:00,176.33,176.43,176.26,176.34,16523.0,176.351,132
2023-05-08 15:50:00-04:00,176.32,176.39,176.12,176.31,32086.0,176.269,273
2023-05-08 15:55:00-04:00,176.3,176.78,176.29,176.76,102517.0,176.494,702
2023-05-09 09:30:00-04:00,176.32,177.0,175.92,176.66,22662.0,176.473,73
2023-05-09 09:35:00-04:00,176.71,176.71,175.91,176.31,22228.0,176.178,176
2023-05-09 09:40:00-04:00,176.41,177.18,176.03,176.76,16698.0,176.638,127
2023-05-09 09:45:00-04:00,176.76,177.49,176.76,176.94,10072.0,177.097,83
2023-05-09 09:50:00-04:00,176.91,177.28,176.65,176.92,33415.0,176.996,178
2023-05-09 09:55:00-04:00,176.88,177.45,176.34,177.24,38498.0,176.788,278
2023-05-09 10:00:00-04:00,177.33,177.47,176.82,176.85,20398.0,177.029,186
2023-05-09 10:05:00-04:00,176.9,177.02,176.47,176.68,15878.0,176.786,150
2023-05-09 10:10:00-04:00,176.58,176.58,176.17,176.18,7444.0,176.409,56
2023-05-09 10:15:00-04:00,176.26,176.58,176.18,176.58,5308.0,176.364,49
2023-05-09 10:20:00-04:00,176.5,176.94,176.27,176.32,9934.0,176.676,89
2023-05-09 10:25:00-04:00,176.28,177.06,176.28,176.92,12262.0,176.723,90
2023-05-09 10:30:00-04:00,176.97,177.0,176.31,176.31,8248.0,176.553,68
2023-05-09 10:35:00-04:00,176.31,176.35,175.86,176.28,49489.0,176.1,239
2023-05-09 10:40:00-04:00,176.3,176.49,176.18,176.19,10262.0,176.337,59
2023-05-09 10:45:00-04:00,176.22,176.44,176.19,176.34,2701.0,176.319,24
2023-05-09 10:50:00-04:00,176.34,176.55,176.27,176.42,9456.0,176.4,83
2023-05-09 10:55:00-04:00,176.5,176.86,176.42,176.86,11459.0,176.707,80
2023-05-09 11:00:00-04:00,176.84,177.01,176.81,176.94,3159.0,176.925,26
2023-05-09 11:05:00-04:00,177.0,177.25,176.85,177.25,3102.0,176.999,23
2023-05-09 11:10:00-04:00,177.34,177.44,177.1,177.16,13007.0,177.277,95
2023-05-09 11:15:00-04:00,177.25,177.57,177.25,177.57,925.0,177.409,9
2023-05-09 11:20:00-04:00,177.59,177.64,177.34,177.64,8492.0,177.536,53
2023-05-09 11:25:00-04:00,177.57,177.75,177.53,177.62,5378.0,177.584,43
2023-05-09 11:30:00-04:00,177.62,178.11,177.61,178.11,2020.0,177.879,20
2023-05-09 11:35:00-04:00,178.19,178.29,178.13,178.19,6712.0,178.212,49
2023-05-09 11:40:00-04:00,178.16,178.16,177.86,178.02,5131.0,178.017,45
2023-05-09 11:45:00-04:00,178.02,178.02,177.77,177.92,3381.0,177.921,32
2023-05-09 11:50:00-04:00,178.05,178.22,177.61,177.69,14885.0,177.933,93
2023-05-09 11:55:00-04:00,177.58,177.62,177.42,177.62,3690.0,177.521,35
2023-05-09 12:00:00-04:00,177.61,177.61,177.45,177.53,2343.0,177.539,21
2023-05-09 12:05:00-04:00,177.52,177.6,177.4,177.42,4720.0,177.496,32
2023-05-09 12:10:00-04:00,177.42,177.42,176.99,177.06,3665.0,177.185,32
2023-05-09 12:15:00-04:00,176.93,176.93,176.55,176.74,11956.0,176.705,101
2023-05-09 12:20:00-04:00,176.68,177.08,176.61,177.0,5710.0,176.864,41
2023-05-09 12:25:00-04:00,176.91,176.94,176.74,176.74,2313.0,176.863,23
2023-05-09 12:30:00-04:00,176.74,176.93,176.58,176.93,2902.0,176.749,26
2023-05-09 12:35:00-04:00,176.89,177.0,176.86,176.88,5652.0,176.919,47
2023-05-09 12:40:00-04:00,176.85,177.0,176.69,177.0,1234.0,176.862,11
2023-05-09 12:45:00-04:00,177.06,177.06,176.71,176.86,4839.0,176.888,28
2023-05-09 12:50:00-04:00,176.84,176.93,176.76,176.8,2965.0,176.815,11
2023-05-09 12:55:00-04:00,176.92,177.08,176.92,177.08,1303.0,177.006,13
2023-05-09 13:00:00-04:00,177.07,177.09,176.95,177.05,2915.0,177.019,22
2023-05-09 13:05:00-04:00,177.11,177.15,177.05,177.07,5834.0,177.096,42
2023-05-09 13:10:00-04:00,177.14,177.16,177.04,177.16,1806.0,177.11,16
2023-05-09 13:15:00-04:00,177.13,177.29,177.06,177.28,4249.0,177.157,41
2023-05-09 13:20:00-04:00,177.24,177.48,177.24,177.35,3821.0,177.301,33
2023-05-09 13:25:00-04:00,177.38,177.38,177.25,177.28,2083.0,177.303,17
2023-05-09 13:30:00-04:00,177.28,177.41,177.28,177.36,3548.0,177.353,26
2023-05-09 13:35:00-04:00,177.45,177.61,177.38,177.61,4904.0,177.475,45
2023-05-09 13:40:00-04:00,177.63,177.63,177.46,177.63,5204.0,177.543,44
2023-05-09 13:45:00-04:00,177.59,177.72,177.57,177.68,3750.0,177.633,28
2023-05-09 13:50:00-04:00,177.75,177.83,177.65,177.82,2505.0,177.733,18
2023-05-09 13:55:00-04:00,177.83,178.18,177.83,178.18,2903.0,178.03,23
2023-05-09 14:00:00-04:00,178.17,178.25,178.02,178.06,10265.0,178.155,78
2023-05-09 14:05:00-04:00,177.95,177.95,177.67,177.76,2451.0,177.748,23
2023-05-09 14:10:00-04:00,177.78,177.8,177.73,177.76,1921.0,177.77,19
2023-05-09 14:15:00-04:00,177.76,177.79,177.66,177.72,5447.0,177.746,46
2023-05-09 14:20:00-04:00,177.73,177.86,177.71,177.71,3541.0,177.787,32
2023-05-09 14:25:00-04:00,177.68,177.81,177.65,177.7,5758.0,177.731,54
2023-05-09 14:30:00-04:00,177.75,177.83,177.75,177.78,3292.0,177.81,30
2023-05-09 14:35:00-04:00,177.83,177.85,177.63,177.63,2373.0,177.801,23
2023-05-09 14:40:00-04:00,177.53,177.72,177.5,177.72,4834.0,177.644,42
2023-05-09 14:45:00-04:00,177.73,177.73,177.53,177.6,3753.0,177.646,31
2023-05-09 14:50:00-04:00,177.61,177.73,177.39,177.39,6238.0,177.641,55
2023-05-09 14:55:00-04:00,177.37,177.58,177.37,177.49,6465.0,177.499,58
2023-05-09 15:00:00-04:00,177.52,177.65,177.52,177.65,1402.0,177.592,14
2023-05-09 15:05:00-04:00,177.67,177.81,177.63,177.7,8971.0,177.743,76
2023-05-09 15:10:00-04:00,177.68,177.68,177.48,177.51,2768.0,177.596,25
2023-05-09 15:15:00-04:00,177.47,177.68,177.45,177.66,8732.0,177.602,76
2023-05-09 15:20:00-04:00,177.73,177.84,177.68,177.79,3300.0,177.763,33
2023-05-09 15:25:00-04:00,177.81,178.19,177.79,178.12,13075.0,178.04,99
2023-05-09 15:30:00-04:00,178.12,178.12,177.87,178.01,10880.0,178.028,95
2023-05-09 15:35:00-04:00,178.0,178.1,177.94,178.0,10907.0,178.042,101
2023-05-09 15:40:00-04:00,177.97,178.01,177.91,177.95,12311.0,177.963,102
2023-05-09 15:45:00-04:00,177.93,177.99,177.86,177.98,10206.0,177.934,93
2023-05-09 15:50:00-04:00,177.93,177.99,177.61,177.75,29216.0,177.814,239
2023-05-09 15:55:00-04:00,177.77,177.95,177.64,177.8,75917.0,177.789,490
2023-05-10 09:30:00-04:00,179.48,179.48,178.48,178.48,8603.0,179.465,2
2023-05-10 09:35:00-04:00,178.89,179.2,178.14,178.58,7966.0,178.458,75
2023-05-10 09:40:00-04:00,178.51,178.58,178.27,178.47,12672.0,178.388,118
2023-05-10 09:45:00-04:00,178.31,178.41,177.54,177.54,14530.0,178.069,128
2023-05-10 09:50:00-04:00,177.69,177.91,177.55,177.71,6848.0,177.677,63
2023-05-10 09:55:00-04:00,177.76,178.66,177.64,178.66,7957.0,177.991,75
2023-05-10 10:00:00-04:00,178.8,179.74,178.8,179.63,13560.0,179.327,117
2023-05-10 10:05:00-04:00,179.68,180.25,179.58,179.99,27248.0,179.938,211
2023-05-10 10:10:00-04:00,179.94,180.09,179.3,179.42,11758.0,179.818,101
2023-05-10 10:15:00-04:00,179.54,179.59,178.39,178.56,7662.0,179.263,65
2023-05-10 10:20:00-04:00,178.72,179.23,178.72,179.21,4952.0,179.065,45
2023-05-10 10:25:00-04:00,179.2,179.2,178.82,178.82,5462.0,179.05,38
2023-05-10 10:30:00-04:00,178.95,178.99,178.67,178.67,3565.0,178.878,23
2023-05-10 10:35:00-04:00,178.67,178.72,178.35,178.36,3409.0,178.569,24
2023-05-10 10:40:00-04:00,178.49,178.49,177.94,178.02,2550.0,178.18,20
2023-05-10 10:45:00-04:00,178.02,178.38,177.77,178.27,5740.0,178.153,41
2023-05-10 10:50:00-04:00,178.19,178.4,178.11,178.29,4453.0,178.271,38
2023-05-10 10:55:00-04:00,178.27,178.39,178.11,178.28,17737.0,178.209,76
2023-05-10 11:00:00-04:00,178.35,178.54,178.27,178.4,2114.0,178.396,20
2023-05-10 11:05:00-04:00,178.46,178.58,178.44,178.58,3339.0,178.485,20
2023-05-10 11:10:00-04:00,178.7,178.73,178.53,178.54,3326.0,178.591,30
2023-05-10 11:15:00-04:00,178.65,178.94,178.58,178.91,2500.0,178.748,24
2023-05-10 11:20:00-04:00,178.91,178.97,178.78,178.78,4005.0,178.858,35
2023-05-10 11:25:00-04:00,178.77,178.78,178.64,178.65,3166.0,178.725,28
2023-05-10 11:30:00-04:00,178.66,178.74,178.55,178.59,3786.0,178.617,37
2023-05-10 11:35:00-04:00,178.6,178.6,178.29,178.29,1295.0,178.477,12
2023-05-10 11:40:00-04:00,178.33,178.59,178.23,178.25,4895.0,178.42,41
2023-05-10 11:45:00-04:00,178.22,178.22,178.07,178.09,579.0,178.105,5
2023-05-10 11:50:00-04:00,178.15,178.16,177.64,177.64,2620.0,177.947,20
2023-05-10 11:55:00-04:00,177.62,177.62,177.38,177.57,2689.0,177.507,23
2023-05-10 12:00:00-04:00,177.57,177.63,177.25,177.31,2712.0,177.385,23
2023-05-10 12:05:00-04:00,177.2,177.34,177.04,177.22,1859.0,177.191,18
2023-05-10 12:10:00-04:00,177.12,177.33,177.06,177.17,2754.0,177.212,25
2023-05-10 12:15:00-04:00,177.15,177.28,177.08,177.19,1502.0,177.163,15
2023-05-10 12:20:00-04:00,177.19,177.39,177.19,177.37,1200.0,177.287,12
2023-05-10 12:25:00-04:00,177.4,177.42,177.21,177.35,3251.0,177.339,31
2023-05-10 12:30:00-04:00,177.42,177.44,177.24,177.24,1674.0,177.337,16
2023-05-10 12:35:00-04:00,177.15,177.15,176.92,176.93,1601.0,177.008,16
2023-05-10 12:40:00-04:00,177.01,177.11,176.97,176.99,1700.0,177.031,17
2023-05-10 12:45:00-04:00,177.0,177.14,176.97,177.1,1515.0,177.053,15
2023-05-10 12:50:00-04:00,177.03,177.24,177.03,177.24,5077.0,177.157,49
2023-05-10 12:55:00-04:00,177.32,177.39,177.11,177.24,3005.0,177.232,27
2023-05-10 13:00:00-04:00,177.24,177.32,177.08,177.12,2981.0,177.164,28
2023-05-10 13:05:00-04:00,177.04,177.16,176.88,176.94,3294.0,177.016,32
2023-05-10 13:10:00-04:00,176.86,176.91,176.62,176.72,3022.0,176.782,28
2023-05-10 13:15:00-04:00,176.74,176.76,176.59,176.59,2491.0,176.651,21
2023-05-10 13:20:00-04:00,176.56,176.59,176.27,176.28,1700.0,176.448,17
2023-05-10 13:25:00-04:00,176.02,176.26,176.02,176.25,1637.0,176.153,14
2023-05-10 13:30:00-04:00,176.19,176.38,176.18,176.37,700.0,176.299,7
2023-05-10 13:35:00-04:00,176.32,176.32,176.13,176.13,1594.0,176.244,12
2023-05-10 13:40:00-04:00,176.19,176.44,176.19,176.44,2074.0,176.309,20
2023-05-10 13:45:00-04:00,176.39,176.65,176.38,176.64,2013.0,176.495,19
2023-05-10 13:50:00-04:00,176.67,176.83,176.66,176.71,1201.0,176.773,11
2023-05-10 13:55:00-04:00,176.7,176.84,176.69,176.83,2895.0,176.769,23
2023-05-10 14:00:00-04:00,176.85,177.1,176.85,177.09,1000.0,177.032,10
2023-05-10 14:05:00-04:00,177.12,177.14,176.9,176.92,2646.0,177.056,25
2023-05-10 14:10:00-04:00,176.83,176.9,176.82,176.82,2770.0,176.848,18
2023-05-10 14:15:00-04:00,176.79,176.85,176.79,176.85,200.0,176.82,2
2023-05-10 14:20:00-04:00,176.9,176.9,176.69,176.74,2062.0,176.784,15
2023-05-10 14:25:00-04:00,176.81,176.98,176.78,176.86,6617.0,176.912,30
2023-05-10 14:30:00-04:00,176.99,177.11,176.96,177.11,1399.0,177.023,11
2023-05-10 14:35:00-04:00,177.11,177.35,177.11,177.31,3016.0,177.234,28
2023-05-10 14:40:00-04:00,177.36,177.79,177.34,177.7,4958.0,177.524,41
2023-05-10 14:45:00-04:00,177.84,177.84,177.43,177.51,1979.0,177.633,16
2023-05-10 14:50:00-04:00,177.42,177.58,177.4,177.52,1102.0,177.508,11
2023-05-10 14:55:00-04:00,177.52,177.66,177.48,177.63,3198.0,177.572,29
2023-05-10 15:00:00-04:00,177.51,177.73,177.48,177.73,1000.0,177.604,10
2023-05-10 15:05:00-04:00,177.72,177.82,177.6,177.72,5395.0,177.694,37
2023-05-10 15:10:00-04:00,177.76,177.76,177.46,177.51,6896.0,177.595,62
2023-05-10 15:15:00-04:00,177.47,177.76,177.4,177.76,5250.0,177.589,48
2023-05-10 15:20:00-04:00,177.76,178.14,177.76,178.12,6923.0,177.991,64
2023-05-10 15:25:00-04:00,178.18,178.44,178.06,178.06,19054.0,178.254,89
2023-05-10 15:30:00-04:00,178.05,178.36,177.93,178.27,14572.0,178.056,128
2023-05-10 15:35:00-04:00,178.25,178.63,178.25,178.61,5108.0,178.461,45
2023-05-10 15:40:00-04:00,178.64,178.82,178.64,178.69,8799.0,178.728,78
2023-05-10 15:45:00-04:00,178.64,178.85,178.64,178.76,9164.0,178.753,81
2023-05-10 15:50:00-04:00,178.69,178.69,178.45,178.64,15844.0,178.514,128
2023-05-10 15:55:00-04:00,178.68,178.81,178.52,178.7,36022.0,178.67,297
2023-05-11 09:30:00-04:00,177.68,178.34,177.15,177.58,10703.0,177.645,16
2023-05-11 09:35:00-04:00,177.77,177.97,177.58,177.95,2536.0,177.8,25
2023-05-11 09:40:00-04:00,177.62,177.79,177.28,177.32,6725.0,177.524,57
2023-05-11 09:45:00-04:00,177.42,177.51,176.72,176.72,3924.0,177.253,38
2023-05-11 09:50:00-04:00,176.72,177.11,176.62,176.71,4069.0,176.834,40
2023-05-11 09:55:00-04:00,176.83,177.03,176.73,176.8,3832.0,176.858,36
2023-05-11 10:00:00-04:00,176.79,177.02,176.33,176.39,15963.0,176.705,135
2023-05-11 10:05:00-04:00,176.37,176.47,176.21,176.4,3314.0,176.307,27
2023-05-11 10:10:00-04:00,176.4,176.51,176.03,176.51,6065.0,176.288,53
2023-05-11 10:15:00-04:00,176.39,176.68,176.29,176.29,3942.0,176.464,31
2023-05-11 10:20:00-04:00,176.2,176.45,176.0,176.45,5153.0,176.221,44
2023-05-11 10:25:00-04:00,176.45,176.65,176.36,176.56,14977.0,176.514,141
2023-05-11 10:30:00-04:00,176.56,176.65,176.39,176.39,7897.0,176.568,76
2023-05-11 10:35:00-04:00,176.4,176.51,176.32,176.37,1927.0,176.44,19
2023-05-11 10:40:00-04:00,176.29,176.3,176.06,176.16,2890.0,176.191,25
2023-05-11 10:45:00-04:00,176.17,176.79,176.17,176.59,9459.0,176.588,53
2023-05-11 10:50:00-04:00,176.62,176.63,176.28,176.39,8250.0,176.462,76
2023-05-11 10:55:00-04:00,176.42,176.5,176.3,176.4,2353.0,176.442,15
2023-05-11 11:00:00-04:00,176.4,176.56,176.4,176.42,3549.0,176.489,34
2023-05-11 11:05:00-04:00,176.43,176.55,176.22,176.24,4318.0,176.401,35
2023-05-11 11:10:00-04:00,176.24,176.32,176.08,176.32,3611.0,176.205,36
2023-05-11 11:15:00-04:00,176.34,176.52,176.34,176.42,2425.0,176.461,24
2023-05-11 11:20:00-04:00,176.45,176.67,176.42,176.51,12241.0,176.562,55
2023-05-11 11:25:00-04:00,176.51,176.6,176.34,176.56,2800.0,176.461,28
2023-05-11 11:30:00-04:00,176.56,176.89,176.56,176.89,3227.0,176.724,32
2023-05-11 11:35:00-04:00,176.91,176.93,176.56,176.63,3056.0,176.749,29
2023-05-11 11:40:00-04:00,176.65,176.9,176.59,176.8,4092.0,176.724,39
2023-05-11 11:45:00-04:00,176.8,177.07,176.8,176.97,1801.0,176.936,18
2023-05-11 11:50:00-04:00,176.85,177.29,176.85,177.18,1925.0,177.112,18
2023-05-11 11:55:00-04:00,177.16,177.21,177.02,177.09,3662.0,177.135,31
2023-05-11 12:00:00-04:00,177.12,177.21,176.85,176.9,3000.0,176.994,30
2023-05-11 12:05:00-04:00,176.86,177.29,176.85,177.23,1500.0,177.025,15
2023-05-11 12:10:00-04:00,177.16,177.3,177.14,177.27,1291.0,177.199,9
2023-05-11 12:15:00-04:00,177.13,177.28,177.13,177.21,2582.0,177.209,24
2023-05-11 12:20:00-04:00,177.28,177.6,177.18,177.6,3237.0,177.354,32
2023-05-11 12:25:00-04:00,177.55,177.55,177.14,177.42,4745.0,177.265,43
2023-05-11 12:30:00-04:00,177.42,177.81,177.42,177.59,7408.0,177.617,71
2023-05-11 12:35:00-04:00,177.56,177.82,177.56,177.78,6098.0,177.717,57
2023-05-11 12:40:00-04:00,177.72,177.86,177.72,177.78,5351.0,177.788,46
2023-05-11 12:45:00-04:00,177.78,177.83,177.66,177.69,9001.0,177.736,72
2023-05-11 12:50:00-04:00,177.65,177.65,177.27,177.27,3010.0,177.448,30
2023-05-11 12:55:00-04:00,177.11,177.24,177.08,177.09,6761.0,177.162,66
2023-05-11 13:00:00-04:00,177.13,177.15,176.86,176.92,3000.0,177.004,30
2023-05-11 13:05:00-04:00,176.82,176.97,176.78,176.78,2500.0,176.877,25
2023-05-11 13:10:00-04:00,176.78,176.8,176.66,176.78,4250.0,176.724,27
2023-05-11 13:15:00-04:00,176.77,176.87,176.68,176.68,2400.0,176.787,24
2023-05-11 13:20:00-04:00,176.67,176.73,176.35,176.35,6574.0,176.598,55
2023-05-11 13:25:00-04:00,176.21,176.44,176.21,176.32,7670.0,176.305,55
2023-05-11 13:30:00-04:00,176.27,176.45,176.07,176.45,3200.0,176.238,30
2023-05-11 13:35:00-04:00,176.37,176.56,176.31,176.49,3463.0,176.436,34
2023-05-11 13:40:00-04:00,176.33,176.33,176.15,176.16,5221.0,176.266,50
2023-05-11 13:45:00-04:00,176.16,176.16,175.75,175.82,3238.0,175.872,30
2023-05-11 13:50:00-04:00,175.68,176.0,175.67,176.0,3555.0,175.862,32
2023-05-11 13:55:00-04:00,176.04,176.28,175.91,176.24,2862.0,176.07,27
2023-05-11 14:00:00-04:00,176.25,176.25,176.0,176.0,6118.0,176.091,51
2023-05-11 14:05:00-04:00,176.05,176.15,175.99,176.1,3200.0,176.054,28
2023-05-11 14:10:00-04:00,176.16,176.16,176.04,176.09,1000.0,176.091,10
2023-05-11 14:15:00-04:00,176.15,176.16,176.01,176.04,2110.0,176.083,20
2023-05-11 14:20:00-04:00,176.0,176.08,175.75,175.86,10007.0,175.903,95
2023-05-11 14:25:00-04:00,175.96,176.16,175.95,176.11,3442.0,176.036,33
2023-05-11 14:30:00-04:00,176.08,176.18,176.02,176.16,3073.0,176.114,30
2023-05-11 14:35:00-04:00,176.15,176.27,176.08,176.27,2163.0,176.187,20
2023-05-11 14:40:00-04:00,176.29,176.64,176.29,176.57,6245.0,176.505,60
2023-05-11 14:45:00-04:00,176.49,176.65,176.35,176.65,4666.0,176.496,45
2023-05-11 14:50:00-04:00,176.61,176.62,176.25,176.26,8781.0,176.5,45
2023-05-11 14:55:00-04:00,176.25,176.51,176.25,176.45,6830.0,176.387,63
2023-05-11 15:00:00-04:00,176.49,176.52,176.38,176.41,3750.0,176.444,35
2023-05-11 15:05:00-04:00,176.39,176.55,176.34,176.5,6721.0,176.429,63
2023-05-11 15:10:00-04:00,176.5,176.7,176.48,176.69,5284.0,176.569,49
2023-05-11 15:15:00-04:00,176.67,176.67,176.38,176.55,7847.0,176.509,73
2023-05-11 15:20:00-04:00,176.43,176.6,176.43,176.55,4114.0,176.516,40
2023-05-11 15:25:00-04:00,176.53,176.53,176.33,176.39,6914.0,176.385,63
2023-05-11 15:30:00-04:00,176.35,176.42,176.3,176.34,10311.0,176.36,95
2023-05-11 15:35:00-04:00,176.36,176.37,176.11,176.11,12000.0,176.252,115
2023-05-11 15:40:00-04:00,176.13,176.24,176.07,176.23,14561.0,176.152,130
2023-05-11 15:45:00-04:00,176.2,176.36,176.11,176.28,18030.0,176.222,171
2023-05-11 15:50:00-04:00,176.25,176.55,176.07,176.55,34485.0,176.295,308
2023-05-11 15:55:00-04:00,176.55,176.97,176.53,176.83,71912.0,176.683,556
2023-05-12 09:35:00-04:00,177.55,178.56,177.55,178.49,19050.0,177.869,81
2023-05-12 09:40:00-04:00,178.42,178.99,178.31,178.63,3906.0,178.604,30
2023-05-12 09:40:00-04:00,178.42,178.99,178.31,178.94,4106.0,178.621,32
2023-05-12 09:45:00-04:00,179.15,179.28,178.58,178.66,5292.0,179.04,45
2023-05-12 09:50:00-04:00,178.72,179.3,178.56,178.93,7456.0,178.934,64
2023-05-12 09:55:00-04:00,178.95,179.0,178.62,178.62,4642.0,178.825,36
2023-05-12 10:00:00-04:00,178.5,178.8,178.43,178.56,5972.0,178.566,35
2023-05-12 10:05:00-04:00,178.56,178.94,178.41,178.87,12591.0,178.637,83
2023-05-12 10:10:00-04:00,179.03,179.46,178.94,179.23,11940.0,179.225,104
2023-05-12 10:15:00-04:00,179.18,179.35,179.07,179.08,7996.0,179.192,67
2023-05-12 10:20:00-04:00,179.06,179.09,178.81,178.85,8432.0,178.984,74
2023-05-12 10:25:00-04:00,178.75,178.84,178.53,178.61,10525.0,178.713,94
2023-05-12 10:30:00-04:00,178.5,178.5,178.19,178.2,4055.0,178.336,40
2023-05-12 10:35:00-04:00,178.26,178.26,177.7,177.84,4534.0,177.859,44
2023-05-12 10:40:00-04:00,177.75,177.82,177.52,177.59,4520.0,177.692,44
2023-05-12 10:45:00-04:00,177.64,177.76,177.02,177.15,7820.0,177.362,63
2023-05-12 10:50:00-04:00,176.96,177.17,176.78,176.94,3901.0,176.971,33
2023-05-12 10:55:00-04:00,176.95,177.44,176.87,177.21,3315.0,177.186,33
2023-05-12 11:00:00-04:00,177.28,177.28,177.03,177.05,3194.0,177.118,26
2023-05-12 11:05:00-04:00,177.03,177.36,176.97,177.14,7295.0,177.201,50
2023-05-12 11:10:00-04:00,177.17,177.3,177.09,177.3,3290.0,177.207,30
2023-05-12 11:15:00-04:00,177.14,177.14,176.6,176.6,5051.0,176.827,48
2023-05-12 11:20:00-04:00,176.67,176.79,176.64,176.64,4230.0,176.707,39
2023-05-12 11:25:00-04:00,176.64,176.73,176.46,176.61,4228.0,176.595,40
2023-05-12 11:30:00-04:00,176.54,176.72,176.51,176.72,2401.0,176.609,22
2023-05-12 11:35:00-04:00,176.73,176.79,176.5,176.53,5212.0,176.638,36
2023-05-12 11:40:00-04:00,176.44,176.69,176.36,176.36,4186.0,176.543,40
2023-05-12 11:45:00-04:00,176.34,176.78,176.34,176.62,3673.0,176.581,33
2023-05-12 11:50:00-04:00,176.62,176.77,176.56,176.62,2365.0,176.662,23
2023-05-12 11:55:00-04:00,176.72,177.0,176.72,176.94,2110.0,176.874,19
2023-05-12 12:00:00-04:00,176.96,177.0,176.49,176.5,3683.0,176.754,34
2023-05-12 12:05:00-04:00,176.49,176.49,176.42,176.47,3543.0,176.46,24
2023-05-12 12:10:00-04:00,176.43,176.43,176.12,176.13,1700.0,176.255,17
2023-05-12 12:15:00-04:00,176.19,176.35,176.13,176.25,2080.0,176.248,20
2023-05-12 12:20:00-04:00,176.23,176.23,175.76,176.1,4300.0,176.03,42
2023-05-12 12:25:00-04:00,176.09,176.31,176.04,176.31,1676.0,176.173,15
2023-05-12 12:30:00-04:00,176.25,176.34,176.14,176.22,2992.0,176.249,28
2023-05-12 12:35:00-04:00,176.33,176.33,175.83,176.01,4198.0,176.025,41
2023-05-12 12:40:00-04:00,176.15,176.19,175.91,175.94,2218.0,175.985,21
2023-05-12 12:45:00-04:00,175.87,175.87,175.72,175.72,604.0,175.771,6
2023-05-12 12:50:00-04:00,175.72,175.78,175.55,175.55,6016.0,175.708,56
2023-05-12 12:55:00-04:00,175.56,175.58,175.46,175.55,4335.0,175.542,40
2023-05-12 13:00:00-04:00,175.52,175.52,175.32,175.5,5305.0,175.428,50
2023-05-12 13:05:00-04:00,175.5,175.58,175.37,175.46,4687.0,175.485,46
2023-05-12 13:10:00-04:00,175.47,175.52,175.33,175.34,6208.0,175.437,58
2023-05-12 13:15:00-04:00,175.29,175.39,175.28,175.34,2800.0,175.331,26
2023-05-12 13:20:00-04:00,175.34,175.75,175.33,175.72,8055.0,175.492,75
2023-05-12 13:25:00-04:00,175.78,175.88,175.63,175.78,3798.0,175.714,33
2023-05-12 13:30:00-04:00,175.7,175.88,175.45,175.45,5187.0,175.683,51
2023-05-12 13:35:00-04:00,175.44,175.45,175.2,175.21,5872.0,175.324,56
2023-05-12 13:40:00-04:00,175.17,175.54,175.16,175.54,3739.0,175.353,25
2023-05-12 13:45:00-04:00,175.55,175.59,175.19,175.59,2713.0,175.376,27
2023-05-12 13:50:00-04:00,175.52,175.63,175.26,175.27,4104.0,175.45,40
2023-05-12 13:55:00-04:00,175.26,175.44,175.26,175.4,4088.0,175.357,33
2023-05-12 14:00:00-04:00,175.42,175.61,175.25,175.47,6657.0,175.438,58
2023-05-12 14:05:00-04:00,175.47,175.52,175.2,175.32,6579.0,175.374,64
2023-05-12 14:10:00-04:00,175.31,175.47,175.1,175.2,6775.0,175.321,63
2023-05-12 14:15:00-04:00,175.28,175.28,175.1,175.1,2400.0,175.148,24
2023-05-12 14:20:00-04:00,175.03,175.29,174.96,175.28,14063.0,175.039,34
2023-05-12 14:25:00-04:00,175.29,175.77,175.29,175.56,3794.0,175.621,34
2023-05-12 14:30:00-04:00,175.52,175.69,175.52,175.67,2804.0,175.614,27
2023-05-12 14:35:00-04:00,175.83,175.83,175.48,175.53,3859.0,175.643,36
2023-05-12 14:40:00-04:00,175.45,175.6,175.45,175.59,3042.0,175.514,26
2023-05-12 14:45:00-04:00,175.65,175.7,175.48,175.5,4288.0,175.564,41
2023-05-12 14:50:00-04:00,175.56,175.83,175.53,175.82,3521.0,175.713,32
2023-05-12 14:55:00-04:00,175.84,175.92,175.79,175.89,3324.0,175.851,33
2023-05-12 15:00:00-04:00,175.9,175.91,175.7,175.86,2843.0,175.828,26
2023-05-12 15:05:00-04:00,175.86,176.17,175.86,176.12,3518.0,176.043,30
2023-05-12 15:10:00-04:00,176.14,176.19,176.05,176.05,4748.0,176.142,42
2023-05-12 15:15:00-04:00,176.07,176.4,176.07,176.4,3609.0,176.248,33
2023-05-12 15:20:00-04:00,176.47,176.55,176.41,176.42,5884.0,176.477,54
2023-05-12 15:25:00-04:00,176.46,176.67,176.46,176.59,4614.0,176.539,42
2023-05-12 15:30:00-04:00,176.78,176.92,176.72,176.92,8290.0,176.795,77
2023-05-12 15:35:00-04:00,177.03,177.03,176.64,176.83,10310.0,176.807,98
2023-05-12 15:40:00-04:00,176.83,177.09,176.73,177.05,15689.0,176.945,138
2023-05-12 15:45:00-04:00,177.03,177.22,176.96,177.13,15055.0,177.085,129
2023-05-12 15:50:00-04:00,177.1,177.69,177.03,177.69,22719.0,177.374,207
2023-05-12 15:55:00-04:00,177.71,177.83,177.65,177.74,46398.0,177.741,313
2023-05-15 09:30:00-04:00,176.83,176.91,176.34,176.34,12343.0,176.824,16
2023-05-15 09:35:00-04:00,176.37,176.65,175.88,176.61,8703.0,176.209,67
2023-05-15 09:40:00-04:00,176.56,176.89,176.36,176.64,2612.0,176.557,19
2023-05-15 09:45:00-04:00,176.51,177.02,176.51,177.02,6131.0,176.716,48
2023-05-15 09:50:00-04:00,177.08,177.08,176.87,176.92,2893.0,176.973,20
2023-05-15 09:55:00-04:00,176.99,177.26,176.99,177.23,5017.0,177.074,29
2023-05-15 10:00:00-04:00,177.39,177.39,177.1,177.12,3398.0,177.245,28
2023-05-15 10:05:00-04:00,177.19,177.42,177.1,177.19,19369.0,177.249,62
2023-05-15 10:10:00-04:00,177.3,177.48,177.27,177.28,6820.0,177.42,47
2023-05-15 10:15:00-04:00,177.31,177.45,177.24,177.25,3240.0,177.367,27
2023-05-15 10:20:00-04:00,177.25,177.53,177.25,177.45,3927.0,177.374,37
2023-05-15 10:25:00-04:00,177.45,177.83,177.34,177.81,3310.0,177.607,33
2023-05-15 10:30:00-04:00,177.77,178.0,177.77,177.83,3378.0,177.886,30
2023-05-15 10:35:00-04:00,177.81,178.09,177.8,177.93,4434.0,177.96,38
2023-05-15 10:40:00-04:00,177.95,178.22,177.95,178.17,2947.0,178.106,24
2023-05-15 10:45:00-04:00,178.18,178.26,178.14,178.14,3100.0,178.194,20
2023-05-15 10:50:00-04:00,178.22,178.42,178.05,178.05,4005.0,178.27,35
2023-05-15 10:55:00-04:00,178.11,178.19,177.83,177.96,6088.0,177.991,56
2023-05-15 11:00:00-04:00,177.96,177.96,177.46,177.51,3834.0,177.742,32
2023-05-15 11:05:00-04:00,177.52,177.95,177.52,177.95,3577.0,177.744,30
2023-05-15 11:10:00-04:00,177.94,177.96,177.69,177.78,2312.0,177.819,21
2023-05-15 11:15:00-04:00,177.74,177.91,177.71,177.85,5493.0,177.822,52
2023-05-15 11:20:00-04:00,177.91,177.97,177.88,177.89,2600.0,177.91,25
2023-05-15 11:25:00-04:00,177.92,178.03,177.75,177.79,4406.0,177.878,31
2023-05-15 11:30:00-04:00,177.83,178.04,177.78,177.89,7530.0,177.893,69
2023-05-15 11:35:00-04:00,177.91,178.0,177.82,177.94,4300.0,177.931,41
2023-05-15 11:40:00-04:00,177.87,177.98,177.84,177.98,5077.0,177.905,40
2023-05-15 11:45:00-04:00,177.96,177.96,177.74,177.95,3136.0,177.849,30
2023-05-15 11:50:00-04:00,177.87,177.99,177.64,177.74,8062.0,177.83,73
2023-05-15 11:55:00-04:00,177.7,177.92,177.7,177.82,1800.0,177.829,17
2023-05-15 12:00:00-04:00,177.78,177.82,177.48,177.48,4693.0,177.654,34
2023-05-15 12:05:00-04:00,177.55,177.56,177.46,177.46,2900.0,177.518,27
2023-05-15 12:10:00-04:00,177.45,177.45,177.36,177.38,2600.0,177.408,25
2023-05-15 12:15:00-04:00,177.45,177.73,177.44,177.68,4538.0,177.554,43
2023-05-15 12:20:00-04:00,177.7,177.81,177.61,177.81,4130.0,177.692,30
2023-05-15 12:25:00-04:00,177.82,177.96,177.75,177.96,3002.0,177.832,29
2023-05-15 12:30:00-04:00,177.94,177.98,177.82,177.92,2735.0,177.902,23
2023-05-15 12:35:00-04:00,177.93,178.11,177.87,178.03,3621.0,178.015,33
2023-05-15 12:40:00-04:00,178.03,178.09,177.93,178.09,3572.0,178.006,30
2023-05-15 12:45:00-04:00,178.18,178.37,178.13,178.37,2490.0,178.215,22
2023-05-15 12:50:00-04:00,178.3,178.45,178.17,178.17,4125.0,178.31,37
2023-05-15 12:55:00-04:00,178.18,178.53,178.18,178.53,1933.0,178.348,18
2023-05-15 13:00:00-04:00,178.51,178.51,178.33,178.37,2659.0,178.404,25
2023-05-15 13:05:00-04:00,178.4,178.58,178.4,178.58,1900.0,178.484,15
2023-05-15 13:10:00-04:00,178.6,178.67,178.53,178.58,3600.0,178.588,32
2023-05-15 13:15:00-04:00,178.63,178.66,178.51,178.51,1991.0,178.612,17
2023-05-15 13:20:00-04:00,178.47,178.61,178.43,178.61,1900.0,178.494,19
2023-05-15 13:25:00-04:00,178.63,178.7,178.41,178.46,6232.0,178.624,53
2023-05-15 13:30:00-04:00,178.43,178.59,178.37,178.42,2635.0,178.455,25
2023-05-15 13:35:00-04:00,178.41,178.41,178.3,178.3,601.0,178.365,6
2023-05-15 13:40:00-04:00,178.2,178.22,177.94,177.96,2938.0,178.048,28
2023-05-15 13:45:00-04:00,177.91,177.91,177.76,177.76,1700.0,177.804,17
2023-05-15 13:50:00-04:00,177.77,177.89,177.74,177.88,1942.0,177.828,16
2023-05-15 13:55:00-04:00,177.89,177.95,177.87,177.92,3802.0,177.916,35
2023-05-15 14:00:00-04:00,177.93,178.12,177.93,177.95,4681.0,178.015,32
2023-05-15 14:05:00-04:00,177.94,178.02,177.89,177.91,6606.0,177.959,50
2023-05-15 14:10:00-04:00,177.92,178.16,177.91,178.03,3640.0,178.032,34
2023-05-15 14:15:00-04:00,178.07,178.09,177.8,177.8,6925.0,177.933,60
2023-05-15 14:20:00-04:00,177.82,177.83,177.66,177.7,2806.0,177.769,23
2023-05-15 14:25:00-04:00,177.7,177.8,177.66,177.68,3993.0,177.72,28
2023-05-15 14:30:00-04:00,177.67,177.76,177.62,177.74,6747.0,177.685,55
2023-05-15 14:35:00-04:00,177.74,177.8,177.36,177.48,6716.0,177.606,50
2023-05-15 14:40:00-04:00,177.44,177.61,177.43,177.58,7123.0,177.534,58
2023-05-15 14:45:00-04:00,177.59,177.76,177.58,177.72,3859.0,177.677,33
2023-05-15 14:50:00-04:00,177.74,177.82,177.65,177.72,5371.0,177.738,47
2023-05-15 14:55:00-04:00,177.72,177.75,177.58,177.72,5763.0,177.664,55
2023-05-15 15:00:00-04:00,177.74,177.99,177.74,177.89,5548.0,177.849,50
2023-05-15 15:05:00-04:00,177.94,177.96,177.82,177.88,3689.0,177.895,33
2023-05-15 15:10:00-04:00,177.9,178.07,177.89,178.05,12484.0,177.999,107
2023-05-15 15:15:00-04:00,178.09,178.15,177.99,178.07,7001.0,178.054,63
2023-05-15 15:20:00-04:00,178.03,178.14,178.0,178.12,5769.0,178.058,56
2023-05-15 15:25:00-04:00,178.12,178.17,178.05,178.05,6041.0,178.115,53
2023-05-15 15:30:00-04:00,178.05,178.21,178.03,178.1,5781.0,178.111,51
2023-05-15 15:35:00-04:00,178.12,178.39,178.09,178.38,10058.0,178.258,90
2023-05-15 15:40:00-04:00,178.39,178.44,178.25,178.38,12975.0,178.348,117
2023-05-15 15:45:00-04:00,178.39,178.6,178.35,178.49,16750.0,178.466,157
2023-05-15 15:50:00-04:00,178.47,178.55,178.28,178.28,23940.0,178.407,219
2023-05-15 15:55:00-04:00,178.27,178.29,178.07,178.19,85357.0,178.214,615
2023-05-16 09:30:00-04:00,177.09,177.22,176.01,176.54,10196.0,177.036,17
2023-05-16 09:35:00-04:00,176.28,176.41,176.28,176.41,1304.0,176.334,9
2023-05-16 09:40:00-04:00,176.5,177.08,176.25,176.84,6638.0,176.622,65
2023-05-16 09:45:00-04:00,176.97,177.21,176.38,176.5,8951.0,176.812,78
2023-05-16 09:50:00-04:00,176.57,176.65,176.0,176.42,6804.0,176.351,61
2023-05-16 09:55:00-04:00,176.32,176.42,176.12,176.18,12086.0,176.29,95
2023-05-16 10:00:00-04:00,176.18,176.24,175.92,176.07,20704.0,176.011,110
2023-05-16 10:05:00-04:00,176.0,176.25,175.42,175.42,10095.0,176.092,91
2023-05-16 10:10:00-04:00,175.46,175.46,174.89,175.06,8626.0,175.066,81
2023-05-16 10:15:00-04:00,174.95,174.96,174.43,174.52,14274.0,174.68,120
2023-05-16 10:20:00-04:00,174.59,174.6,174.15,174.17,15577.0,174.394,133
2023-05-16 10:25:00-04:00,174.17,174.53,174.11,174.4,17625.0,174.302,171
2023-05-16 10:30:00-04:00,174.35,174.51,174.12,174.22,12908.0,174.328,123
2023-05-16 10:35:00-04:00,174.24,174.41,173.87,173.96,17881.0,174.137,149
2023-05-16 10:40:00-04:00,173.92,174.07,173.83,174.06,6527.0,173.933,50
2023-05-16 10:45:00-04:00,174.12,174.32,173.93,174.01,12990.0,174.116,118
2023-05-16 10:50:00-04:00,174.03,174.2,173.75,173.75,19334.0,174.06,183
2023-05-16 10:55:00-04:00,173.71,173.88,173.27,173.35,6034.0,173.615,51
2023-05-16 11:00:00-04:00,173.42,173.75,173.35,173.74,8351.0,173.62,29
2023-05-16 11:05:00-04:00,173.69,173.71,173.44,173.59,5989.0,173.535,58
2023-05-16 11:10:00-04:00,173.6,173.74,173.41,173.49,13240.0,173.583,32
2023-05-16 11:15:00-04:00,173.51,173.56,173.4,173.56,3790.0,173.503,32
2023-05-16 11:20:00-04:00,173.64,173.65,173.27,173.51,5448.0,173.435,47
2023-05-16 11:25:00-04:00,173.51,173.62,173.39,173.62,3089.0,173.486,28
2023-05-16 11:30:00-04:00,173.73,173.8,173.44,173.51,4965.0,173.614,44
2023-05-16 11:35:00-04:00,173.52,173.58,173.32,173.51,4637.0,173.43,44
2023-05-16 11:40:00-04:00,173.51,173.62,173.45,173.59,3305.0,173.545,31
2023-05-16 11:45:00-04:00,173.66,173.77,173.62,173.73,2001.0,173.709,18
2023-05-16 11:50:00-04:00,173.84,173.95,173.7,173.77,3807.0,173.808,32
2023-05-16 11:55:00-04:00,173.8,174.01,173.72,173.92,2559.0,173.842,24
2023-05-16 12:00:00-04:00,173.96,174.01,173.67,173.78,2668.0,173.879,20
2023-05-16 12:05:00-04:00,173.77,173.89,173.75,173.89,2200.0,173.813,20
2023-05-16 12:10:00-04:00,173.89,174.05,173.83,174.05,4813.0,173.919,47
2023-05-16 12:15:00-04:00,174.05,174.11,173.76,173.9,4440.0,173.944,41
2023-05-16 12:20:00-04:00,173.84,173.95,173.83,173.84,9881.0,173.891,77
2023-05-16 12:25:00-04:00,173.87,174.0,173.86,173.96,4945.0,173.922,46
2023-05-16 12:30:00-04:00,174.0,174.09,173.93,173.94,10111.0,174.008,90
2023-05-16 12:35:00-04:00,173.97,174.08,173.97,174.08,7072.0,174.018,64
2023-05-16 12:40:00-04:00,174.08,174.2,173.88,174.12,14198.0,174.034,118
2023-05-16 12:45:00-04:00,174.13,174.17,173.69,173.77,4539.0,173.959,40
2023-05-16 12:50:00-04:00,173.82,174.03,173.77,174.03,7075.0,173.93,62
2023-05-16 12:55:00-04:00,174.03,174.1,173.9,173.94,3799.0,174.027,33
2023-05-16 13:00:00-04:00,174.0,174.05,173.98,174.0,2304.0,174.002,23
2023-05-16 13:05:00-04:00,173.92,174.09,173.92,173.98,4122.0,174.002,37
2023-05-16 13:10:00-04:00,174.02,174.05,173.9,174.02,2200.0,173.995,22
2023-05-16 13:15:00-04:00,174.04,174.04,173.9,173.94,1800.0,173.962,18
2023-05-16 13:20:00-04:00,173.93,174.02,173.89,173.89,3401.0,173.96,33
2023-05-16 13:25:00-04:00,173.83,173.98,173.8,173.81,2868.0,173.88,25
2023-05-16 13:30:00-04:00,173.83,173.93,173.65,173.92,4044.0,173.789,32
2023-05-16 13:35:00-04:00,173.83,173.97,173.8,173.83,1637.0,173.854,14
2023-05-16 13:40:00-04:00,173.79,173.98,173.74,173.74,2204.0,173.849,22
2023-05-16 13:45:00-04:00,173.79,173.93,173.73,173.93,3123.0,173.842,29
2023-05-16 13:50:00-04:00,173.97,174.03,173.93,173.97,3527.0,173.979,30
2023-05-16 13:55:00-04:00,173.93,174.04,173.85,173.95,3330.0,173.949,31
2023-05-16 14:00:00-04:00,174.01,174.01,173.66,173.71,6974.0,173.744,34
2023-05-16 14:05:00-04:00,173.66,173.72,173.48,173.66,5530.0,173.638,53
2023-05-16 14:10:00-04:00,173.71,173.82,173.6,173.71,3406.0,173.693,34
2023-05-16 14:15:00-04:00,173.72,173.86,173.69,173.79,4882.0,173.788,45
2023-05-16 14:20:00-04:00,173.8,173.82,173.59,173.64,3400.0,173.68,33
2023-05-16 14:25:00-04:00,173.61,173.62,173.51,173.58,5172.0,173.575,49
2023-05-16 14:30:00-04:00,173.55,173.57,173.48,173.53,6810.0,173.535,61
2023-05-16 14:35:00-04:00,173.53,173.78,173.51,173.63,5113.0,173.682,47
2023-05-16 14:40:00-04:00,173.64,173.65,173.42,173.44,5116.0,173.526,41
2023-05-16 14:45:00-04:00,173.44,173.47,173.39,173.41,2200.0,173.426,21
2023-05-16 14:50:00-04:00,173.37,173.57,173.35,173.46,10321.0,173.437,91
2023-05-16 14:55:00-04:00,173.47,173.6,173.23,173.37,9090.0,173.444,87
2023-05-16 15:00:00-04:00,173.42,173.66,173.41,173.61,9331.0,173.577,83
2023-05-16 15:05:00-04:00,173.6,173.62,173.38,173.38,4001.0,173.509,39
2023-05-16 15:10:00-04:00,173.41,173.62,173.31,173.33,5465.0,173.488,51
2023-05-16 15:15:00-04:00,173.33,173.34,173.18,173.18,7488.0,173.269,53
2023-05-16 15:20:00-04:00,173.15,173.43,173.1,173.43,6519.0,173.255,63
2023-05-16 15:25:00-04:00,173.55,173.83,173.55,173.8,3265.0,173.684,31
2023-05-16 15:30:00-04:00,173.8,174.01,173.79,173.99,8501.0,173.906,77
2023-05-16 15:35:00-04:00,173.99,174.0,173.86,173.91,7568.0,173.926,66
2023-05-16 15:40:00-04:00,173.9,173.94,173.71,173.72,15179.0,173.85,124
2023-05-16 15:45:00-04:00,173.71,173.71,173.31,173.33,24452.0,173.393,180
2023-05-16 15:50:00-04:00,173.19,173.26,172.88,173.02,26851.0,173.022,209
2023-05-16 15:55:00-04:00,173.0,173.17,172.74,172.84,69549.0,172.988,481
2023-05-17 09:30:00-04:00,173.64,173.84,173.11,173.13,17866.0,173.557,37
2023-05-17 09:35:00-04:00,173.05,173.22,172.67,172.83,9185.0,172.984,68
2023-05-17 09:40:00-04:00,172.75,173.06,172.73,173.05,7717.0,172.955,43
2023-05-17 09:45:00-04:00,172.99,173.35,172.91,173.05,11296.0,173.139,88
2023-05-17 09:50:00-04:00,173.18,173.18,172.58,172.81,8073.0,172.852,77
2023-05-17 09:55:00-04:00,172.78,173.12,172.78,173.06,5800.0,172.982,57
2023-05-17 10:00:00-04:00,173.08,173.18,172.89,173.16,12587.0,173.007,94
2023-05-17 10:05:00-04:00,173.19,173.79,173.19,173.66,8231.0,173.537,74
2023-05-17 10:10:00-04:00,173.64,173.78,173.57,173.67,8405.0,173.632,68
2023-05-17 10:15:00-04:00,173.65,173.82,173.39,173.5,6399.0,173.633,41
2023-05-17 10:20:00-04:00,173.4,173.79,173.39,173.61,6240.0,173.554,53
2023-05-17 10:25:00-04:00,173.61,173.82,173.56,173.68,7282.0,173.679,61
2023-05-17 10:30:00-04:00,173.74,173.85,173.61,173.84,8595.0,173.748,60
2023-05-17 10:35:00-04:00,173.85,174.0,173.81,173.94,7610.0,173.892,46
2023-05-17 10:40:00-04:00,173.87,174.0,173.76,174.0,8471.0,173.879,59
2023-05-17 10:45:00-04:00,174.05,174.14,173.89,174.1,17696.0,174.01,72
2023-05-17 10:50:00-04:00,174.11,174.65,173.99,174.59,9895.0,174.268,75
2023-05-17 10:55:00-04:00,174.71,175.24,174.62,174.83,14477.0,175.018,72
2023-05-17 11:00:00-04:00,174.86,175.01,174.71,174.8,14645.0,174.836,74
2023-05-17 11:05:00-04:00,174.86,175.15,174.8,174.89,5537.0,174.963,41
2023-05-17 11:10:00-04:00,174.84,174.86,174.55,174.62,4299.0,174.685,26
2023-05-17 11:15:00-04:00,174.56,174.95,174.51,174.75,12295.0,174.695,91
2023-05-17 11:20:00-04:00,174.67,174.75,174.36,174.53,3822.0,174.511,31
2023-05-17 11:25:00-04:00,174.56,174.99,174.48,174.99,1600.0,174.739,12
2023-05-17 11:30:00-04:00,175.08,175.17,175.04,175.14,2085.0,175.104,20
2023-05-17 11:35:00-04:00,175.05,175.12,174.94,175.12,1783.0,175.013,14
2023-05-17 11:40:00-04:00,175.11,175.27,175.06,175.09,5867.0,175.169,44
2023-05-17 11:45:00-04:00,175.09,175.09,174.64,174.65,7320.0,174.851,55
2023-05-17 11:50:00-04:00,174.7,174.7,174.44,174.49,18489.0,174.589,111
2023-05-17 11:55:00-04:00,174.47,174.82,174.3,174.74,25958.0,174.476,165
2023-05-17 12:00:00-04:00,174.74,174.84,174.72,174.83,3191.0,174.787,29
2023-05-17 12:05:00-04:00,174.86,174.87,174.73,174.87,1172.0,174.805,10
2023-05-17 12:10:00-04:00,174.92,174.96,174.92,174.93,480.0,174.93,4
2023-05-17 12:15:00-04:00,174.98,175.11,174.96,175.03,3465.0,175.027,22
2023-05-17 12:20:00-04:00,175.07,175.1,174.83,174.83,8247.0,174.981,43
2023-05-17 12:25:00-04:00,174.77,174.81,174.61,174.68,12156.0,174.693,93
2023-05-17 12:30:00-04:00,174.68,174.96,174.58,174.76,6681.0,174.753,57
2023-05-17 12:35:00-04:00,174.76,175.2,174.76,175.2,3858.0,174.891,30
2023-05-17 12:40:00-04:00,175.19,175.19,174.96,174.97,2688.0,175.09,23
2023-05-17 12:45:00-04:00,175.01,175.18,174.99,174.99,9299.0,175.036,57
2023-05-17 12:50:00-04:00,175.0,175.09,174.85,175.09,2648.0,174.951,24
2023-05-17 12:55:00-04:00,175.2,175.2,174.94,175.06,6317.0,175.07,50
2023-05-17 13:00:00-04:00,175.12,175.59,175.05,175.51,18480.0,175.292,67
2023-05-17 13:05:00-04:00,175.5,175.78,175.47,175.7,7384.0,175.615,38
2023-05-17 13:10:00-04:00,175.72,175.73,175.52,175.65,9159.0,175.614,75
2023-05-17 13:15:00-04:00,175.66,175.66,175.49,175.5,4979.0,175.594,32
2023-05-17 13:20:00-04:00,175.55,175.95,175.55,175.77,2208.0,175.71,19
2023-05-17 13:25:00-04:00,175.81,175.82,175.63,175.65,2993.0,175.718,27
2023-05-17 13:30:00-04:00,175.7,175.71,175.57,175.67,15041.0,175.653,93
2023-05-17 13:35:00-04:00,175.66,175.85,175.45,175.85,13575.0,175.587,96
2023-05-17 13:40:00-04:00,175.84,176.0,175.76,175.9,3586.0,175.864,35
2023-05-17 13:45:00-04:00,175.91,175.99,175.78,175.96,2050.0,175.924,17
2023-05-17 13:50:00-04:00,176.07,176.14,175.99,175.99,3324.0,176.057,28
2023-05-17 13:55:00-04:00,176.06,176.31,176.05,176.21,8538.0,176.195,51
2023-05-17 14:00:00-04:00,176.28,176.29,175.99,175.99,3249.0,176.178,29
2023-05-17 14:05:00-04:00,175.95,175.95,175.63,175.72,2310.0,175.851,22
2023-05-17 14:10:00-04:00,175.83,175.98,175.72,175.72,4433.0,175.852,39
2023-05-17 14:15:00-04:00,175.62,175.66,175.47,175.61,1901.0,175.564,17
2023-05-17 14:20:00-04:00,175.58,175.58,175.25,175.37,7619.0,175.403,73
2023-05-17 14:25:00-04:00,175.31,175.33,175.13,175.2,9824.0,175.205,84
2023-05-17 14:30:00-04:00,175.29,175.36,175.03,175.17,9327.0,175.155,80
2023-05-17 14:35:00-04:00,175.26,175.51,175.25,175.39,2710.0,175.368,23
2023-05-17 14:40:00-04:00,175.43,175.53,175.28,175.38,13791.0,175.388,91
2023-05-17 14:45:00-04:00,175.38,175.45,175.25,175.39,13808.0,175.349,96
2023-05-17 14:50:00-04:00,175.41,175.41,175.01,175.2,13361.0,175.162,92
2023-05-17 14:55:00-04:00,175.2,175.21,174.66,174.75,18233.0,174.852,112
2023-05-17 15:00:00-04:00,174.8,175.08,174.75,174.94,14531.0,174.92,124
2023-05-17 15:05:00-04:00,174.88,175.11,174.83,175.08,22844.0,174.975,157
2023-05-17 15:10:00-04:00,175.07,175.11,174.86,175.1,14279.0,174.962,101
2023-05-17 15:15:00-04:00,175.18,175.46,175.18,175.22,10515.0,175.348,76
2023-05-17 15:20:00-04:00,175.21,175.22,174.93,174.99,5534.0,175.075,51
2023-05-17 15:25:00-04:00,174.93,175.11,174.87,174.94,9654.0,174.959,60
2023-05-17 15:30:00-04:00,174.96,175.04,174.88,174.89,8240.0,174.95,79
2023-05-17 15:35:00-04:00,174.86,175.01,174.81,174.96,15274.0,174.888,118
2023-05-17 15:40:00-04:00,174.9,175.17,174.8,175.03,15406.0,175.001,130
2023-05-17 15:45:00-04:00,174.99,175.22,174.98,175.18,16923.0,175.102,130
2023-05-17 15:50:00-04:00,175.21,175.29,174.92,175.03,34446.0,175.077,260
2023-05-17 15:55:00-04:00,175.04,175.21,174.85,175.01,56116.0,174.98,395
2023-05-18 09:30:00-04:00,174.0,174.0,173.51,173.58,27589.0,173.983,14
2023-05-18 09:35:00-04:00,173.37,173.76,173.29,173.5,8151.0,173.515,72
2023-05-18 09:40:00-04:00,173.38,173.73,173.26,173.38,8521.0,173.415,58
2023-05-18 09:45:00-04:00,173.35,173.49,172.54,172.59,14503.0,172.756,132
2023-05-18 09:50:00-04:00,172.51,173.15,172.41,173.08,23126.0,172.907,96
2023-05-18 09:55:00-04:00,173.12,173.57,173.04,173.49,7680.0,173.244,48
2023-05-18 10:00:00-04:00,173.61,173.67,173.44,173.44,9755.0,173.539,73
2023-05-18 10:05:00-04:00,173.51,173.78,173.51,173.59,16779.0,173.654,146
2023-05-18 10:10:00-04:00,173.59,173.84,173.59,173.64,7967.0,173.744,47
2023-05-18 10:15:00-04:00,173.66,174.08,173.65,173.96,10789.0,173.887,101
2023-05-18 10:20:00-04:00,173.96,174.31,173.96,174.31,11906.0,174.137,87
2023-05-18 10:25:00-04:00,174.27,174.29,174.11,174.19,3063.0,174.207,28
2023-05-18 10:30:00-04:00,174.21,174.72,174.16,174.67,28546.0,174.374,81
2023-05-18 10:35:00-04:00,174.69,174.76,174.43,174.7,14207.0,174.659,126
2023-05-18 10:40:00-04:00,174.69,174.76,174.43,174.65,21186.0,174.579,133
2023-05-18 10:45:00-04:00,174.67,174.82,174.62,174.64,12766.0,174.725,124
2023-05-18 10:50:00-04:00,174.66,174.76,174.47,174.7,10074.0,174.648,93
2023-05-18 10:55:00-04:00,174.7,174.97,174.67,174.97,17824.0,174.785,154
2023-05-18 11:00:00-04:00,175.03,175.25,174.95,175.11,19576.0,175.118,179
2023-05-18 11:05:00-04:00,175.14,175.16,175.01,175.03,12791.0,175.061,95
2023-05-18 11:10:00-04:00,175.04,175.04,174.63,174.77,5371.0,174.833,44
2023-05-18 11:15:00-04:00,174.71,174.95,174.7,174.78,4095.0,174.821,34
2023-05-18 11:20:00-04:00,174.73,174.85,174.48,174.58,5710.0,174.676,52
2023-05-18 11:25:00-04:00,174.55,174.56,174.4,174.47,3675.0,174.483,28
2023-05-18 11:30:00-04:00,174.5,174.62,174.22,174.28,9273.0,174.417,85
2023-05-18 11:35:00-04:00,174.22,174.33,173.99,173.99,12318.0,174.157,111
2023-05-18 11:40:00-04:00,173.99,174.51,173.92,174.51,18217.0,174.082,72
2023-05-18 11:45:00-04:00,174.47,174.86,174.46,174.76,4173.0,174.644,37
2023-05-18 11:50:00-04:00,174.72,174.85,174.55,174.55,2969.0,174.679,29
2023-05-18 11:55:00-04:00,174.56,174.82,174.1,174.25,8549.0,174.477,78
2023-05-18 12:00:00-04:00,174.27,174.31,174.02,174.02,2470.0,174.186,23
2023-05-18 12:05:00-04:00,174.03,174.04,173.76,173.78,3504.0,173.913,35
2023-05-18 12:10:00-04:00,173.75,174.0,173.7,173.7,5900.0,173.857,57
2023-05-18 12:15:00-04:00,173.68,173.9,173.52,173.9,3523.0,173.692,31
2023-05-18 12:20:00-04:00,173.79,173.92,173.64,173.89,3232.0,173.759,31
2023-05-18 12:25:00-04:00,173.87,174.0,173.72,173.98,25993.0,173.789,37
2023-05-18 12:30:00-04:00,174.13,174.32,174.13,174.15,3130.0,174.206,29
2023-05-18 12:35:00-04:00,174.27,174.27,173.92,173.92,2084.0,174.069,20
2023-05-18 12:40:00-04:00,173.89,174.03,173.89,173.98,1831.0,173.958,18
2023-05-18 12:45:00-04:00,174.08,174.17,174.06,174.15,1200.0,174.118,12
2023-05-18 12:50:00-04:00,174.05,174.13,173.86,173.87,3010.0,173.998,30
2023-05-18 12:55:00-04:00,173.97,173.97,173.79,173.93,7106.0,173.928,29
2023-05-18 13:00:00-04:00,174.0,174.12,173.89,173.93,2820.0,173.959,19
2023-05-18 13:05:00-04:00,173.89,173.92,173.82,173.82,1334.0,173.87,12
2023-05-18 13:10:00-04:00,173.79,173.95,173.77,173.86,4206.0,173.84,25
2023-05-18 13:15:00-04:00,173.82,174.03,173.8,174.03,2301.0,173.881,22
2023-05-18 13:20:00-04:00,174.09,174.13,173.86,173.92,3109.0,173.961,28
2023-05-18 13:25:00-04:00,173.94,173.97,173.41,173.41,7156.0,173.787,69
2023-05-18 13:30:00-04:00,173.72,173.79,173.47,173.58,2300.0,173.626,22
2023-05-18 13:35:00-04:00,173.59,173.61,173.28,173.32,5842.0,173.459,49
2023-05-18 13:40:00-04:00,173.31,173.38,173.09,173.15,5595.0,173.279,30
2023-05-18 13:45:00-04:00,173.09,173.27,173.01,173.25,1859.0,173.139,18
2023-05-18 13:50:00-04:00,173.28,173.32,173.09,173.09,1699.0,173.229,16
2023-05-18 13:55:00-04:00,173.09,173.09,172.74,172.99,5394.0,172.938,45
2023-05-18 14:00:00-04:00,173.02,173.14,172.91,172.91,5086.0,173.003,41
2023-05-18 14:05:00-04:00,172.95,172.99,172.75,172.97,19424.0,172.943,72
2023-05-18 14:10:00-04:00,172.96,172.99,172.81,172.88,4654.0,172.891,24
2023-05-18 14:15:00-04:00,172.98,173.22,172.9,173.16,6974.0,173.056,39
2023-05-18 14:20:00-04:00,173.27,173.39,173.2,173.26,8077.0,173.288,52
2023-05-18 14:25:00-04:00,173.31,173.7,173.27,173.59,15461.0,173.471,70
2023-05-18 14:30:00-04:00,173.79,174.29,173.79,174.28,6517.0,173.997,41
2023-05-18 14:35:00-04:00,174.17,174.34,174.12,174.22,7158.0,174.204,44
2023-05-18 14:40:00-04:00,174.21,174.21,173.95,174.06,3786.0,174.073,34
2023-05-18 14:45:00-04:00,173.94,174.07,173.84,174.05,6421.0,173.967,52
2023-05-18 14:50:00-04:00,174.06,174.12,173.76,173.77,2314.0,173.981,17
2023-05-18 14:55:00-04:00,173.73,173.88,173.73,173.88,7141.0,173.804,57
2023-05-18 15:00:00-04:00,173.9,174.05,173.81,173.83,4767.0,173.95,45
2023-05-18 15:05:00-04:00,173.82,174.12,173.79,174.12,3450.0,173.957,31
2023-05-18 15:10:00-04:00,174.07,174.23,174.06,174.06,8345.0,174.123,59
2023-05-18 15:15:00-04:00,174.15,174.49,174.07,174.49,4658.0,174.271,43
2023-05-18 15:20:00-04:00,174.53,174.7,174.48,174.63,6987.0,174.597,64
2023-05-18 15:25:00-04:00,174.61,174.73,174.58,174.61,4821.0,174.636,43
2023-05-18 15:30:00-04:00,174.6,174.68,174.54,174.67,6343.0,174.628,58
2023-05-18 15:35:00-04:00,174.66,174.71,174.52,174.63,14215.0,174.609,104
2023-05-18 15:40:00-04:00,174.63,174.93,174.55,174.93,16720.0,174.729,114
2023-05-18 15:45:00-04:00,174.95,175.19,174.9,175.13,23754.0,175.052,151
2023-05-18 15:50:00-04:00,175.16,175.53,175.07,175.13,48303.0,175.282,372
2023-05-18 15:55:00-04:00,175.15,175.39,175.04,175.2,99957.0,175.207,729
2023-05-19 09:30:00-04:00,176.66,176.66,176.66,176.66,400.0,176.66,4
2023-05-19 09:35:00-04:00,176.71,177.19,175.33,175.72,41375.0,176.62,51
2023-05-19 09:40:00-04:00,176.0,176.14,175.29,175.61,9494.0,175.783,84
2023-05-19 09:45:00-04:00,175.69,176.39,175.58,176.38,7536.0,175.999,67
2023-05-19 09:50:00-04:00,176.34,176.89,176.22,176.68,8863.0,176.479,73
2023-05-19 09:55:00-04:00,176.66,176.74,176.16,176.35,18980.0,176.502,150
2023-05-19 10:00:00-04:00,176.4,176.54,176.08,176.18,10212.0,176.348,92
2023-05-19 10:05:00-04:00,176.1,176.34,175.92,176.06,25324.0,176.11,151
2023-05-19 10:10:00-04:00,176.04,176.47,175.79,176.3,24694.0,176.062,169
2023-05-19 10:15:00-04:00,176.53,176.7,176.13,176.27,5675.0,176.47,47
2023-05-19 10:20:00-04:00,176.32,176.45,175.96,176.05,5221.0,176.274,45
2023-05-19 10:25:00-04:00,176.02,176.02,175.79,175.93,1852.0,175.908,17
2023-05-19 10:30:00-04:00,176.02,176.02,175.6,175.6,5607.0,175.832,47
2023-05-19 10:35:00-04:00,175.63,175.63,174.98,174.98,6336.0,175.223,40
2023-05-19 10:40:00-04:00,174.97,175.23,174.89,175.12,10512.0,175.051,86
2023-05-19 10:45:00-04:00,175.2,175.2,174.82,174.82,9321.0,175.075,79
2023-05-19 10:50:00-04:00,174.82,175.23,174.78,175.2,5277.0,174.996,34
2023-05-19 10:55:00-04:00,175.15,175.19,174.75,174.9,6307.0,174.964,49
2023-05-19 11:00:00-04:00,174.9,175.17,174.9,175.14,4474.0,175.003,31
2023-05-19 11:05:00-04:00,175.16,175.16,174.46,174.47,2728.0,174.893,27
2023-05-19 11:10:00-04:00,174.54,174.63,174.02,174.04,9084.0,174.277,85
2023-05-19 11:15:00-04:00,174.01,174.18,173.62,173.62,5624.0,173.973,51
2023-05-19 11:20:00-04:00,173.86,174.16,173.74,173.74,3096.0,174.038,26
2023-05-19 11:25:00-04:00,173.76,173.98,173.29,173.29,2699.0,173.716,25
2023-05-19 11:30:00-04:00,173.21,173.41,173.1,173.26,6326.0,173.201,53
2023-05-19 11:35:00-04:00,173.18,173.21,172.52,172.75,5702.0,172.834,46
2023-05-19 11:40:00-04:00,172.73,173.35,172.7,173.27,19059.0,172.988,142
2023-05-19 11:45:00-04:00,173.19,173.62,173.18,173.21,14588.0,173.352,121
2023-05-19 11:50:00-04:00,173.2,173.33,172.94,173.13,18223.0,173.121,140
2023-05-19 11:55:00-04:00,173.13,173.38,172.87,173.22,7616.0,173.048,67
2023-05-19 12:00:00-04:00,173.22,173.35,172.68,172.68,6877.0,172.946,56
2023-05-19 12:05:00-04:00,172.82,172.84,172.6,172.79,3268.0,172.75,31
2023-05-19 12:10:00-04:00,172.81,173.0,172.7,172.75,7114.0,172.775,64
2023-05-19 12:15:00-04:00,172.75,173.03,172.53,172.91,2541.0,172.814,22
2023-05-19 12:20:00-04:00,173.01,173.18,173.01,173.15,2200.0,173.123,22
2023-05-19 12:25:00-04:00,173.16,173.16,172.88,172.88,2851.0,172.997,28
2023-05-19 12:30:00-04:00,172.86,172.86,172.36,172.5,5658.0,172.573,53
2023-05-19 12:35:00-04:00,172.5,172.71,172.48,172.59,5016.0,172.582,45
2023-05-19 12:40:00-04:00,172.53,172.67,172.43,172.51,5969.0,172.561,40
2023-05-19 12:45:00-04:00,172.71,172.86,172.52,172.68,7911.0,172.71,67
2023-05-19 12:50:00-04:00,172.67,172.83,172.65,172.83,5348.0,172.729,48
2023-05-19 12:55:00-04:00,172.79,172.83,172.48,172.63,3682.0,172.63,35
2023-05-19 13:00:00-04:00,172.58,172.92,172.58,172.92,4236.0,172.774,38
2023-05-19 13:05:00-04:00,172.8,172.92,172.56,172.56,3849.0,172.757,34
2023-05-19 13:10:00-04:00,172.59,172.61,172.45,172.59,3589.0,172.553,33
2023-05-19 13:15:00-04:00,172.57,172.9,172.54,172.74,3300.0,172.66,30
2023-05-19 13:20:00-04:00,172.72,172.76,172.59,172.76,3251.0,172.682,28
2023-05-19 13:25:00-04:00,172.7,172.7,172.44,172.59,3595.0,172.572,31
2023-05-19 13:30:00-04:00,172.56,172.83,172.56,172.83,5028.0,172.687,45
2023-05-19 13:35:00-04:00,172.87,173.03,172.82,173.02,9680.0,172.934,81
2023-05-19 13:40:00-04:00,173.0,173.05,172.85,173.05,8084.0,172.983,72
2023-05-19 13:45:00-04:00,172.97,173.13,172.9,173.03,4406.0,172.981,40
2023-05-19 13:50:00-04:00,173.0,173.34,173.0,173.3,4638.0,173.154,42
2023-05-19 13:55:00-04:00,173.33,173.33,172.89,172.97,7682.0,173.151,58
2023-05-19 14:00:00-04:00,173.03,173.03,172.5,172.5,7650.0,172.755,53
2023-05-19 14:05:00-04:00,172.45,172.59,172.37,172.52,13625.0,172.52,108
2023-05-19 14:10:00-04:00,172.45,172.53,172.31,172.35,8734.0,172.412,78
2023-05-19 14:15:00-04:00,172.34,172.57,172.17,172.5,8796.0,172.329,78
2023-05-19 14:20:00-04:00,172.61,172.68,172.5,172.65,4068.0,172.594,32
2023-05-19 14:25:00-04:00,172.67,173.1,172.6,172.82,179218.0,172.613,62
2023-05-19 14:30:00-04:00,172.81,173.14,172.71,173.08,57519.0,173.05,90
2023-05-19 14:35:00-04:00,173.13,173.39,173.0,173.28,45823.0,173.126,90
2023-05-19 14:40:00-04:00,173.28,173.58,173.26,173.56,8280.0,173.437,71
2023-05-19 14:45:00-04:00,173.58,173.59,173.34,173.36,7115.0,173.467,67
2023-05-19 14:50:00-04:00,173.41,173.66,173.29,173.66,9300.0,173.428,88
2023-05-19 14:55:00-04:00,173.77,173.83,173.67,173.83,2777.0,173.769,25
2023-05-19 15:00:00-04:00,173.83,173.98,173.83,173.91,4517.0,173.892,40
2023-05-19 15:05:00-04:00,173.87,173.87,173.58,173.64,6687.0,173.742,61
2023-05-19 15:10:00-04:00,173.55,173.71,173.53,173.68,35819.0,173.547,50
2023-05-19 15:15:00-04:00,173.61,173.65,173.48,173.53,6030.0,173.586,59
2023-05-19 15:20:00-04:00,173.53,173.65,173.4,173.61,6360.0,173.513,61
2023-05-19 15:25:00-04:00,173.56,173.62,173.34,173.34,6463.0,173.462,64
2023-05-19 15:30:00-04:00,173.38,173.38,173.16,173.3,7680.0,173.248,73
2023-05-19 15:35:00-04:00,173.3,173.55,173.29,173.52,7667.0,173.396,72
2023-05-19 15:40:00-04:00,173.45,173.6,173.44,173.6,6287.0,173.516,60
2023-05-19 15:45:00-04:00,173.58,173.63,173.48,173.53,13827.0,173.542,127
2023-05-19 15:50:00-04:00,173.53,173.53,173.26,173.36,25860.0,173.377,211
2023-05-19 15:55:00-04:00,173.37,173.44,173.12,173.28,81435.0,173.275,574
2023-05-22 09:30:00-04:00,173.6,174.06,172.4,173.28,109151.0,173.756,93
2023-05-22 09:35:00-04:00,173.14,173.99,173.09,173.7,8794.0,173.461,78
2023-05-22 09:40:00-04:00,173.52,173.74,172.49,172.55,10719.0,173.437,80
2023-05-22 09:45:00-04:00,172.47,172.78,171.87,171.98,4350.0,172.412,31
2023-05-22 09:50:00-04:00,171.86,172.2,171.64,171.82,7309.0,171.976,62
2023-05-22 09:55:00-04:00,171.98,172.01,171.22,171.24,7851.0,171.566,74
2023-05-22 10:00:00-04:00,171.3,171.31,170.81,171.15,10560.0,170.973,84
2023-05-22 10:05:00-04:00,171.22,171.27,170.33,170.37,6990.0,170.884,62
2023-05-22 10:10:00-04:00,170.52,171.29,170.43,171.28,6656.0,170.869,46
2023-05-22 10:15:00-04:00,171.36,171.36,171.15,171.31,5330.0,171.256,41
2023-05-22 10:20:00-04:00,171.35,171.41,171.1,171.27,4372.0,171.278,38
2023-05-22 10:25:00-04:00,171.26,171.49,171.01,171.42,7737.0,171.301,63
2023-05-22 10:30:00-04:00,171.34,171.4,170.95,171.03,5593.0,171.197,52
2023-05-22 10:35:00-04:00,171.05,171.27,170.9,170.98,6367.0,171.089,60
2023-05-22 10:40:00-04:00,171.07,171.15,170.93,170.97,3645.0,171.027,36
2023-05-22 10:45:00-04:00,170.98,171.12,170.77,170.94,33569.0,170.949,37
2023-05-22 10:50:00-04:00,170.94,171.01,170.79,170.79,2549.0,170.923,24
2023-05-22 10:55:00-04:00,170.73,170.79,170.51,170.77,19521.0,170.639,188
2023-05-22 11:00:00-04:00,170.8,171.37,170.8,171.35,4626.0,171.11,42
2023-05-22 11:05:00-04:00,171.46,172.0,171.43,171.93,7125.0,171.746,67
2023-05-22 11:10:00-04:00,171.99,172.02,171.78,171.92,13713.0,171.891,115
2023-05-22 11:15:00-04:00,171.93,172.35,171.93,172.33,8015.0,172.05,28
2023-05-22 11:20:00-04:00,172.39,172.58,172.05,172.14,12147.0,172.358,108
2023-05-22 11:25:00-04:00,172.13,172.18,171.99,172.06,6580.0,172.093,58
2023-05-22 11:30:00-04:00,172.15,172.15,171.79,171.99,85369.0,171.89,57
2023-05-22 11:35:00-04:00,171.95,171.95,171.68,171.68,4878.0,171.84,44
2023-05-22 11:40:00-04:00,171.75,171.75,171.55,171.68,3533.0,171.644,24
2023-05-22 11:45:00-04:00,171.6,171.81,171.55,171.81,3300.0,171.667,32
2023-05-22 11:50:00-04:00,171.79,172.04,171.78,171.91,4966.0,171.937,42
2023-05-22 11:55:00-04:00,171.96,172.08,171.85,171.9,5290.0,171.987,50
2023-05-22 12:00:00-04:00,171.81,172.1,171.8,172.01,6009.0,172.001,54
2023-05-22 12:05:00-04:00,171.94,171.94,171.72,171.72,1805.0,171.822,17
2023-05-22 12:10:00-04:00,171.8,171.89,171.67,171.89,4870.0,171.738,44
2023-05-22 12:15:00-04:00,171.92,171.94,171.75,171.85,2614.0,171.861,23
2023-05-22 12:20:00-04:00,171.84,171.85,171.6,171.61,3208.0,171.742,30
2023-05-22 12:25:00-04:00,171.59,171.65,171.51,171.51,3498.0,171.596,32
2023-05-22 12:30:00-04:00,171.51,171.64,171.33,171.38,3152.0,171.503,27
2023-05-22 12:35:00-04:00,171.48,171.61,171.43,171.49,3097.0,171.532,28
2023-05-22 12:40:00-04:00,171.55,171.69,171.48,171.65,1700.0,171.583,16
2023-05-22 12:45:00-04:00,171.64,171.72,171.58,171.62,2330.0,171.636,22
2023-05-22 12:50:00-04:00,171.71,171.82,171.68,171.68,2067.0,171.75,20
2023-05-22 12:55:00-04:00,171.68,171.79,171.62,171.66,2769.0,171.712,22
2023-05-22 13:00:00-04:00,171.74,171.9,171.72,171.81,2900.0,171.801,27
2023-05-22 13:05:00-04:00,171.8,172.04,171.7,171.88,2480.0,171.895,18
2023-05-22 13:10:00-04:00,171.84,171.91,171.41,171.46,10330.0,171.717,61
2023-05-22 13:15:00-04:00,171.43,171.7,171.37,171.7,1684.0,171.53,16
2023-05-22 13:20:00-04:00,171.83,171.83,171.67,171.68,3557.0,171.734,22
2023-05-22 13:25:00-04:00,171.7,171.7,171.48,171.6,4600.0,171.599,45
2023-05-22 13:30:00-04:00,171.56,171.62,171.36,171.36,16110.0,171.546,38
2023-05-22 13:35:00-04:00,171.39,171.39,171.27,171.33,3121.0,171.343,22
2023-05-22 13:40:00-04:00,171.38,171.48,171.38,171.47,1901.0,171.418,17
2023-05-22 13:45:00-04:00,171.53,171.53,171.38,171.5,2602.0,171.449,24
2023-05-22 13:50:00-04:00,171.48,171.53,171.41,171.42,1810.0,171.461,15
2023-05-22 13:55:00-04:00,171.37,171.58,171.32,171.33,2982.0,171.45,27
2023-05-22 14:00:00-04:00,171.31,171.36,171.24,171.35,2516.0,171.293,24
2023-05-22 14:05:00-04:00,171.35,171.46,171.24,171.41,5793.0,171.352,49
2023-05-22 14:10:00-04:00,171.38,171.47,171.37,171.44,1223.0,171.42,10
2023-05-22 14:15:00-04:00,171.54,171.73,171.5,171.62,5250.0,171.665,42
2023-05-22 14:20:00-04:00,171.68,171.79,171.58,171.61,4324.0,171.679,41
2023-05-22 14:25:00-04:00,171.61,171.82,171.61,171.81,2756.0,171.711,23
2023-05-22 14:30:00-04:00,171.77,171.8,171.59,171.59,3888.0,171.68,32
2023-05-22 14:35:00-04:00,171.6,171.6,171.31,171.31,3939.0,171.446,37
2023-05-22 14:40:00-04:00,171.28,171.31,171.16,171.24,5928.0,171.243,53
2023-05-22 14:45:00-04:00,171.25,171.32,171.21,171.27,5105.0,171.266,48
2023-05-22 14:50:00-04:00,171.31,171.53,171.29,171.36,5750.0,171.416,50
2023-05-22 14:55:00-04:00,171.32,171.32,171.06,171.26,3403.0,171.186,27
2023-05-22 15:00:00-04:00,171.24,171.35,171.2,171.2,7374.0,171.254,54
2023-05-22 15:05:00-04:00,171.19,171.23,171.09,171.1,4629.0,171.169,42
2023-05-22 15:10:00-04:00,171.09,171.17,170.94,171.01,5902.0,171.04,55
2023-05-22 15:15:00-04:00,170.97,170.97,170.85,170.87,4926.0,170.918,44
2023-05-22 15:20:00-04:00,170.91,170.91,170.65,170.68,4841.0,170.769,42
2023-05-22 15:25:00-04:00,170.67,170.72,170.5,170.72,7125.0,170.624,62
2023-05-22 15:30:00-04:00,170.72,170.85,170.55,170.76,13434.0,170.71,127
2023-05-22 15:35:00-04:00,170.73,170.74,170.61,170.64,10633.0,170.676,88
2023-05-22 15:40:00-04:00,170.64,170.86,170.55,170.86,17506.0,170.683,140
2023-05-22 15:45:00-04:00,170.86,171.07,170.81,170.89,114981.0,170.995,188
2023-05-22 15:50:00-04:00,170.93,171.25,170.93,171.16,31066.0,171.093,261
2023-05-22 15:55:00-04:00,171.18,171.26,170.94,171.24,96282.0,171.11,641
2023-05-23 09:30:00-04:00,170.16,170.16,168.64,168.64,20137.0,169.623,59
2023-05-23 09:35:00-04:00,168.95,168.97,167.89,168.16,14838.0,168.722,46
2023-05-23 09:40:00-04:00,168.06,168.68,167.84,168.44,6166.0,168.213,45
2023-05-23 09:45:00-04:00,168.51,169.24,168.46,169.2,2885.0,168.746,26
2023-05-23 09:50:00-04:00,169.2,169.69,169.13,169.14,4513.0,169.329,35
2023-05-23 09:55:00-04:00,169.13,169.48,169.13,169.48,2917.0,169.359,26
2023-05-23 10:00:00-04:00,169.68,169.77,169.27,169.43,13294.0,169.498,91
2023-05-23 10:05:00-04:00,169.56,169.66,169.34,169.65,22805.0,169.523,74
2023-05-23 10:10:00-04:00,169.6,170.07,169.58,169.64,4105.0,169.768,40
2023-05-23 10:15:00-04:00,169.56,169.7,169.08,169.59,4772.0,169.366,42
2023-05-23 10:20:00-04:00,169.5,169.66,169.33,169.62,4219.0,169.443,40
2023-05-23 10:25:00-04:00,169.67,169.86,169.31,169.71,20591.0,169.514,105
2023-05-23 10:30:00-04:00,169.67,169.82,169.31,169.54,31451.0,169.593,135
2023-05-23 10:35:00-04:00,169.57,169.88,169.53,169.59,4773.0,169.642,30
2023-05-23 10:40:00-04:00,169.59,169.59,168.96,168.97,14692.0,169.396,54
2023-05-23 10:45:00-04:00,168.93,169.31,168.86,169.03,3575.0,169.048,33
2023-05-23 10:50:00-04:00,169.03,169.03,168.53,168.54,8426.0,168.796,83
2023-05-23 10:55:00-04:00,168.54,168.86,168.33,168.63,33260.0,168.703,76
2023-05-23 11:00:00-04:00,168.55,169.1,168.52,168.94,4300.0,168.801,39
2023-05-23 11:05:00-04:00,169.01,169.14,168.93,168.95,4502.0,169.024,41
2023-05-23 11:10:00-04:00,168.99,169.12,168.89,168.93,6000.0,168.978,56
2023-05-23 11:15:00-04:00,168.88,169.1,168.87,168.99,5192.0,168.982,50
2023-05-23 11:20:00-04:00,169.0,169.26,169.0,169.26,3538.0,169.163,23
2023-05-23 11:25:00-04:00,169.26,169.57,169.06,169.44,8959.0,169.211,68
2023-05-23 11:30:00-04:00,169.52,169.63,169.43,169.43,2861.0,169.521,27
2023-05-23 11:35:00-04:00,169.39,169.68,169.38,169.56,3120.0,169.503,30
2023-05-23 11:40:00-04:00,169.64,169.71,169.42,169.57,6269.0,169.604,51
2023-05-23 11:45:00-04:00,169.67,169.67,169.53,169.67,4186.0,169.617,24
2023-05-23 11:50:00-04:00,169.64,170.05,169.63,169.89,4185.0,169.906,40
2023-05-23 11:55:00-04:00,169.91,169.93,169.75,169.75,5016.0,169.824,45
2023-05-23 12:00:00-04:00,169.83,170.05,169.79,169.82,12429.0,169.882,65
2023-05-23 12:05:00-04:00,169.83,169.83,169.65,169.72,2236.0,169.733,21
2023-05-23 12:10:00-04:00,169.66,169.96,169.63,169.85,5121.0,169.827,48
2023-05-23 12:15:00-04:00,169.83,169.9,169.75,169.82,4901.0,169.807,46
2023-05-23 12:20:00-04:00,169.82,169.82,169.68,169.71,3975.0,169.741,32
2023-05-23 12:25:00-04:00,169.7,169.7,169.44,169.45,3558.0,169.606,31
2023-05-23 12:30:00-04:00,169.47,169.74,169.16,169.55,156402.0,169.179,63
2023-05-23 12:35:00-04:00,169.56,169.57,169.2,169.21,2906.0,169.469,23
2023-05-23 12:40:00-04:00,169.26,169.26,168.81,168.93,19161.0,169.052,57
2023-05-23 12:45:00-04:00,168.96,169.12,168.76,168.82,3731.0,168.911,33
2023-05-23 12:50:00-04:00,168.73,168.78,168.65,168.72,2041.0,168.715,20
2023-05-23 12:55:00-04:00,168.8,168.94,168.8,168.82,2803.0,168.883,26
2023-05-23 13:00:00-04:00,168.86,168.93,168.4,168.4,8019.0,168.699,75
2023-05-23 13:05:00-04:00,168.4,168.62,168.4,168.62,4772.0,168.463,45
2023-05-23 13:10:00-04:00,168.59,168.6,168.48,168.58,4487.0,168.532,39
2023-05-23 13:15:00-04:00,168.67,168.74,168.61,168.74,2307.0,168.662,21
2023-05-23 13:20:00-04:00,168.79,168.86,168.68,168.69,4613.0,168.796,25
2023-05-23 13:25:00-04:00,168.74,168.78,168.22,168.22,6372.0,168.506,38
2023-05-23 13:30:00-04:00,168.11,168.23,168.02,168.23,4023.0,168.147,34
2023-05-23 13:35:00-04:00,168.15,168.38,168.15,168.38,1000.0,168.319,10
2023-05-23 13:40:00-04:00,168.47,168.81,168.47,168.57,2354.0,168.617,20
2023-05-23 13:45:00-04:00,168.66,168.67,168.53,168.61,2782.0,168.606,20
2023-05-23 13:50:00-04:00,168.54,168.62,168.4,168.44,52765.0,168.501,26
2023-05-23 13:55:00-04:00,168.42,168.48,168.29,168.32,5465.0,168.346,46
2023-05-23 14:00:00-04:00,168.29,168.71,168.28,168.7,4038.0,168.458,35
2023-05-23 14:05:00-04:00,168.76,168.76,168.35,168.35,5080.0,168.552,46
2023-05-23 14:10:00-04:00,168.4,168.44,168.06,168.07,3270.0,168.258,30
2023-05-23 14:15:00-04:00,168.12,168.19,167.86,167.93,2006.0,168.062,19
2023-05-23 14:20:00-04:00,167.85,167.91,167.43,167.43,4691.0,167.665,40
2023-05-23 14:25:00-04:00,167.41,167.86,167.32,167.73,10791.0,167.595,50
2023-05-23 14:30:00-04:00,167.72,167.99,167.72,167.83,5739.0,167.856,55
2023-05-23 14:35:00-04:00,167.73,167.77,167.46,167.56,7167.0,167.583,53
2023-05-23 14:40:00-04:00,167.59,167.66,167.44,167.64,4346.0,167.545,39
2023-05-23 14:45:00-04:00,167.61,167.72,167.57,167.72,4289.0,167.644,28
2023-05-23 14:50:00-04:00,167.72,168.02,167.72,167.9,4370.0,167.881,38
2023-05-23 14:55:00-04:00,167.93,167.94,167.67,167.81,12611.0,167.788,97
2023-05-23 15:00:00-04:00,167.87,168.07,167.79,167.79,8217.0,167.954,64
2023-05-23 15:05:00-04:00,167.89,168.09,167.88,167.93,4252.0,167.978,41
2023-05-23 15:10:00-04:00,168.01,168.37,168.01,168.37,5593.0,168.158,47
2023-05-23 15:15:00-04:00,168.33,168.35,167.69,167.69,9609.0,168.139,59
2023-05-23 15:20:00-04:00,167.83,168.01,167.68,167.95,10480.0,167.852,92
2023-05-23 15:25:00-04:00,167.98,168.1,167.91,168.09,4776.0,167.998,41
2023-05-23 15:30:00-04:00,168.06,168.28,168.01,168.24,12756.0,168.158,87
2023-05-23 15:35:00-04:00,168.25,168.51,168.24,168.41,29164.0,168.407,263
2023-05-23 15:40:00-04:00,168.41,168.58,168.29,168.57,16722.0,168.436,149
2023-05-23 15:45:00-04:00,168.56,168.68,168.52,168.59,34872.0,168.575,323
2023-05-23 15:50:00-04:00,168.55,168.56,168.1,168.43,53301.0,168.391,466
2023-05-23 15:55:00-04:00,168.4,168.48,167.96,168.02,115798.0,168.229,857
2023-05-24 09:30:00-04:00,167.66,168.0,166.86,167.32,18983.0,167.755,40
2023-05-24 09:35:00-04:00,167.14,167.54,167.07,167.31,3482.0,167.303,25
2023-05-24 09:40:00-04:00,167.44,167.44,167.1,167.3,3349.0,167.309,23
2023-05-24 09:45:00-04:00,167.43,167.67,166.95,167.28,6006.0,167.243,56
2023-05-24 09:50:00-04:00,167.3,167.52,166.68,167.01,9687.0,166.985,42
2023-05-24 09:55:00-04:00,167.03,167.2,166.23,166.41,8042.0,166.813,62
2023-05-24 10:00:00-04:00,166.57,166.77,166.34,166.39,4452.0,166.528,41
2023-05-24 10:05:00-04:00,166.29,166.49,166.02,166.02,3881.0,166.293,38
2023-05-24 10:10:00-04:00,166.08,166.28,165.87,166.28,5347.0,165.969,45
2023-05-24 10:15:00-04:00,166.3,166.59,166.12,166.39,2888.0,166.315,24
2023-05-24 10:20:00-04:00,166.42,166.69,166.27,166.27,4621.0,166.457,37
2023-05-24 10:25:00-04:00,166.4,166.81,166.36,166.81,9180.0,166.563,68
2023-05-24 10:30:00-04:00,166.8,167.06,166.76,167.06,4379.0,166.893,37
2023-05-24 10:35:00-04:00,167.06,167.44,167.05,167.28,10246.0,167.237,72
2023-05-24 10:40:00-04:00,167.26,167.46,167.03,167.41,7416.0,167.164,49
2023-05-24 10:45:00-04:00,167.33,167.42,166.92,166.96,2540.0,167.238,23
2023-05-24 10:50:00-04:00,166.9,167.07,166.86,166.98,2382.0,166.98,22
2023-05-24 10:55:00-04:00,167.02,167.09,166.74,166.74,1503.0,166.974,13
2023-05-24 11:00:00-04:00,166.77,166.81,166.64,166.64,1931.0,166.697,12
2023-05-24 11:05:00-04:00,166.64,166.73,166.56,166.62,3915.0,166.621,27
2023-05-24 11:10:00-04:00,166.6,166.78,166.51,166.61,7765.0,166.603,40
2023-05-24 11:15:00-04:00,166.59,166.72,166.48,166.48,9420.0,166.572,31
2023-05-24 11:20:00-04:00,166.5,166.64,166.34,166.64,4401.0,166.485,42
2023-05-24 11:25:00-04:00,166.64,166.98,166.53,166.53,3059.0,166.814,28
2023-05-24 11:30:00-04:00,166.65,166.65,166.29,166.42,3468.0,166.452,31
2023-05-24 11:35:00-04:00,166.34,166.42,166.24,166.42,3268.0,166.352,28
2023-05-24 11:40:00-04:00,166.42,166.59,166.18,166.18,5293.0,166.465,44
2023-05-24 11:45:00-04:00,166.23,166.31,166.06,166.06,2290.0,166.186,17
2023-05-24 11:50:00-04:00,166.27,166.41,166.18,166.33,3738.0,166.283,32
2023-05-24 11:55:00-04:00,166.22,166.32,166.13,166.16,1655.0,166.196,11
2023-05-24 12:00:00-04:00,166.16,166.3,166.1,166.15,2963.0,166.193,28
2023-05-24 12:05:00-04:00,166.07,166.15,165.93,165.93,7878.0,166.008,51
2023-05-24 12:10:00-04:00,165.89,166.01,165.52,165.52,8792.0,165.661,70
2023-05-24 12:15:00-04:00,165.47,165.57,165.33,165.46,9092.0,165.491,68
2023-05-24 12:20:00-04:00,165.54,165.82,165.54,165.78,3180.0,165.674,29
2023-05-24 12:25:00-04:00,165.78,166.05,165.78,165.99,4481.0,165.826,16
2023-05-24 12:30:00-04:00,165.92,166.05,165.91,166.05,4355.0,165.991,38
2023-05-24 12:35:00-04:00,165.89,166.05,165.85,166.05,2536.0,165.949,24
2023-05-24 12:40:00-04:00,166.08,166.23,165.95,166.0,3312.0,166.048,26
2023-05-24 12:45:00-04:00,166.0,166.01,165.81,165.81,2039.0,165.926,20
2023-05-24 12:50:00-04:00,165.82,166.03,165.82,165.96,4771.0,165.962,41
2023-05-24 12:55:00-04:00,166.02,166.08,165.89,165.92,4719.0,165.944,24
2023-05-24 13:00:00-04:00,165.9,165.9,165.66,165.82,4274.0,165.773,39
2023-05-24 13:05:00-04:00,165.84,165.84,165.58,165.63,6836.0,165.612,19
2023-05-24 13:10:00-04:00,165.62,165.75,165.55,165.55,6648.0,165.685,28
2023-05-24 13:15:00-04:00,165.64,165.79,165.61,165.75,7098.0,165.726,58
2023-05-24 13:20:00-04:00,165.75,165.92,165.53,165.53,16126.0,165.772,136
2023-05-24 13:25:00-04:00,165.53,165.7,165.38,165.6,9046.0,165.536,56
2023-05-24 13:30:00-04:00,165.66,165.84,165.63,165.8,4723.0,165.727,41
2023-05-24 13:35:00-04:00,165.86,166.13,165.85,166.0,1436.0,166.022,13
2023-05-24 13:40:00-04:00,166.01,166.22,166.01,166.09,3430.0,166.11,28
2023-05-24 13:45:00-04:00,166.1,166.15,165.87,165.97,5295.0,166.009,44
2023-05-24 13:50:00-04:00,166.02,166.17,165.93,166.07,3875.0,166.052,30
2023-05-24 13:55:00-04:00,166.1,166.29,166.1,166.29,1671.0,166.19,15
2023-05-24 14:00:00-04:00,166.41,166.41,166.18,166.18,4528.0,166.301,40
2023-05-24 14:05:00-04:00,166.17,166.3,166.11,166.11,2049.0,166.201,20
2023-05-24 14:10:00-04:00,166.21,166.24,166.09,166.24,12202.0,166.181,24
2023-05-24 14:15:00-04:00,166.17,166.26,166.02,166.1,5215.0,166.182,33
2023-05-24 14:20:00-04:00,166.06,166.06,165.92,165.97,3015.0,165.991,28
2023-05-24 14:25:00-04:00,165.97,166.05,165.83,165.98,9571.0,165.932,80
2023-05-24 14:30:00-04:00,165.95,166.05,165.87,166.02,6161.0,165.967,42
2023-05-24 14:35:00-04:00,166.08,166.22,166.0,166.14,5240.0,166.098,47
2023-05-24 14:40:00-04:00,166.2,166.22,165.98,165.98,4046.0,166.151,39
2023-05-24 14:45:00-04:00,166.01,166.24,166.01,166.2,1767.0,166.156,17
2023-05-24 14:50:00-04:00,166.19,166.3,166.03,166.03,5049.0,166.195,47
2023-05-24 14:55:00-04:00,166.08,166.08,165.95,165.96,4411.0,165.995,31
2023-05-24 15:00:00-04:00,165.96,165.99,165.85,165.93,3118.0,165.937,24
2023-05-24 15:05:00-04:00,165.93,166.1,165.9,166.04,5341.0,166.032,43
2023-05-24 15:10:00-04:00,166.01,166.29,165.98,166.29,4168.0,166.082,32
2023-05-24 15:15:00-04:00,166.27,166.46,166.25,166.42,10074.0,166.318,77
2023-05-24 15:20:00-04:00,166.42,166.75,166.42,166.61,9067.0,166.594,61
2023-05-24 15:25:00-04:00,166.66,166.74,166.39,166.4,4083.0,166.587,33
2023-05-24 15:30:00-04:00,166.35,166.74,166.35,166.62,9065.0,166.534,68
2023-05-24 15:35:00-04:00,166.6,166.6,166.3,166.33,11371.0,166.437,89
2023-05-24 15:40:00-04:00,166.45,166.47,166.21,166.21,23454.0,166.31,194
2023-05-24 15:45:00-04:00,166.22,166.23,166.03,166.17,12572.0,166.139,107
2023-05-24 15:50:00-04:00,166.16,166.54,165.99,166.54,41528.0,166.225,319
2023-05-24 15:55:00-04:00,166.5,166.57,166.14,166.24,84529.0,166.311,518
2023-05-25 09:30:00-04:00,167.18,167.66,166.51,166.94,20706.0,167.511,50
2023-05-25 09:35:00-04:00,166.93,167.12,166.45,166.45,5831.0,166.712,55
2023-05-25 09:40:00-04:00,166.56,166.65,166.31,166.65,7106.0,166.455,65
2023-05-25 09:45:00-04:00,166.83,167.4,166.73,167.3,5957.0,167.11,54
2023-05-25 09:50:00-04:00,167.35,167.86,167.35,167.86,6905.0,167.631,57
2023-05-25 09:55:00-04:00,167.85,168.33,167.85,168.03,5003.0,168.101,47
2023-05-25 10:00:00-04:00,168.18,168.23,167.8,168.19,3719.0,168.111,35
2023-05-25 10:05:00-04:00,168.29,168.36,167.55,167.62,24534.0,167.81,75
2023-05-25 10:10:00-04:00,167.53,167.83,167.38,167.53,6770.0,167.613,62
2023-05-25 10:15:00-04:00,167.67,167.77,167.48,167.49,3615.0,167.637,29
2023-05-25 10:20:00-04:00,167.36,167.48,167.16,167.23,5177.0,167.283,25
2023-05-25 10:25:00-04:00,167.3,167.89,167.29,167.8,4856.0,167.636,44
2023-05-25 10:30:00-04:00,167.72,167.72,167.27,167.27,1501.0,167.558,15
2023-05-25 10:35:00-04:00,167.16,167.6,167.1,167.49,4038.0,167.313,35
2023-05-25 10:40:00-04:00,167.59,167.82,167.55,167.72,2431.0,167.672,22
2023-05-25 10:45:00-04:00,167.81,167.91,167.2,167.32,1099.0,167.656,9
2023-05-25 10:50:00-04:00,167.21,167.21,166.85,166.85,1626.0,167.078,11
2023-05-25 10:55:00-04:00,166.74,166.93,166.63,166.9,2322.0,166.761,19
2023-05-25 11:00:00-04:00,167.15,167.15,166.92,167.13,1933.0,167.058,17
2023-05-25 11:05:00-04:00,167.12,167.21,167.12,167.14,800.0,167.143,8
2023-05-25 11:10:00-04:00,167.14,167.14,166.93,167.05,2967.0,167.056,28
2023-05-25 11:15:00-04:00,167.02,167.02,166.18,166.3,9629.0,166.574,91
2023-05-25 11:20:00-04:00,166.23,166.38,166.09,166.15,2160.0,166.271,20
2023-05-25 11:25:00-04:00,166.23,166.23,165.97,166.06,4505.0,166.116,40
2023-05-25 11:30:00-04:00,165.96,165.96,165.72,165.72,2662.0,165.871,26
2023-05-25 11:35:00-04:00,165.75,165.87,165.67,165.86,1100.0,165.778,11
2023-05-25 11:40:00-04:00,165.83,166.13,165.59,165.9,4287.0,165.8,37
2023-05-25 11:45:00-04:00,165.85,166.04,165.71,166.02,4765.0,165.92,44
2023-05-25 11:50:00-04:00,166.04,166.3,165.95,166.12,4066.0,166.138,39
2023-05-25 11:55:00-04:00,166.02,166.28,165.99,166.16,5300.0,166.162,37
2023-05-25 12:00:00-04:00,166.21,166.4,166.06,166.33,2948.0,166.271,29
2023-05-25 12:05:00-04:00,166.4,166.54,166.28,166.49,2032.0,166.389,20
2023-05-25 12:10:00-04:00,166.49,166.9,166.43,166.71,1308.0,166.673,13
2023-05-25 12:15:00-04:00,166.75,166.88,166.72,166.83,1718.0,166.781,14
2023-05-25 12:20:00-04:00,166.78,166.85,166.63,166.63,2855.0,166.725,28
2023-05-25 12:25:00-04:00,166.67,166.7,166.4,166.62,1200.0,166.596,11
2023-05-25 12:30:00-04:00,166.64,166.64,166.19,166.29,5568.0,166.499,49
2023-05-25 12:35:00-04:00,166.29,166.6,166.29,166.6,3300.0,166.47,28
2023-05-25 12:40:00-04:00,166.66,166.66,166.54,166.57,1400.0,166.625,14
2023-05-25 12:45:00-04:00,166.51,166.58,166.41,166.56,3134.0,166.496,25
2023-05-25 12:50:00-04:00,166.56,166.63,166.5,166.58,4133.0,166.583,37
2023-05-25 12:55:00-04:00,166.48,166.94,166.48,166.69,33896.0,166.81,73
2023-05-25 13:00:00-04:00,166.76,166.76,166.48,166.48,1403.0,166.61,14
2023-05-25 13:05:00-04:00,166.32,166.71,166.28,166.71,5032.0,166.608,32
2023-05-25 13:10:00-04:00,166.81,166.89,166.78,166.89,1350.0,166.848,10
2023-05-25 13:15:00-04:00,166.9,167.04,166.86,166.95,3548.0,166.98,32
2023-05-25 13:20:00-04:00,166.96,167.04,166.95,167.0,3179.0,167.005,28
2023-05-25 13:25:00-04:00,167.0,167.19,166.91,166.92,18796.0,167.038,74
2023-05-25 13:30:00-04:00,166.88,167.01,166.79,166.8,4222.0,166.926,39
2023-05-25 13:35:00-04:00,166.81,166.83,166.71,166.8,2944.0,166.769,27
2023-05-25 13:40:00-04:00,166.86,166.9,166.71,166.89,1607.0,166.841,15
2023-05-25 13:45:00-04:00,166.77,166.91,166.75,166.87,1683.0,166.829,16
2023-05-25 13:50:00-04:00,166.88,166.97,166.8,166.8,3100.0,166.881,29
2023-05-25 13:55:00-04:00,166.86,167.0,166.74,167.0,2975.0,166.862,27
2023-05-25 14:00:00-04:00,167.0,167.43,166.95,167.0,19511.0,167.074,104
2023-05-25 14:05:00-04:00,167.0,167.24,166.95,167.24,2713.0,167.082,26
2023-05-25 14:10:00-04:00,167.28,167.46,167.21,167.46,11640.0,167.349,22
2023-05-25 14:15:00-04:00,167.58,167.76,167.58,167.71,2535.0,167.682,21
2023-05-25 14:20:00-04:00,167.78,167.79,167.53,167.6,3438.0,167.624,27
2023-05-25 14:25:00-04:00,167.5,167.78,167.45,167.65,2837.0,167.62,26
2023-05-25 14:30:00-04:00,167.73,167.74,167.24,167.34,12926.0,167.665,48
2023-05-25 14:35:00-04:00,167.3,167.36,166.91,167.17,6027.0,167.125,40
2023-05-25 14:40:00-04:00,167.01,167.07,166.74,166.95,5899.0,166.83,56
2023-05-25 14:45:00-04:00,166.93,167.21,166.8,167.04,2860.0,166.979,20
2023-05-25 14:50:00-04:00,167.11,167.17,166.98,167.13,1116.0,167.064,11
2023-05-25 14:55:00-04:00,167.05,167.1,166.93,166.93,8840.0,167.04,70
2023-05-25 15:00:00-04:00,167.0,167.07,166.81,167.02,3749.0,166.963,36
2023-05-25 15:05:00-04:00,166.95,167.03,166.91,167.0,3152.0,166.981,30
2023-05-25 15:10:00-04:00,167.0,167.08,166.92,166.95,6603.0,166.999,63
2023-05-25 15:15:00-04:00,166.77,166.82,166.66,166.66,2772.0,166.768,25
2023-05-25 15:20:00-04:00,166.71,166.87,166.71,166.75,5358.0,166.785,25
2023-05-25 15:25:00-04:00,166.66,167.16,166.66,166.9,16280.0,167.01,85
2023-05-25 15:30:00-04:00,166.84,167.43,166.84,167.31,7711.0,167.239,71
2023-05-25 15:35:00-04:00,167.28,167.35,167.17,167.33,9094.0,167.262,50
2023-05-25 15:40:00-04:00,167.3,167.61,167.3,167.54,16467.0,167.475,90
2023-05-25 15:45:00-04:00,167.58,167.81,167.56,167.59,12983.0,167.694,107
2023-05-25 15:50:00-04:00,167.53,167.81,167.37,167.56,27037.0,167.645,210
2023-05-25 15:55:00-04:00,167.62,167.65,167.27,167.51,138991.0,167.49,831
2023-05-26 09:30:00-04:00,167.62,168.03,167.51,167.91,15420.0,167.672,12
2023-05-26 09:35:00-04:00,167.82,167.86,167.08,167.71,37533.0,167.299,134
2023-05-26 09:40:00-04:00,167.89,168.54,167.89,168.31,10398.0,168.282,88
2023-05-26 09:45:00-04:00,168.22,168.63,168.16,168.17,50218.0,168.289,171
2023-05-26 09:50:00-04:00,168.0,168.36,167.72,168.0,24743.0,167.982,105
2023-05-26 09:55:00-04:00,168.0,168.07,167.76,168.06,20064.0,167.824,48
2023-05-26 10:00:00-04:00,168.0,168.12,167.34,167.68,12114.0,167.794,82
2023-05-26 10:05:00-04:00,167.74,168.04,167.7,167.85,14173.0,167.931,99
2023-05-26 10:10:00-04:00,167.93,168.05,167.64,167.65,22555.0,167.952,69
2023-05-26 10:15:00-04:00,167.74,168.06,167.68,167.97,17192.0,167.912,131
2023-05-26 10:20:00-04:00,168.0,168.06,167.9,168.04,14353.0,167.991,130
2023-05-26 10:25:00-04:00,168.0,168.73,168.0,168.69,31239.0,168.343,227
2023-05-26 10:30:00-04:00,168.65,168.8,168.4,168.4,15165.0,168.614,96
2023-05-26 10:35:00-04:00,168.42,168.68,168.28,168.48,23005.0,168.499,179
2023-05-26 10:40:00-04:00,168.5,168.85,168.27,168.27,61897.0,168.568,522
2023-05-26 10:45:00-04:00,168.39,168.66,168.25,168.55,21441.0,168.524,168
2023-05-26 10:50:00-04:00,168.59,168.66,168.24,168.34,15044.0,168.477,119
2023-05-26 10:55:00-04:00,168.34,168.42,168.21,168.21,13065.0,168.319,110
2023-05-26 11:00:00-04:00,168.18,168.4,167.95,167.99,11029.0,168.255,79
2023-05-26 11:05:00-04:00,168.01,168.02,167.76,167.91,16361.0,167.875,77
2023-05-26 11:10:00-04:00,167.83,167.83,167.65,167.7,4250.0,167.723,38
2023-05-26 11:15:00-04:00,167.7,167.7,167.44,167.47,43379.0,167.518,60
2023-05-26 11:20:00-04:00,167.55,167.74,167.06,167.15,13310.0,167.491,77
2023-05-26 11:25:00-04:00,166.99,167.1,166.75,166.76,7009.0,166.872,48
2023-05-26 11:30:00-04:00,166.74,166.85,166.5,166.85,7271.0,166.659,40
2023-05-26 11:35:00-04:00,166.85,166.97,166.72,166.74,22016.0,166.865,90
2023-05-26 11:40:00-04:00,166.78,167.17,166.78,167.06,5287.0,166.978,41
2023-05-26 11:45:00-04:00,167.05,167.07,166.93,167.01,1551.0,167.004,15
2023-05-26 11:50:00-04:00,167.02,167.04,166.81,166.86,11687.0,166.948,69
2023-05-26 11:55:00-04:00,166.87,166.87,166.72,166.75,4377.0,166.775,38
2023-05-26 12:00:00-04:00,166.76,167.04,166.76,166.99,7904.0,166.942,65
2023-05-26 12:05:00-04:00,167.06,167.12,166.83,166.89,15908.0,166.97,106
2023-05-26 12:10:00-04:00,166.93,167.0,166.85,166.91,6503.0,166.933,64
2023-05-26 12:15:00-04:00,166.91,167.01,166.81,166.93,6366.0,166.929,56
2023-05-26 12:20:00-04:00,166.93,167.4,166.9,167.24,56780.0,167.107,270
2023-05-26 12:25:00-04:00,167.25,167.32,167.08,167.29,17911.0,167.251,144
2023-05-26 12:30:00-04:00,167.28,167.7,167.28,167.32,8924.0,167.509,78
2023-05-26 12:35:00-04:00,167.4,167.56,167.35,167.43,4792.0,167.446,35
2023-05-26 12:40:00-04:00,167.34,167.45,167.24,167.24,3731.0,167.362,31
2023-05-26 12:45:00-04:00,167.27,167.35,167.01,167.01,27923.0,167.188,111
2023-05-26 12:50:00-04:00,167.05,167.4,167.05,167.25,26170.0,167.137,97
2023-05-26 12:55:00-04:00,167.31,167.31,166.98,167.24,11927.0,167.133,70
2023-05-26 13:00:00-04:00,167.27,167.7,167.27,167.69,5110.0,167.584,50
2023-05-26 13:05:00-04:00,167.68,167.93,167.58,167.89,16832.0,167.733,78
2023-05-26 13:10:00-04:00,167.79,167.84,167.64,167.77,3052.0,167.794,22
2023-05-26 13:15:00-04:00,167.78,167.87,167.54,167.65,4996.0,167.764,41
2023-05-26 13:20:00-04:00,167.65,167.65,167.35,167.36,7078.0,167.545,35
2023-05-26 13:25:00-04:00,167.3,167.3,167.13,167.25,6108.0,167.236,44
2023-05-26 13:30:00-04:00,167.25,167.39,167.22,167.33,5702.0,167.288,50
2023-05-26 13:35:00-04:00,167.3,167.3,166.96,166.96,8739.0,167.067,68
2023-05-26 13:40:00-04:00,166.99,167.02,166.76,166.78,3527.0,166.879,30
2023-05-26 13:45:00-04:00,166.77,166.87,166.62,166.87,6140.0,166.728,46
2023-05-26 13:50:00-04:00,166.92,166.97,166.79,166.9,6740.0,166.863,47
2023-05-26 13:55:00-04:00,166.93,167.06,166.8,167.04,8152.0,166.92,50
2023-05-26 14:00:00-04:00,167.04,167.14,167.0,167.03,4999.0,167.074,40
2023-05-26 14:05:00-04:00,166.99,167.04,166.88,166.91,3449.0,166.971,33
2023-05-26 14:10:00-04:00,166.94,167.14,166.91,167.06,5886.0,167.006,48
2023-05-26 14:15:00-04:00,167.06,167.27,167.0,167.12,7002.0,167.144,62
2023-05-26 14:20:00-04:00,167.12,167.19,167.06,167.1,12568.0,167.101,55
2023-05-26 14:25:00-04:00,167.11,167.17,166.98,167.15,2880.0,167.087,26
2023-05-26 14:30:00-04:00,167.22,167.43,167.21,167.4,3110.0,167.308,29
2023-05-26 14:35:00-04:00,167.42,167.46,167.13,167.18,7981.0,167.295,74
2023-05-26 14:40:00-04:00,167.17,167.17,166.84,166.91,9878.0,167.013,72
2023-05-26 14:45:00-04:00,166.84,167.2,166.84,167.15,26898.0,167.033,110
2023-05-26 14:50:00-04:00,167.21,167.32,167.04,167.11,9201.0,167.22,81
2023-05-26 14:55:00-04:00,167.14,167.19,166.93,166.93,6774.0,167.067,53
2023-05-26 15:00:00-04:00,167.03,167.4,167.0,167.28,36078.0,167.1,100
2023-05-26 15:05:00-04:00,167.22,167.3,167.19,167.22,8455.0,167.244,58
2023-05-26 15:10:00-04:00,167.22,167.26,167.07,167.08,13241.0,167.161,116
2023-05-26 15:15:00-04:00,167.09,167.11,167.0,167.01,12329.0,167.078,106
2023-05-26 15:20:00-04:00,167.01,167.11,166.97,167.09,8560.0,167.051,79
2023-05-26 15:25:00-04:00,167.11,167.26,166.98,167.01,11014.0,167.151,101
2023-05-26 15:30:00-04:00,166.98,167.32,166.98,167.26,16763.0,167.077,139
2023-05-26 15:35:00-04:00,167.3,167.35,167.12,167.26,6250.0,167.247,57
2023-05-26 15:40:00-04:00,167.26,167.48,167.11,167.37,17439.0,167.265,125
2023-05-26 15:45:00-04:00,167.4,167.49,167.23,167.44,17873.0,167.389,141
2023-05-26 15:50:00-04:00,167.36,167.46,167.11,167.39,24543.0,167.218,209
2023-05-26 15:55:00-04:00,167.43,167.43,166.66,166.86,195583.0,166.872,1099
2023-05-30 09:30:00-04:00,167.49,167.86,167.26,167.77,41590.0,167.519,51
2023-05-30 09:35:00-04:00,167.62,167.62,166.9,166.91,15401.0,167.307,51
2023-05-30 09:40:00-04:00,166.89,166.89,166.17,166.41,23373.0,166.529,109
2023-05-30 09:45:00-04:00,166.08,167.17,166.05,167.17,5035.0,166.606,42
2023-05-30 09:50:00-04:00,167.23,167.32,167.17,167.18,1300.0,167.28,10
2023-05-30 09:55:00-04:00,167.19,167.43,167.18,167.35,6209.0,167.271,33
2023-05-30 10:00:00-04:00,167.29,167.5,166.94,166.97,6327.0,167.122,61
2023-05-30 10:05:00-04:00,166.97,166.98,166.63,166.77,9438.0,166.762,73
2023-05-30 10:10:00-04:00,166.71,166.95,166.31,166.95,7153.0,166.596,65
2023-05-30 10:15:00-04:00,166.98,167.55,166.91,167.5,21756.0,167.351,75
2023-05-30 10:20:00-04:00,167.5,167.59,167.04,167.12,16113.0,167.298,71
2023-05-30 10:25:00-04:00,167.1,167.18,166.69,166.87,5449.0,167.018,51
2023-05-30 10:30:00-04:00,167.02,167.12,166.59,166.59,17061.0,167.042,65
2023-05-30 10:35:00-04:00,166.59,166.78,166.44,166.76,27446.0,166.591,52
2023-05-30 10:40:00-04:00,166.8,167.05,166.8,166.9,3536.0,166.922,33
2023-05-30 10:45:00-04:00,166.87,166.9,166.45,166.53,4640.0,166.786,46
2023-05-30 10:50:00-04:00,166.58,166.62,166.42,166.48,9192.0,166.529,68
2023-05-30 10:55:00-04:00,166.47,166.53,166.39,166.39,2909.0,166.469,25
2023-05-30 11:00:00-04:00,166.43,166.76,166.43,166.76,3010.0,166.631,29
2023-05-30 11:05:00-04:00,166.71,166.78,166.63,166.66,2712.0,166.705,23
2023-05-30 11:10:00-04:00,166.63,166.63,166.43,166.59,15600.0,166.475,57
2023-05-30 11:15:00-04:00,166.44,166.48,166.29,166.36,2689.0,166.396,25
2023-05-30 11:20:00-04:00,166.26,166.26,165.88,166.2,28010.0,165.985,67
2023-05-30 11:25:00-04:00,166.16,166.37,166.07,166.34,4110.0,166.218,35
2023-05-30 11:30:00-04:00,166.34,166.45,166.34,166.37,12212.0,166.353,22
2023-05-30 11:35:00-04:00,166.37,166.59,166.36,166.59,14075.0,166.524,32
2023-05-30 11:40:00-04:00,166.64,166.67,166.55,166.6,4424.0,166.625,33
2023-05-30 11:45:00-04:00,166.6,166.67,166.41,166.41,8089.0,166.571,63
2023-05-30 11:50:00-04:00,166.4,166.48,166.27,166.43,7467.0,166.415,51
2023-05-30 11:55:00-04:00,166.46,166.5,166.33,166.41,5055.0,166.436,47
2023-05-30 12:00:00-04:00,166.38,166.44,166.3,166.3,3819.0,166.391,33
2023-05-30 12:05:00-04:00,166.27,166.29,166.12,166.22,7802.0,166.195,63
2023-05-30 12:10:00-04:00,166.17,166.34,166.1,166.18,6505.0,166.218,47
2023-05-30 12:15:00-04:00,166.17,166.33,166.1,166.3,6590.0,166.233,61
2023-05-30 12:20:00-04:00,166.33,166.33,166.08,166.22,3903.0,166.194,34
2023-05-30 12:25:00-04:00,166.22,166.27,166.11,166.19,7056.0,166.19,65
2023-05-30 12:30:00-04:00,166.09,166.09,166.0,166.03,2261.0,166.053,21
2023-05-30 12:35:00-04:00,166.08,166.11,165.91,165.95,30026.0,166.006,107
2023-05-30 12:40:00-04:00,165.89,166.0,165.86,165.91,5845.0,165.929,57
2023-05-30 12:45:00-04:00,165.97,166.09,165.9,166.09,4900.0,166.004,42
2023-05-30 12:50:00-04:00,166.09,166.53,166.03,166.53,6213.0,166.138,50
2023-05-30 12:55:00-04:00,166.46,166.54,166.46,166.54,1604.0,166.495,15
2023-05-30 13:00:00-04:00,166.53,166.56,166.44,166.53,7609.0,166.508,71
2023-05-30 13:05:00-04:00,166.47,166.47,166.14,166.14,6576.0,166.349,52
2023-05-30 13:10:00-04:00,166.23,166.28,166.15,166.17,2000.0,166.212,20
2023-05-30 13:15:00-04:00,166.07,166.24,166.07,166.16,4710.0,166.165,42
2023-05-30 13:20:00-04:00,166.2,166.24,166.04,166.04,6209.0,166.158,51
2023-05-30 13:25:00-04:00,166.08,166.08,165.57,165.72,4904.0,165.821,47
2023-05-30 13:30:00-04:00,165.68,165.82,165.56,165.74,5506.0,165.673,52
2023-05-30 13:35:00-04:00,165.68,165.91,165.64,165.73,2701.0,165.752,27
2023-05-30 13:40:00-04:00,165.74,165.91,165.69,165.78,5255.0,165.775,47
2023-05-30 13:45:00-04:00,165.7,165.86,165.66,165.86,2702.0,165.761,26
2023-05-30 13:50:00-04:00,165.78,165.93,165.78,165.82,4200.0,165.867,39
2023-05-30 13:55:00-04:00,165.82,165.93,165.74,165.74,4794.0,165.837,42
2023-05-30 14:00:00-04:00,165.83,166.0,165.83,165.88,3525.0,165.927,34
2023-05-30 14:05:00-04:00,165.82,166.02,165.82,165.88,2401.0,165.938,24
2023-05-30 14:10:00-04:00,165.93,165.99,165.89,165.95,3529.0,165.948,27
2023-05-30 14:15:00-04:00,165.91,166.16,165.91,166.16,3944.0,166.043,37
2023-05-30 14:20:00-04:00,166.13,166.32,166.13,166.31,5238.0,166.272,47
2023-05-30 14:25:00-04:00,166.24,166.34,166.23,166.23,1848.0,166.269,18
2023-05-30 14:30:00-04:00,166.23,166.57,166.23,166.57,6037.0,166.349,46
2023-05-30 14:35:00-04:00,166.6,166.73,166.56,166.62,3599.0,166.642,31
2023-05-30 14:40:00-04:00,166.68,166.94,166.67,166.94,3505.0,166.825,29
2023-05-30 14:45:00-04:00,166.92,166.92,166.71,166.72,7875.0,166.805,68
2023-05-30 14:50:00-04:00,166.65,166.65,166.4,166.58,5695.0,166.522,42
2023-05-30 14:55:00-04:00,166.53,166.56,166.36,166.37,3868.0,166.471,33
2023-05-30 15:00:00-04:00,166.39,166.39,166.21,166.22,3882.0,166.313,37
2023-05-30 15:05:00-04:00,166.22,166.3,166.1,166.27,6832.0,166.226,55
2023-05-30 15:10:00-04:00,166.25,166.28,166.14,166.27,4922.0,166.221,46
2023-05-30 15:15:00-04:00,166.27,166.55,166.18,166.48,4652.0,166.311,43
2023-05-30 15:20:00-04:00,166.5,166.65,166.5,166.59,6206.0,166.574,55
2023-05-30 15:25:00-04:00,166.59,166.66,166.54,166.64,17483.0,166.611,95
2023-05-30 15:30:00-04:00,166.68,166.93,166.65,166.89,77330.0,166.731,135
2023-05-30 15:35:00-04:00,166.86,166.88,166.66,166.73,30957.0,166.743,143
2023-05-30 15:40:00-04:00,166.75,166.9,166.7,166.84,54758.0,166.785,223
2023-05-30 15:45:00-04:00,166.87,166.94,166.7,166.88,55621.0,166.872,322
2023-05-30 15:50:00-04:00,166.84,166.84,166.48,166.61,40394.0,166.594,283
2023-05-30 15:55:00-04:00,166.56,166.68,166.36,166.58,94116.0,166.559,633
2023-05-31 09:30:00-04:00,166.09,166.4,165.48,165.99,25065.0,166.082,15
2023-05-31 09:35:00-04:00,165.93,166.17,165.55,165.56,8817.0,165.868,78
2023-05-31 09:40:00-04:00,165.79,165.97,165.17,165.17,55697.0,165.444,75
2023-05-31 09:45:00-04:00,165.25,165.38,164.59,164.76,16920.0,164.989,117
2023-05-31 09:50:00-04:00,164.77,164.83,164.09,164.25,11428.0,164.503,67
2023-05-31 09:55:00-04:00,164.22,164.57,164.07,164.3,5568.0,164.279,47
2023-05-31 10:00:00-04:00,164.16,164.4,164.04,164.37,11183.0,164.191,103
2023-05-31 10:05:00-04:00,164.44,165.02,164.23,164.94,11130.0,164.732,93
2023-05-31 10:10:00-04:00,164.97,165.23,164.8,165.19,9620.0,165.069,84
2023-05-31 10:15:00-04:00,165.19,165.51,164.74,165.16,225255.0,165.29,127
2023-05-31 10:20:00-04:00,165.12,165.64,164.98,165.37,12047.0,165.292,86
2023-05-31 10:25:00-04:00,165.36,165.64,165.15,165.28,9136.0,165.366,77
2023-05-31 10:30:00-04:00,165.27,165.27,165.02,165.19,7469.0,165.134,62
2023-05-31 10:35:00-04:00,164.98,165.12,164.76,164.9,7193.0,164.95,59
2023-05-31 10:40:00-04:00,164.94,165.14,164.83,165.14,6694.0,164.957,48
2023-05-31 10:45:00-04:00,165.35,165.4,165.04,165.12,107605.0,165.325,72
2023-05-31 10:50:00-04:00,165.06,165.1,164.8,164.95,4748.0,164.957,39
2023-05-31 10:55:00-04:00,165.0,165.12,164.76,164.81,8974.0,164.942,72
2023-05-31 11:00:00-04:00,164.78,164.79,164.44,164.63,41358.0,164.488,68
2023-05-31 11:05:00-04:00,164.59,164.64,164.43,164.48,5048.0,164.521,37
2023-05-31 11:10:00-04:00,164.43,164.44,164.04,164.15,32271.0,164.104,63
2023-05-31 11:15:00-04:00,164.19,164.25,163.98,164.05,6563.0,164.095,53
2023-05-31 11:20:00-04:00,163.99,164.3,163.77,163.79,5885.0,164.058,34
2023-05-31 11:25:00-04:00,163.92,164.04,163.47,163.47,4365.0,163.75,36
2023-05-31 11:30:00-04:00,163.56,163.7,163.43,163.54,10404.0,163.573,63
2023-05-31 11:35:00-04:00,163.55,163.56,163.32,163.32,31377.0,163.426,57
2023-05-31 11:40:00-04:00,163.3,163.54,163.21,163.51,4207.0,163.36,35
2023-05-31 11:45:00-04:00,163.52,163.87,163.52,163.86,7072.0,163.717,50
2023-05-31 11:50:00-04:00,163.76,163.9,163.63,163.84,8409.0,163.743,70
2023-05-31 11:55:00-04:00,163.85,163.85,163.45,163.46,5928.0,163.617,48
2023-05-31 12:00:00-04:00,163.48,163.87,163.48,163.86,6771.0,163.701,51
2023-05-31 12:05:00-04:00,163.81,163.86,163.59,163.7,8042.0,163.686,68
2023-05-31 12:10:00-04:00,163.7,163.74,163.43,163.69,17489.0,163.578,58
2023-05-31 12:15:00-04:00,163.69,163.9,163.66,163.84,13576.0,163.774,86
2023-05-31 12:20:00-04:00,163.74,164.14,163.71,164.13,7046.0,163.917,58
2023-05-31 12:25:00-04:00,164.15,164.24,164.06,164.11,6261.0,164.14,42
2023-05-31 12:30:00-04:00,164.11,164.11,163.95,164.07,4799.0,164.034,34
2023-05-31 12:35:00-04:00,164.01,164.07,163.89,163.99,41501.0,163.976,49
2023-05-31 12:40:00-04:00,163.97,164.56,163.91,164.41,11897.0,164.241,92
2023-05-31 12:45:00-04:00,164.49,164.67,164.46,164.51,8276.0,164.543,67
2023-05-31 12:50:00-04:00,164.48,164.52,164.18,164.23,7846.0,164.335,60
2023-05-31 12:55:00-04:00,164.3,164.53,164.14,164.38,8411.0,164.298,58
2023-05-31 13:00:00-04:00,164.34,164.38,164.22,164.28,3268.0,164.308,26
2023-05-31 13:05:00-04:00,164.22,164.32,164.16,164.3,5168.0,164.219,36
2023-05-31 13:10:00-04:00,164.31,164.35,164.22,164.29,3659.0,164.298,29
2023-05-31 13:15:00-04:00,164.25,164.31,164.19,164.28,3597.0,164.246,24
2023-05-31 13:20:00-04:00,164.25,164.32,164.13,164.21,3624.0,164.215,31
2023-05-31 13:25:00-04:00,164.22,164.3,164.03,164.12,8838.0,164.173,72
2023-05-31 13:30:00-04:00,164.23,164.45,164.21,164.45,3175.0,164.294,24
2023-05-31 13:35:00-04:00,164.45,164.45,164.14,164.33,7861.0,164.297,69
2023-05-31 13:40:00-04:00,164.37,164.61,164.37,164.56,5396.0,164.507,42
2023-05-31 13:45:00-04:00,164.48,164.51,164.32,164.32,5046.0,164.442,42
2023-05-31 13:50:00-04:00,164.38,164.62,164.37,164.48,4702.0,164.474,40
2023-05-31 13:55:00-04:00,164.46,164.56,164.38,164.53,4552.0,164.476,39
2023-05-31 14:00:00-04:00,164.5,164.5,164.22,164.27,11282.0,164.366,86
2023-05-31 14:05:00-04:00,164.31,164.52,164.22,164.49,9828.0,164.363,82
2023-05-31 14:10:00-04:00,164.47,164.65,164.43,164.65,9017.0,164.523,76
2023-05-31 14:15:00-04:00,164.62,164.67,164.3,164.34,10527.0,164.421,86
2023-05-31 14:20:00-04:00,164.32,164.47,164.26,164.45,37344.0,164.326,48
2023-05-31 14:25:00-04:00,164.42,164.96,164.42,164.85,38164.0,164.722,99
2023-05-31 14:30:00-04:00,164.81,164.81,164.6,164.6,5572.0,164.691,48
2023-05-31 14:35:00-04:00,164.58,164.67,164.39,164.41,8876.0,164.492,69
2023-05-31 14:40:00-04:00,164.46,164.46,164.19,164.24,16152.0,164.264,71
2023-05-31 14:45:00-04:00,164.21,164.31,164.03,164.03,12328.0,164.198,76
2023-05-31 14:50:00-04:00,164.04,164.08,163.7,163.83,11520.0,163.847,79
2023-05-31 14:55:00-04:00,163.84,163.96,163.75,163.93,4405.0,163.859,36
2023-05-31 15:00:00-04:00,163.9,164.03,163.81,163.92,76347.0,163.915,99
2023-05-31 15:05:00-04:00,163.91,164.07,163.8,163.97,12426.0,163.924,83
2023-05-31 15:10:00-04:00,163.94,164.1,163.94,164.06,5849.0,164.013,42
2023-05-31 15:15:00-04:00,164.02,164.04,163.86,163.88,7016.0,163.949,59
2023-05-31 15:20:00-04:00,163.81,163.96,163.71,163.81,14572.0,163.85,125
2023-05-31 15:25:00-04:00,163.79,163.82,163.72,163.73,5280.0,163.778,48
2023-05-31 15:30:00-04:00,163.75,163.79,163.67,163.75,14600.0,163.738,120
2023-05-31 15:35:00-04:00,163.75,163.81,163.51,163.68,15630.0,163.682,147
2023-05-31 15:40:00-04:00,163.64,163.83,163.5,163.83,36436.0,163.584,158
2023-05-31 15:45:00-04:00,163.84,163.84,163.56,163.69,32919.0,163.664,254
2023-05-31 15:50:00-04:00,163.73,163.73,163.36,163.43,36867.0,163.475,317
2023-05-31 15:55:00-04:00,163.39,163.54,163.17,163.27,87668.0,163.326,665
2023-06-01 09:30:00-04:00,162.48,163.02,162.04,162.31,19432.0,162.447,36
2023-06-01 09:35:00-04:00,162.55,163.21,162.42,162.81,8334.0,162.717,71
2023-06-01 09:40:00-04:00,162.59,162.65,162.09,162.62,13325.0,162.532,126
2023-06-01 09:45:00-04:00,162.65,163.01,162.53,162.7,6092.0,162.785,53
2023-06-01 09:50:00-04:00,162.72,162.92,162.62,162.76,6632.0,162.778,60
2023-06-01 09:55:00-04:00,162.76,163.12,162.64,163.02,5179.0,162.843,44
2023-06-01 10:00:00-04:00,163.17,163.6,163.04,163.38,11488.0,163.252,93
2023-06-01 10:05:00-04:00,163.31,164.04,163.31,163.99,32579.0,163.69,132
2023-06-01 10:10:00-04:00,163.97,164.49,163.78,164.49,9088.0,164.204,70
2023-06-01 10:15:00-04:00,164.49,164.99,164.46,164.5,40161.0,164.718,285
2023-06-01 10:20:00-04:00,164.5,164.85,164.37,164.78,15876.0,164.63,116
2023-06-01 10:25:00-04:00,164.78,164.84,164.37,164.38,21489.0,164.624,177
2023-06-01 10:30:00-04:00,164.37,164.75,164.35,164.67,27425.0,164.596,223
2023-06-01 10:35:00-04:00,164.56,164.73,164.31,164.43,9904.0,164.591,87
2023-06-01 10:40:00-04:00,164.37,164.76,164.36,164.68,13623.0,164.578,124
2023-06-01 10:45:00-04:00,164.78,165.23,164.75,165.05,27460.0,164.989,106
2023-06-01 10:50:00-04:00,165.12,165.35,165.11,165.11,3638.0,165.198,31
2023-06-01 10:55:00-04:00,165.2,165.58,165.11,165.47,7353.0,165.315,46
2023-06-01 11:00:00-04:00,165.45,165.47,164.81,164.81,13408.0,165.202,108
2023-06-01 11:05:00-04:00,164.9,165.03,164.7,164.7,7640.0,164.919,65
2023-06-01 11:10:00-04:00,164.78,164.78,164.22,164.28,8536.0,164.475,74
2023-06-01 11:15:00-04:00,164.42,164.7,164.38,164.56,4635.0,164.567,45
2023-06-01 11:20:00-04:00,164.49,164.73,164.45,164.54,9518.0,164.612,77
2023-06-01 11:25:00-04:00,164.57,164.67,164.5,164.59,8525.0,164.602,78
2023-06-01 11:30:00-04:00,164.59,164.99,164.58,164.9,7747.0,164.752,70
2023-06-01 11:35:00-04:00,164.92,164.99,164.67,164.8,5376.0,164.858,47
2023-06-01 11:40:00-04:00,164.84,165.09,164.81,165.02,3781.0,164.99,34
2023-06-01 11:45:00-04:00,165.05,165.43,165.05,165.38,6200.0,165.323,29
2023-06-01 11:50:00-04:00,165.43,165.7,165.39,165.59,4495.0,165.545,41
2023-06-01 11:55:00-04:00,165.55,165.8,165.47,165.51,5380.0,165.651,50
2023-06-01 12:00:00-04:00,165.49,165.49,165.29,165.29,4182.0,165.404,38
2023-06-01 12:05:00-04:00,165.28,165.57,165.19,165.57,3836.0,165.361,33
2023-06-01 12:10:00-04:00,165.55,165.55,165.36,165.41,2567.0,165.457,18
2023-06-01 12:15:00-04:00,165.43,165.52,165.28,165.46,3416.0,165.381,33
2023-06-01 12:20:00-04:00,165.42,165.59,165.41,165.43,3422.0,165.468,23
2023-06-01 12:25:00-04:00,165.4,165.5,165.37,165.46,2899.0,165.418,25
2023-06-01 12:30:00-04:00,165.53,165.57,165.33,165.37,3361.0,165.446,30
2023-06-01 12:35:00-04:00,165.39,165.47,165.3,165.43,2633.0,165.391,19
2023-06-01 12:40:00-04:00,165.37,165.4,165.24,165.38,3403.0,165.326,29
2023-06-01 12:45:00-04:00,165.3,165.3,165.12,165.25,1400.0,165.228,13
2023-06-01 12:50:00-04:00,165.25,165.27,165.04,165.04,2930.0,165.171,25
2023-06-01 12:55:00-04:00,165.05,165.12,164.96,165.03,3221.0,165.022,30
2023-06-01 13:00:00-04:00,165.06,165.25,165.0,165.22,2624.0,165.109,21
2023-06-01 13:05:00-04:00,165.24,165.24,165.09,165.09,6144.0,165.173,51
2023-06-01 13:10:00-04:00,165.11,165.16,165.04,165.13,2719.0,165.096,24
2023-06-01 13:15:00-04:00,165.09,165.22,165.07,165.18,4071.0,165.144,36
2023-06-01 13:20:00-04:00,165.17,165.45,165.12,165.13,6010.0,165.327,56
2023-06-01 13:25:00-04:00,165.13,165.13,164.98,165.0,2976.0,165.043,27
2023-06-01 13:30:00-04:00,164.99,165.07,164.96,165.01,4790.0,165.016,38
2023-06-01 13:35:00-04:00,165.0,165.05,164.91,164.97,5962.0,164.983,53
2023-06-01 13:40:00-04:00,164.93,165.08,164.93,165.02,9902.0,165.027,59
2023-06-01 13:45:00-04:00,165.13,165.45,165.13,165.37,3386.0,165.301,21
2023-06-01 13:50:00-04:00,165.46,165.8,165.46,165.68,34457.0,165.613,45
2023-06-01 13:55:00-04:00,165.75,165.75,165.43,165.45,2950.0,165.555,28
2023-06-01 14:00:00-04:00,165.46,165.47,165.36,165.42,1862.0,165.417,18
2023-06-01 14:05:00-04:00,165.42,165.67,165.41,165.61,3200.0,165.57,32
2023-06-01 14:10:00-04:00,165.61,165.87,165.59,165.85,4643.0,165.759,41
2023-06-01 14:15:00-04:00,165.84,165.89,165.44,165.53,8314.0,165.658,62
2023-06-01 14:20:00-04:00,165.51,165.61,165.45,165.61,2922.0,165.503,28
2023-06-01 14:25:00-04:00,165.62,165.8,165.59,165.73,6816.0,165.686,57
2023-06-01 14:30:00-04:00,165.75,165.94,165.68,165.91,6096.0,165.756,59
2023-06-01 14:35:00-04:00,165.87,165.92,165.0,165.82,196688.0,165.039,85
2023-06-01 14:40:00-04:00,165.77,165.9,165.69,165.9,2746.0,165.777,24
2023-06-01 14:45:00-04:00,165.97,166.03,165.84,165.84,6143.0,165.958,53
2023-06-01 14:50:00-04:00,165.87,166.0,165.81,165.93,5358.0,165.878,46
2023-06-01 14:55:00-04:00,165.92,166.29,165.91,166.28,4120.0,166.069,38
2023-06-01 15:00:00-04:00,166.33,166.34,166.18,166.27,7992.0,166.257,60
2023-06-01 15:05:00-04:00,166.29,166.38,166.24,166.25,6493.0,166.298,56
2023-06-01 15:10:00-04:00,166.26,166.32,166.24,166.27,5029.0,166.266,47
2023-06-01 15:15:00-04:00,166.28,166.4,166.02,166.08,15432.0,166.272,85
2023-06-01 15:20:00-04:00,166.06,166.2,166.02,166.12,8453.0,166.135,73
2023-06-01 15:25:00-04:00,166.1,166.14,165.83,165.88,9538.0,166.023,82
2023-06-01 15:30:00-04:00,165.91,165.92,165.74,165.84,17111.0,165.833,144
2023-06-01 15:35:00-04:00,165.77,165.88,165.71,165.82,11425.0,165.79,101
2023-06-01 15:40:00-04:00,165.81,166.03,165.77,165.94,16710.0,165.9,145
2023-06-01 15:45:00-04:00,165.94,166.18,165.93,166.16,33128.0,166.103,193
2023-06-01 15:50:00-04:00,166.12,166.26,165.59,165.96,67569.0,165.836,431
2023-06-01 15:55:00-04:00,166.0,166.0,165.74,165.97,87199.0,165.868,643
2023-06-02 09:30:00-04:00,168.92,170.11,168.83,169.43,21254.0,169.056,35
2023-06-02 09:35:00-04:00,169.25,171.16,169.25,169.77,15218.0,170.241,128
2023-06-02 09:40:00-04:00,169.93,170.45,169.77,170.45,6954.0,170.17,61
2023-06-02 09:45:00-04:00,170.38,170.79,169.68,170.27,18495.0,170.138,145
2023-06-02 09:50:00-04:00,170.36,171.07,170.36,170.7,18975.0,170.767,170
2023-06-02 09:55:00-04:00,170.57,170.77,169.89,170.09,4219.0,170.42,37
2023-06-02 10:00:00-04:00,170.11,170.85,169.95,170.85,8400.0,170.303,76
2023-06-02 10:05:00-04:00,170.84,171.18,170.54,170.66,7198.0,170.893,62
2023-06-02 10:10:00-04:00,170.5,171.29,170.38,171.28,16016.0,170.843,128
2023-06-02 10:15:00-04:00,171.3,171.65,171.07,171.22,20806.0,171.298,176
2023-06-02 10:20:00-04:00,171.31,171.53,170.81,171.16,6669.0,171.211,62
2023-06-02 10:25:00-04:00,171.11,171.11,170.88,170.94,3888.0,171.031,28
2023-06-02 10:30:00-04:00,170.91,171.05,170.55,170.67,12187.0,170.822,59
2023-06-02 10:35:00-04:00,170.76,170.95,170.76,170.81,5671.0,170.845,53
2023-06-02 10:40:00-04:00,170.96,171.11,170.76,171.01,5305.0,170.897,38
2023-06-02 10:45:00-04:00,171.11,171.61,171.01,171.61,2464.0,171.301,24
2023-06-02 10:50:00-04:00,171.61,171.61,171.23,171.39,3154.0,171.413,29
2023-06-02 10:55:00-04:00,171.42,171.43,171.19,171.22,2202.0,171.303,21
2023-06-02 11:00:00-04:00,171.24,172.1,171.24,172.1,11443.0,171.606,93
2023-06-02 11:05:00-04:00,171.96,172.1,171.91,171.98,11408.0,171.993,110
2023-06-02 11:10:00-04:00,172.01,172.2,171.92,172.12,4019.0,172.068,34
2023-06-02 11:15:00-04:00,172.12,172.21,171.98,172.12,4068.0,172.106,29
2023-06-02 11:20:00-04:00,172.07,172.12,171.78,171.78,4944.0,171.985,37
2023-06-02 11:25:00-04:00,171.78,172.22,171.78,172.22,3946.0,171.923,37
2023-06-02 11:30:00-04:00,172.16,172.16,171.82,172.12,11403.0,171.995,96
2023-06-02 11:35:00-04:00,172.12,172.12,171.68,171.68,2290.0,171.932,21
2023-06-02 11:40:00-04:00,171.55,171.86,171.55,171.86,7168.0,171.711,60
2023-06-02 11:45:00-04:00,171.78,171.8,171.4,171.42,5921.0,171.698,52
2023-06-02 11:50:00-04:00,171.47,171.72,171.43,171.72,3963.0,171.596,37
2023-06-02 11:55:00-04:00,171.63,172.01,171.62,172.01,8453.0,171.798,70
2023-06-02 12:00:00-04:00,172.01,172.01,171.87,171.92,2236.0,171.941,20
2023-06-02 12:05:00-04:00,171.92,172.02,171.79,171.84,2143.0,171.932,20
2023-06-02 12:10:00-04:00,171.9,172.32,171.9,172.22,5217.0,172.088,43
2023-06-02 12:15:00-04:00,172.18,172.36,172.1,172.34,4628.0,172.179,34
2023-06-02 12:20:00-04:00,172.34,172.34,172.22,172.23,1306.0,172.274,13
2023-06-02 12:25:00-04:00,172.23,172.69,172.23,172.58,8612.0,172.466,79
2023-06-02 12:30:00-04:00,172.64,172.75,172.55,172.6,5491.0,172.675,44
2023-06-02 12:35:00-04:00,172.63,172.65,172.43,172.43,1662.0,172.55,15
2023-06-02 12:40:00-04:00,172.37,172.49,172.29,172.45,2300.0,172.414,23
2023-06-02 12:45:00-04:00,172.42,172.66,172.34,172.47,3325.0,172.462,23
2023-06-02 12:50:00-04:00,172.47,172.5,172.39,172.44,2195.0,172.446,21
2023-06-02 12:55:00-04:00,172.5,172.54,172.44,172.5,707.0,172.502,7
2023-06-02 13:00:00-04:00,172.54,172.6,172.35,172.51,4568.0,172.483,40
2023-06-02 13:05:00-04:00,172.49,172.49,172.36,172.43,2121.0,172.435,20
2023-06-02 13:10:00-04:00,172.34,172.38,172.31,172.34,1200.0,172.338,11
2023-06-02 13:15:00-04:00,172.38,172.72,172.35,172.72,4687.0,172.48,42
2023-06-02 13:20:00-04:00,172.53,172.79,172.52,172.79,3570.0,172.642,29
2023-06-02 13:25:00-04:00,172.7,172.74,172.59,172.66,2425.0,172.649,20
2023-06-02 13:30:00-04:00,172.58,172.63,172.44,172.54,1710.0,172.543,17
2023-06-02 13:35:00-04:00,172.43,172.43,172.21,172.21,1461.0,172.294,13
2023-06-02 13:40:00-04:00,172.25,172.32,172.16,172.32,3519.0,172.273,31
2023-06-02 13:45:00-04:00,172.25,172.26,172.08,172.24,3176.0,172.172,27
2023-06-02 13:50:00-04:00,172.25,172.27,172.11,172.17,3209.0,172.194,25
2023-06-02 13:55:00-04:00,172.18,172.27,172.15,172.25,7586.0,172.211,68
2023-06-02 14:00:00-04:00,172.18,172.24,172.1,172.24,3438.0,172.166,31
2023-06-02 14:05:00-04:00,172.2,172.21,172.0,172.2,3925.0,172.121,35
2023-06-02 14:10:00-04:00,172.2,172.21,171.93,171.94,4230.0,172.038,29
2023-06-02 14:15:00-04:00,172.03,172.34,171.93,172.34,3528.0,172.087,28
2023-06-02 14:20:00-04:00,172.56,172.56,172.45,172.52,1703.0,172.49,15
2023-06-02 14:25:00-04:00,172.51,172.55,172.28,172.3,4323.0,172.41,42
2023-06-02 14:30:00-04:00,172.27,172.39,172.19,172.28,4179.0,172.311,36
2023-06-02 14:35:00-04:00,172.28,172.5,172.28,172.5,3352.0,172.363,31
2023-06-02 14:40:00-04:00,172.53,172.65,172.48,172.48,5147.0,172.556,40
2023-06-02 14:45:00-04:00,172.5,172.61,172.46,172.51,2517.0,172.532,24
2023-06-02 14:50:00-04:00,172.43,172.46,172.27,172.27,1468.0,172.406,13
2023-06-02 14:55:00-04:00,172.38,172.7,172.38,172.7,4595.0,172.48,41
2023-06-02 15:00:00-04:00,172.76,173.0,172.76,172.99,1680.0,172.845,14
2023-06-02 15:05:00-04:00,172.94,173.08,172.85,172.85,6791.0,172.942,56
2023-06-02 15:10:00-04:00,172.81,172.9,172.67,172.82,6302.0,172.812,54
2023-06-02 15:15:00-04:00,172.87,172.95,172.82,172.9,4056.0,172.902,36
2023-06-02 15:20:00-04:00,172.89,172.96,172.77,172.85,4423.0,172.862,42
2023-06-02 15:25:00-04:00,172.82,172.9,172.79,172.8,7498.0,172.841,70
2023-06-02 15:30:00-04:00,172.8,173.15,172.8,173.03,11402.0,172.949,89
2023-06-02 15:35:00-04:00,173.03,173.04,172.85,172.87,7762.0,172.963,67
2023-06-02 15:40:00-04:00,172.88,173.14,172.88,173.02,14592.0,173.007,126
2023-06-02 15:45:00-04:00,173.06,173.17,172.93,173.01,14455.0,173.043,128
2023-06-02 15:50:00-04:00,172.9,173.23,172.83,173.22,33963.0,173.068,274
2023-06-02 15:55:00-04:00,173.22,173.29,172.9,173.01,70402.0,173.024,505
2023-06-05 09:30:00-04:00,173.66,173.76,172.77,172.94,18521.0,173.602,24
2023-06-05 09:35:00-04:00,172.94,173.5,172.8,173.46,2944.0,173.097,26
2023-06-05 09:40:00-04:00,173.15,173.54,172.94,173.18,1150.0,173.226,11
2023-06-05 09:45:00-04:00,173.42,173.42,172.78,173.06,1314.0,173.036,13
2023-06-05 09:50:00-04:00,172.9,172.96,172.63,172.63,800.0,172.86,7
2023-06-05 09:55:00-04:00,172.79,172.79,171.79,171.92,1734.0,172.142,16
2023-06-05 10:00:00-04:00,172.02,173.01,171.92,172.37,4740.0,172.52,46
2023-06-05 10:05:00-04:00,172.29,172.51,172.07,172.11,1851.0,172.247,16
2023-06-05 10:10:00-04:00,172.16,172.16,171.78,171.9,2453.0,171.966,24
2023-06-05 10:15:00-04:00,171.95,172.29,171.88,171.9,1213.0,172.016,11
2023-06-05 10:20:00-04:00,171.92,172.08,171.63,172.08,3631.0,171.85,32
2023-06-05 10:25:00-04:00,172.11,172.29,171.76,172.28,2828.0,172.003,26
2023-06-05 10:30:00-04:00,172.17,172.44,172.08,172.44,5967.0,172.279,57
2023-06-05 10:35:00-04:00,172.36,172.63,172.19,172.38,6075.0,172.315,56
2023-06-05 10:40:00-04:00,172.32,172.51,172.18,172.33,1042.0,172.425,5
2023-06-05 10:45:00-04:00,172.33,173.17,172.18,173.17,8151.0,172.401,25
2023-06-05 10:50:00-04:00,173.28,173.29,172.43,172.45,3624.0,172.933,34
2023-06-05 10:55:00-04:00,172.57,172.57,172.07,172.49,4575.0,172.293,40
2023-06-05 11:00:00-04:00,172.38,172.5,172.11,172.11,4016.0,172.411,33
2023-06-05 11:05:00-04:00,172.26,172.39,172.18,172.39,2093.0,172.289,17
2023-06-05 11:10:00-04:00,172.46,172.46,172.36,172.42,1986.0,172.401,18
2023-06-05 11:15:00-04:00,172.43,172.52,172.25,172.36,2245.0,172.37,19
2023-06-05 11:20:00-04:00,172.39,172.66,172.29,172.66,8243.0,172.454,66
2023-06-05 11:25:00-04:00,172.56,172.7,172.52,172.7,1825.0,172.612,18
2023-06-05 11:30:00-04:00,172.71,172.85,172.57,172.57,4658.0,172.741,32
2023-06-05 11:35:00-04:00,172.63,172.81,172.63,172.75,3374.0,172.705,28
2023-06-05 11:40:00-04:00,172.69,173.01,172.67,172.81,2087.0,172.817,19
2023-06-05 11:45:00-04:00,172.93,173.0,172.89,172.98,3270.0,172.936,31
2023-06-05 11:50:00-04:00,173.0,173.2,172.96,172.96,4297.0,173.071,41
2023-06-05 11:55:00-04:00,172.94,172.96,172.73,172.86,2342.0,172.842,21
2023-06-05 12:00:00-04:00,172.82,172.85,172.43,172.44,2156.0,172.629,20
2023-06-05 12:05:00-04:00,172.56,172.62,172.53,172.58,2314.0,172.578,19
2023-06-05 12:10:00-04:00,172.58,172.68,172.51,172.64,922.0,172.616,9
2023-06-05 12:15:00-04:00,172.64,172.65,172.55,172.55,2000.0,172.616,19
2023-06-05 12:20:00-04:00,172.56,172.65,172.47,172.65,2399.0,172.566,19
2023-06-05 12:25:00-04:00,172.62,172.76,172.57,172.68,2650.0,172.675,24
2023-06-05 12:30:00-04:00,172.66,172.7,172.52,172.58,2159.0,172.574,15
2023-06-05 12:35:00-04:00,172.59,172.73,172.57,172.69,2327.0,172.67,21
2023-06-05 12:40:00-04:00,172.63,172.65,172.58,172.64,1135.0,172.62,9
2023-06-05 12:45:00-04:00,172.65,172.67,172.58,172.62,1970.0,172.625,19
2023-06-05 12:50:00-04:00,172.7,172.71,172.63,172.67,1793.0,172.669,17
2023-06-05 12:55:00-04:00,172.73,172.8,172.68,172.71,2461.0,172.745,21
2023-06-05 13:00:00-04:00,172.8,172.86,172.75,172.75,2392.0,172.804,19
2023-06-05 13:05:00-04:00,172.73,172.85,172.7,172.85,2438.0,172.75,21
2023-06-05 13:10:00-04:00,172.82,172.85,172.59,172.59,2642.0,172.727,25
2023-06-05 13:15:00-04:00,172.55,172.55,172.44,172.5,2876.0,172.497,26
2023-06-05 13:20:00-04:00,172.57,172.58,172.45,172.46,1299.0,172.522,11
2023-06-05 13:25:00-04:00,172.44,172.48,172.05,172.27,6619.0,172.338,57
2023-06-05 13:30:00-04:00,172.2,172.2,171.96,172.04,3504.0,172.092,30
2023-06-05 13:35:00-04:00,172.05,172.05,171.9,171.98,3032.0,171.983,25
2023-06-05 13:40:00-04:00,171.97,172.09,171.97,172.04,4076.0,172.027,31
2023-06-05 13:45:00-04:00,172.02,172.24,172.01,172.17,5270.0,172.142,36
2023-06-05 13:50:00-04:00,172.14,172.19,172.05,172.17,4072.0,172.134,31
2023-06-05 13:55:00-04:00,172.21,172.52,172.2,172.52,2514.0,172.313,21
2023-06-05 14:00:00-04:00,172.47,172.47,172.34,172.34,1528.0,172.416,13
2023-06-05 14:05:00-04:00,172.33,172.35,172.22,172.23,3105.0,172.291,29
2023-06-05 14:10:00-04:00,172.29,172.41,172.28,172.3,3325.0,172.332,30
2023-06-05 14:15:00-04:00,172.28,172.39,172.25,172.37,3071.0,172.313,22
2023-06-05 14:20:00-04:00,172.37,172.45,172.33,172.42,4223.0,172.4,30
2023-06-05 14:25:00-04:00,172.42,172.65,172.37,172.5,18511.0,172.523,82
2023-06-05 14:30:00-04:00,172.46,172.47,172.04,172.17,4319.0,172.266,41
2023-06-05 14:35:00-04:00,172.19,172.26,172.03,172.06,3821.0,172.171,35
2023-06-05 14:40:00-04:00,172.01,172.41,172.01,172.41,2082.0,172.153,20
2023-06-05 14:45:00-04:00,172.3,172.3,172.11,172.16,2660.0,172.224,22
2023-06-05 14:50:00-04:00,172.11,172.4,172.08,172.31,8459.0,172.238,66
2023-06-05 14:55:00-04:00,172.3,172.47,172.3,172.47,2173.0,172.393,20
2023-06-05 15:00:00-04:00,172.44,172.5,172.09,172.09,3306.0,172.322,33
2023-06-05 15:05:00-04:00,172.09,172.32,172.09,172.25,3110.0,172.2,29
2023-06-05 15:10:00-04:00,172.2,172.49,172.2,172.49,1501.0,172.325,13
2023-06-05 15:15:00-04:00,172.45,172.46,172.3,172.34,2923.0,172.372,27
2023-06-05 15:20:00-04:00,172.34,172.38,172.27,172.34,2642.0,172.324,23
2023-06-05 15:25:00-04:00,172.31,172.32,172.09,172.09,2681.0,172.193,23
2023-06-05 15:30:00-04:00,172.12,172.28,172.03,172.27,5415.0,172.188,44
2023-06-05 15:35:00-04:00,172.28,172.41,172.28,172.36,3665.0,172.337,35
2023-06-05 15:40:00-04:00,172.38,172.46,172.35,172.44,5258.0,172.405,47
2023-06-05 15:45:00-04:00,172.4,172.55,172.27,172.52,4381.0,172.4,41
2023-06-05 15:50:00-04:00,172.51,172.61,172.16,172.2,24476.0,172.349,205
2023-06-05 15:55:00-04:00,172.2,172.51,172.15,172.41,50683.0,172.386,370
2023-06-06 09:30:00-04:00,171.69,172.78,171.63,172.78,16852.0,171.825,39
2023-06-06 09:35:00-04:00,172.6,172.89,172.01,172.84,9705.0,172.415,84
2023-06-06 09:40:00-04:00,172.89,172.92,172.32,172.81,5423.0,172.568,50
2023-06-06 09:45:00-04:00,172.72,173.33,172.58,172.74,4192.0,172.946,38
2023-06-06 09:50:00-04:00,172.94,173.26,172.83,173.18,7377.0,173.02,69
2023-06-06 09:55:00-04:00,173.09,173.25,172.79,173.13,4996.0,172.976,49
2023-06-06 10:00:00-04:00,173.27,173.78,173.2,173.53,3319.0,173.495,33
2023-06-06 10:05:00-04:00,173.79,174.28,173.78,174.26,6005.0,173.929,55
2023-06-06 10:10:00-04:00,174.27,174.57,173.99,174.02,5269.0,174.239,52
2023-06-06 10:15:00-04:00,174.08,174.38,173.83,174.29,15402.0,174.008,58
2023-06-06 10:20:00-04:00,174.27,174.41,173.98,173.99,6440.0,174.152,61
2023-06-06 10:25:00-04:00,173.99,174.38,173.98,174.38,5900.0,174.194,53
2023-06-06 10:30:00-04:00,174.59,174.84,174.53,174.56,8093.0,174.685,73
2023-06-06 10:35:00-04:00,174.62,174.78,174.46,174.77,6496.0,174.599,61
2023-06-06 10:40:00-04:00,174.75,174.91,174.59,174.84,6488.0,174.761,48
2023-06-06 10:45:00-04:00,174.94,175.31,174.83,175.29,11847.0,175.058,92
2023-06-06 10:50:00-04:00,175.25,175.33,174.93,174.93,4793.0,175.186,43
2023-06-06 10:55:00-04:00,174.94,175.04,174.63,175.0,5642.0,174.797,48
2023-06-06 11:00:00-04:00,175.03,175.27,174.93,175.22,3358.0,175.071,33
2023-06-06 11:05:00-04:00,175.28,175.29,174.71,174.71,4068.0,175.1,37
2023-06-06 11:10:00-04:00,174.68,174.94,174.49,174.49,4209.0,174.723,35
2023-06-06 11:15:00-04:00,174.47,174.51,174.4,174.4,2048.0,174.454,20
2023-06-06 11:20:00-04:00,174.46,174.63,174.23,174.23,3526.0,174.468,33
2023-06-06 11:25:00-04:00,174.28,174.63,174.11,174.63,2580.0,174.317,24
2023-06-06 11:30:00-04:00,174.71,174.82,174.46,174.53,4023.0,174.629,35
2023-06-06 11:35:00-04:00,174.6,175.06,174.6,175.06,7203.0,174.758,38
2023-06-06 11:40:00-04:00,175.04,175.04,174.75,174.81,7544.0,174.861,66
2023-06-06 11:45:00-04:00,174.8,175.01,174.74,174.97,6564.0,174.865,61
2023-06-06 11:50:00-04:00,175.05,175.11,174.93,175.11,4643.0,175.026,43
2023-06-06 11:55:00-04:00,175.08,175.09,174.89,175.0,5132.0,174.976,49
2023-06-06 12:00:00-04:00,174.92,175.29,174.9,175.29,6399.0,175.124,59
2023-06-06 12:05:00-04:00,175.25,175.25,174.91,174.92,5941.0,175.088,53
2023-06-06 12:10:00-04:00,174.95,175.07,174.9,175.04,2837.0,174.99,23
2023-06-06 12:15:00-04:00,175.05,175.41,175.04,175.35,2971.0,175.263,25
2023-06-06 12:20:00-04:00,175.44,175.49,175.31,175.43,7777.0,175.411,67
2023-06-06 12:25:00-04:00,175.37,175.54,175.33,175.43,8610.0,175.46,34
2023-06-06 12:30:00-04:00,175.46,175.51,175.35,175.51,5164.0,175.41,46
2023-06-06 12:35:00-04:00,175.42,175.42,175.03,175.16,6104.0,175.284,55
2023-06-06 12:40:00-04:00,175.06,175.1,174.76,174.87,2496.0,174.897,23
2023-06-06 12:45:00-04:00,174.73,174.87,174.64,174.71,2051.0,174.761,19
2023-06-06 12:50:00-04:00,174.67,174.86,174.57,174.76,4702.0,174.759,40
2023-06-06 12:55:00-04:00,174.77,174.81,174.56,174.63,2422.0,174.68,21
2023-06-06 13:00:00-04:00,174.57,174.63,174.16,174.37,12735.0,174.296,97
2023-06-06 13:05:00-04:00,174.36,174.62,174.2,174.6,3136.0,174.414,27
2023-06-06 13:10:00-04:00,174.62,174.68,174.54,174.66,2700.0,174.633,25
2023-06-06 13:15:00-04:00,174.7,174.71,174.22,174.22,4340.0,174.519,42
2023-06-06 13:20:00-04:00,174.18,174.21,173.95,174.19,8645.0,174.088,62
2023-06-06 13:25:00-04:00,174.2,174.2,173.86,174.06,4001.0,174.074,38
2023-06-06 13:30:00-04:00,173.98,174.06,173.86,173.95,2802.0,173.973,24
2023-06-06 13:35:00-04:00,174.06,174.11,173.9,173.9,6901.0,174.016,43
2023-06-06 13:40:00-04:00,173.92,173.92,173.74,173.8,2298.0,173.845,21
2023-06-06 13:45:00-04:00,173.8,173.98,173.77,173.97,2845.0,173.884,26
2023-06-06 13:50:00-04:00,173.97,174.2,173.97,174.09,4879.0,174.104,42
2023-06-06 13:55:00-04:00,174.06,174.07,173.83,173.94,3416.0,173.923,31
2023-06-06 14:00:00-04:00,173.81,173.89,173.68,173.81,3446.0,173.782,30
2023-06-06 14:05:00-04:00,173.77,174.05,173.68,174.05,2142.0,173.816,18
2023-06-06 14:10:00-04:00,174.14,174.43,174.14,174.42,1475.0,174.316,11
2023-06-06 14:15:00-04:00,174.37,174.42,174.3,174.35,3355.0,174.363,30
2023-06-06 14:20:00-04:00,174.35,174.46,174.35,174.46,1853.0,174.403,17
2023-06-06 14:25:00-04:00,174.44,174.51,174.34,174.34,4618.0,174.416,43
2023-06-06 14:30:00-04:00,174.35,174.5,174.29,174.46,4319.0,174.41,43
2023-06-06 14:35:00-04:00,174.4,174.47,174.37,174.37,4500.0,174.415,41
2023-06-06 14:40:00-04:00,174.41,174.66,174.41,174.55,5853.0,174.565,47
2023-06-06 14:45:00-04:00,174.56,174.73,174.55,174.7,2007.0,174.663,20
2023-06-06 14:50:00-04:00,174.69,174.87,174.68,174.84,3194.0,174.808,31
2023-06-06 14:55:00-04:00,174.86,174.88,174.75,174.84,5715.0,174.811,45
2023-06-06 15:00:00-04:00,174.89,175.02,174.78,174.8,4069.0,174.927,32
2023-06-06 15:05:00-04:00,174.84,175.03,174.84,174.97,3023.0,174.938,28
2023-06-06 15:10:00-04:00,175.02,175.02,174.76,174.77,5141.0,174.911,47
2023-06-06 15:15:00-04:00,174.75,175.06,174.74,175.06,5550.0,174.873,47
2023-06-06 15:20:00-04:00,175.03,175.06,174.94,175.03,8406.0,174.999,76
2023-06-06 15:25:00-04:00,175.06,175.09,174.82,174.93,11593.0,174.966,99
2023-06-06 15:30:00-04:00,174.9,175.11,174.84,174.88,13620.0,174.998,124
2023-06-06 15:35:00-04:00,174.86,174.98,174.59,174.71,16265.0,174.866,141
2023-06-06 15:40:00-04:00,174.71,174.98,174.64,174.98,13275.0,174.795,124
2023-06-06 15:45:00-04:00,175.03,175.2,174.94,175.11,30174.0,175.08,275
2023-06-06 15:50:00-04:00,175.21,175.28,175.05,175.22,34343.0,175.166,312
2023-06-06 15:55:00-04:00,175.26,175.26,174.73,174.73,72578.0,174.922,556
2023-06-07 09:30:00-04:00,174.83,174.83,173.26,173.39,18257.0,174.599,44
2023-06-07 09:35:00-04:00,173.39,174.83,173.26,174.77,9332.0,173.764,72
2023-06-07 09:40:00-04:00,174.91,175.1,174.48,175.1,5627.0,174.836,43
2023-06-07 09:45:00-04:00,175.1,175.1,174.6,175.04,3500.0,174.923,33
2023-06-07 09:50:00-04:00,175.29,175.52,174.99,175.52,2130.0,175.229,19
2023-06-07 09:55:00-04:00,175.52,176.18,175.52,176.04,2737.0,175.936,23
2023-06-07 10:00:00-04:00,175.93,176.19,175.66,175.92,10661.0,175.901,96
2023-06-07 10:05:00-04:00,175.8,176.32,175.66,176.17,5510.0,175.95,48
2023-06-07 10:10:00-04:00,176.25,176.58,175.96,176.03,8677.0,176.28,74
2023-06-07 10:15:00-04:00,176.07,176.29,176.07,176.13,2531.0,176.155,23
2023-06-07 10:20:00-04:00,176.28,176.42,176.02,176.17,4755.0,176.23,45
2023-06-07 10:25:00-04:00,176.16,176.41,176.07,176.33,4142.0,176.259,29
2023-06-07 10:30:00-04:00,176.4,176.76,176.4,176.59,4477.0,176.617,42
2023-06-07 10:35:00-04:00,176.61,176.61,176.07,176.31,18342.0,176.208,104
2023-06-07 10:40:00-04:00,176.28,176.42,175.94,176.05,4040.0,176.126,36
2023-06-07 10:45:00-04:00,176.13,176.44,176.13,176.44,1219.0,176.313,11
2023-06-07 10:50:00-04:00,176.29,176.84,176.21,176.79,5947.0,176.447,46
2023-06-07 10:55:00-04:00,176.72,177.68,176.7,177.44,12754.0,177.263,115
2023-06-07 11:00:00-04:00,177.43,177.98,177.43,177.78,7246.0,177.731,66
2023-06-07 11:05:00-04:00,177.75,177.75,177.08,177.08,4908.0,177.446,45
2023-06-07 11:10:00-04:00,177.06,177.18,176.82,177.1,4657.0,177.017,42
2023-06-07 11:15:00-04:00,177.03,177.27,176.93,177.23,2547.0,177.08,23
2023-06-07 11:20:00-04:00,177.13,177.2,177.08,177.17,3388.0,177.149,32
2023-06-07 11:25:00-04:00,177.23,177.56,177.23,177.5,3806.0,177.43,35
2023-06-07 11:30:00-04:00,177.49,177.55,177.34,177.39,3250.0,177.423,28
2023-06-07 11:35:00-04:00,177.34,177.4,177.23,177.39,1998.0,177.338,18
2023-06-07 11:40:00-04:00,177.33,177.34,177.03,177.13,4262.0,177.197,39
2023-06-07 11:45:00-04:00,177.2,177.49,177.2,177.49,5271.0,177.297,36
2023-06-07 11:50:00-04:00,177.21,177.22,177.01,177.14,2801.0,177.134,25
2023-06-07 11:55:00-04:00,177.17,177.17,176.64,176.67,8452.0,176.858,66
2023-06-07 12:00:00-04:00,176.7,176.87,176.61,176.78,4705.0,176.743,35
2023-06-07 12:05:00-04:00,176.79,176.88,176.67,176.8,4579.0,176.779,38
2023-06-07 12:10:00-04:00,176.67,176.74,176.58,176.74,1971.0,176.664,18
2023-06-07 12:15:00-04:00,176.68,177.13,176.59,177.09,6035.0,176.872,58
2023-06-07 12:20:00-04:00,177.02,177.19,176.96,177.15,5633.0,177.09,46
2023-06-07 12:25:00-04:00,177.03,177.09,176.63,176.7,4385.0,176.841,35
2023-06-07 12:30:00-04:00,176.77,177.23,176.76,177.23,2700.0,176.922,26
2023-06-07 12:35:00-04:00,177.21,177.31,177.15,177.31,3071.0,177.234,28
2023-06-07 12:40:00-04:00,177.14,177.26,177.0,177.22,9097.0,177.077,30
2023-06-07 12:45:00-04:00,177.22,177.29,176.9,176.96,5406.0,177.149,51
2023-06-07 12:50:00-04:00,176.89,177.04,176.78,176.78,3192.0,176.939,29
2023-06-07 12:55:00-04:00,176.65,176.99,176.58,176.8,8013.0,176.826,67
2023-06-07 13:00:00-04:00,176.8,176.85,176.68,176.83,1837.0,176.779,16
2023-06-07 13:05:00-04:00,176.8,177.11,176.66,177.1,5153.0,176.851,48
2023-06-07 13:10:00-04:00,177.14,177.14,176.8,176.86,3845.0,176.985,33
2023-06-07 13:15:00-04:00,176.87,177.05,176.66,176.75,2581.0,176.883,25
2023-06-07 13:20:00-04:00,176.65,176.65,176.33,176.62,2300.0,176.51,23
2023-06-07 13:25:00-04:00,176.49,176.88,176.48,176.75,6208.0,176.67,56
2023-06-07 13:30:00-04:00,176.74,176.83,176.46,176.51,4883.0,176.655,45
2023-06-07 13:35:00-04:00,176.51,176.61,176.39,176.47,3862.0,176.448,37
2023-06-07 13:40:00-04:00,176.41,176.62,176.36,176.61,3533.0,176.512,34
2023-06-07 13:45:00-04:00,176.7,176.73,176.31,176.57,3768.0,176.509,32
2023-06-07 13:50:00-04:00,176.54,176.61,176.25,176.61,4049.0,176.437,36
2023-06-07 13:55:00-04:00,176.52,176.74,176.43,176.69,3451.0,176.587,33
2023-06-07 14:00:00-04:00,176.65,176.89,176.65,176.89,5909.0,176.784,47
2023-06-07 14:05:00-04:00,176.84,177.11,176.84,177.11,6024.0,176.987,55
2023-06-07 14:10:00-04:00,177.06,177.13,176.81,177.02,8367.0,177.004,68
2023-06-07 14:15:00-04:00,176.97,176.97,176.76,176.94,4185.0,176.852,36
2023-06-07 14:20:00-04:00,176.9,176.94,176.67,176.71,3423.0,176.831,31
2023-06-07 14:25:00-04:00,176.71,176.78,176.45,176.59,4592.0,176.594,43
2023-06-07 14:30:00-04:00,176.59,176.62,176.44,176.55,3884.0,176.541,34
2023-06-07 14:35:00-04:00,176.5,176.69,176.37,176.69,6283.0,176.525,56
2023-06-07 14:40:00-04:00,176.59,176.78,176.52,176.68,8519.0,176.615,74
2023-06-07 14:45:00-04:00,176.68,176.79,176.63,176.77,4445.0,176.709,34
2023-06-07 14:50:00-04:00,176.7,176.97,176.68,176.95,5943.0,176.842,57
2023-06-07 14:55:00-04:00,176.97,177.02,176.84,176.84,7157.0,176.921,52
2023-06-07 15:00:00-04:00,176.83,176.96,176.69,176.69,8511.0,176.855,70
2023-06-07 15:05:00-04:00,176.7,176.79,176.58,176.62,9810.0,176.682,75
2023-06-07 15:10:00-04:00,176.63,176.68,176.41,176.56,11222.0,176.547,91
2023-06-07 15:15:00-04:00,176.61,176.75,176.54,176.67,28281.0,176.608,143
2023-06-07 15:20:00-04:00,176.65,176.82,176.63,176.71,9425.0,176.715,82
2023-06-07 15:25:00-04:00,176.73,176.77,176.47,176.77,19264.0,176.582,140
2023-06-07 15:30:00-04:00,176.71,176.77,176.54,176.55,11141.0,176.675,98
2023-06-07 15:35:00-04:00,176.6,176.69,176.44,176.44,14970.0,176.559,138
2023-06-07 15:40:00-04:00,176.42,176.59,176.36,176.41,31357.0,176.482,156
2023-06-07 15:45:00-04:00,176.37,176.5,176.22,176.48,22810.0,176.377,206
2023-06-07 15:50:00-04:00,176.47,176.58,176.01,176.01,53901.0,176.333,416
2023-06-07 15:55:00-04:00,176.05,176.2,176.01,176.16,91025.0,176.102,641
2023-06-08 09:30:00-04:00,175.01,175.96,174.89,175.95,15539.0,175.053,45
2023-06-08 09:35:00-04:00,176.16,176.16,175.06,175.16,4273.0,175.485,38
2023-06-08 09:40:00-04:00,175.46,175.92,175.15,175.69,13081.0,175.55,73
2023-06-08 09:45:00-04:00,175.56,175.56,174.66,175.09,7071.0,175.053,51
2023-06-08 09:50:00-04:00,175.21,175.34,174.8,175.06,31306.0,175.042,60
2023-06-08 09:55:00-04:00,174.95,175.41,174.74,175.3,2982.0,175.044,21
2023-06-08 10:00:00-04:00,175.5,175.8,175.35,175.38,6894.0,175.536,55
2023-06-08 10:05:00-04:00,175.51,175.65,175.0,175.23,2536.0,175.367,25
2023-06-08 10:10:00-04:00,175.31,175.34,174.87,175.03,3617.0,175.061,30
2023-06-08 10:15:00-04:00,175.12,175.28,174.99,175.27,4514.0,175.148,40
2023-06-08 10:20:00-04:00,175.24,175.31,175.04,175.31,800.0,175.153,8
2023-06-08 10:25:00-04:00,175.25,175.48,175.13,175.48,16353.0,175.31,101
2023-06-08 10:30:00-04:00,175.47,175.92,175.47,175.6,6114.0,175.685,45
2023-06-08 10:35:00-04:00,175.58,175.63,175.43,175.55,4746.0,175.536,42
2023-06-08 10:40:00-04:00,175.58,175.77,175.52,175.61,3537.0,175.645,30
2023-06-08 10:45:00-04:00,175.61,175.92,175.61,175.8,3179.0,175.794,31
2023-06-08 10:50:00-04:00,175.81,176.06,175.74,175.98,5189.0,175.938,25
2023-06-08 10:55:00-04:00,175.94,176.03,175.74,175.79,6330.0,175.863,57
2023-06-08 11:00:00-04:00,175.87,176.09,175.73,175.99,3900.0,175.927,38
2023-06-08 11:05:00-04:00,175.92,176.12,175.82,175.82,4605.0,175.944,41
2023-06-08 11:10:00-04:00,175.89,176.18,175.87,176.08,9657.0,176.068,17
2023-06-08 11:15:00-04:00,176.03,176.13,175.89,176.05,6089.0,175.967,51
2023-06-08 11:20:00-04:00,176.09,176.39,176.07,176.39,2066.0,176.173,12
2023-06-08 11:25:00-04:00,176.33,176.4,176.18,176.3,2513.0,176.252,24
2023-06-08 11:30:00-04:00,176.3,176.37,176.08,176.14,6112.0,176.248,33
2023-06-08 11:35:00-04:00,176.17,176.32,176.09,176.27,2200.0,176.214,21
2023-06-08 11:40:00-04:00,176.36,176.36,176.25,176.34,1664.0,176.304,14
2023-06-08 11:45:00-04:00,176.29,176.29,176.03,176.26,1519.0,176.149,15
2023-06-08 11:50:00-04:00,176.23,176.32,176.17,176.22,4901.0,176.261,36
2023-06-08 11:55:00-04:00,176.37,176.5,176.35,176.39,2769.0,176.406,21
2023-06-08 12:00:00-04:00,176.36,176.52,176.35,176.45,3178.0,176.41,26
2023-06-08 12:05:00-04:00,176.55,176.61,176.49,176.59,2700.0,176.542,21
2023-06-08 12:10:00-04:00,176.55,176.6,176.48,176.58,2596.0,176.553,23
2023-06-08 12:15:00-04:00,176.58,176.59,176.27,176.35,2971.0,176.391,26
2023-06-08 12:20:00-04:00,176.26,176.51,176.26,176.46,2107.0,176.367,20
2023-06-08 12:25:00-04:00,176.5,176.85,176.5,176.85,1550.0,176.639,10
2023-06-08 12:30:00-04:00,176.84,176.98,176.75,176.91,2986.0,176.833,24
2023-06-08 12:35:00-04:00,176.9,177.04,176.5,176.61,12425.0,176.68,79
2023-06-08 12:40:00-04:00,176.6,176.73,176.6,176.67,1507.0,176.688,11
2023-06-08 12:45:00-04:00,176.71,176.72,176.58,176.63,1900.0,176.657,19
2023-06-08 12:50:00-04:00,176.63,176.67,176.54,176.59,1703.0,176.595,16
2023-06-08 12:55:00-04:00,176.66,176.86,176.61,176.65,2466.0,176.703,23
2023-06-08 13:00:00-04:00,176.63,176.77,176.57,176.57,1304.0,176.67,12
2023-06-08 13:05:00-04:00,176.6,176.6,176.4,176.47,1700.0,176.479,13
2023-06-08 13:10:00-04:00,176.47,176.52,176.22,176.34,4517.0,176.336,41
2023-06-08 13:15:00-04:00,176.33,176.46,176.33,176.46,1800.0,176.386,17
2023-06-08 13:20:00-04:00,176.45,176.47,176.2,176.34,2518.0,176.353,24
2023-06-08 13:25:00-04:00,176.34,176.43,176.3,176.31,1100.0,176.388,11
2023-06-08 13:30:00-04:00,176.31,176.46,176.3,176.37,2800.0,176.362,24
2023-06-08 13:35:00-04:00,176.36,176.4,176.29,176.33,2355.0,176.353,22
2023-06-08 13:40:00-04:00,176.26,176.38,176.24,176.37,2600.0,176.327,23
2023-06-08 13:45:00-04:00,176.37,176.37,176.31,176.31,2407.0,176.318,21
2023-06-08 13:50:00-04:00,176.31,176.44,176.26,176.27,5171.0,176.345,50
2023-06-08 13:55:00-04:00,176.3,176.3,176.21,176.22,3028.0,176.247,28
2023-06-08 14:00:00-04:00,176.22,176.38,176.21,176.34,2918.0,176.308,29
2023-06-08 14:05:00-04:00,176.39,176.55,176.37,176.53,2600.0,176.452,24
2023-06-08 14:10:00-04:00,176.55,176.6,176.45,176.52,11701.0,176.535,21
2023-06-08 14:15:00-04:00,176.45,176.64,176.44,176.64,9817.0,176.526,39
2023-06-08 14:20:00-04:00,176.64,176.75,176.55,176.6,5876.0,176.64,42
2023-06-08 14:25:00-04:00,176.57,176.6,176.45,176.57,7557.0,176.536,49
2023-06-08 14:30:00-04:00,176.6,176.78,176.56,176.72,4778.0,176.666,40
2023-06-08 14:35:00-04:00,176.83,176.88,176.71,176.72,2334.0,176.782,18
2023-06-08 14:40:00-04:00,176.78,176.79,176.67,176.77,4521.0,176.736,37
2023-06-08 14:45:00-04:00,176.71,176.87,176.69,176.79,15220.0,176.789,64
2023-06-08 14:50:00-04:00,176.77,176.77,176.63,176.67,4558.0,176.683,20
2023-06-08 14:55:00-04:00,176.68,176.77,176.62,176.62,4511.0,176.702,35
2023-06-08 15:00:00-04:00,176.63,176.81,176.62,176.81,4986.0,176.694,27
2023-06-08 15:05:00-04:00,176.75,177.03,176.72,176.99,5728.0,176.912,46
2023-06-08 15:10:00-04:00,176.93,176.93,176.72,176.78,14466.0,176.821,75
2023-06-08 15:15:00-04:00,176.76,177.03,176.75,177.03,4658.0,176.903,40
2023-06-08 15:20:00-04:00,177.05,177.13,176.92,177.0,16370.0,177.039,60
2023-06-08 15:25:00-04:00,177.03,177.15,177.03,177.09,6101.0,177.09,48
2023-06-08 15:30:00-04:00,177.05,177.07,176.96,177.04,12159.0,177.018,93
2023-06-08 15:35:00-04:00,177.07,177.12,176.93,176.93,10545.0,177.024,98
2023-06-08 15:40:00-04:00,176.95,177.17,176.9,177.09,12015.0,177.051,99
2023-06-08 15:45:00-04:00,177.15,177.19,177.07,177.09,21193.0,177.13,153
2023-06-08 15:50:00-04:00,177.16,177.33,176.99,177.03,35255.0,177.198,246
2023-06-08 15:55:00-04:00,176.93,177.23,176.8,176.87,70136.0,177.021,478
2023-06-09 09:30:00-04:00,177.37,177.44,176.8,177.19,16163.0,177.292,50
2023-06-09 09:35:00-04:00,177.24,177.6,176.9,177.6,4474.0,177.149,43
2023-06-09 09:40:00-04:00,177.58,177.96,177.29,177.96,5615.0,177.573,51
2023-06-09 09:45:00-04:00,177.86,177.86,177.05,177.19,4232.0,177.465,39
2023-06-09 09:50:00-04:00,177.36,177.75,177.36,177.72,3265.0,177.543,25
2023-06-09 09:55:00-04:00,177.73,177.9,177.42,177.5,5340.0,177.626,48
2023-06-09 10:00:00-04:00,177.41,177.69,177.41,177.44,4786.0,177.541,45
2023-06-09 10:05:00-04:00,177.44,177.48,177.2,177.39,4106.0,177.354,37
2023-06-09 10:10:00-04:00,177.39,177.53,177.2,177.36,4993.0,177.364,36
2023-06-09 10:15:00-04:00,177.42,177.9,177.42,177.75,11012.0,177.698,61
2023-06-09 10:20:00-04:00,177.77,177.77,176.96,177.02,7347.0,177.306,59
2023-06-09 10:25:00-04:00,176.94,176.99,176.41,176.41,7045.0,176.641,70
2023-06-09 10:30:00-04:00,176.49,176.55,176.21,176.22,6821.0,176.367,64
2023-06-09 10:35:00-04:00,176.17,176.26,175.82,175.83,8788.0,176.051,84
2023-06-09 10:40:00-04:00,175.83,176.35,175.82,176.31,8353.0,176.07,79
2023-06-09 10:45:00-04:00,176.4,176.82,176.31,176.71,6423.0,176.615,60
2023-06-09 10:50:00-04:00,176.72,176.8,176.45,176.79,15650.0,176.572,152
2023-06-09 10:55:00-04:00,176.87,177.18,176.78,176.87,5344.0,176.963,49
2023-06-09 11:00:00-04:00,176.87,176.87,176.58,176.72,4444.0,176.705,34
2023-06-09 11:05:00-04:00,176.72,176.75,176.45,176.45,2533.0,176.665,23
2023-06-09 11:10:00-04:00,176.46,176.67,176.44,176.5,14338.0,176.509,68
2023-06-09 11:15:00-04:00,176.5,176.5,176.13,176.18,5350.0,176.307,48
2023-06-09 11:20:00-04:00,176.13,176.13,175.77,175.83,3776.0,175.948,35
2023-06-09 11:25:00-04:00,175.81,175.81,175.46,175.7,2025.0,175.642,19
2023-06-09 11:30:00-04:00,175.62,175.62,175.01,175.37,10417.0,175.246,90
2023-06-09 11:35:00-04:00,175.38,175.79,175.38,175.61,5205.0,175.608,49
2023-06-09 11:40:00-04:00,175.7,175.96,175.7,175.89,2749.0,175.846,23
2023-06-09 11:45:00-04:00,175.89,176.04,175.79,175.8,3098.0,175.888,27
2023-06-09 11:50:00-04:00,175.86,175.93,175.57,175.59,2827.0,175.778,26
2023-06-09 11:55:00-04:00,175.57,175.57,175.37,175.48,2910.0,175.466,26
2023-06-09 12:00:00-04:00,175.47,175.53,175.03,175.38,11166.0,175.345,99
2023-06-09 12:05:00-04:00,175.35,175.57,175.13,175.13,11490.0,175.358,112
2023-06-09 12:10:00-04:00,175.12,175.63,175.06,175.63,6433.0,175.224,60
2023-06-09 12:15:00-04:00,175.55,175.81,175.44,175.81,3354.0,175.558,30
2023-06-09 12:20:00-04:00,175.87,175.98,175.83,175.89,2645.0,175.894,26
2023-06-09 12:25:00-04:00,175.89,176.04,175.88,175.89,15505.0,175.938,61
2023-06-09 12:30:00-04:00,175.89,175.93,175.71,175.77,6154.0,175.815,45
2023-06-09 12:35:00-04:00,175.72,175.72,175.43,175.45,3710.0,175.553,35
2023-06-09 12:40:00-04:00,175.46,175.48,175.37,175.41,2904.0,175.433,28
2023-06-09 12:45:00-04:00,175.59,175.88,175.57,175.72,9675.0,175.685,54
2023-06-09 12:50:00-04:00,175.91,175.92,175.69,175.82,3052.0,175.859,13
2023-06-09 12:55:00-04:00,175.8,175.9,175.64,175.9,3862.0,175.787,36
2023-06-09 13:00:00-04:00,175.9,175.96,175.82,175.95,2253.0,175.879,21
2023-06-09 13:05:00-04:00,175.91,176.26,175.91,176.26,6175.0,176.005,58
2023-06-09 13:10:00-04:00,176.21,176.54,176.2,176.53,6658.0,176.424,60
2023-06-09 13:15:00-04:00,176.54,176.59,176.41,176.48,13213.0,176.506,117
2023-06-09 13:20:00-04:00,176.48,176.54,176.42,176.45,1413.0,176.469,14
2023-06-09 13:25:00-04:00,176.49,176.49,176.38,176.47,3700.0,176.456,28
2023-06-09 13:30:00-04:00,176.46,176.73,176.45,176.71,5619.0,176.557,41
2023-06-09 13:35:00-04:00,176.74,176.85,176.7,176.7,2897.0,176.77,23
2023-06-09 13:40:00-04:00,176.77,176.94,176.77,176.91,3705.0,176.889,34
2023-06-09 13:45:00-04:00,176.94,177.1,176.94,176.99,2857.0,177.034,27
2023-06-09 13:50:00-04:00,176.98,177.03,176.85,177.0,4679.0,176.973,33
2023-06-09 13:55:00-04:00,177.0,177.02,176.87,176.98,2175.0,176.954,17
2023-06-09 14:00:00-04:00,176.94,176.94,176.84,176.9,2949.0,176.883,28
2023-06-09 14:05:00-04:00,176.9,177.03,176.89,176.95,2373.0,176.953,23
2023-06-09 14:10:00-04:00,176.99,176.99,176.81,176.83,4294.0,176.924,33
2023-06-09 14:15:00-04:00,176.86,176.9,176.74,176.9,2421.0,176.839,22
2023-06-09 14:20:00-04:00,176.93,176.93,176.81,176.87,6202.0,176.884,45
2023-06-09 14:25:00-04:00,176.91,176.91,176.68,176.74,4235.0,176.808,36
2023-06-09 14:30:00-04:00,176.78,176.88,176.76,176.85,3188.0,176.841,23
2023-06-09 14:35:00-04:00,176.83,176.89,176.79,176.8,3908.0,176.85,34
2023-06-09 14:40:00-04:00,176.84,176.9,176.77,176.83,1523.0,176.827,15
2023-06-09 14:45:00-04:00,176.77,176.89,176.7,176.79,3093.0,176.786,30
2023-06-09 14:50:00-04:00,176.78,176.79,176.67,176.69,1758.0,176.724,13
2023-06-09 14:55:00-04:00,176.71,176.82,176.66,176.81,2752.0,176.732,25
2023-06-09 15:00:00-04:00,176.86,176.97,176.81,176.93,5514.0,176.88,50
2023-06-09 15:05:00-04:00,176.94,176.94,176.74,176.8,3274.0,176.854,23
2023-06-09 15:10:00-04:00,176.77,176.78,176.7,176.75,2015.0,176.742,18
2023-06-09 15:15:00-04:00,176.77,176.83,176.67,176.77,3483.0,176.752,33
2023-06-09 15:20:00-04:00,176.76,176.78,176.6,176.61,7357.0,176.681,42
2023-06-09 15:25:00-04:00,176.65,176.7,176.47,176.57,7175.0,176.602,67
2023-06-09 15:30:00-04:00,176.56,176.73,176.48,176.64,5335.0,176.612,48
2023-06-09 15:35:00-04:00,176.58,176.71,176.36,176.53,5739.0,176.538,55
2023-06-09 15:40:00-04:00,176.49,176.63,176.44,176.5,16397.0,176.543,150
2023-06-09 15:45:00-04:00,176.44,176.57,176.44,176.48,10997.0,176.511,106
2023-06-09 15:50:00-04:00,176.48,176.65,176.35,176.39,42429.0,176.533,359
2023-06-09 15:55:00-04:00,176.39,176.42,176.1,176.24,76418.0,176.254,555
2023-06-12 09:30:00-04:00,176.38,176.5,176.0,176.11,9911.0,176.192,9
2023-06-12 09:35:00-04:00,176.16,176.17,175.47,175.73,3159.0,175.871,23
2023-06-12 09:40:00-04:00,176.0,176.4,176.0,176.06,3456.0,176.159,32
2023-06-12 09:45:00-04:00,176.03,176.03,175.57,175.95,63590.0,175.669,81
2023-06-12 09:50:00-04:00,176.04,176.58,175.96,176.55,4900.0,176.427,39
2023-06-12 09:55:00-04:00,176.62,176.69,176.23,176.32,11101.0,176.361,82
2023-06-12 10:00:00-04:00,176.39,176.44,175.99,176.15,9300.0,176.273,71
2023-06-12 10:05:00-04:00,176.2,176.23,176.03,176.14,2884.0,176.129,26
2023-06-12 10:10:00-04:00,176.14,176.38,175.92,176.38,11109.0,176.136,79
2023-06-12 10:15:00-04:00,176.39,176.5,176.13,176.36,11042.0,176.339,76
2023-06-12 10:20:00-04:00,176.36,176.36,175.89,175.98,11115.0,176.113,79
2023-06-12 10:25:00-04:00,175.98,176.25,175.82,176.25,16243.0,176.005,123
2023-06-12 10:30:00-04:00,176.18,176.24,175.76,175.87,19398.0,175.858,58
2023-06-12 10:35:00-04:00,175.89,176.01,175.64,175.66,25987.0,175.785,58
2023-06-12 10:40:00-04:00,175.77,175.86,175.68,175.84,4243.0,175.759,38
2023-06-12 10:45:00-04:00,175.68,176.02,175.68,175.74,2401.0,175.863,21
2023-06-12 10:50:00-04:00,175.67,175.74,175.42,175.59,2000.0,175.621,18
2023-06-12 10:55:00-04:00,175.64,175.86,175.53,175.53,16581.0,175.731,83
2023-06-12 11:00:00-04:00,175.6,175.73,175.55,175.7,6622.0,175.642,59
2023-06-12 11:05:00-04:00,175.63,175.7,175.58,175.69,3403.0,175.647,32
2023-06-12 11:10:00-04:00,175.65,175.9,175.64,175.74,7000.0,175.74,54
2023-06-12 11:15:00-04:00,175.8,175.9,175.71,175.72,5766.0,175.817,43
2023-06-12 11:20:00-04:00,175.71,175.76,175.6,175.61,6207.0,175.696,43
2023-06-12 11:25:00-04:00,175.65,176.01,175.65,175.86,7062.0,175.791,60
2023-06-12 11:30:00-04:00,175.9,176.01,175.71,175.91,8370.0,175.884,71
2023-06-12 11:35:00-04:00,175.9,176.1,175.85,175.93,9303.0,176.007,58
2023-06-12 11:40:00-04:00,175.88,176.03,175.86,175.96,5682.0,175.921,42
2023-06-12 11:45:00-04:00,175.92,175.92,175.64,175.64,4302.0,175.777,41
2023-06-12 11:50:00-04:00,175.65,175.81,175.61,175.66,6999.0,175.694,56
2023-06-12 11:55:00-04:00,175.68,175.72,175.57,175.67,13176.0,175.656,108
2023-06-12 12:00:00-04:00,175.67,175.75,175.56,175.66,12761.0,175.665,104
2023-06-12 12:05:00-04:00,175.67,175.94,175.64,175.91,8156.0,175.784,68
2023-06-12 12:10:00-04:00,175.81,175.98,175.71,175.8,5201.0,175.819,50
2023-06-12 12:15:00-04:00,175.81,175.99,175.72,175.77,9753.0,175.833,73
2023-06-12 12:20:00-04:00,175.76,175.81,175.67,175.67,4045.0,175.737,36
2023-06-12 12:25:00-04:00,175.66,175.8,175.63,175.63,9200.0,175.713,80
2023-06-12 12:30:00-04:00,175.61,175.77,175.43,175.43,17917.0,175.621,145
2023-06-12 12:35:00-04:00,175.43,176.34,175.36,176.34,25639.0,175.596,124
2023-06-12 12:40:00-04:00,176.4,176.69,176.39,176.63,17583.0,176.447,53
2023-06-12 12:45:00-04:00,176.66,176.78,176.4,176.41,2517.0,176.59,23
2023-06-12 12:50:00-04:00,176.48,176.56,176.38,176.5,2952.0,176.478,20
2023-06-12 12:55:00-04:00,176.5,176.52,176.41,176.5,5873.0,176.463,42
2023-06-12 13:00:00-04:00,176.5,176.57,176.35,176.44,4306.0,176.45,38
2023-06-12 13:05:00-04:00,176.43,176.43,176.41,176.42,595.0,176.42,3
2023-06-12 13:10:00-04:00,176.43,176.49,176.25,176.33,6117.0,176.372,51
2023-06-12 13:15:00-04:00,176.27,176.3,176.2,176.25,2816.0,176.253,23
2023-06-12 13:20:00-04:00,176.31,176.4,176.24,176.27,2270.0,176.343,22
2023-06-12 13:25:00-04:00,176.18,176.32,176.0,176.08,7534.0,176.154,62
2023-06-12 13:30:00-04:00,176.0,176.03,175.91,175.92,3347.0,175.995,21
2023-06-12 13:35:00-04:00,175.87,176.14,175.84,176.08,14777.0,176.004,54
2023-06-12 13:40:00-04:00,176.2,176.46,176.19,176.35,3481.0,176.351,28
2023-06-12 13:45:00-04:00,176.38,176.45,176.25,176.25,2796.0,176.377,27
2023-06-12 13:50:00-04:00,176.37,176.4,176.34,176.4,1854.0,176.376,12
2023-06-12 13:55:00-04:00,176.34,176.46,176.2,176.22,3611.0,176.365,32
2023-06-12 14:00:00-04:00,176.31,176.44,176.21,176.38,4900.0,176.307,43
2023-06-12 14:05:00-04:00,176.37,176.38,176.13,176.21,15981.0,176.253,128
2023-06-12 14:10:00-04:00,176.21,176.28,175.92,176.06,18149.0,176.084,149
2023-06-12 14:15:00-04:00,176.04,176.14,175.96,176.03,10140.0,176.035,86
2023-06-12 14:20:00-04:00,176.01,176.01,175.86,175.91,15125.0,175.944,131
2023-06-12 14:25:00-04:00,175.93,175.95,175.71,175.95,18440.0,175.836,157
2023-06-12 14:30:00-04:00,175.85,176.07,175.8,175.95,9342.0,175.926,89
2023-06-12 14:35:00-04:00,175.94,176.03,175.73,175.73,7389.0,175.866,70
2023-06-12 14:40:00-04:00,175.82,175.97,175.8,175.93,5455.0,175.9,52
2023-06-12 14:45:00-04:00,175.89,176.05,175.79,176.01,4200.0,175.922,37
2023-06-12 14:50:00-04:00,175.96,176.08,175.91,176.0,3789.0,175.984,36
2023-06-12 14:55:00-04:00,175.97,175.98,175.85,175.96,6585.0,175.914,59
2023-06-12 15:00:00-04:00,175.97,176.28,175.96,176.27,3659.0,176.134,34
2023-06-12 15:05:00-04:00,176.23,176.26,176.1,176.2,5216.0,176.167,45
2023-06-12 15:10:00-04:00,176.23,176.44,176.09,176.39,7222.0,176.27,68
2023-06-12 15:15:00-04:00,176.44,176.51,176.4,176.4,6580.0,176.466,63
2023-06-12 15:20:00-04:00,176.42,176.42,176.22,176.24,6588.0,176.294,56
2023-06-12 15:25:00-04:00,176.33,176.38,176.25,176.26,13568.0,176.303,126
2023-06-12 15:30:00-04:00,176.31,176.35,176.07,176.12,12514.0,176.194,115
2023-06-12 15:35:00-04:00,176.11,176.16,175.99,176.06,18205.0,176.079,164
2023-06-12 15:40:00-04:00,176.06,176.3,176.02,176.02,21899.0,176.147,184
2023-06-12 15:45:00-04:00,176.02,176.15,175.9,175.97,21777.0,175.995,181
2023-06-12 15:50:00-04:00,176.07,176.22,175.67,175.7,31795.0,175.902,278
2023-06-12 15:55:00-04:00,175.78,175.83,175.55,175.81,67121.0,175.671,532
2023-06-13 09:30:00-04:00,176.31,177.46,176.31,177.2,14812.0,176.441,22
2023-06-13 09:35:00-04:00,177.33,178.46,177.25,178.46,7832.0,177.594,68
2023-06-13 09:40:00-04:00,178.43,179.37,178.21,179.37,9051.0,178.673,80
2023-06-13 09:45:00-04:00,179.39,180.21,179.32,179.69,26820.0,179.797,243
2023-06-13 09:50:00-04:00,179.82,179.83,178.63,178.71,6090.0,179.376,56
2023-06-13 09:55:00-04:00,178.73,178.89,178.23,178.4,3050.0,178.513,23
2023-06-13 10:00:00-04:00,178.68,178.68,178.2,178.48,2102.0,178.353,17
2023-06-13 10:05:00-04:00,178.47,178.82,178.4,178.4,3624.0,178.543,27
2023-06-13 10:10:00-04:00,178.45,178.68,178.07,178.55,3914.0,178.281,38
2023-06-13 10:15:00-04:00,178.7,178.77,178.26,178.42,34279.0,178.715,22
2023-06-13 10:20:00-04:00,178.53,179.04,178.44,178.91,3230.0,178.794,29
2023-06-13 10:25:00-04:00,178.87,179.48,178.87,179.48,3628.0,179.13,30
2023-06-13 10:30:00-04:00,179.27,179.27,178.73,178.86,3227.0,179.061,32
2023-06-13 10:35:00-04:00,178.91,179.48,178.84,179.36,5463.0,179.276,50
2023-06-13 10:40:00-04:00,179.28,179.5,179.12,179.29,6974.0,179.276,57
2023-06-13 10:45:00-04:00,179.35,179.35,179.17,179.19,2717.0,179.258,27
2023-06-13 10:50:00-04:00,179.28,179.39,179.08,179.08,6590.0,179.219,61
2023-06-13 10:55:00-04:00,179.08,179.29,179.07,179.23,6224.0,179.192,59
2023-06-13 11:00:00-04:00,179.3,179.45,179.15,179.16,3527.0,179.271,32
2023-06-13 11:05:00-04:00,179.16,179.18,179.07,179.13,2736.0,179.109,24
2023-06-13 11:10:00-04:00,179.13,179.75,179.13,179.52,7212.0,179.497,59
2023-06-13 11:15:00-04:00,179.58,179.87,179.57,179.63,9199.0,179.726,73
2023-06-13 11:20:00-04:00,179.54,179.87,179.51,179.78,3623.0,179.646,32
2023-06-13 11:25:00-04:00,179.77,179.85,179.54,179.55,5385.0,179.683,36
2023-06-13 11:30:00-04:00,179.64,179.82,179.34,179.4,6399.0,179.572,43
2023-06-13 11:35:00-04:00,179.48,179.48,179.2,179.21,4485.0,179.292,28
2023-06-13 11:40:00-04:00,179.24,179.68,179.24,179.5,4109.0,179.486,35
2023-06-13 11:45:00-04:00,179.5,179.64,179.41,179.64,4756.0,179.478,45
2023-06-13 11:50:00-04:00,179.6,180.13,179.6,179.99,5230.0,179.953,43
2023-06-13 11:55:00-04:00,180.02,180.11,179.93,179.98,6368.0,179.996,50
2023-06-13 12:00:00-04:00,180.0,180.03,179.8,179.82,8301.0,179.939,67
2023-06-13 12:05:00-04:00,179.82,180.05,179.75,179.75,5149.0,179.957,34
2023-06-13 12:10:00-04:00,179.84,179.9,179.82,179.86,3557.0,179.854,29
2023-06-13 12:15:00-04:00,179.87,180.31,179.87,180.31,7349.0,180.076,51
2023-06-13 12:20:00-04:00,180.22,180.26,180.05,180.26,9667.0,180.174,37
2023-06-13 12:25:00-04:00,180.17,180.19,179.96,180.0,4757.0,180.062,35
2023-06-13 12:30:00-04:00,179.96,180.12,179.96,180.12,3022.0,180.038,24
2023-06-13 12:35:00-04:00,180.08,180.08,179.85,179.87,18596.0,179.99,74
2023-06-13 12:40:00-04:00,179.91,180.1,179.89,180.09,4510.0,179.976,36
2023-06-13 12:45:00-04:00,180.08,180.21,180.04,180.21,3411.0,180.084,28
2023-06-13 12:50:00-04:00,180.16,180.2,179.96,179.99,4169.0,180.077,34
2023-06-13 12:55:00-04:00,180.0,180.16,179.96,180.0,5603.0,180.049,48
2023-06-13 13:00:00-04:00,179.99,180.02,179.85,179.85,5097.0,179.956,48
2023-06-13 13:05:00-04:00,179.86,179.87,179.6,179.79,4269.0,179.721,38
2023-06-13 13:10:00-04:00,179.79,179.95,179.74,179.84,13594.0,179.786,53
2023-06-13 13:15:00-04:00,179.82,179.89,179.77,179.86,2498.0,179.818,24
2023-06-13 13:20:00-04:00,179.82,180.04,179.82,180.0,3536.0,179.968,29
2023-06-13 13:25:00-04:00,179.97,180.15,179.95,180.08,3865.0,180.078,34
2023-06-13 13:30:00-04:00,180.04,180.07,179.97,180.02,2861.0,180.02,23
2023-06-13 13:35:00-04:00,180.06,180.29,180.05,180.24,25284.0,180.192,94
2023-06-13 13:40:00-04:00,180.19,180.32,180.17,180.32,4529.0,180.245,34
2023-06-13 13:45:00-04:00,180.31,180.31,180.16,180.23,11833.0,180.283,24
2023-06-13 13:50:00-04:00,180.29,180.37,180.22,180.22,2708.0,180.289,20
2023-06-13 13:55:00-04:00,180.23,180.38,180.15,180.38,2811.0,180.236,27
2023-06-13 14:00:00-04:00,180.42,180.56,180.34,180.53,4620.0,180.469,40
2023-06-13 14:05:00-04:00,180.53,180.53,180.38,180.39,4328.0,180.439,39
2023-06-13 14:10:00-04:00,180.37,180.47,180.24,180.47,16287.0,180.328,61
2023-06-13 14:15:00-04:00,180.44,180.61,180.15,180.61,13873.0,180.296,84
2023-06-13 14:20:00-04:00,180.56,180.76,180.55,180.75,2055.0,180.655,20
2023-06-13 14:25:00-04:00,180.75,180.75,180.41,180.51,12615.0,180.642,68
2023-06-13 14:30:00-04:00,180.49,180.49,180.28,180.32,4988.0,180.339,38
2023-06-13 14:35:00-04:00,180.34,180.35,180.11,180.35,5213.0,180.199,39
2023-06-13 14:40:00-04:00,180.37,180.37,180.03,180.11,4134.0,180.11,17
2023-06-13 14:45:00-04:00,180.1,180.31,179.98,180.28,15296.0,180.102,111
2023-06-13 14:50:00-04:00,180.33,180.54,180.32,180.53,7682.0,180.412,73
2023-06-13 14:55:00-04:00,180.57,180.85,180.57,180.68,16931.0,180.748,152
2023-06-13 15:00:00-04:00,180.68,180.82,180.62,180.81,11064.0,180.753,45
2023-06-13 15:05:00-04:00,180.81,180.95,180.63,180.67,4425.0,180.82,37
2023-06-13 15:10:00-04:00,180.62,180.75,180.52,180.7,5534.0,180.666,44
2023-06-13 15:15:00-04:00,180.66,180.74,180.6,180.6,4138.0,180.674,35
2023-06-13 15:20:00-04:00,180.63,180.73,180.57,180.6,5846.0,180.646,54
2023-06-13 15:25:00-04:00,180.56,180.8,180.53,180.8,8457.0,180.727,46
2023-06-13 15:30:00-04:00,180.85,180.85,180.51,180.52,7446.0,180.671,68
2023-06-13 15:35:00-04:00,180.47,180.54,180.38,180.49,9379.0,180.453,72
2023-06-13 15:40:00-04:00,180.54,180.87,180.5,180.71,18922.0,180.773,160
2023-06-13 15:45:00-04:00,180.75,180.76,180.48,180.55,19092.0,180.592,148
2023-06-13 15:50:00-04:00,180.56,180.7,180.39,180.7,33324.0,180.532,272
2023-06-13 15:55:00-04:00,180.73,181.06,180.64,181.05,133363.0,180.845,874
2023-06-14 09:30:00-04:00,182.26,182.96,181.54,182.96,22312.0,182.18,49
2023-06-14 09:35:00-04:00,182.79,183.33,182.79,182.98,7062.0,183.052,61
2023-06-14 09:40:00-04:00,182.97,182.97,182.29,182.48,11649.0,182.473,107
2023-06-14 09:45:00-04:00,182.63,182.65,181.77,182.0,10621.0,182.273,83
2023-06-14 09:50:00-04:00,182.05,182.3,181.92,182.24,3952.0,182.123,37
2023-06-14 09:55:00-04:00,182.1,182.11,181.74,181.9,3439.0,181.963,31
2023-06-14 10:00:00-04:00,182.0,182.99,181.98,182.53,33823.0,182.558,197
2023-06-14 10:05:00-04:00,182.53,183.19,182.53,182.84,13193.0,182.913,86
2023-06-14 10:10:00-04:00,182.84,182.92,182.46,182.46,9986.0,182.726,81
2023-06-14 10:15:00-04:00,182.53,182.59,182.27,182.29,10534.0,182.474,86
2023-06-14 10:20:00-04:00,182.24,182.64,182.16,182.37,9228.0,182.364,83
2023-06-14 10:25:00-04:00,182.31,182.45,182.16,182.38,9468.0,182.331,68
2023-06-14 10:30:00-04:00,182.24,182.29,181.99,182.01,6583.0,182.139,45
2023-06-14 10:35:00-04:00,181.99,182.22,181.98,182.22,6997.0,182.156,46
2023-06-14 10:40:00-04:00,182.23,182.51,182.18,182.19,12339.0,182.403,105
2023-06-14 10:45:00-04:00,182.22,182.5,182.01,182.16,17806.0,182.236,79
2023-06-14 10:50:00-04:00,182.17,182.17,181.9,182.0,7783.0,182.016,63
2023-06-14 10:55:00-04:00,182.03,182.32,182.01,182.23,6521.0,182.154,62
2023-06-14 11:00:00-04:00,182.23,182.56,182.22,182.44,5572.0,182.366,52
2023-06-14 11:05:00-04:00,182.39,182.39,181.99,182.0,5044.0,182.185,43
2023-06-14 11:10:00-04:00,181.99,182.33,181.96,182.33,2601.0,182.076,24
2023-06-14 11:15:00-04:00,182.41,182.41,182.21,182.27,5291.0,182.297,49
2023-06-14 11:20:00-04:00,182.27,182.43,182.27,182.38,8703.0,182.356,83
2023-06-14 11:25:00-04:00,182.38,182.7,182.32,182.7,10990.0,182.419,91
2023-06-14 11:30:00-04:00,182.67,182.67,182.43,182.43,8953.0,182.541,70
2023-06-14 11:35:00-04:00,182.49,182.81,182.45,182.51,7570.0,182.571,68
2023-06-14 11:40:00-04:00,182.51,182.7,182.44,182.61,2192.0,182.519,20
2023-06-14 11:45:00-04:00,182.58,182.89,182.58,182.88,1389.0,182.811,13
2023-06-14 11:50:00-04:00,182.94,183.03,182.83,182.84,3651.0,182.902,32
2023-06-14 11:55:00-04:00,182.77,182.88,182.66,182.67,3520.0,182.725,29
2023-06-14 12:00:00-04:00,182.61,182.61,182.36,182.37,3394.0,182.508,32
2023-06-14 12:05:00-04:00,182.27,182.42,182.27,182.37,4217.0,182.359,38
2023-06-14 12:10:00-04:00,182.37,182.4,182.19,182.24,3621.0,182.258,31
2023-06-14 12:15:00-04:00,182.27,182.44,182.19,182.44,2861.0,182.322,22
2023-06-14 12:20:00-04:00,182.42,182.6,182.38,182.59,6167.0,182.474,40
2023-06-14 12:25:00-04:00,182.59,182.7,182.55,182.63,2841.0,182.628,27
2023-06-14 12:30:00-04:00,182.63,182.72,182.53,182.61,3439.0,182.626,32
2023-06-14 12:35:00-04:00,182.59,182.81,182.57,182.81,5949.0,182.624,32
2023-06-14 12:40:00-04:00,182.9,182.97,182.8,182.97,2104.0,182.856,19
2023-06-14 12:45:00-04:00,182.97,183.28,182.96,183.23,2418.0,183.088,23
2023-06-14 12:50:00-04:00,183.23,183.23,182.94,182.94,8604.0,183.066,61
2023-06-14 12:55:00-04:00,182.91,182.96,182.78,182.78,8084.0,182.886,40
2023-06-14 13:00:00-04:00,182.82,182.97,182.81,182.87,2479.0,182.87,22
2023-06-14 13:05:00-04:00,182.83,182.95,182.69,182.89,10522.0,182.77,67
2023-06-14 13:10:00-04:00,182.9,182.91,182.81,182.9,3169.0,182.869,30
2023-06-14 13:15:00-04:00,182.9,182.9,182.66,182.7,10169.0,182.746,75
2023-06-14 13:20:00-04:00,182.7,182.87,182.69,182.87,13706.0,182.727,43
2023-06-14 13:25:00-04:00,182.91,182.91,182.8,182.87,4306.0,182.853,36
2023-06-14 13:30:00-04:00,182.9,182.9,182.7,182.77,2270.0,182.783,21
2023-06-14 13:35:00-04:00,182.74,182.75,182.6,182.71,9726.0,182.664,54
2023-06-14 13:40:00-04:00,182.7,182.81,182.66,182.69,4413.0,182.731,39
2023-06-14 13:45:00-04:00,182.69,182.69,182.54,182.62,4911.0,182.635,44
2023-06-14 13:50:00-04:00,182.63,182.77,182.62,182.71,3272.0,182.681,29
2023-06-14 13:55:00-04:00,182.7,182.8,182.34,182.34,5985.0,182.674,51
2023-06-14 14:00:00-04:00,182.24,182.24,181.7,181.77,36013.0,182.036,159
2023-06-14 14:05:00-04:00,181.75,181.76,181.08,181.15,20329.0,181.303,79
2023-06-14 14:10:00-04:00,181.13,181.42,180.97,181.42,9520.0,181.129,85
2023-06-14 14:15:00-04:00,181.15,181.26,180.95,181.23,9437.0,181.092,90
2023-06-14 14:20:00-04:00,181.21,181.36,180.92,180.93,7330.0,181.168,63
2023-06-14 14:25:00-04:00,180.9,181.19,180.73,181.16,6132.0,180.993,57
2023-06-14 14:30:00-04:00,181.14,181.55,180.84,180.84,16291.0,181.234,92
2023-06-14 14:35:00-04:00,180.87,181.27,180.85,181.0,9872.0,181.037,86
2023-06-14 14:40:00-04:00,180.94,181.71,180.94,181.71,4557.0,181.306,38
2023-06-14 14:45:00-04:00,181.73,181.82,181.35,181.75,4734.0,181.569,43
2023-06-14 14:50:00-04:00,181.77,181.87,181.41,181.78,2523.0,181.663,25
2023-06-14 14:55:00-04:00,181.78,182.21,181.71,181.94,6627.0,182.024,63
2023-06-14 15:00:00-04:00,182.16,182.24,182.02,182.18,3686.0,182.093,32
2023-06-14 15:05:00-04:00,182.28,182.58,182.28,182.44,4532.0,182.412,42
2023-06-14 15:10:00-04:00,182.43,182.43,181.79,181.8,4851.0,182.099,46
2023-06-14 15:15:00-04:00,181.75,181.75,181.36,181.55,6350.0,181.55,56
2023-06-14 15:20:00-04:00,181.51,182.06,181.5,181.93,4741.0,181.929,42
2023-06-14 15:25:00-04:00,181.99,182.13,181.77,181.77,6107.0,181.96,56
2023-06-14 15:30:00-04:00,181.72,181.76,181.49,181.7,6138.0,181.657,59
2023-06-14 15:35:00-04:00,181.68,181.78,181.63,181.67,6530.0,181.712,61
2023-06-14 15:40:00-04:00,181.7,181.72,181.18,181.18,9034.0,181.473,76
2023-06-14 15:45:00-04:00,181.18,181.28,180.95,180.98,14804.0,181.151,137
2023-06-14 15:50:00-04:00,180.94,181.36,180.71,181.27,33807.0,181.05,304
2023-06-14 15:55:00-04:00,181.19,181.45,181.19,181.36,57350.0,181.357,414
2023-06-15 09:30:00-04:00,181.59,182.05,181.46,181.67,16506.0,181.621,29
2023-06-15 09:35:00-04:00,181.78,182.29,181.57,182.22,5743.0,181.933,54
2023-06-15 09:40:00-04:00,182.42,182.76,181.83,181.83,4184.0,182.293,38
2023-06-15 09:45:00-04:00,182.05,182.53,181.98,182.31,10011.0,182.323,83
2023-06-15 09:50:00-04:00,182.44,183.24,182.44,182.96,5273.0,182.854,46
2023-06-15 09:55:00-04:00,183.0,183.38,182.82,183.35,7612.0,183.062,71
2023-06-15 10:00:00-04:00,183.39,183.6,183.11,183.13,8358.0,183.305,69
2023-06-15 10:05:00-04:00,183.14,183.15,182.73,183.07,7361.0,182.968,49
2023-06-15 10:10:00-04:00,183.0,183.25,183.0,183.11,3568.0,183.163,35
2023-06-15 10:15:00-04:00,183.06,183.06,182.72,182.75,4308.0,182.914,37
2023-06-15 10:20:00-04:00,182.75,182.83,182.52,182.59,4816.0,182.689,45
2023-06-15 10:25:00-04:00,182.68,182.83,182.6,182.74,3506.0,182.693,35
2023-06-15 10:30:00-04:00,182.83,182.84,182.44,182.58,5230.0,182.569,52
2023-06-15 10:35:00-04:00,182.58,182.62,182.12,182.25,16665.0,182.389,146
2023-06-15 10:40:00-04:00,182.25,182.29,182.07,182.29,9060.0,182.19,89
2023-06-15 10:45:00-04:00,182.23,182.83,182.22,182.48,13375.0,182.483,92
2023-06-15 10:50:00-04:00,182.5,182.54,182.39,182.45,5588.0,182.482,51
2023-06-15 10:55:00-04:00,182.58,182.73,182.45,182.73,4623.0,182.54,45
2023-06-15 11:00:00-04:00,182.74,182.75,182.44,182.6,3558.0,182.545,33
2023-06-15 11:05:00-04:00,182.64,182.73,182.45,182.73,6221.0,182.619,57
2023-06-15 11:10:00-04:00,182.8,183.12,182.73,183.02,4377.0,182.928,42
2023-06-15 11:15:00-04:00,183.2,183.23,183.04,183.04,3781.0,183.14,36
2023-06-15 11:20:00-04:00,183.09,183.28,183.05,183.2,2355.0,183.165,22
2023-06-15 11:25:00-04:00,183.27,183.58,183.23,183.58,6386.0,183.36,58
2023-06-15 11:30:00-04:00,183.57,183.63,183.49,183.62,4023.0,183.569,31
2023-06-15 11:35:00-04:00,183.64,183.65,183.51,183.52,4160.0,183.581,34
2023-06-15 11:40:00-04:00,183.54,183.61,183.31,183.34,4723.0,183.47,38
2023-06-15 11:45:00-04:00,183.41,183.42,182.97,182.97,4171.0,183.209,34
2023-06-15 11:50:00-04:00,183.09,183.42,183.09,183.42,3231.0,183.226,26
2023-06-15 11:55:00-04:00,183.46,183.47,183.28,183.37,4425.0,183.368,39
2023-06-15 12:00:00-04:00,183.37,183.39,183.24,183.27,2569.0,183.314,22
2023-06-15 12:05:00-04:00,183.27,183.31,183.09,183.3,6491.0,183.242,52
2023-06-15 12:10:00-04:00,183.34,183.38,183.29,183.38,2518.0,183.329,22
2023-06-15 12:15:00-04:00,183.35,183.65,183.33,183.58,3213.0,183.512,32
2023-06-15 12:20:00-04:00,183.64,183.91,183.64,183.9,3085.0,183.763,28
2023-06-15 12:25:00-04:00,183.93,184.01,183.85,184.01,5536.0,183.922,44
2023-06-15 12:30:00-04:00,184.02,184.08,183.85,183.92,5554.0,183.968,44
2023-06-15 12:35:00-04:00,183.9,184.16,183.88,184.03,4126.0,184.003,32
2023-06-15 12:40:00-04:00,184.08,184.13,184.01,184.01,2775.0,184.062,26
2023-06-15 12:45:00-04:00,183.98,184.11,183.97,184.03,2965.0,184.038,28
2023-06-15 12:50:00-04:00,184.22,184.22,183.99,184.04,4692.0,184.141,39
2023-06-15 12:55:00-04:00,184.0,184.06,183.94,184.02,3288.0,184.007,23
2023-06-15 13:00:00-04:00,184.01,184.01,183.86,183.94,2118.0,183.942,18
2023-06-15 13:05:00-04:00,183.89,183.92,183.79,183.9,5441.0,183.825,39
2023-06-15 13:10:00-04:00,183.99,184.07,183.99,184.0,3209.0,184.022,28
2023-06-15 13:15:00-04:00,183.96,184.04,183.93,183.97,2246.0,183.99,22
2023-06-15 13:20:00-04:00,184.01,184.03,183.88,184.03,3681.0,183.958,32
2023-06-15 13:25:00-04:00,184.03,184.12,183.97,184.08,2855.0,184.02,25
2023-06-15 13:30:00-04:00,184.12,184.25,184.12,184.25,3041.0,184.161,27
2023-06-15 13:35:00-04:00,184.21,184.27,184.15,184.23,3319.0,184.196,30
2023-06-15 13:40:00-04:00,184.29,184.47,184.29,184.41,2500.0,184.378,25
2023-06-15 13:45:00-04:00,184.51,184.69,184.5,184.56,7187.0,184.564,49
2023-06-15 13:50:00-04:00,184.59,184.78,184.55,184.76,3184.0,184.655,31
2023-06-15 13:55:00-04:00,184.75,184.87,184.75,184.81,3047.0,184.818,26
2023-06-15 14:00:00-04:00,184.85,185.0,184.7,184.7,11230.0,184.917,78
2023-06-15 14:05:00-04:00,184.69,184.69,184.4,184.46,4013.0,184.546,39
2023-06-15 14:10:00-04:00,184.42,184.49,184.33,184.36,4018.0,184.389,40
2023-06-15 14:15:00-04:00,184.29,184.39,184.28,184.28,3333.0,184.341,32
2023-06-15 14:20:00-04:00,184.28,184.38,184.26,184.38,3600.0,184.311,33
2023-06-15 14:25:00-04:00,184.4,184.46,184.25,184.43,4488.0,184.38,42
2023-06-15 14:30:00-04:00,184.44,184.74,184.43,184.7,5038.0,184.615,47
2023-06-15 14:35:00-04:00,184.72,184.96,184.72,184.93,5842.0,184.872,55
2023-06-15 14:40:00-04:00,184.9,185.0,184.76,185.0,3700.0,184.868,35
2023-06-15 14:45:00-04:00,185.0,185.08,184.89,185.06,4282.0,184.957,40
2023-06-15 14:50:00-04:00,185.09,185.39,185.06,185.39,8430.0,185.18,71
2023-06-15 14:55:00-04:00,185.44,185.65,185.37,185.54,6586.0,185.507,62
2023-06-15 15:00:00-04:00,185.56,185.72,185.3,185.42,7077.0,185.48,65
2023-06-15 15:05:00-04:00,185.43,185.54,185.34,185.54,4528.0,185.432,41
2023-06-15 15:10:00-04:00,185.45,185.5,185.35,185.5,5738.0,185.423,51
2023-06-15 15:15:00-04:00,185.57,185.62,185.21,185.23,5793.0,185.402,56
2023-06-15 15:20:00-04:00,185.2,185.27,185.05,185.09,4468.0,185.177,43
2023-06-15 15:25:00-04:00,185.08,185.22,184.99,185.21,6941.0,185.068,66
2023-06-15 15:30:00-04:00,185.23,185.33,185.13,185.18,10290.0,185.249,84
2023-06-15 15:35:00-04:00,185.15,185.19,185.06,185.06,7164.0,185.128,68
2023-06-15 15:40:00-04:00,185.04,185.23,185.04,185.14,7450.0,185.138,69
2023-06-15 15:45:00-04:00,185.14,185.26,185.1,185.1,15582.0,185.169,136
2023-06-15 15:50:00-04:00,185.14,185.32,185.1,185.17,31074.0,185.24,255
2023-06-15 15:55:00-04:00,185.1,185.27,184.77,185.26,82973.0,184.984,560
2023-06-16 09:30:00-04:00,186.86,187.75,186.59,187.75,285571.0,186.872,27
2023-06-16 09:35:00-04:00,187.59,187.86,186.28,186.88,7666.0,187.069,67
2023-06-16 09:40:00-04:00,187.1,187.68,186.64,186.98,9168.0,187.039,79
2023-06-16 09:45:00-04:00,186.84,187.3,186.67,186.81,23314.0,186.904,94
2023-06-16 09:50:00-04:00,186.8,187.02,186.68,186.73,13760.0,186.774,60
2023-06-16 09:55:00-04:00,186.82,187.17,186.39,186.41,9569.0,186.702,87
2023-06-16 10:00:00-04:00,186.6,187.04,186.34,186.76,9207.0,186.749,80
2023-06-16 10:05:00-04:00,186.79,187.17,186.56,187.17,7774.0,186.764,62
2023-06-16 10:10:00-04:00,187.22,187.24,186.39,186.47,6401.0,186.857,57
2023-06-16 10:15:00-04:00,186.39,186.93,186.33,186.46,4300.0,186.54,40
2023-06-16 10:20:00-04:00,186.47,186.98,186.38,186.76,6339.0,186.687,61
2023-06-16 10:25:00-04:00,186.87,187.19,186.85,187.19,3200.0,186.959,30
2023-06-16 10:30:00-04:00,187.01,187.32,187.0,187.31,2591.0,187.118,23
2023-06-16 10:35:00-04:00,187.22,187.28,187.04,187.2,5795.0,187.146,57
2023-06-16 10:40:00-04:00,187.26,187.26,186.88,187.04,4512.0,186.984,42
2023-06-16 10:45:00-04:00,187.01,187.22,186.96,186.96,7842.0,187.087,73
2023-06-16 10:50:00-04:00,186.87,187.08,186.78,187.08,5620.0,186.906,33
2023-06-16 10:55:00-04:00,187.1,187.11,186.82,186.82,2296.0,187.014,21
2023-06-16 11:00:00-04:00,186.78,186.82,186.51,186.6,9320.0,186.683,54
2023-06-16 11:05:00-04:00,186.6,186.83,186.6,186.75,5296.0,186.69,45
2023-06-16 11:10:00-04:00,186.72,186.88,186.71,186.83,3506.0,186.802,34
2023-06-16 11:15:00-04:00,186.77,186.81,186.56,186.66,9865.0,186.676,88
2023-06-16 11:20:00-04:00,186.67,186.82,186.6,186.69,5004.0,186.697,50
2023-06-16 11:25:00-04:00,186.69,186.82,186.36,186.49,11900.0,186.512,95
2023-06-16 11:30:00-04:00,186.54,186.72,186.38,186.62,3609.0,186.536,32
2023-06-16 11:35:00-04:00,186.65,186.7,186.31,186.4,8400.0,186.445,64
2023-06-16 11:40:00-04:00,186.46,186.49,186.33,186.49,5611.0,186.43,44
2023-06-16 11:45:00-04:00,186.45,186.51,186.24,186.25,6105.0,186.402,56
2023-06-16 11:50:00-04:00,186.28,186.44,186.16,186.44,4891.0,186.253,43
2023-06-16 11:55:00-04:00,186.56,186.65,186.47,186.56,2678.0,186.547,18
2023-06-16 12:00:00-04:00,186.58,186.82,186.5,186.82,4234.0,186.642,41
2023-06-16 12:05:00-04:00,186.8,186.8,186.55,186.55,4721.0,186.664,46
2023-06-16 12:10:00-04:00,186.57,186.62,186.48,186.52,2700.0,186.532,26
2023-06-16 12:15:00-04:00,186.53,186.79,186.5,186.77,2854.0,186.667,22
2023-06-16 12:20:00-04:00,186.79,186.98,186.77,186.88,3439.0,186.876,31
2023-06-16 12:25:00-04:00,186.76,187.01,186.73,187.01,2400.0,186.808,23
2023-06-16 12:30:00-04:00,186.97,187.23,186.96,187.11,2655.0,187.091,26
2023-06-16 12:35:00-04:00,187.11,187.17,186.88,186.88,7944.0,187.022,26
2023-06-16 12:40:00-04:00,186.97,187.07,186.93,186.98,2860.0,186.994,25
2023-06-16 12:45:00-04:00,186.9,187.09,186.9,187.02,3862.0,186.996,36
2023-06-16 12:50:00-04:00,187.07,187.24,187.05,187.17,1950.0,187.154,19
2023-06-16 12:55:00-04:00,187.24,187.28,187.19,187.2,2700.0,187.241,27
2023-06-16 13:00:00-04:00,187.27,187.32,187.16,187.22,1601.0,187.224,15
2023-06-16 13:05:00-04:00,187.28,187.31,187.12,187.13,3735.0,187.196,35
2023-06-16 13:10:00-04:00,187.15,187.18,187.02,187.08,3526.0,187.111,33
2023-06-16 13:15:00-04:00,187.08,187.21,187.02,187.09,3670.0,187.121,32
2023-06-16 13:20:00-04:00,187.08,187.1,186.99,186.99,2139.0,187.059,21
2023-06-16 13:25:00-04:00,186.89,186.93,186.74,186.74,1730.0,186.869,17
2023-06-16 13:30:00-04:00,186.81,186.82,186.72,186.75,5100.0,186.756,50
2023-06-16 13:35:00-04:00,186.75,186.78,186.65,186.77,12839.0,186.728,113
2023-06-16 13:40:00-04:00,186.78,186.79,186.63,186.78,9658.0,186.733,78
2023-06-16 13:45:00-04:00,186.81,186.85,186.73,186.8,3463.0,186.778,31
2023-06-16 13:50:00-04:00,186.88,186.88,186.63,186.67,34211.0,186.691,155
2023-06-16 13:55:00-04:00,186.71,186.84,186.63,186.78,4049.0,186.72,40
2023-06-16 14:00:00-04:00,186.84,186.91,186.76,186.77,1800.0,186.826,18
2023-06-16 14:05:00-04:00,186.77,186.83,186.64,186.7,7203.0,186.699,59
2023-06-16 14:10:00-04:00,186.79,186.79,186.55,186.66,7313.0,186.702,53
2023-06-16 14:15:00-04:00,186.66,186.89,186.6,186.89,5342.0,186.794,49
2023-06-16 14:20:00-04:00,186.89,187.03,186.83,186.95,4544.0,186.899,38
2023-06-16 14:25:00-04:00,186.95,187.1,186.9,187.1,5338.0,186.982,49
2023-06-16 14:30:00-04:00,187.04,187.07,186.89,186.9,5150.0,186.979,47
2023-06-16 14:35:00-04:00,186.85,186.86,186.64,186.77,7869.0,186.744,73
2023-06-16 14:40:00-04:00,186.77,186.8,186.69,186.72,28929.0,186.718,124
2023-06-16 14:45:00-04:00,186.74,186.92,186.7,186.87,8848.0,186.798,79
2023-06-16 14:50:00-04:00,186.81,186.96,186.71,186.81,4880.0,186.835,45
2023-06-16 14:55:00-04:00,186.85,186.85,186.68,186.81,5969.0,186.786,53
2023-06-16 15:00:00-04:00,186.82,186.96,186.68,186.92,14519.0,186.761,98
2023-06-16 15:05:00-04:00,186.99,186.99,186.6,186.73,3571.0,186.794,32
2023-06-16 15:10:00-04:00,186.74,186.75,186.63,186.7,8341.0,186.687,79
2023-06-16 15:15:00-04:00,186.73,186.84,186.69,186.8,6398.0,186.737,61
2023-06-16 15:20:00-04:00,186.79,186.91,186.77,186.82,9301.0,186.817,85
2023-06-16 15:25:00-04:00,186.8,186.94,186.76,186.94,13452.0,186.817,134
2023-06-16 15:30:00-04:00,186.9,187.05,186.85,186.96,6309.0,186.93,60
2023-06-16 15:35:00-04:00,186.96,187.29,186.95,187.25,13051.0,187.103,125
2023-06-16 15:40:00-04:00,187.25,187.25,186.95,186.95,13345.0,187.122,124
2023-06-16 15:45:00-04:00,186.95,187.26,186.86,187.17,22527.0,186.986,181
2023-06-16 15:50:00-04:00,187.24,187.76,187.07,187.2,85186.0,187.453,522
2023-06-16 15:55:00-04:00,187.25,187.31,186.92,187.07,86995.0,187.098,619
2023-06-20 09:30:00-04:00,185.58,186.7,185.5,186.7,31243.0,185.628,36
2023-06-20 09:35:00-04:00,186.34,186.64,185.34,185.94,15354.0,186.042,120
2023-06-20 09:40:00-04:00,185.56,186.53,185.4,186.05,9629.0,186.041,79
2023-06-20 09:45:00-04:00,186.0,186.01,185.45,185.54,8641.0,185.769,78
2023-06-20 09:50:00-04:00,185.79,186.54,185.76,186.37,9354.0,186.222,87
2023-06-20 09:55:00-04:00,186.34,186.48,186.12,186.47,7050.0,186.275,68
2023-06-20 10:00:00-04:00,186.32,186.47,185.94,186.2,10238.0,186.175,81
2023-06-20 10:05:00-04:00,186.23,186.68,186.23,186.46,6511.0,186.442,62
2023-06-20 10:10:00-04:00,186.46,186.58,186.25,186.46,8123.0,186.452,69
2023-06-20 10:15:00-04:00,186.51,186.63,185.85,185.86,9260.0,186.404,81
2023-06-20 10:20:00-04:00,185.79,186.17,185.79,185.96,10017.0,185.988,80
2023-06-20 10:25:00-04:00,185.95,186.09,185.72,186.04,20728.0,185.885,171
2023-06-20 10:30:00-04:00,186.06,186.23,185.82,186.0,6326.0,186.027,60
2023-06-20 10:35:00-04:00,185.93,185.97,185.73,185.74,4441.0,185.872,40
2023-06-20 10:40:00-04:00,185.78,185.85,185.44,185.62,28328.0,185.559,86
2023-06-20 10:45:00-04:00,185.69,186.2,185.61,186.1,3503.0,185.819,34
2023-06-20 10:50:00-04:00,186.07,186.08,185.94,186.01,7298.0,186.0,61
2023-06-20 10:55:00-04:00,185.98,186.19,185.94,186.05,6945.0,186.041,63
2023-06-20 11:00:00-04:00,186.25,186.28,185.95,185.99,4694.0,186.028,27
2023-06-20 11:05:00-04:00,185.95,186.03,185.75,185.85,5238.0,185.852,51
2023-06-20 11:10:00-04:00,185.79,185.93,185.75,185.91,3710.0,185.832,36
2023-06-20 11:15:00-04:00,185.9,185.92,185.64,185.66,5371.0,185.769,47
2023-06-20 11:20:00-04:00,185.66,185.8,185.47,185.7,12191.0,185.657,87
2023-06-20 11:25:00-04:00,185.7,185.85,185.69,185.74,7771.0,185.752,54
2023-06-20 11:30:00-04:00,185.79,185.94,185.79,185.84,1988.0,185.876,19
2023-06-20 11:35:00-04:00,185.9,186.12,185.85,186.09,3373.0,185.962,31
2023-06-20 11:40:00-04:00,186.09,186.09,185.78,185.79,6829.0,185.837,17
2023-06-20 11:45:00-04:00,185.88,186.21,185.88,186.21,1502.0,186.108,15
2023-06-20 11:50:00-04:00,186.22,186.25,186.1,186.25,2201.0,186.161,20
2023-06-20 11:55:00-04:00,186.21,186.39,185.96,185.96,4246.0,186.21,37
2023-06-20 12:00:00-04:00,185.9,186.03,185.89,185.91,1386.0,185.953,13
2023-06-20 12:05:00-04:00,185.89,185.89,185.56,185.56,1303.0,185.742,12
2023-06-20 12:10:00-04:00,185.53,185.74,185.46,185.74,1320.0,185.585,13
2023-06-20 12:15:00-04:00,185.67,185.83,185.61,185.75,12582.0,185.697,54
2023-06-20 12:20:00-04:00,185.82,186.03,185.82,186.03,1988.0,185.933,18
2023-06-20 12:25:00-04:00,186.09,186.12,186.01,186.06,1878.0,186.08,17
2023-06-20 12:30:00-04:00,185.94,186.28,185.93,186.28,1655.0,186.008,16
2023-06-20 12:35:00-04:00,186.28,186.63,186.28,186.41,2809.0,186.407,21
2023-06-20 12:40:00-04:00,186.47,186.56,186.35,186.43,2485.0,186.47,20
2023-06-20 12:45:00-04:00,186.46,186.56,186.38,186.56,1759.0,186.473,16
2023-06-20 12:50:00-04:00,186.58,186.66,186.35,186.66,1749.0,186.489,17
2023-06-20 12:55:00-04:00,186.53,186.8,186.53,186.75,924.0,186.668,9
2023-06-20 13:00:00-04:00,186.77,186.79,186.72,186.79,1550.0,186.749,15
2023-06-20 13:05:00-04:00,186.85,186.85,186.41,186.41,1600.0,186.648,14
2023-06-20 13:10:00-04:00,186.39,186.43,186.3,186.4,1038.0,186.389,10
2023-06-20 13:15:00-04:00,186.44,186.49,186.39,186.49,2340.0,186.451,21
2023-06-20 13:20:00-04:00,186.49,186.65,186.42,186.61,3716.0,186.544,36
2023-06-20 13:25:00-04:00,186.66,186.66,186.54,186.54,400.0,186.601,4
2023-06-20 13:30:00-04:00,186.65,186.65,186.51,186.51,1611.0,186.577,16
2023-06-20 13:35:00-04:00,186.51,186.54,186.34,186.34,4356.0,186.473,33
2023-06-20 13:40:00-04:00,186.43,186.56,186.33,186.35,2600.0,186.464,26
2023-06-20 13:45:00-04:00,186.29,186.52,186.29,186.52,1700.0,186.422,17
2023-06-20 13:50:00-04:00,186.47,186.73,186.47,186.65,4245.0,186.605,40
2023-06-20 13:55:00-04:00,186.61,186.64,186.26,186.28,2650.0,186.493,25
2023-06-20 14:00:00-04:00,186.37,186.52,186.26,186.52,2756.0,186.396,24
2023-06-20 14:05:00-04:00,186.54,186.54,186.27,186.3,2200.0,186.385,22
2023-06-20 14:10:00-04:00,186.29,186.31,186.15,186.15,1549.0,186.233,15
2023-06-20 14:15:00-04:00,186.23,186.29,186.02,186.21,5111.0,186.179,37
2023-06-20 14:20:00-04:00,186.21,186.21,186.01,186.19,2001.0,186.129,20
2023-06-20 14:25:00-04:00,186.19,186.36,186.12,186.27,1408.0,186.237,13
2023-06-20 14:30:00-04:00,186.36,186.39,186.14,186.14,2101.0,186.263,20
2023-06-20 14:35:00-04:00,186.22,186.27,186.07,186.16,5784.0,186.138,55
2023-06-20 14:40:00-04:00,186.12,186.14,185.98,186.06,4302.0,186.057,26
2023-06-20 14:45:00-04:00,186.05,186.19,186.05,186.18,1329.0,186.11,13
2023-06-20 14:50:00-04:00,186.14,186.2,186.08,186.15,2633.0,186.139,26
2023-06-20 14:55:00-04:00,186.17,186.17,186.01,186.03,4576.0,186.064,44
2023-06-20 15:00:00-04:00,186.09,186.13,185.98,185.99,4253.0,186.029,40
2023-06-20 15:05:00-04:00,186.01,186.07,185.93,186.01,5245.0,185.994,46
2023-06-20 15:10:00-04:00,186.0,186.17,186.0,186.14,3135.0,186.096,30
2023-06-20 15:15:00-04:00,186.1,186.13,186.03,186.03,2626.0,186.095,26
2023-06-20 15:20:00-04:00,186.03,186.1,186.02,186.09,4579.0,186.06,40
2023-06-20 15:25:00-04:00,186.09,186.14,185.89,186.0,4361.0,186.014,41
2023-06-20 15:30:00-04:00,186.03,186.07,185.7,185.7,4173.0,185.895,39
2023-06-20 15:35:00-04:00,185.71,185.96,185.7,185.96,10251.0,185.801,87
2023-06-20 15:40:00-04:00,186.01,186.01,185.8,185.97,6733.0,185.888,53
2023-06-20 15:45:00-04:00,186.04,186.08,185.86,185.93,9652.0,185.953,81
2023-06-20 15:50:00-04:00,185.89,186.07,185.73,185.76,21694.0,185.914,184
2023-06-20 15:55:00-04:00,185.75,185.84,185.65,185.67,56053.0,185.743,452
2023-06-21 09:30:00-04:00,185.1,185.1,185.1,185.1,100.0,185.1,1
2023-06-21 09:35:00-04:00,184.24,185.68,184.24,185.62,10316.0,184.404,20
2023-06-21 09:40:00-04:00,185.8,186.05,185.35,185.85,6943.0,185.733,63
2023-06-21 09:45:00-04:00,186.02,186.92,186.02,186.92,8411.0,186.533,61
2023-06-21 09:50:00-04:00,186.94,187.56,186.91,187.56,10467.0,187.104,94
2023-06-21 09:55:00-04:00,187.47,187.6,187.06,187.26,10108.0,187.301,89
2023-06-21 10:00:00-04:00,187.41,187.41,187.09,187.09,6427.0,187.216,60
2023-06-21 10:05:00-04:00,187.18,187.2,186.49,186.53,3467.0,186.892,30
2023-06-21 10:10:00-04:00,186.56,186.78,186.27,186.58,6539.0,186.518,55
2023-06-21 10:15:00-04:00,186.72,186.94,186.25,186.39,5922.0,186.546,54
2023-06-21 10:20:00-04:00,186.37,186.48,186.08,186.08,9953.0,186.254,93
2023-06-21 10:25:00-04:00,186.06,186.14,185.81,186.0,9059.0,186.005,62
2023-06-21 10:30:00-04:00,186.16,186.27,185.97,186.2,11042.0,186.13,84
2023-06-21 10:35:00-04:00,186.21,186.71,186.2,186.71,5768.0,186.446,42
2023-06-21 10:40:00-04:00,186.72,186.94,186.21,186.21,3765.0,186.525,35
2023-06-21 10:45:00-04:00,186.2,186.24,185.13,185.13,30704.0,185.589,276
2023-06-21 10:50:00-04:00,185.0,185.86,184.91,185.86,17231.0,185.308,154
2023-06-21 10:55:00-04:00,185.86,186.09,185.72,185.89,9011.0,185.889,73
2023-06-21 11:00:00-04:00,185.87,186.01,185.6,185.71,4857.0,185.749,47
2023-06-21 11:05:00-04:00,185.56,185.76,185.48,185.75,5772.0,185.663,44
2023-06-21 11:10:00-04:00,185.75,185.93,185.29,185.93,12687.0,185.549,120
2023-06-21 11:15:00-04:00,185.98,185.98,185.59,185.6,1124.0,185.736,11
2023-06-21 11:20:00-04:00,185.62,185.74,185.39,185.53,12514.0,185.562,117
2023-06-21 11:25:00-04:00,185.54,185.92,185.54,185.92,17086.0,185.684,91
2023-06-21 11:30:00-04:00,186.03,186.13,185.86,185.89,11259.0,185.954,90
2023-06-21 11:35:00-04:00,185.89,186.28,185.86,186.19,8006.0,186.127,70
2023-06-21 11:40:00-04:00,186.14,186.54,186.14,186.49,10510.0,186.363,94
2023-06-21 11:45:00-04:00,186.47,186.74,186.45,186.64,5480.0,186.598,40
2023-06-21 11:50:00-04:00,186.58,186.73,186.57,186.7,3224.0,186.633,28
2023-06-21 11:55:00-04:00,186.67,186.77,186.56,186.56,1941.0,186.615,19
2023-06-21 12:00:00-04:00,186.56,186.94,186.49,186.88,10350.0,186.65,90
2023-06-21 12:05:00-04:00,186.8,186.98,186.71,186.77,7275.0,186.81,53
2023-06-21 12:10:00-04:00,186.77,186.87,186.65,186.69,2517.0,186.751,23
2023-06-21 12:15:00-04:00,186.71,186.74,186.34,186.41,4850.0,186.569,47
2023-06-21 12:20:00-04:00,186.27,186.31,186.04,186.31,2257.0,186.224,20
2023-06-21 12:25:00-04:00,186.26,186.27,186.14,186.2,1104.0,186.203,10
2023-06-21 12:30:00-04:00,186.3,186.4,186.02,186.06,3871.0,186.241,35
2023-06-21 12:35:00-04:00,186.06,186.17,185.94,186.02,2518.0,186.04,23
2023-06-21 12:40:00-04:00,186.11,186.11,185.99,185.99,896.0,186.035,8
2023-06-21 12:45:00-04:00,185.92,185.96,185.85,185.87,1200.0,185.888,9
2023-06-21 12:50:00-04:00,185.92,186.08,185.8,185.8,2166.0,185.955,19
2023-06-21 12:55:00-04:00,185.9,185.91,185.73,185.73,3499.0,185.844,17
2023-06-21 13:00:00-04:00,185.68,185.78,185.52,185.77,5224.0,185.666,46
2023-06-21 13:05:00-04:00,185.6,185.77,185.59,185.77,700.0,185.674,7
2023-06-21 13:10:00-04:00,185.8,185.83,185.54,185.55,1500.0,185.681,15
2023-06-21 13:15:00-04:00,185.51,185.73,185.51,185.7,1000.0,185.656,10
2023-06-21 13:20:00-04:00,185.64,185.75,185.5,185.52,1758.0,185.643,17
2023-06-21 13:25:00-04:00,185.48,185.64,185.48,185.56,2347.0,185.543,23
2023-06-21 13:30:00-04:00,185.52,185.68,185.52,185.6,1345.0,185.633,11
2023-06-21 13:35:00-04:00,185.63,185.81,185.63,185.72,2537.0,185.721,25
2023-06-21 13:40:00-04:00,185.75,185.83,185.67,185.7,2324.0,185.752,23
2023-06-21 13:45:00-04:00,185.71,185.87,185.66,185.73,2918.0,185.739,26
2023-06-21 13:50:00-04:00,185.67,185.84,185.57,185.84,2735.0,185.697,24
2023-06-21 13:55:00-04:00,185.84,186.03,185.84,186.0,4183.0,185.953,38
2023-06-21 14:00:00-04:00,186.0,186.12,185.93,186.11,3982.0,186.003,30
2023-06-21 14:05:00-04:00,186.11,186.13,185.97,186.02,5679.0,186.04,37
2023-06-21 14:10:00-04:00,186.0,186.16,185.95,186.11,2383.0,186.046,23
2023-06-21 14:15:00-04:00,186.13,186.41,186.11,186.41,1408.0,186.236,12
2023-06-21 14:20:00-04:00,186.36,186.53,186.36,186.42,1913.0,186.454,18
2023-06-21 14:25:00-04:00,186.43,186.49,186.4,186.43,1100.0,186.425,11
2023-06-21 14:30:00-04:00,186.44,186.52,186.3,186.4,1901.0,186.396,18
2023-06-21 14:35:00-04:00,186.35,186.38,186.22,186.3,1872.0,186.298,18
2023-06-21 14:40:00-04:00,186.34,186.49,186.34,186.34,1936.0,186.393,17
2023-06-21 14:45:00-04:00,186.28,186.39,186.21,186.39,2721.0,186.288,24
2023-06-21 14:50:00-04:00,186.39,186.57,186.31,186.45,3329.0,186.424,31
2023-06-21 14:55:00-04:00,186.4,186.51,186.38,186.51,1200.0,186.424,12
2023-06-21 15:00:00-04:00,186.38,186.41,186.22,186.22,2451.0,186.334,22
2023-06-21 15:05:00-04:00,186.21,186.26,186.09,186.17,2920.0,186.193,28
2023-06-21 15:10:00-04:00,186.12,186.18,185.97,186.07,17594.0,186.062,169
2023-06-21 15:15:00-04:00,186.06,186.19,186.03,186.19,4999.0,186.1,45
2023-06-21 15:20:00-04:00,186.2,186.24,185.77,185.98,32400.0,185.915,168
2023-06-21 15:25:00-04:00,186.0,186.04,185.85,185.9,4589.0,185.925,33
2023-06-21 15:30:00-04:00,185.94,185.97,185.76,185.79,5350.0,185.848,52
2023-06-21 15:35:00-04:00,185.8,185.91,185.55,185.6,11058.0,185.704,104
2023-06-21 15:40:00-04:00,185.6,185.89,185.55,185.82,7936.0,185.718,78
2023-06-21 15:45:00-04:00,185.79,185.97,185.66,185.88,10340.0,185.854,82
2023-06-21 15:50:00-04:00,185.91,186.2,185.62,185.68,39254.0,185.868,294
2023-06-21 15:55:00-04:00,185.64,185.99,185.58,185.96,66669.0,185.811,433
2023-06-22 09:30:00-04:00,186.23,186.88,184.59,184.63,27676.0,186.152,108
2023-06-22 09:35:00-04:00,184.81,185.74,184.58,185.24,8399.0,185.075,74
2023-06-22 09:40:00-04:00,185.18,185.45,185.0,185.45,6516.0,185.196,62
2023-06-22 09:45:00-04:00,185.42,185.45,184.54,184.63,11870.0,184.891,91
2023-06-22 09:50:00-04:00,184.68,185.52,184.59,185.28,8549.0,184.966,67
2023-06-22 09:55:00-04:00,185.19,185.79,185.05,185.33,11126.0,185.439,94
2023-06-22 10:00:00-04:00,185.25,185.37,184.91,185.14,6815.0,185.102,58
2023-06-22 10:05:00-04:00,185.17,185.54,185.1,185.49,14941.0,185.388,111
2023-06-22 10:10:00-04:00,185.49,186.03,185.35,185.89,22982.0,185.675,198
2023-06-22 10:15:00-04:00,185.89,186.41,185.82,185.93,17081.0,185.94,143
2023-06-22 10:20:00-04:00,185.89,186.26,185.83,186.24,11186.0,186.011,104
2023-06-22 10:25:00-04:00,186.23,186.33,185.86,186.33,8850.0,186.088,87
2023-06-22 10:30:00-04:00,186.3,186.79,186.29,186.71,27216.0,186.692,103
2023-06-22 10:35:00-04:00,186.68,187.03,186.55,186.72,33079.0,186.84,268
2023-06-22 10:40:00-04:00,186.72,186.81,185.8,186.15,9500.0,186.255,87
2023-06-22 10:45:00-04:00,186.12,186.16,185.89,186.15,11558.0,186.018,68
2023-06-22 10:50:00-04:00,186.34,186.35,185.99,186.14,41767.0,186.113,84
2023-06-22 10:55:00-04:00,186.1,186.35,186.03,186.35,5117.0,186.156,51
2023-06-22 11:00:00-04:00,186.33,186.33,185.84,185.84,2900.0,186.136,29
2023-06-22 11:05:00-04:00,185.81,186.17,185.76,186.0,4923.0,186.001,48
2023-06-22 11:10:00-04:00,185.99,186.01,185.83,185.85,6147.0,185.926,60
2023-06-22 11:15:00-04:00,185.87,186.28,185.85,186.22,4440.0,186.031,42
2023-06-22 11:20:00-04:00,186.27,186.38,185.91,186.28,96667.0,186.289,86
2023-06-22 11:25:00-04:00,186.26,186.26,185.9,185.9,2283.0,186.057,22
2023-06-22 11:30:00-04:00,185.9,186.03,185.69,185.95,3514.0,185.877,25
2023-06-22 11:35:00-04:00,185.89,186.01,185.76,185.88,3559.0,185.91,32
2023-06-22 11:40:00-04:00,185.87,186.04,185.85,185.9,2207.0,185.943,20
2023-06-22 11:45:00-04:00,185.77,185.83,185.54,185.54,2653.0,185.733,23
2023-06-22 11:50:00-04:00,185.47,185.48,185.23,185.4,2200.0,185.387,20
2023-06-22 11:55:00-04:00,185.4,185.4,185.18,185.31,2967.0,185.329,28
2023-06-22 12:00:00-04:00,185.37,185.37,184.9,185.01,2607.0,185.087,23
2023-06-22 12:05:00-04:00,184.92,185.03,184.8,184.98,5330.0,184.904,45
2023-06-22 12:10:00-04:00,184.96,184.96,184.81,184.81,8888.0,184.903,31
2023-06-22 12:15:00-04:00,184.92,185.43,184.86,185.07,3399.0,185.204,31
2023-06-22 12:20:00-04:00,184.93,185.39,184.93,185.39,2003.0,185.198,19
2023-06-22 12:25:00-04:00,185.43,185.43,185.07,185.21,2606.0,185.278,26
2023-06-22 12:30:00-04:00,185.34,185.37,185.11,185.11,4023.0,185.252,37
2023-06-22 12:35:00-04:00,185.14,185.15,184.87,184.94,3018.0,185.025,27
2023-06-22 12:40:00-04:00,184.95,185.03,184.85,184.93,7903.0,184.907,46
2023-06-22 12:45:00-04:00,184.93,185.12,184.91,185.02,2466.0,185.009,23
2023-06-22 12:50:00-04:00,184.99,185.04,184.88,184.89,1902.0,184.928,18
2023-06-22 12:55:00-04:00,184.86,185.17,184.86,185.12,4974.0,185.039,44
2023-06-22 13:00:00-04:00,185.13,185.13,184.77,184.85,2161.0,184.916,21
2023-06-22 13:05:00-04:00,184.86,184.99,184.79,184.85,6583.0,184.872,39
2023-06-22 13:10:00-04:00,184.86,184.89,184.53,184.76,9678.0,184.715,69
2023-06-22 13:15:00-04:00,184.68,184.8,184.64,184.78,6072.0,184.735,55
2023-06-22 13:20:00-04:00,184.69,184.69,184.47,184.47,2555.0,184.591,23
2023-06-22 13:25:00-04:00,184.53,184.7,184.48,184.61,4633.0,184.611,44
2023-06-22 13:30:00-04:00,184.59,184.65,184.47,184.47,2048.0,184.559,20
2023-06-22 13:35:00-04:00,184.49,184.6,184.36,184.59,4944.0,184.461,48
2023-06-22 13:40:00-04:00,184.68,184.74,184.65,184.7,2747.0,184.687,23
2023-06-22 13:45:00-04:00,184.73,184.79,184.59,184.67,6781.0,184.677,64
2023-06-22 13:50:00-04:00,184.64,184.75,184.59,184.59,8520.0,184.671,76
2023-06-22 13:55:00-04:00,184.65,185.04,184.64,184.84,15774.0,184.792,135
2023-06-22 14:00:00-04:00,184.84,184.84,184.61,184.69,4612.0,184.71,44
2023-06-22 14:05:00-04:00,184.69,184.77,184.66,184.73,2670.0,184.709,24
2023-06-22 14:10:00-04:00,184.71,184.82,184.67,184.78,5211.0,184.758,35
2023-06-22 14:15:00-04:00,184.85,184.91,184.85,184.9,1431.0,184.868,10
2023-06-22 14:20:00-04:00,184.91,185.1,184.91,185.1,1357.0,184.998,13
2023-06-22 14:25:00-04:00,185.16,185.48,185.11,185.46,8585.0,185.233,62
2023-06-22 14:30:00-04:00,185.45,185.57,185.32,185.34,4003.0,185.442,36
2023-06-22 14:35:00-04:00,185.37,185.58,185.36,185.58,1708.0,185.498,17
2023-06-22 14:40:00-04:00,185.48,185.5,185.42,185.5,2451.0,185.468,23
2023-06-22 14:45:00-04:00,185.53,185.53,185.31,185.36,2449.0,185.403,23
2023-06-22 14:50:00-04:00,185.38,185.38,185.02,185.16,11139.0,185.146,91
2023-06-22 14:55:00-04:00,185.15,185.33,185.08,185.31,6879.0,185.129,25
2023-06-22 15:00:00-04:00,185.27,185.33,185.0,185.05,6104.0,185.186,48
2023-06-22 15:05:00-04:00,185.0,185.06,184.92,184.97,3426.0,185.013,33
2023-06-22 15:10:00-04:00,185.01,185.03,184.78,185.0,9336.0,184.896,73
2023-06-22 15:15:00-04:00,184.97,185.04,184.84,184.84,5737.0,184.945,54
2023-06-22 15:20:00-04:00,184.88,184.88,184.62,184.65,4565.0,184.702,41
2023-06-22 15:25:00-04:00,184.65,184.68,184.37,184.45,13307.0,184.544,114
2023-06-22 15:30:00-04:00,184.47,184.67,184.23,184.62,9219.0,184.443,84
2023-06-22 15:35:00-04:00,184.59,184.95,184.46,184.94,10844.0,184.732,93
2023-06-22 15:40:00-04:00,184.98,184.98,184.75,184.84,7081.0,184.855,66
2023-06-22 15:45:00-04:00,184.84,184.91,184.7,184.74,13310.0,184.79,122
2023-06-22 15:50:00-04:00,184.78,184.82,184.49,184.74,43924.0,184.62,329
2023-06-22 15:55:00-04:00,184.75,184.86,184.47,184.86,86788.0,184.696,620
2023-06-23 09:30:00-04:00,184.02,184.02,182.95,183.12,21058.0,183.891,31
2023-06-23 09:35:00-04:00,183.17,184.26,183.08,183.96,20469.0,183.905,140
2023-06-23 09:40:00-04:00,184.09,184.21,183.83,183.99,2784.0,184.032,25
2023-06-23 09:45:00-04:00,183.77,184.22,183.58,183.76,3816.0,183.817,33
2023-06-23 09:50:00-04:00,184.11,184.48,184.11,184.4,3953.0,184.306,32
2023-06-23 09:55:00-04:00,184.47,184.56,184.22,184.53,9099.0,184.401,49
2023-06-23 10:00:00-04:00,184.59,184.6,184.25,184.6,2882.0,184.374,21
2023-06-23 10:05:00-04:00,184.66,184.69,184.2,184.39,3634.0,184.51,28
2023-06-23 10:10:00-04:00,184.36,184.55,184.21,184.55,4270.0,184.407,40
2023-06-23 10:15:00-04:00,184.57,184.86,184.56,184.84,2819.0,184.707,22
2023-06-23 10:20:00-04:00,184.84,185.26,184.71,185.26,6844.0,184.994,41
2023-06-23 10:25:00-04:00,185.18,185.4,185.03,185.25,5501.0,185.166,48
2023-06-23 10:30:00-04:00,185.15,185.56,185.15,185.44,1700.0,185.339,14
2023-06-23 10:35:00-04:00,185.52,185.58,185.27,185.58,4502.0,185.404,43
2023-06-23 10:40:00-04:00,185.64,185.66,185.44,185.66,5738.0,185.563,54
2023-06-23 10:45:00-04:00,185.63,185.77,185.63,185.7,2328.0,185.683,22
2023-06-23 10:50:00-04:00,185.63,185.82,185.21,185.21,2510.0,185.568,17
2023-06-23 10:55:00-04:00,185.16,185.69,185.13,185.59,3400.0,185.413,31
2023-06-23 11:00:00-04:00,185.66,185.97,185.55,185.83,2713.0,185.746,25
2023-06-23 11:05:00-04:00,185.75,185.8,185.52,185.53,5125.0,185.658,42
2023-06-23 11:10:00-04:00,185.47,185.52,185.2,185.43,4443.0,185.422,42
2023-06-23 11:15:00-04:00,185.4,185.69,185.4,185.48,2165.0,185.549,18
2023-06-23 11:20:00-04:00,185.61,185.69,185.54,185.55,3024.0,185.623,25
2023-06-23 11:25:00-04:00,185.51,185.79,185.43,185.78,3961.0,185.576,36
2023-06-23 11:30:00-04:00,185.82,185.87,185.7,185.81,2981.0,185.806,25
2023-06-23 11:35:00-04:00,185.89,186.1,185.89,186.06,2198.0,186.014,11
2023-06-23 11:40:00-04:00,186.05,186.13,186.03,186.13,719.0,186.081,6
2023-06-23 11:45:00-04:00,186.03,186.04,185.92,186.02,1792.0,185.987,15
2023-06-23 11:50:00-04:00,185.83,185.89,185.77,185.78,1900.0,185.848,16
2023-06-23 11:55:00-04:00,185.79,186.05,185.77,186.05,1433.0,185.897,12
2023-06-23 12:00:00-04:00,186.17,186.23,185.92,185.93,3146.0,186.023,25
2023-06-23 12:05:00-04:00,185.99,185.99,185.91,185.96,1103.0,185.944,8
2023-06-23 12:10:00-04:00,186.0,186.01,185.77,186.0,2232.0,185.841,20
2023-06-23 12:15:00-04:00,186.02,186.12,186.02,186.07,400.0,186.058,4
2023-06-23 12:20:00-04:00,186.13,186.13,186.0,186.05,950.0,186.044,9
2023-06-23 12:25:00-04:00,186.26,186.29,186.07,186.22,5454.0,186.134,26
2023-06-23 12:30:00-04:00,186.08,186.13,185.89,186.01,4886.0,186.043,30
2023-06-23 12:35:00-04:00,186.0,186.0,185.81,185.99,4296.0,185.897,32
2023-06-23 12:40:00-04:00,185.92,185.97,185.7,185.8,5854.0,185.756,33
2023-06-23 12:45:00-04:00,185.74,185.99,185.74,185.92,2312.0,185.896,16
2023-06-23 12:50:00-04:00,185.94,185.94,185.75,185.81,430.0,185.82,4
2023-06-23 12:55:00-04:00,185.7,185.94,185.7,185.94,3176.0,185.774,24
2023-06-23 13:00:00-04:00,185.99,185.99,185.73,185.97,1850.0,185.872,15
2023-06-23 13:05:00-04:00,185.84,185.95,185.77,185.84,2303.0,185.856,18
2023-06-23 13:10:00-04:00,185.89,185.9,185.8,185.86,1218.0,185.844,8
2023-06-23 13:15:00-04:00,186.02,186.02,185.8,185.83,1382.0,185.869,12
2023-06-23 13:20:00-04:00,185.81,185.96,185.81,185.92,3304.0,185.862,22
2023-06-23 13:25:00-04:00,185.98,186.0,185.91,186.0,2575.0,185.968,21
2023-06-23 13:30:00-04:00,186.03,186.04,185.9,185.9,1205.0,185.957,11
2023-06-23 13:35:00-04:00,185.9,186.09,185.9,186.09,4878.0,186.019,35
2023-06-23 13:40:00-04:00,186.05,186.21,186.0,186.07,1704.0,186.081,16
2023-06-23 13:45:00-04:00,186.2,186.28,186.14,186.28,936.0,186.221,7
2023-06-23 13:50:00-04:00,186.26,186.34,186.13,186.17,3898.0,186.191,31
2023-06-23 13:55:00-04:00,186.18,186.28,186.14,186.2,3714.0,186.21,35
2023-06-23 14:00:00-04:00,186.16,186.17,185.97,186.0,3493.0,186.058,25
2023-06-23 14:05:00-04:00,185.99,186.02,185.87,185.93,3620.0,185.971,29
2023-06-23 14:10:00-04:00,185.85,185.93,185.75,185.81,3075.0,185.825,27
2023-06-23 14:15:00-04:00,185.75,185.75,185.63,185.72,3031.0,185.705,26
2023-06-23 14:20:00-04:00,185.74,185.77,185.64,185.76,2510.0,185.732,15
2023-06-23 14:25:00-04:00,185.72,185.76,185.6,185.76,1926.0,185.689,15
2023-06-23 14:30:00-04:00,185.72,185.91,185.72,185.91,1000.0,185.832,8
2023-06-23 14:35:00-04:00,185.89,185.89,185.65,185.76,2926.0,185.772,19
2023-06-23 14:40:00-04:00,185.72,185.77,185.67,185.73,2707.0,185.729,21
2023-06-23 14:45:00-04:00,185.8,185.8,185.57,185.57,2654.0,185.69,22
2023-06-23 14:50:00-04:00,185.56,185.59,185.44,185.45,3133.0,185.524,29
2023-06-23 14:55:00-04:00,185.43,185.59,185.43,185.45,3012.0,185.523,23
2023-06-23 15:00:00-04:00,185.42,185.58,185.29,185.43,3592.0,185.446,28
2023-06-23 15:05:00-04:00,185.46,185.72,185.45,185.72,7600.0,185.564,71
2023-06-23 15:10:00-04:00,185.77,185.92,185.73,185.77,6109.0,185.791,56
2023-06-23 15:15:00-04:00,185.81,185.83,185.68,185.73,4274.0,185.754,29
2023-06-23 15:20:00-04:00,185.72,185.73,185.59,185.64,2584.0,185.674,24
2023-06-23 15:25:00-04:00,185.69,185.69,185.5,185.53,2410.0,185.572,22
2023-06-23 15:30:00-04:00,185.57,185.78,185.57,185.78,4115.0,185.659,25
2023-06-23 15:35:00-04:00,185.76,186.02,185.73,186.02,4581.0,185.902,40
2023-06-23 15:40:00-04:00,185.99,186.24,185.88,186.24,7891.0,186.069,72
2023-06-23 15:45:00-04:00,186.22,186.38,186.18,186.36,10944.0,186.287,95
2023-06-23 15:50:00-04:00,186.34,186.77,186.15,186.31,31385.0,186.45,208
2023-06-23 15:55:00-04:00,186.36,186.45,186.03,186.17,46233.0,186.201,306
2023-06-26 09:30:00-04:00,185.9,186.53,185.9,186.03,8239.0,185.936,9
2023-06-26 09:35:00-04:00,186.22,186.65,186.22,186.57,2300.0,186.434,22
2023-06-26 09:40:00-04:00,186.65,187.16,186.65,186.92,4062.0,186.962,20
2023-06-26 09:45:00-04:00,187.18,187.41,187.07,187.29,5528.0,187.155,21
2023-06-26 09:50:00-04:00,187.39,187.85,187.31,187.85,3620.0,187.631,30
2023-06-26 09:55:00-04:00,187.72,188.39,187.48,188.0,12369.0,188.013,94
2023-06-26 10:00:00-04:00,188.0,188.24,187.28,187.29,11268.0,187.865,97
2023-06-26 10:05:00-04:00,187.39,187.53,187.11,187.11,9183.0,187.313,41
2023-06-26 10:10:00-04:00,187.09,187.11,186.66,186.89,3201.0,186.87,25
2023-06-26 10:15:00-04:00,186.9,187.07,186.54,186.55,4412.0,186.847,40
2023-06-26 10:20:00-04:00,186.51,186.56,186.38,186.47,6121.0,186.492,47
2023-06-26 10:25:00-04:00,186.46,186.47,186.17,186.27,5698.0,186.331,50
2023-06-26 10:30:00-04:00,186.14,186.26,185.93,185.98,4509.0,186.089,40
2023-06-26 10:35:00-04:00,185.98,185.99,185.71,185.72,5132.0,185.856,47
2023-06-26 10:40:00-04:00,185.62,185.94,185.59,185.94,3500.0,185.79,33
2023-06-26 10:45:00-04:00,185.94,186.31,185.88,186.31,8167.0,186.094,79
2023-06-26 10:50:00-04:00,186.33,186.43,186.25,186.3,3916.0,186.338,35
2023-06-26 10:55:00-04:00,186.25,186.31,186.19,186.22,3266.0,186.236,29
2023-06-26 11:00:00-04:00,186.22,186.35,186.06,186.06,3855.0,186.213,36
2023-06-26 11:05:00-04:00,185.95,186.13,185.91,186.03,9085.0,186.005,79
2023-06-26 11:10:00-04:00,186.03,186.37,185.95,186.33,2753.0,186.165,27
2023-06-26 11:15:00-04:00,186.25,186.29,186.1,186.13,4373.0,186.167,32
2023-06-26 11:20:00-04:00,186.1,186.1,185.8,185.93,2611.0,185.929,26
2023-06-26 11:25:00-04:00,185.89,185.98,185.89,185.98,1900.0,185.917,18
2023-06-26 11:30:00-04:00,185.97,186.06,185.97,186.06,5269.0,186.015,47
2023-06-26 11:35:00-04:00,186.04,186.25,185.96,186.24,4337.0,186.099,40
2023-06-26 11:40:00-04:00,186.28,186.47,186.26,186.42,2592.0,186.391,24
2023-06-26 11:45:00-04:00,186.35,186.57,186.35,186.56,2892.0,186.435,25
2023-06-26 11:50:00-04:00,186.48,186.56,186.44,186.44,2107.0,186.512,20
2023-06-26 11:55:00-04:00,186.56,186.85,186.54,186.78,3625.0,186.704,33
2023-06-26 12:00:00-04:00,186.78,186.79,186.36,186.36,5277.0,186.602,41
2023-06-26 12:05:00-04:00,186.29,186.36,186.19,186.19,1672.0,186.263,15
2023-06-26 12:10:00-04:00,186.08,186.44,186.07,186.36,7746.0,186.143,52
2023-06-26 12:15:00-04:00,186.39,186.65,186.37,186.44,2745.0,186.511,27
2023-06-26 12:20:00-04:00,186.4,186.58,186.36,186.42,2119.0,186.464,21
2023-06-26 12:25:00-04:00,186.42,186.55,186.42,186.55,1952.0,186.491,16
2023-06-26 12:30:00-04:00,186.5,186.59,186.36,186.44,5962.0,186.506,40
2023-06-26 12:35:00-04:00,186.44,186.44,186.24,186.24,2200.0,186.317,15
2023-06-26 12:40:00-04:00,186.17,186.32,186.11,186.11,2631.0,186.26,24
2023-06-26 12:45:00-04:00,186.15,186.28,186.08,186.24,2404.0,186.187,23
2023-06-26 12:50:00-04:00,186.24,186.38,186.24,186.31,2317.0,186.298,21
2023-06-26 12:55:00-04:00,186.31,186.43,186.31,186.43,2065.0,186.365,18
2023-06-26 13:00:00-04:00,186.43,186.65,186.42,186.57,2086.0,186.516,18
2023-06-26 13:05:00-04:00,186.58,186.58,186.42,186.43,2811.0,186.497,26
2023-06-26 13:10:00-04:00,186.32,186.39,186.32,186.35,4108.0,186.345,39
2023-06-26 13:15:00-04:00,186.42,186.46,186.39,186.4,1800.0,186.414,18
2023-06-26 13:20:00-04:00,186.43,186.54,186.39,186.4,7227.0,186.473,61
2023-06-26 13:25:00-04:00,186.34,186.48,186.14,186.48,2824.0,186.294,27
2023-06-26 13:30:00-04:00,186.48,186.54,186.47,186.54,1600.0,186.51,8
2023-06-26 13:35:00-04:00,186.53,186.57,186.44,186.5,5203.0,186.516,48
2023-06-26 13:40:00-04:00,186.58,186.71,186.54,186.62,8251.0,186.603,65
2023-06-26 13:45:00-04:00,186.63,186.63,186.5,186.56,5388.0,186.555,52
2023-06-26 13:50:00-04:00,186.49,186.49,186.28,186.28,2066.0,186.385,17
2023-06-26 13:55:00-04:00,186.28,186.28,186.16,186.16,4659.0,186.225,43
2023-06-26 14:00:00-04:00,186.26,186.29,186.12,186.2,11235.0,186.214,101
2023-06-26 14:05:00-04:00,186.19,186.19,185.85,185.87,4642.0,185.986,34
2023-06-26 14:10:00-04:00,185.87,185.89,185.75,185.75,2357.0,185.826,21
2023-06-26 14:15:00-04:00,185.82,185.89,185.73,185.8,2398.0,185.828,21
2023-06-26 14:20:00-04:00,185.77,185.91,185.72,185.76,11764.0,185.832,69
2023-06-26 14:25:00-04:00,185.77,185.93,185.74,185.91,15913.0,185.836,143
2023-06-26 14:30:00-04:00,185.89,186.08,185.88,186.04,25629.0,185.988,229
2023-06-26 14:35:00-04:00,186.09,186.15,186.04,186.11,13480.0,186.075,101
2023-06-26 14:40:00-04:00,186.11,186.18,186.03,186.06,12585.0,186.074,56
2023-06-26 14:45:00-04:00,186.0,186.59,186.0,186.59,14440.0,186.284,54
2023-06-26 14:50:00-04:00,186.66,186.66,186.41,186.53,6101.0,186.473,61
2023-06-26 14:55:00-04:00,186.65,186.84,186.52,186.59,3120.0,186.644,29
2023-06-26 15:00:00-04:00,186.59,186.59,186.53,186.54,1100.0,186.557,10
2023-06-26 15:05:00-04:00,186.54,186.82,186.54,186.81,7228.0,186.651,57
2023-06-26 15:10:00-04:00,186.82,186.96,186.81,186.91,2890.0,186.895,10
2023-06-26 15:15:00-04:00,186.86,187.0,186.86,186.92,6655.0,186.918,56
2023-06-26 15:20:00-04:00,186.92,187.1,186.91,187.08,8579.0,186.996,81
2023-06-26 15:25:00-04:00,187.09,187.25,187.01,187.03,3010.0,187.115,29
2023-06-26 15:30:00-04:00,187.03,187.17,186.96,187.11,24949.0,187.015,97
2023-06-26 15:35:00-04:00,187.13,187.13,186.96,187.0,8564.0,187.015,60
2023-06-26 15:40:00-04:00,186.99,187.06,186.96,186.98,26576.0,186.994,163
2023-06-26 15:45:00-04:00,186.97,186.97,186.52,186.64,26184.0,186.754,121
2023-06-26 15:50:00-04:00,186.69,186.71,186.28,186.33,25221.0,186.544,212
2023-06-26 15:55:00-04:00,186.33,186.57,186.23,186.52,57791.0,186.44,452
2023-06-27 09:30:00-04:00,187.99,188.36,187.66,187.98,18978.0,187.991,35
2023-06-27 09:35:00-04:00,187.84,188.11,187.7,188.03,6848.0,187.926,57
2023-06-27 09:40:00-04:00,188.03,188.24,187.87,188.08,3579.0,188.049,32
2023-06-27 09:45:00-04:00,187.79,187.87,187.33,187.71,49155.0,187.417,105
2023-06-27 09:50:00-04:00,187.71,187.8,187.45,187.45,7230.0,187.64,57
2023-06-27 09:55:00-04:00,187.25,187.97,187.24,187.9,12923.0,187.613,45
2023-06-27 10:00:00-04:00,187.97,188.12,187.51,187.89,3115.0,187.886,29
2023-06-27 10:05:00-04:00,187.99,188.04,187.51,187.58,7231.0,187.872,61
2023-06-27 10:10:00-04:00,187.5,187.92,187.38,187.89,15597.0,187.589,65
2023-06-27 10:15:00-04:00,187.86,188.31,187.86,188.22,56623.0,188.004,125
2023-06-27 10:20:00-04:00,188.2,188.27,187.89,188.0,15304.0,188.109,131
2023-06-27 10:25:00-04:00,188.0,188.0,187.54,187.64,13291.0,187.82,107
2023-06-27 10:30:00-04:00,187.66,187.87,187.65,187.81,10312.0,187.776,99
2023-06-27 10:35:00-04:00,187.89,187.98,187.82,187.98,3904.0,187.889,36
2023-06-27 10:40:00-04:00,187.93,188.37,187.93,188.37,25636.0,188.041,86
2023-06-27 10:45:00-04:00,188.42,188.42,187.66,187.66,18977.0,188.067,156
2023-06-27 10:50:00-04:00,187.61,187.89,187.44,187.62,23720.0,187.663,183
2023-06-27 10:55:00-04:00,187.71,188.1,187.71,188.06,5705.0,187.928,54
2023-06-27 11:00:00-04:00,188.1,188.35,188.1,188.21,8759.0,188.209,79
2023-06-27 11:05:00-04:00,188.12,188.41,188.1,188.1,15615.0,188.373,53
2023-06-27 11:10:00-04:00,188.07,188.15,187.82,188.15,4148.0,188.013,35
2023-06-27 11:15:00-04:00,188.02,188.17,188.02,188.17,4959.0,188.102,47
2023-06-27 11:20:00-04:00,188.13,188.23,188.13,188.21,3818.0,188.183,36
2023-06-27 11:25:00-04:00,188.18,188.19,187.94,188.07,6117.0,188.074,57
2023-06-27 11:30:00-04:00,188.05,188.12,188.05,188.09,1300.0,188.084,13
2023-06-27 11:35:00-04:00,188.05,188.14,188.03,188.06,2467.0,188.076,22
2023-06-27 11:40:00-04:00,188.01,188.06,187.72,187.78,4449.0,187.869,43
2023-06-27 11:45:00-04:00,187.78,187.9,187.58,187.66,3806.0,187.827,37
2023-06-27 11:50:00-04:00,187.63,187.86,187.58,187.83,3166.0,187.737,31
2023-06-27 11:55:00-04:00,187.87,187.95,187.83,187.88,3604.0,187.886,35
2023-06-27 12:00:00-04:00,187.87,187.92,187.82,187.86,5875.0,187.881,56
2023-06-27 12:05:00-04:00,187.93,188.04,187.82,188.04,11428.0,187.948,111
2023-06-27 12:10:00-04:00,188.04,188.13,188.01,188.04,6074.0,188.084,60
2023-06-27 12:15:00-04:00,188.09,188.14,187.99,188.02,4916.0,188.078,46
2023-06-27 12:20:00-04:00,187.98,188.27,187.98,188.27,3522.0,188.147,34
2023-06-27 12:25:00-04:00,188.27,188.47,188.26,188.3,8349.0,188.339,78
2023-06-27 12:30:00-04:00,188.35,188.42,188.28,188.31,3360.0,188.362,32
2023-06-27 12:35:00-04:00,188.3,188.4,188.26,188.31,4078.0,188.324,36
2023-06-27 12:40:00-04:00,188.36,188.45,188.31,188.45,3804.0,188.374,37
2023-06-27 12:45:00-04:00,188.44,188.46,188.36,188.42,2022.0,188.388,11
2023-06-27 12:50:00-04:00,188.47,188.49,188.37,188.4,2166.0,188.446,18
2023-06-27 12:55:00-04:00,188.31,188.37,188.24,188.32,2808.0,188.305,28
2023-06-27 13:00:00-04:00,188.31,188.33,188.18,188.28,3460.0,188.28,30
2023-06-27 13:05:00-04:00,188.31,188.33,188.22,188.31,4260.0,188.269,41
2023-06-27 13:10:00-04:00,188.32,188.45,188.32,188.4,3629.0,188.404,30
2023-06-27 13:15:00-04:00,188.37,188.48,188.37,188.48,3763.0,188.436,36
2023-06-27 13:20:00-04:00,188.48,188.57,188.48,188.52,3457.0,188.534,29
2023-06-27 13:25:00-04:00,188.59,188.69,188.58,188.59,3141.0,188.629,28
2023-06-27 13:30:00-04:00,188.64,188.71,188.54,188.61,4539.0,188.646,40
2023-06-27 13:35:00-04:00,188.62,188.73,188.62,188.69,2514.0,188.693,18
2023-06-27 13:40:00-04:00,188.71,188.91,188.7,188.91,2325.0,188.852,20
2023-06-27 13:45:00-04:00,188.89,189.01,188.85,188.94,4475.0,188.921,28
2023-06-27 13:50:00-04:00,188.99,189.22,188.98,189.16,5357.0,189.071,41
2023-06-27 13:55:00-04:00,189.18,189.19,188.92,188.93,4137.0,189.047,24
2023-06-27 14:00:00-04:00,188.98,189.13,188.91,189.07,4837.0,188.977,31
2023-06-27 14:05:00-04:00,189.17,189.22,188.99,189.13,3196.0,189.125,26
2023-06-27 14:10:00-04:00,189.16,189.16,189.09,189.13,825.0,189.133,8
2023-06-27 14:15:00-04:00,189.14,189.23,189.12,189.18,4428.0,189.156,43
2023-06-27 14:20:00-04:00,189.16,189.26,189.15,189.26,2351.0,189.205,19
2023-06-27 14:25:00-04:00,189.22,189.32,189.22,189.28,2419.0,189.269,19
2023-06-27 14:30:00-04:00,189.34,189.37,189.3,189.3,2418.0,189.335,20
2023-06-27 14:35:00-04:00,189.35,189.39,189.24,189.25,4206.0,189.326,38
2023-06-27 14:40:00-04:00,189.24,189.24,189.1,189.15,2021.0,189.164,20
2023-06-27 14:45:00-04:00,189.16,189.16,188.89,188.95,4385.0,189.096,40
2023-06-27 14:50:00-04:00,188.97,189.04,188.96,189.0,7057.0,189.002,67
2023-06-27 14:55:00-04:00,189.01,189.04,188.82,188.87,11070.0,188.967,99
2023-06-27 15:00:00-04:00,188.9,189.01,188.72,188.75,8819.0,188.938,55
2023-06-27 15:05:00-04:00,188.75,188.82,188.67,188.68,4378.0,188.748,38
2023-06-27 15:10:00-04:00,188.65,188.65,188.52,188.54,2954.0,188.57,27
2023-06-27 15:15:00-04:00,188.54,188.65,188.5,188.61,8473.0,188.564,66
2023-06-27 15:20:00-04:00,188.62,188.72,188.62,188.7,3383.0,188.672,26
2023-06-27 15:25:00-04:00,188.72,188.76,188.63,188.69,6124.0,188.7,48
2023-06-27 15:30:00-04:00,188.66,188.73,188.53,188.53,7698.0,188.651,68
2023-06-27 15:35:00-04:00,188.55,188.55,188.37,188.39,9107.0,188.427,75
2023-06-27 15:40:00-04:00,188.41,188.6,188.4,188.53,10302.0,188.504,81
2023-06-27 15:45:00-04:00,188.51,188.84,188.51,188.72,12632.0,188.674,115
2023-06-27 15:50:00-04:00,188.66,188.66,188.34,188.47,27810.0,188.456,235
2023-06-27 15:55:00-04:00,188.49,188.63,188.16,188.27,70903.0,188.348,479
2023-06-28 09:30:00-04:00,187.59,187.59,186.03,186.24,16615.0,187.16,55
2023-06-28 09:35:00-04:00,186.48,187.07,186.0,186.97,8631.0,186.676,67
2023-06-28 09:40:00-04:00,186.84,187.5,186.83,187.31,10614.0,187.178,86
2023-06-28 09:45:00-04:00,187.19,187.27,186.46,186.47,6817.0,186.936,66
2023-06-28 09:50:00-04:00,186.53,186.85,186.36,186.74,5079.0,186.542,48
2023-06-28 09:55:00-04:00,186.81,186.81,186.23,186.59,7631.0,186.473,69
2023-06-28 10:00:00-04:00,186.6,186.67,186.17,186.67,19306.0,186.375,150
2023-06-28 10:05:00-04:00,186.7,186.95,186.69,186.91,6618.0,186.86,42
2023-06-28 10:10:00-04:00,186.89,186.89,186.28,186.28,3635.0,186.533,36
2023-06-28 10:15:00-04:00,186.27,186.59,186.18,186.52,6659.0,186.36,57
2023-06-28 10:20:00-04:00,186.64,186.72,186.13,186.13,3444.0,186.392,33
2023-06-28 10:25:00-04:00,186.25,186.32,185.98,186.28,4043.0,186.12,39
2023-06-28 10:30:00-04:00,186.29,186.71,186.29,186.59,2667.0,186.562,22
2023-06-28 10:35:00-04:00,186.62,187.01,186.61,187.0,3633.0,186.778,31
2023-06-28 10:40:00-04:00,186.93,187.21,186.79,186.79,2327.0,186.972,22
2023-06-28 10:45:00-04:00,186.69,186.82,186.55,186.67,2347.0,186.668,20
2023-06-28 10:50:00-04:00,186.71,186.75,186.34,186.34,4766.0,186.56,44
2023-06-28 10:55:00-04:00,186.34,186.48,186.29,186.38,6630.0,186.371,65
2023-06-28 11:00:00-04:00,186.47,186.63,186.47,186.6,3492.0,186.553,32
2023-06-28 11:05:00-04:00,186.68,186.86,186.68,186.75,1636.0,186.746,14
2023-06-28 11:10:00-04:00,186.84,187.02,186.58,186.62,5044.0,186.834,49
2023-06-28 11:15:00-04:00,186.62,186.79,186.61,186.78,2518.0,186.694,23
2023-06-28 11:20:00-04:00,186.73,186.74,186.13,186.15,5472.0,186.432,48
2023-06-28 11:25:00-04:00,186.12,186.4,186.07,186.39,3380.0,186.217,32
2023-06-28 11:30:00-04:00,186.35,186.71,186.35,186.67,2442.0,186.533,22
2023-06-28 11:35:00-04:00,186.75,186.92,186.75,186.85,1500.0,186.807,15
2023-06-28 11:40:00-04:00,186.87,187.05,186.75,186.83,11370.0,186.972,35
2023-06-28 11:45:00-04:00,186.75,186.9,186.66,186.66,1641.0,186.764,14
2023-06-28 11:50:00-04:00,186.72,186.72,186.6,186.65,744.0,186.65,7
2023-06-28 11:55:00-04:00,186.69,186.7,186.54,186.63,3038.0,186.631,21
2023-06-28 12:00:00-04:00,186.65,186.83,186.65,186.68,2124.0,186.731,19
2023-06-28 12:05:00-04:00,186.72,186.91,186.7,186.91,1200.0,186.804,12
2023-06-28 12:10:00-04:00,186.9,187.12,186.89,187.03,2095.0,186.987,19
2023-06-28 12:15:00-04:00,187.1,187.22,187.03,187.22,900.0,187.128,9
2023-06-28 12:20:00-04:00,187.16,187.24,187.15,187.24,2702.0,187.171,22
2023-06-28 12:25:00-04:00,187.24,187.25,187.01,187.14,2764.0,187.121,23
2023-06-28 12:30:00-04:00,187.16,187.34,187.15,187.34,1890.0,187.205,16
2023-06-28 12:35:00-04:00,187.42,187.58,187.36,187.48,1500.0,187.452,15
2023-06-28 12:40:00-04:00,187.4,187.52,187.03,187.04,3021.0,187.27,28
2023-06-28 12:45:00-04:00,187.0,187.01,186.81,186.81,10793.0,186.907,51
2023-06-28 12:50:00-04:00,186.66,186.78,186.41,186.41,4454.0,186.657,28
2023-06-28 12:55:00-04:00,186.54,186.65,186.41,186.65,3567.0,186.519,29
2023-06-28 13:00:00-04:00,186.72,186.72,186.41,186.42,2878.0,186.529,27
2023-06-28 13:05:00-04:00,186.42,186.58,186.41,186.46,3929.0,186.516,17
2023-06-28 13:10:00-04:00,186.41,186.45,186.3,186.45,1440.0,186.398,14
2023-06-28 13:15:00-04:00,186.41,186.62,186.4,186.62,5284.0,186.531,22
2023-06-28 13:20:00-04:00,186.66,186.78,186.61,186.74,1835.0,186.71,16
2023-06-28 13:25:00-04:00,186.9,187.01,186.87,186.87,1903.0,186.925,19
2023-06-28 13:30:00-04:00,186.89,186.89,186.54,186.54,3151.0,186.79,29
2023-06-28 13:35:00-04:00,186.61,187.01,186.57,186.96,2054.0,186.735,20
2023-06-28 13:40:00-04:00,187.05,187.05,186.92,186.92,3528.0,186.968,29
2023-06-28 13:45:00-04:00,186.9,186.91,186.83,186.83,1401.0,186.881,12
2023-06-28 13:50:00-04:00,186.84,186.94,186.79,186.94,2200.0,186.857,17
2023-06-28 13:55:00-04:00,186.91,187.02,186.88,186.89,2070.0,186.95,20
2023-06-28 14:00:00-04:00,187.0,187.05,186.9,186.97,2492.0,186.985,24
2023-06-28 14:05:00-04:00,186.97,186.99,186.84,186.93,4634.0,186.944,30
2023-06-28 14:10:00-04:00,186.99,187.15,186.99,187.02,4358.0,187.051,38
2023-06-28 14:15:00-04:00,187.02,187.13,186.95,187.13,2848.0,187.015,25
2023-06-28 14:20:00-04:00,187.12,187.15,187.01,187.05,3119.0,187.076,25
2023-06-28 14:25:00-04:00,187.08,187.08,186.93,186.95,2424.0,186.987,22
2023-06-28 14:30:00-04:00,186.98,187.11,186.88,186.89,5401.0,187.009,45
2023-06-28 14:35:00-04:00,186.86,186.98,186.81,186.84,2212.0,186.886,18
2023-06-28 14:40:00-04:00,186.84,186.95,186.83,186.9,1625.0,186.892,16
2023-06-28 14:45:00-04:00,186.84,186.85,186.75,186.79,2872.0,186.797,26
2023-06-28 14:50:00-04:00,186.74,186.74,186.61,186.71,1608.0,186.69,16
2023-06-28 14:55:00-04:00,186.67,186.72,186.62,186.68,2532.0,186.67,23
2023-06-28 15:00:00-04:00,186.78,186.82,186.65,186.68,2679.0,186.737,24
2023-06-28 15:05:00-04:00,186.74,186.74,186.52,186.72,4480.0,186.631,42
2023-06-28 15:10:00-04:00,186.8,186.93,186.76,186.88,2607.0,186.845,20
2023-06-28 15:15:00-04:00,186.89,186.97,186.8,186.82,5759.0,186.901,41
2023-06-28 15:20:00-04:00,186.84,186.93,186.77,186.92,6913.0,186.828,34
2023-06-28 15:25:00-04:00,186.96,186.99,186.81,186.89,9521.0,186.885,65
2023-06-28 15:30:00-04:00,186.94,186.98,186.8,186.84,17237.0,186.883,87
2023-06-28 15:35:00-04:00,186.86,186.88,186.7,186.75,3865.0,186.787,29
2023-06-28 15:40:00-04:00,186.77,186.88,186.72,186.72,8811.0,186.806,75
2023-06-28 15:45:00-04:00,186.73,186.75,186.58,186.64,10889.0,186.676,88
2023-06-28 15:50:00-04:00,186.62,186.88,186.41,186.7,34168.0,186.618,221
2023-06-28 15:55:00-04:00,186.73,186.82,186.48,186.82,55557.0,186.625,380
2023-06-29 09:30:00-04:00,187.56,187.57,187.03,187.06,18665.0,187.518,17
2023-06-29 09:35:00-04:00,187.25,187.72,186.82,187.62,3377.0,187.224,32
2023-06-29 09:40:00-04:00,187.84,187.89,187.27,187.56,4957.0,187.54,35
2023-06-29 09:45:00-04:00,187.53,187.98,187.46,187.98,3080.0,187.676,29
2023-06-29 09:50:00-04:00,188.09,188.24,187.82,188.11,1586.0,188.036,15
2023-06-29 09:55:00-04:00,188.19,188.36,187.91,187.91,1500.0,188.127,15
2023-06-29 10:00:00-04:00,187.89,188.15,187.89,187.94,1918.0,188.011,19
2023-06-29 10:05:00-04:00,188.06,188.31,187.77,188.07,4256.0,188.03,40
2023-06-29 10:10:00-04:00,188.06,188.44,188.06,188.44,1000.0,188.231,10
2023-06-29 10:15:00-04:00,188.43,188.52,188.17,188.18,2068.0,188.382,19
2023-06-29 10:20:00-04:00,188.26,188.39,187.81,187.81,5135.0,188.152,51
2023-06-29 10:25:00-04:00,187.76,187.85,187.6,187.85,2802.0,187.736,28
2023-06-29 10:30:00-04:00,187.92,187.94,187.67,187.78,12558.0,187.807,121
2023-06-29 10:35:00-04:00,187.78,187.78,187.39,187.4,4619.0,187.529,41
2023-06-29 10:40:00-04:00,187.36,187.52,187.19,187.31,2067.0,187.362,19
2023-06-29 10:45:00-04:00,187.24,187.24,186.85,187.11,2702.0,187.039,26
2023-06-29 10:50:00-04:00,187.15,187.24,187.03,187.06,2364.0,187.092,23
2023-06-29 10:55:00-04:00,187.07,187.6,186.98,187.45,4914.0,187.296,44
2023-06-29 11:00:00-04:00,187.52,187.8,187.39,187.46,14137.0,187.613,101
2023-06-29 11:05:00-04:00,187.39,188.01,187.39,187.86,9027.0,187.762,57
2023-06-29 11:10:00-04:00,187.83,187.92,187.8,187.88,1093.0,187.866,10
2023-06-29 11:15:00-04:00,187.88,188.11,187.67,187.67,2623.0,187.963,25
2023-06-29 11:20:00-04:00,187.61,187.7,187.5,187.7,2054.0,187.567,20
2023-06-29 11:25:00-04:00,187.62,187.86,187.56,187.82,1000.0,187.693,10
2023-06-29 11:30:00-04:00,187.92,188.05,187.81,187.95,5297.0,187.949,30
2023-06-29 11:35:00-04:00,187.86,188.16,187.86,188.09,4767.0,188.007,39
2023-06-29 11:40:00-04:00,188.14,188.41,188.14,188.3,4523.0,188.266,37
2023-06-29 11:45:00-04:00,188.28,188.29,188.21,188.24,2070.0,188.25,15
2023-06-29 11:50:00-04:00,188.24,188.54,188.23,188.53,2420.0,188.397,24
2023-06-29 11:55:00-04:00,188.53,188.57,188.34,188.49,4607.0,188.445,34
2023-06-29 12:00:00-04:00,188.5,188.71,188.47,188.5,3100.0,188.552,29
2023-06-29 12:05:00-04:00,188.5,188.73,188.5,188.67,2860.0,188.586,18
2023-06-29 12:10:00-04:00,188.72,188.99,188.65,188.95,2254.0,188.847,22
2023-06-29 12:15:00-04:00,189.0,189.16,188.97,189.14,1820.0,189.043,18
2023-06-29 12:20:00-04:00,189.26,189.44,189.16,189.36,5984.0,189.203,16
2023-06-29 12:25:00-04:00,189.37,189.44,189.29,189.33,4142.0,189.354,36
2023-06-29 12:30:00-04:00,189.34,189.37,189.14,189.14,4879.0,189.277,32
2023-06-29 12:35:00-04:00,189.2,189.23,189.14,189.14,897.0,189.176,8
2023-06-29 12:40:00-04:00,188.95,189.03,188.93,188.93,709.0,188.971,6
2023-06-29 12:45:00-04:00,188.9,189.0,188.83,188.95,1984.0,188.919,16
2023-06-29 12:50:00-04:00,188.91,188.95,188.75,188.8,1835.0,188.854,16
2023-06-29 12:55:00-04:00,188.8,188.82,188.55,188.65,2056.0,188.675,15
2023-06-29 13:00:00-04:00,188.59,188.59,188.58,188.58,300.0,188.583,3
2023-06-29 13:05:00-04:00,188.48,188.65,188.42,188.58,3322.0,188.499,25
2023-06-29 13:10:00-04:00,188.67,188.77,188.46,188.65,4154.0,188.583,35
2023-06-29 13:15:00-04:00,188.7,188.91,188.69,188.91,1276.0,188.829,9
2023-06-29 13:20:00-04:00,188.91,188.98,188.79,188.79,3788.0,188.859,28
2023-06-29 13:25:00-04:00,188.84,189.03,188.8,189.03,3234.0,188.944,18
2023-06-29 13:30:00-04:00,188.94,189.21,188.94,189.18,4466.0,189.109,31
2023-06-29 13:35:00-04:00,189.12,189.26,189.11,189.13,1891.0,189.155,18
2023-06-29 13:40:00-04:00,189.17,189.37,189.15,189.27,4021.0,189.228,31
2023-06-29 13:45:00-04:00,189.32,189.42,189.31,189.39,17870.0,189.365,15
2023-06-29 13:50:00-04:00,189.38,189.5,189.38,189.48,15936.0,189.424,59
2023-06-29 13:55:00-04:00,189.48,189.48,189.16,189.25,8841.0,189.301,68
2023-06-29 14:00:00-04:00,189.2,189.2,188.96,189.1,10292.0,189.071,87
2023-06-29 14:05:00-04:00,189.1,189.16,188.62,188.71,24253.0,188.915,81
2023-06-29 14:10:00-04:00,188.74,188.98,188.68,188.98,1757.0,188.815,16
2023-06-29 14:15:00-04:00,189.18,189.27,189.09,189.25,3920.0,189.185,31
2023-06-29 14:20:00-04:00,189.33,189.5,189.3,189.44,9413.0,189.456,65
2023-06-29 14:25:00-04:00,189.48,189.5,189.41,189.5,8420.0,189.466,49
2023-06-29 14:30:00-04:00,189.5,189.52,189.43,189.43,8001.0,189.485,62
2023-06-29 14:35:00-04:00,189.43,189.5,189.43,189.44,3578.0,189.463,31
2023-06-29 14:40:00-04:00,189.45,189.45,189.3,189.41,4661.0,189.37,41
2023-06-29 14:45:00-04:00,189.46,189.5,189.44,189.45,8144.0,189.483,73
2023-06-29 14:50:00-04:00,189.42,189.47,189.33,189.44,4640.0,189.423,38
2023-06-29 14:55:00-04:00,189.45,189.49,189.31,189.41,3684.0,189.412,32
2023-06-29 15:00:00-04:00,189.47,189.5,189.42,189.49,6504.0,189.48,60
2023-06-29 15:05:00-04:00,189.5,189.86,189.47,189.86,20890.0,189.568,84
2023-06-29 15:10:00-04:00,189.87,189.95,189.74,189.84,10073.0,189.868,61
2023-06-29 15:15:00-04:00,189.92,190.0,189.59,189.68,16904.0,189.904,75
2023-06-29 15:20:00-04:00,189.64,189.83,189.53,189.54,4193.0,189.692,33
2023-06-29 15:25:00-04:00,189.59,189.84,189.59,189.82,7867.0,189.736,58
2023-06-29 15:30:00-04:00,189.84,189.98,189.7,189.86,7161.0,189.823,62
2023-06-29 15:35:00-04:00,189.81,189.81,189.39,189.48,12676.0,189.601,55
2023-06-29 15:40:00-04:00,189.44,189.54,189.37,189.48,8429.0,189.453,55
2023-06-29 15:45:00-04:00,189.45,189.71,189.44,189.68,8537.0,189.579,69
2023-06-29 15:50:00-04:00,189.62,189.72,189.37,189.66,31195.0,189.563,249
2023-06-29 15:55:00-04:00,189.65,190.0,189.65,189.99,96941.0,189.873,670
2023-06-30 09:30:00-04:00,191.11,191.49,190.61,190.98,20060.0,191.094,56
2023-06-30 09:35:00-04:00,191.03,191.39,190.74,191.12,6938.0,191.108,65
2023-06-30 09:40:00-04:00,191.31,191.58,191.3,191.58,4000.0,191.408,33
2023-06-30 09:45:00-04:00,191.42,191.56,190.99,191.21,17536.0,191.252,77
2023-06-30 09:50:00-04:00,191.3,191.63,190.95,191.56,10784.0,191.292,85
2023-06-30 09:55:00-04:00,191.63,191.98,191.54,191.59,5528.0,191.79,47
2023-06-30 10:00:00-04:00,191.83,192.0,191.69,192.0,9080.0,191.907,69
2023-06-30 10:05:00-04:00,192.0,192.0,191.87,192.0,22496.0,191.988,149
2023-06-30 10:10:00-04:00,192.14,192.21,191.82,191.82,5151.0,192.081,48
2023-06-30 10:15:00-04:00,191.61,191.61,191.28,191.3,3180.0,191.477,18
2023-06-30 10:20:00-04:00,191.21,191.51,191.21,191.26,2592.0,191.364,24
2023-06-30 10:25:00-04:00,191.18,191.46,191.09,191.46,2188.0,191.312,20
2023-06-30 10:30:00-04:00,191.49,191.57,191.29,191.35,1768.0,191.432,17
2023-06-30 10:35:00-04:00,191.28,191.28,190.75,191.03,5233.0,191.016,45
2023-06-30 10:40:00-04:00,191.0,191.0,190.67,190.74,4569.0,190.798,44
2023-06-30 10:45:00-04:00,190.8,190.8,190.39,190.39,2525.0,190.544,22
2023-06-30 10:50:00-04:00,190.42,190.93,190.42,190.9,3192.0,190.695,29
2023-06-30 10:55:00-04:00,191.0,191.26,190.97,191.26,2676.0,191.094,24
2023-06-30 11:00:00-04:00,191.27,191.67,191.27,191.6,2499.0,191.451,23
2023-06-30 11:05:00-04:00,191.68,191.76,191.51,191.59,3480.0,191.623,33
2023-06-30 11:10:00-04:00,191.81,191.92,191.71,191.78,6791.0,191.82,27
2023-06-30 11:15:00-04:00,191.72,191.94,191.69,191.72,3159.0,191.78,27
2023-06-30 11:20:00-04:00,191.76,191.76,191.64,191.64,2466.0,191.692,16
2023-06-30 11:25:00-04:00,191.62,191.63,191.5,191.62,3730.0,191.585,33
2023-06-30 11:30:00-04:00,191.76,191.76,191.51,191.56,1769.0,191.612,15
2023-06-30 11:35:00-04:00,191.49,191.59,191.45,191.54,1525.0,191.516,15
2023-06-30 11:40:00-04:00,191.55,191.57,191.47,191.48,4147.0,191.532,10
2023-06-30 11:45:00-04:00,191.44,191.46,191.31,191.35,1158.0,191.392,10
2023-06-30 11:50:00-04:00,191.4,191.4,191.23,191.27,3601.0,191.283,35
2023-06-30 11:55:00-04:00,191.3,191.41,191.18,191.41,5024.0,191.254,30
2023-06-30 12:00:00-04:00,191.44,191.49,191.22,191.22,2935.0,191.424,26
2023-06-30 12:05:00-04:00,191.2,191.2,191.01,191.02,643.0,191.105,6
2023-06-30 12:10:00-04:00,191.03,191.14,191.03,191.14,2149.0,191.087,21
2023-06-30 12:15:00-04:00,191.11,191.17,191.05,191.13,3131.0,191.11,25
2023-06-30 12:20:00-04:00,191.11,191.47,191.11,191.47,6113.0,191.278,59
2023-06-30 12:25:00-04:00,191.47,191.64,191.38,191.64,2022.0,191.445,15
2023-06-30 12:30:00-04:00,191.64,191.68,191.56,191.56,1528.0,191.615,15
2023-06-30 12:35:00-04:00,191.5,191.64,191.49,191.58,5492.0,191.521,21
2023-06-30 12:40:00-04:00,191.58,191.58,191.37,191.37,1066.0,191.509,10
2023-06-30 12:45:00-04:00,191.32,191.39,191.22,191.39,3554.0,191.3,35
2023-06-30 12:50:00-04:00,191.57,191.59,191.54,191.59,1956.0,191.569,17
2023-06-30 12:55:00-04:00,191.52,191.73,191.52,191.72,2172.0,191.603,18
2023-06-30 13:00:00-04:00,191.74,191.89,191.73,191.89,2500.0,191.819,22
2023-06-30 13:05:00-04:00,191.89,192.04,191.85,192.0,2357.0,191.926,21
2023-06-30 13:10:00-04:00,191.95,191.99,191.87,191.98,5656.0,191.923,47
2023-06-30 13:15:00-04:00,191.98,192.12,191.98,192.1,1100.0,192.048,11
2023-06-30 13:20:00-04:00,192.1,192.16,191.95,192.04,4877.0,192.042,38
2023-06-30 13:25:00-04:00,192.07,192.12,192.01,192.12,1031.0,192.059,10
2023-06-30 13:30:00-04:00,192.13,192.4,192.13,192.4,3024.0,192.327,30
2023-06-30 13:35:00-04:00,192.39,192.55,192.32,192.5,5557.0,192.451,54
2023-06-30 13:40:00-04:00,192.36,192.47,192.24,192.32,2571.0,192.353,19
2023-06-30 13:45:00-04:00,192.25,192.39,192.25,192.39,1541.0,192.296,14
2023-06-30 13:50:00-04:00,192.28,192.28,192.12,192.2,1456.0,192.215,12
2023-06-30 13:55:00-04:00,192.18,192.36,192.15,192.31,1800.0,192.237,17
2023-06-30 14:00:00-04:00,192.36,192.36,192.2,192.2,1614.0,192.275,16
2023-06-30 14:05:00-04:00,192.2,192.35,192.19,192.21,4465.0,192.283,41
2023-06-30 14:10:00-04:00,192.14,192.27,192.13,192.25,3086.0,192.197,27
2023-06-30 14:15:00-04:00,192.27,192.35,192.23,192.35,1640.0,192.285,15
2023-06-30 14:20:00-04:00,192.3,192.39,192.25,192.39,6502.0,192.274,22
2023-06-30 14:25:00-04:00,192.31,192.55,192.23,192.55,1557.0,192.408,14
2023-06-30 14:30:00-04:00,192.59,192.59,192.46,192.53,3935.0,192.514,30
2023-06-30 14:35:00-04:00,192.58,192.72,192.53,192.62,2813.0,192.631,28
2023-06-30 14:40:00-04:00,192.65,192.68,192.52,192.59,5015.0,192.584,38
2023-06-30 14:45:00-04:00,192.46,192.56,192.36,192.37,4742.0,192.461,28
2023-06-30 14:50:00-04:00,192.37,192.43,192.28,192.29,2201.0,192.345,22
2023-06-30 14:55:00-04:00,192.26,192.29,192.14,192.2,3219.0,192.222,32
2023-06-30 15:00:00-04:00,192.24,192.26,192.09,192.14,4967.0,192.139,33
2023-06-30 15:05:00-04:00,192.11,192.11,191.94,191.94,3902.0,192.033,13
2023-06-30 15:10:00-04:00,191.81,191.89,191.76,191.86,2760.0,191.838,23
2023-06-30 15:15:00-04:00,191.87,192.03,191.81,191.84,6323.0,191.86,34
2023-06-30 15:20:00-04:00,191.84,191.85,191.61,191.75,8569.0,191.734,71
2023-06-30 15:25:00-04:00,191.79,192.02,191.79,192.01,4835.0,191.919,46
2023-06-30 15:30:00-04:00,192.02,192.02,191.85,191.92,8381.0,191.93,80
2023-06-30 15:35:00-04:00,191.94,192.04,191.81,191.99,12385.0,191.919,119
2023-06-30 15:40:00-04:00,191.98,191.98,191.78,191.89,8574.0,191.884,80
2023-06-30 15:45:00-04:00,191.85,191.85,191.58,191.75,12007.0,191.695,113
2023-06-30 15:50:00-04:00,191.71,191.87,191.59,191.87,19429.0,191.687,177
2023-06-30 15:55:00-04:00,191.88,191.88,191.12,191.15,63255.0,191.43,483
2023-07-03 09:30:00-04:00,190.09,190.94,189.98,190.46,18127.0,190.182,48
2023-07-03 09:35:00-04:00,190.47,190.68,190.12,190.44,4481.0,190.28,44
2023-07-03 09:40:00-04:00,190.43,190.98,190.04,190.82,9755.0,190.399,72
2023-07-03 09:45:00-04:00,190.82,190.91,190.14,190.16,3477.0,190.54,32
2023-07-03 09:50:00-04:00,190.17,190.17,189.16,189.21,6035.0,189.633,47
2023-07-03 09:55:00-04:00,189.2,190.3,189.2,190.3,3793.0,189.712,35
2023-07-03 10:00:00-04:00,190.46,190.55,190.1,190.51,8079.0,190.374,75
2023-07-03 10:05:00-04:00,190.56,190.98,190.51,190.94,5303.0,190.773,52
2023-07-03 10:10:00-04:00,191.03,191.61,191.02,191.61,4865.0,191.25,43
2023-07-03 10:15:00-04:00,191.57,191.6,191.25,191.25,3700.0,191.402,35
2023-07-03 10:20:00-04:00,191.27,191.63,191.27,191.63,5415.0,191.45,42
2023-07-03 10:25:00-04:00,191.65,191.73,191.4,191.55,3450.0,191.581,23
2023-07-03 10:30:00-04:00,191.68,191.69,191.47,191.69,3849.0,191.572,34
2023-07-03 10:35:00-04:00,191.71,191.85,191.47,191.85,5063.0,191.587,50
2023-07-03 10:40:00-04:00,191.81,191.87,191.57,191.67,3233.0,191.717,31
2023-07-03 10:45:00-04:00,191.79,191.82,191.62,191.63,6726.0,191.73,60
2023-07-03 10:50:00-04:00,191.65,191.85,191.38,191.84,4701.0,191.534,36
2023-07-03 10:55:00-04:00,191.85,192.08,191.79,191.92,5924.0,191.946,56
2023-07-03 11:00:00-04:00,192.03,192.2,191.92,192.2,6451.0,192.039,56
2023-07-03 11:05:00-04:00,192.13,192.57,192.13,192.57,6102.0,192.406,45
2023-07-03 11:10:00-04:00,192.51,192.54,192.21,192.21,5872.0,192.325,45
2023-07-03 11:15:00-04:00,192.24,192.24,191.93,191.97,2800.0,192.063,26
2023-07-03 11:20:00-04:00,191.98,192.11,191.79,191.91,5147.0,191.928,44
2023-07-03 11:25:00-04:00,191.91,191.93,191.74,191.79,5079.0,191.819,44
2023-07-03 11:30:00-04:00,191.79,191.8,191.57,191.79,2451.0,191.69,20
2023-07-03 11:35:00-04:00,191.73,191.81,191.68,191.73,1828.0,191.743,15
2023-07-03 11:40:00-04:00,191.74,191.74,191.56,191.6,1131.0,191.668,9
2023-07-03 11:45:00-04:00,191.6,191.82,191.46,191.57,4431.0,191.647,42
2023-07-03 11:50:00-04:00,191.53,191.59,191.53,191.53,1617.0,191.54,11
2023-07-03 11:55:00-04:00,191.59,191.69,191.59,191.66,1522.0,191.639,14
2023-07-03 12:00:00-04:00,191.72,191.72,191.59,191.66,2231.0,191.669,21
2023-07-03 12:05:00-04:00,191.64,191.84,191.64,191.76,3427.0,191.75,31
2023-07-03 12:10:00-04:00,191.78,191.81,191.68,191.79,2653.0,191.745,24
2023-07-03 12:15:00-04:00,191.79,191.85,191.43,191.48,4949.0,191.693,46
2023-07-03 12:20:00-04:00,191.56,191.69,191.5,191.66,6114.0,191.585,57
2023-07-03 12:25:00-04:00,191.59,192.04,191.59,191.86,2433.0,191.842,23
2023-07-03 12:30:00-04:00,192.09,192.09,191.78,191.84,2192.0,191.895,19
2023-07-03 12:35:00-04:00,191.94,192.1,191.89,192.03,2460.0,192.034,22
2023-07-03 12:40:00-04:00,192.06,192.08,191.81,191.81,4596.0,191.912,39
2023-07-03 12:45:00-04:00,191.76,191.83,191.57,191.77,15726.0,191.715,87
2023-07-03 12:50:00-04:00,191.74,191.76,191.47,191.68,6628.0,191.626,56
2023-07-03 12:55:00-04:00,191.65,191.7,191.2,191.28,20243.0,191.407,132
2023-07-05 09:30:00-04:00,189.5,189.84,189.16,189.69,17422.0,189.511,32
2023-07-05 09:35:00-04:00,189.68,190.17,189.31,190.02,16551.0,189.688,100
2023-07-05 09:40:00-04:00,189.87,190.7,189.68,190.38,11107.0,190.202,67
2023-07-05 09:45:00-04:00,190.14,190.53,190.09,190.53,23634.0,190.272,76
2023-07-05 09:50:00-04:00,190.59,191.29,190.59,190.81,16105.0,190.888,64
2023-07-05 09:55:00-04:00,190.77,191.08,190.63,190.92,10295.0,190.955,58
2023-07-05 10:00:00-04:00,190.94,190.94,190.22,190.31,3668.0,190.574,30
2023-07-05 10:05:00-04:00,190.27,190.56,190.27,190.47,3758.0,190.434,34
2023-07-05 10:10:00-04:00,190.41,190.41,190.0,190.22,4910.0,190.188,42
2023-07-05 10:15:00-04:00,190.23,190.23,189.96,190.22,2773.0,190.08,22
2023-07-05 10:20:00-04:00,190.23,190.35,190.12,190.17,2595.0,190.205,22
2023-07-05 10:25:00-04:00,190.09,190.09,189.93,190.0,3139.0,190.032,28
2023-07-05 10:30:00-04:00,190.09,190.21,190.05,190.14,1988.0,190.103,18
2023-07-05 10:35:00-04:00,190.25,190.34,190.09,190.09,6576.0,190.165,30
2023-07-05 10:40:00-04:00,190.09,190.24,190.03,190.15,2104.0,190.112,14
2023-07-05 10:45:00-04:00,190.11,190.11,189.72,189.74,1679.0,189.855,15
2023-07-05 10:50:00-04:00,189.83,190.15,189.83,190.14,2210.0,189.923,18
2023-07-05 10:55:00-04:00,190.09,190.27,190.02,190.11,3987.0,190.13,32
2023-07-05 11:00:00-04:00,190.23,190.3,190.14,190.22,1749.0,190.203,16
2023-07-05 11:05:00-04:00,190.16,190.32,190.15,190.31,4800.0,190.241,47
2023-07-05 11:10:00-04:00,190.31,190.49,190.26,190.49,3935.0,190.377,33
2023-07-05 11:15:00-04:00,190.56,190.68,190.24,190.3,3977.0,190.427,36
2023-07-05 11:20:00-04:00,190.23,190.44,190.2,190.2,2600.0,190.292,25
2023-07-05 11:25:00-04:00,190.28,190.44,190.23,190.38,7403.0,190.328,65
2023-07-05 11:30:00-04:00,190.33,190.55,190.33,190.53,4972.0,190.509,36
2023-07-05 11:35:00-04:00,190.57,190.75,190.34,190.34,7664.0,190.527,63
2023-07-05 11:40:00-04:00,190.37,190.37,190.15,190.2,2340.0,190.225,19
2023-07-05 11:45:00-04:00,190.18,190.18,189.84,189.86,1411.0,190.041,11
2023-07-05 11:50:00-04:00,189.79,189.87,189.73,189.74,1957.0,189.807,18
2023-07-05 11:55:00-04:00,189.67,189.74,189.5,189.74,2359.0,189.637,20
2023-07-05 12:00:00-04:00,189.75,189.95,189.74,189.94,1900.0,189.838,18
2023-07-05 12:05:00-04:00,189.94,190.17,189.94,190.17,1592.0,190.037,15
2023-07-05 12:10:00-04:00,190.02,190.05,189.97,190.05,3046.0,190.026,21
2023-07-05 12:15:00-04:00,190.03,190.16,189.94,190.13,5394.0,190.036,52
2023-07-05 12:20:00-04:00,190.24,190.3,190.1,190.24,4322.0,190.19,37
2023-07-05 12:25:00-04:00,190.31,190.39,190.2,190.39,4541.0,190.265,43
2023-07-05 12:30:00-04:00,190.35,190.37,190.16,190.17,7748.0,190.29,62
2023-07-05 12:35:00-04:00,190.2,190.26,190.09,190.26,4810.0,190.167,45
2023-07-05 12:40:00-04:00,190.28,190.41,190.14,190.23,3320.0,190.268,32
2023-07-05 12:45:00-04:00,190.21,190.42,190.2,190.42,2141.0,190.276,19
2023-07-05 12:50:00-04:00,190.43,190.46,190.34,190.45,2522.0,190.41,25
2023-07-05 12:55:00-04:00,190.45,190.56,190.4,190.56,1908.0,190.453,18
2023-07-05 13:00:00-04:00,190.56,190.56,190.33,190.43,6137.0,190.428,55
2023-07-05 13:05:00-04:00,190.5,190.5,190.35,190.36,3097.0,190.412,23
2023-07-05 13:10:00-04:00,190.33,190.33,190.16,190.21,1674.0,190.24,12
2023-07-05 13:15:00-04:00,190.14,190.2,190.08,190.09,2230.0,190.144,22
2023-07-05 13:20:00-04:00,190.15,190.16,189.98,189.98,1401.0,190.083,13
2023-07-05 13:25:00-04:00,189.94,189.94,189.81,189.89,2534.0,189.894,25
2023-07-05 13:30:00-04:00,189.82,189.82,189.7,189.7,500.0,189.764,5
2023-07-05 13:35:00-04:00,189.75,189.87,189.75,189.87,2221.0,189.823,22
2023-07-05 13:40:00-04:00,189.88,189.88,189.79,189.79,800.0,189.832,8
2023-07-05 13:45:00-04:00,189.79,190.03,189.79,189.9,2701.0,189.914,24
2023-07-05 13:50:00-04:00,190.01,190.13,190.01,190.02,2520.0,190.058,23
2023-07-05 13:55:00-04:00,190.13,190.25,190.12,190.19,2008.0,190.154,19
2023-07-05 14:00:00-04:00,190.2,190.3,190.13,190.13,4641.0,190.223,31
2023-07-05 14:05:00-04:00,190.13,190.13,189.88,189.92,1953.0,189.98,18
2023-07-05 14:10:00-04:00,189.85,189.85,189.79,189.8,904.0,189.808,8
2023-07-05 14:15:00-04:00,189.67,189.67,189.5,189.61,5147.0,189.589,39
2023-07-05 14:20:00-04:00,189.68,189.68,189.55,189.67,2146.0,189.635,13
2023-07-05 14:25:00-04:00,189.67,189.78,189.65,189.78,3193.0,189.715,30
2023-07-05 14:30:00-04:00,189.8,189.93,189.8,189.88,1800.0,189.866,18
2023-07-05 14:35:00-04:00,189.87,190.0,189.82,189.97,4040.0,189.917,39
2023-07-05 14:40:00-04:00,189.93,190.0,189.93,189.97,1000.0,189.966,10
2023-07-05 14:45:00-04:00,190.0,190.06,189.96,189.99,3248.0,190.006,30
2023-07-05 14:50:00-04:00,190.02,190.14,189.99,190.11,3413.0,190.048,28
2023-07-05 14:55:00-04:00,190.14,190.26,190.08,190.25,3997.0,190.16,36
2023-07-05 15:00:00-04:00,190.31,190.32,190.2,190.27,2177.0,190.245,21
2023-07-05 15:05:00-04:00,190.26,190.31,190.17,190.24,3626.0,190.25,35
2023-07-05 15:10:00-04:00,190.28,190.37,190.27,190.3,4555.0,190.316,41
2023-07-05 15:15:00-04:00,190.3,190.39,190.2,190.22,3214.0,190.272,30
2023-07-05 15:20:00-04:00,190.22,190.32,190.18,190.29,4631.0,190.241,42
2023-07-05 15:25:00-04:00,190.32,190.44,190.29,190.33,6509.0,190.365,55
2023-07-05 15:30:00-04:00,190.32,190.38,190.26,190.33,7887.0,190.299,33
2023-07-05 15:35:00-04:00,190.3,190.5,190.3,190.44,11457.0,190.399,107
2023-07-05 15:40:00-04:00,190.45,190.48,190.18,190.18,8649.0,190.379,79
2023-07-05 15:45:00-04:00,190.18,190.18,189.7,189.73,20113.0,189.852,92
2023-07-05 15:50:00-04:00,189.57,189.84,189.36,189.65,14489.0,189.697,113
2023-07-05 15:55:00-04:00,189.62,190.05,189.57,189.78,62918.0,189.856,370
2023-07-06 09:30:00-04:00,189.08,189.81,188.45,189.24,25770.0,189.144,91
2023-07-06 09:35:00-04:00,189.55,190.86,189.55,190.61,16025.0,190.115,113
2023-07-06 09:40:00-04:00,190.57,190.57,188.78,188.78,9824.0,189.884,95
2023-07-06 09:45:00-04:00,189.25,189.65,188.02,189.21,12778.0,189.189,114
2023-07-06 09:50:00-04:00,189.32,189.67,188.58,188.58,6757.0,189.171,58
2023-07-06 09:55:00-04:00,188.7,189.04,188.2,189.04,8870.0,188.721,67
2023-07-06 10:00:00-04:00,188.75,189.27,188.66,188.82,6031.0,188.983,53
2023-07-06 10:05:00-04:00,188.81,189.1,188.3,188.41,11538.0,188.785,74
2023-07-06 10:10:00-04:00,188.41,188.76,188.29,188.67,9763.0,188.547,90
2023-07-06 10:15:00-04:00,188.63,188.83,188.42,188.42,8260.0,188.639,51
2023-07-06 10:20:00-04:00,188.47,188.56,187.97,188.39,3271.0,188.325,30
2023-07-06 10:25:00-04:00,188.53,188.53,188.23,188.3,4816.0,188.373,43
2023-07-06 10:30:00-04:00,188.19,188.34,188.01,188.22,3419.0,188.18,28
2023-07-06 10:35:00-04:00,188.3,188.64,188.2,188.39,3012.0,188.455,27
2023-07-06 10:40:00-04:00,188.38,188.45,188.0,188.38,3817.0,188.222,34
2023-07-06 10:45:00-04:00,188.53,188.61,188.17,188.43,3093.0,188.472,27
2023-07-06 10:50:00-04:00,188.42,188.42,188.13,188.35,2280.0,188.304,18
2023-07-06 10:55:00-04:00,188.3,188.33,188.04,188.09,8238.0,188.199,38
2023-07-06 11:00:00-04:00,188.26,188.43,188.17,188.36,3591.0,188.302,26
2023-07-06 11:05:00-04:00,188.62,188.77,188.55,188.55,2331.0,188.667,22
2023-07-06 11:10:00-04:00,188.62,188.96,188.55,188.78,5133.0,188.796,39
2023-07-06 11:15:00-04:00,188.75,189.16,188.54,189.16,3627.0,188.863,31
2023-07-06 11:20:00-04:00,189.08,189.2,188.84,188.98,6633.0,188.965,44
2023-07-06 11:25:00-04:00,189.05,189.44,188.9,189.25,5069.0,189.23,40
2023-07-06 11:30:00-04:00,189.23,189.6,189.23,189.42,5522.0,189.428,50
2023-07-06 11:35:00-04:00,189.46,189.49,189.2,189.23,3460.0,189.348,32
2023-07-06 11:40:00-04:00,189.24,189.41,189.19,189.24,4034.0,189.268,37
2023-07-06 11:45:00-04:00,189.32,189.66,189.22,189.41,12616.0,189.506,73
2023-07-06 11:50:00-04:00,189.41,189.77,189.3,189.68,4467.0,189.524,41
2023-07-06 11:55:00-04:00,189.62,190.02,189.62,189.94,25469.0,189.805,52
2023-07-06 12:00:00-04:00,189.96,189.97,189.64,189.71,7506.0,189.758,73
2023-07-06 12:05:00-04:00,189.76,189.92,189.67,189.86,3687.0,189.815,34
2023-07-06 12:10:00-04:00,189.83,189.84,189.7,189.84,3621.0,189.763,34
2023-07-06 12:15:00-04:00,189.84,190.18,189.83,190.15,4200.0,190.062,31
2023-07-06 12:20:00-04:00,190.16,190.16,189.91,189.99,2558.0,189.994,21
2023-07-06 12:25:00-04:00,189.97,190.18,189.95,190.14,2693.0,190.067,26
2023-07-06 12:30:00-04:00,190.14,190.27,190.03,190.03,4863.0,190.175,41
2023-07-06 12:35:00-04:00,190.01,190.12,189.93,189.97,2960.0,190.04,26
2023-07-06 12:40:00-04:00,190.02,190.07,189.88,189.88,2310.0,189.981,20
2023-07-06 12:45:00-04:00,189.93,189.93,189.78,189.86,7693.0,189.857,46
2023-07-06 12:50:00-04:00,189.94,190.08,189.94,189.95,2801.0,190.015,26
2023-07-06 12:55:00-04:00,190.06,190.21,190.06,190.14,2950.0,190.129,28
2023-07-06 13:00:00-04:00,190.07,190.14,189.89,189.99,6042.0,190.035,51
2023-07-06 13:05:00-04:00,189.97,190.0,189.66,189.66,3632.0,189.882,34
2023-07-06 13:10:00-04:00,189.71,189.95,189.71,189.86,5371.0,189.844,53
2023-07-06 13:15:00-04:00,189.79,189.8,189.45,189.47,4892.0,189.72,39
2023-07-06 13:20:00-04:00,189.47,189.7,189.39,189.6,4803.0,189.579,42
2023-07-06 13:25:00-04:00,189.69,189.77,189.37,189.44,5831.0,189.529,41
2023-07-06 13:30:00-04:00,189.4,189.54,189.31,189.5,3925.0,189.433,35
2023-07-06 13:35:00-04:00,189.56,189.87,189.56,189.83,4864.0,189.75,35
2023-07-06 13:40:00-04:00,189.88,190.14,189.88,189.95,2600.0,189.987,19
2023-07-06 13:45:00-04:00,189.97,189.97,189.68,189.69,4752.0,189.817,28
2023-07-06 13:50:00-04:00,189.77,189.83,189.56,189.56,6342.0,189.664,31
2023-07-06 13:55:00-04:00,189.49,189.65,189.46,189.53,3633.0,189.56,30
2023-07-06 14:00:00-04:00,189.53,189.59,189.39,189.4,1356.0,189.463,12
2023-07-06 14:05:00-04:00,189.35,189.44,189.3,189.38,1899.0,189.368,15
2023-07-06 14:10:00-04:00,189.31,189.43,189.27,189.27,1803.0,189.361,16
2023-07-06 14:15:00-04:00,189.3,189.48,189.24,189.43,2144.0,189.348,21
2023-07-06 14:20:00-04:00,189.45,189.48,189.31,189.48,1490.0,189.418,13
2023-07-06 14:25:00-04:00,189.39,189.46,189.35,189.37,2846.0,189.392,25
2023-07-06 14:30:00-04:00,189.5,189.7,189.48,189.7,2608.0,189.549,23
2023-07-06 14:35:00-04:00,189.68,189.86,189.68,189.86,1759.0,189.77,10
2023-07-06 14:40:00-04:00,189.8,189.85,189.45,189.56,14114.0,189.752,40
2023-07-06 14:45:00-04:00,189.56,189.56,189.47,189.53,1400.0,189.519,14
2023-07-06 14:50:00-04:00,189.5,189.5,189.34,189.48,3914.0,189.418,31
2023-07-06 14:55:00-04:00,189.48,189.49,189.37,189.46,9698.0,189.432,54
2023-07-06 15:00:00-04:00,189.47,189.55,189.44,189.48,2506.0,189.498,22
2023-07-06 15:05:00-04:00,189.49,189.49,189.28,189.3,5078.0,189.347,46
2023-07-06 15:10:00-04:00,189.3,189.3,189.03,189.06,2543.0,189.178,23
2023-07-06 15:15:00-04:00,189.04,189.19,188.97,188.99,23627.0,189.084,158
2023-07-06 15:20:00-04:00,188.98,189.05,188.91,188.93,9298.0,188.986,91
2023-07-06 15:25:00-04:00,188.94,189.0,188.79,188.8,3688.0,188.91,32
2023-07-06 15:30:00-04:00,188.72,189.09,188.72,189.0,4930.0,188.919,44
2023-07-06 15:35:00-04:00,189.0,189.25,189.0,189.09,7998.0,189.121,75
2023-07-06 15:40:00-04:00,189.12,189.13,188.85,188.85,8730.0,188.993,51
2023-07-06 15:45:00-04:00,188.88,189.26,188.83,189.22,10472.0,189.038,90
2023-07-06 15:50:00-04:00,189.37,189.56,189.25,189.5,22042.0,189.414,175
2023-07-06 15:55:00-04:00,189.5,189.96,189.42,189.81,58196.0,189.754,442
2023-07-07 09:30:00-04:00,189.09,190.05,188.16,189.76,11858.0,189.19,25
2023-07-07 09:35:00-04:00,190.07,190.43,189.82,190.09,5734.0,190.14,43
2023-07-07 09:40:00-04:00,190.09,190.29,189.94,190.06,6749.0,190.151,52
2023-07-07 09:45:00-04:00,190.24,190.41,190.23,190.41,841.0,190.286,6
2023-07-07 09:50:00-04:00,190.37,190.42,190.07,190.29,2356.0,190.22,16
2023-07-07 09:55:00-04:00,190.55,190.87,190.42,190.7,5958.0,190.692,49
2023-07-07 10:00:00-04:00,190.8,190.8,190.59,190.61,2217.0,190.668,21
2023-07-07 10:05:00-04:00,190.54,190.64,190.4,190.49,1810.0,190.507,16
2023-07-07 10:10:00-04:00,190.64,190.64,190.5,190.58,1671.0,190.562,16
2023-07-07 10:15:00-04:00,190.64,190.71,190.51,190.64,2081.0,190.588,18
2023-07-07 10:20:00-04:00,190.71,190.76,190.61,190.62,1333.0,190.67,10
2023-07-07 10:25:00-04:00,190.56,190.98,190.55,190.79,2568.0,190.758,17
2023-07-07 10:30:00-04:00,190.82,190.82,190.44,190.45,3585.0,190.692,30
2023-07-07 10:35:00-04:00,190.47,190.9,190.47,190.9,1502.0,190.657,12
2023-07-07 10:40:00-04:00,191.0,191.13,190.93,190.98,3787.0,191.005,26
2023-07-07 10:45:00-04:00,190.94,190.98,190.86,190.87,2022.0,190.924,17
2023-07-07 10:50:00-04:00,190.92,190.98,190.78,190.93,2178.0,190.838,16
2023-07-07 10:55:00-04:00,190.99,191.27,190.98,191.27,2578.0,191.168,23
2023-07-07 11:00:00-04:00,191.25,191.3,191.12,191.12,1035.0,191.211,7
2023-07-07 11:05:00-04:00,191.1,191.1,190.94,191.03,1512.0,191.061,13
2023-07-07 11:10:00-04:00,191.03,191.07,190.97,190.97,600.0,191.021,6
2023-07-07 11:15:00-04:00,191.01,191.11,190.79,190.8,2286.0,191.024,18
2023-07-07 11:20:00-04:00,190.8,190.95,190.79,190.95,2682.0,190.872,20
2023-07-07 11:25:00-04:00,191.04,191.05,190.94,190.94,1500.0,191.0,14
2023-07-07 11:30:00-04:00,190.85,190.85,190.58,190.84,6114.0,190.694,50
2023-07-07 11:35:00-04:00,190.81,190.89,190.5,190.5,2069.0,190.685,20
2023-07-07 11:40:00-04:00,190.51,190.52,190.39,190.48,1633.0,190.449,15
2023-07-07 11:45:00-04:00,190.56,190.62,190.49,190.53,1404.0,190.565,14
2023-07-07 11:50:00-04:00,190.46,190.54,190.23,190.23,2828.0,190.347,15
2023-07-07 11:55:00-04:00,190.32,190.51,190.24,190.51,6496.0,190.343,50
2023-07-07 12:00:00-04:00,190.45,190.64,190.43,190.64,2237.0,190.554,19
2023-07-07 12:05:00-04:00,190.59,190.6,190.42,190.44,1901.0,190.522,18
2023-07-07 12:10:00-04:00,190.53,190.54,190.24,190.43,2264.0,190.37,16
2023-07-07 12:15:00-04:00,190.44,190.76,190.43,190.76,1209.0,190.536,12
2023-07-07 12:20:00-04:00,190.61,190.65,190.54,190.54,1390.0,190.599,13
2023-07-07 12:25:00-04:00,190.49,190.64,190.49,190.59,2323.0,190.574,22
2023-07-07 12:30:00-04:00,190.66,191.0,190.66,191.0,2154.0,190.867,20
2023-07-07 12:35:00-04:00,190.92,191.08,190.91,191.0,6689.0,191.009,62
2023-07-07 12:40:00-04:00,191.0,191.2,190.94,191.15,10196.0,191.094,94
2023-07-07 12:45:00-04:00,191.14,191.15,190.82,190.92,4509.0,190.976,39
2023-07-07 12:50:00-04:00,190.85,191.03,190.79,190.96,3741.0,190.977,30
2023-07-07 12:55:00-04:00,191.03,191.06,190.84,190.98,7327.0,190.979,59
2023-07-07 13:00:00-04:00,191.07,191.53,191.02,191.3,13512.0,191.248,79
2023-07-07 13:05:00-04:00,191.32,191.34,191.1,191.14,1101.0,191.252,11
2023-07-07 13:10:00-04:00,191.11,191.25,191.06,191.06,1911.0,191.127,19
2023-07-07 13:15:00-04:00,191.05,191.14,191.0,191.05,820.0,191.063,7
2023-07-07 13:20:00-04:00,191.07,191.22,191.0,191.0,3179.0,191.118,30
2023-07-07 13:25:00-04:00,191.01,191.01,190.72,190.86,2048.0,190.875,18
2023-07-07 13:30:00-04:00,190.84,190.89,190.75,190.75,1225.0,190.835,12
2023-07-07 13:35:00-04:00,190.7,190.7,190.52,190.54,4456.0,190.591,37
2023-07-07 13:40:00-04:00,190.55,190.79,190.55,190.79,3613.0,190.672,27
2023-07-07 13:45:00-04:00,190.73,190.82,190.72,190.77,300.0,190.77,3
2023-07-07 13:50:00-04:00,190.75,190.79,190.59,190.69,2230.0,190.716,19
2023-07-07 13:55:00-04:00,190.7,190.76,190.5,190.51,3130.0,190.637,29
2023-07-07 14:00:00-04:00,190.58,190.65,190.52,190.58,2280.0,190.6,18
2023-07-07 14:05:00-04:00,190.58,190.61,190.53,190.61,843.0,190.565,7
2023-07-07 14:10:00-04:00,190.55,190.66,190.51,190.61,1019.0,190.6,9
2023-07-07 14:15:00-04:00,190.53,190.54,190.44,190.47,2300.0,190.504,19
2023-07-07 14:20:00-04:00,190.47,190.54,190.4,190.54,1602.0,190.475,16
2023-07-07 14:25:00-04:00,190.53,190.63,190.53,190.62,1900.0,190.576,17
2023-07-07 14:30:00-04:00,190.59,190.59,190.43,190.47,1400.0,190.518,14
2023-07-07 14:35:00-04:00,190.48,190.52,190.42,190.47,2933.0,190.47,27
2023-07-07 14:40:00-04:00,190.32,190.41,190.29,190.32,1124.0,190.336,11
2023-07-07 14:45:00-04:00,190.26,190.37,190.23,190.23,1514.0,190.312,15
2023-07-07 14:50:00-04:00,190.2,190.2,190.13,190.13,800.0,190.163,8
2023-07-07 14:55:00-04:00,190.08,190.12,190.02,190.07,1700.0,190.062,17
2023-07-07 15:00:00-04:00,190.15,190.23,190.08,190.15,3091.0,190.174,30
2023-07-07 15:05:00-04:00,190.07,190.09,190.02,190.02,925.0,190.066,9
2023-07-07 15:10:00-04:00,190.07,190.1,189.97,190.0,3706.0,190.049,35
2023-07-07 15:15:00-04:00,189.98,190.02,189.71,189.73,2800.0,189.9,27
2023-07-07 15:20:00-04:00,189.75,189.79,189.54,189.56,4666.0,189.69,36
2023-07-07 15:25:00-04:00,189.6,189.67,189.43,189.43,5023.0,189.554,47
2023-07-07 15:30:00-04:00,189.48,189.56,189.4,189.44,6532.0,189.49,52
2023-07-07 15:35:00-04:00,189.4,189.4,189.17,189.17,3496.0,189.305,33
2023-07-07 15:40:00-04:00,189.1,189.11,188.93,188.94,5803.0,189.024,53
2023-07-07 15:45:00-04:00,188.94,189.05,188.83,188.86,6287.0,188.911,54
2023-07-07 15:50:00-04:00,188.89,189.19,188.69,189.08,16786.0,188.934,127
2023-07-07 15:55:00-04:00,189.11,189.28,188.99,189.22,30626.0,189.119,198
2023-07-10 09:30:00-04:00,190.02,190.36,189.63,190.36,12890.0,189.964,22
2023-07-10 09:35:00-04:00,191.16,191.49,191.12,191.4,1800.0,191.384,18
2023-07-10 09:40:00-04:00,191.6,192.18,191.6,191.96,3710.0,191.927,33
2023-07-10 09:45:00-04:00,191.68,191.85,191.59,191.72,3275.0,191.694,27
2023-07-10 09:50:00-04:00,191.84,192.39,191.84,192.18,7620.0,192.226,66
2023-07-10 09:55:00-04:00,192.2,192.41,191.93,192.18,8238.0,192.216,61
2023-07-10 10:00:00-04:00,192.25,192.47,191.86,191.87,2850.0,192.334,26
2023-07-10 10:05:00-04:00,191.87,191.99,191.76,191.83,6282.0,191.891,59
2023-07-10 10:10:00-04:00,191.77,191.77,191.62,191.65,1716.0,191.681,17
2023-07-10 10:15:00-04:00,191.59,191.75,191.46,191.59,2305.0,191.612,17
2023-07-10 10:20:00-04:00,191.47,191.89,191.46,191.89,6561.0,191.569,15
2023-07-10 10:25:00-04:00,191.93,191.93,191.55,191.72,600.0,191.727,6
2023-07-10 10:30:00-04:00,191.65,191.67,191.47,191.47,1000.0,191.525,10
2023-07-10 10:35:00-04:00,191.39,191.52,191.24,191.39,2953.0,191.378,29
2023-07-10 10:40:00-04:00,191.38,191.49,191.3,191.49,808.0,191.419,8
2023-07-10 10:45:00-04:00,191.47,191.47,191.31,191.33,505.0,191.411,4
2023-07-10 10:50:00-04:00,191.33,191.52,191.22,191.28,4463.0,191.388,38
2023-07-10 10:55:00-04:00,191.3,191.42,191.2,191.39,1400.0,191.31,13
2023-07-10 11:00:00-04:00,191.31,191.31,190.47,190.8,10234.0,190.796,79
2023-07-10 11:05:00-04:00,190.7,190.9,190.66,190.9,2598.0,190.779,23
2023-07-10 11:10:00-04:00,190.89,191.04,190.8,191.03,6039.0,190.897,51
2023-07-10 11:15:00-04:00,191.03,191.04,191.03,191.04,430.0,191.037,4
2023-07-10 11:20:00-04:00,191.04,191.2,190.9,191.17,6591.0,191.034,52
2023-07-10 11:25:00-04:00,191.12,191.25,191.12,191.14,1551.0,191.173,15
2023-07-10 11:30:00-04:00,191.02,191.11,191.01,191.01,644.0,191.049,4
2023-07-10 11:35:00-04:00,191.09,191.18,190.91,191.1,1342.0,191.066,13
2023-07-10 11:40:00-04:00,191.06,191.14,191.01,191.01,2831.0,191.082,19
2023-07-10 11:45:00-04:00,190.95,191.12,190.94,191.02,3057.0,191.043,28
2023-07-10 11:50:00-04:00,191.01,191.18,190.98,191.12,2129.0,191.118,19
2023-07-10 11:55:00-04:00,191.13,191.27,191.07,191.27,3457.0,191.184,28
2023-07-10 12:00:00-04:00,191.29,191.29,190.94,191.13,2090.0,191.091,18
2023-07-10 12:05:00-04:00,191.23,191.29,191.16,191.16,499.0,191.244,4
2023-07-10 12:10:00-04:00,191.11,191.5,191.1,191.49,4182.0,191.374,31
2023-07-10 12:15:00-04:00,191.44,191.62,191.43,191.53,4132.0,191.503,25
2023-07-10 12:20:00-04:00,191.53,191.67,191.53,191.56,7722.0,191.581,57
2023-07-10 12:25:00-04:00,191.57,191.61,191.48,191.49,2573.0,191.56,21
2023-07-10 12:30:00-04:00,191.55,191.65,191.48,191.65,1924.0,191.583,16
2023-07-10 12:35:00-04:00,191.6,191.66,191.42,191.42,2078.0,191.564,19
2023-07-10 12:40:00-04:00,191.39,191.61,191.38,191.6,2491.0,191.53,15
2023-07-10 12:45:00-04:00,191.62,191.71,191.6,191.71,1472.0,191.634,14
2023-07-10 12:50:00-04:00,191.66,191.66,191.49,191.61,5272.0,191.541,45
2023-07-10 12:55:00-04:00,191.64,191.94,191.63,191.94,13880.0,191.804,104
2023-07-10 13:00:00-04:00,191.97,192.16,191.92,191.92,4229.0,192.048,37
2023-07-10 13:05:00-04:00,192.0,192.02,191.89,191.94,4277.0,191.942,33
2023-07-10 13:10:00-04:00,192.01,192.09,192.01,192.09,1427.0,192.033,14
2023-07-10 13:15:00-04:00,192.09,192.17,192.0,192.13,3520.0,192.1,27
2023-07-10 13:20:00-04:00,192.2,192.25,192.2,192.21,1336.0,192.22,12
2023-07-10 13:25:00-04:00,192.2,192.61,192.2,192.57,7045.0,192.43,57
2023-07-10 13:30:00-04:00,192.56,192.73,192.56,192.62,5181.0,192.646,44
2023-07-10 13:35:00-04:00,192.58,192.63,192.49,192.56,3218.0,192.581,22
2023-07-10 13:40:00-04:00,192.56,192.71,192.56,192.57,8071.0,192.625,66
2023-07-10 13:45:00-04:00,192.72,192.74,192.6,192.63,7037.0,192.674,53
2023-07-10 13:50:00-04:00,192.58,192.88,192.58,192.86,7637.0,192.739,73
2023-07-10 13:55:00-04:00,192.85,193.02,192.82,192.9,7023.0,192.952,65
2023-07-10 14:00:00-04:00,192.85,192.85,192.72,192.72,1642.0,192.773,16
2023-07-10 14:05:00-04:00,192.69,192.82,192.68,192.75,1976.0,192.77,15
2023-07-10 14:10:00-04:00,192.67,192.8,192.61,192.74,4637.0,192.729,31
2023-07-10 14:15:00-04:00,192.73,192.85,192.66,192.74,4295.0,192.755,38
2023-07-10 14:20:00-04:00,192.81,192.81,192.8,192.8,514.0,192.806,5
2023-07-10 14:25:00-04:00,192.84,193.12,192.83,193.08,5294.0,192.939,44
2023-07-10 14:30:00-04:00,193.14,193.14,192.95,192.95,965.0,193.027,9
2023-07-10 14:35:00-04:00,192.97,193.05,192.89,192.94,2616.0,192.975,25
2023-07-10 14:40:00-04:00,192.94,192.94,192.77,192.88,2127.0,192.89,13
2023-07-10 14:45:00-04:00,192.76,192.76,192.37,192.37,1286.0,192.607,12
2023-07-10 14:50:00-04:00,192.47,192.59,192.29,192.56,5974.0,192.475,53
2023-07-10 14:55:00-04:00,192.55,192.67,192.55,192.64,3262.0,192.613,29
2023-07-10 15:00:00-04:00,192.59,192.65,192.41,192.61,2613.0,192.534,24
2023-07-10 15:05:00-04:00,192.66,192.69,192.56,192.6,5928.0,192.601,55
2023-07-10 15:10:00-04:00,192.56,192.67,192.55,192.64,3136.0,192.613,28
2023-07-10 15:15:00-04:00,192.67,192.71,192.43,192.45,2983.0,192.597,27
2023-07-10 15:20:00-04:00,192.44,192.57,192.41,192.5,6386.0,192.5,59
2023-07-10 15:25:00-04:00,192.5,192.71,192.49,192.69,4735.0,192.594,44
2023-07-10 15:30:00-04:00,192.68,192.68,192.63,192.68,3172.0,192.653,29
2023-07-10 15:35:00-04:00,192.66,192.83,192.64,192.78,7723.0,192.715,70
2023-07-10 15:40:00-04:00,192.78,192.83,192.74,192.8,5023.0,192.779,38
2023-07-10 15:45:00-04:00,192.8,192.98,192.68,192.82,12723.0,192.846,103
2023-07-10 15:50:00-04:00,192.79,193.26,192.74,193.26,19387.0,193.013,169
2023-07-10 15:55:00-04:00,193.31,193.61,193.25,193.61,73143.0,193.405,510
2023-07-11 09:30:00-04:00,194.38,194.8,194.0,194.23,13261.0,194.098,22
2023-07-11 09:35:00-04:00,194.19,194.36,193.83,194.16,7987.0,194.029,33
2023-07-11 09:40:00-04:00,194.32,194.35,194.14,194.14,1460.0,194.259,13
2023-07-12 09:30:00-04:00,195.69,196.0,195.16,195.28,18016.0,195.683,53
2023-07-12 09:35:00-04:00,195.52,195.81,194.45,194.72,7365.0,195.17,64
2023-07-12 09:40:00-04:00,194.6,194.6,193.92,194.34,10551.0,194.239,104
2023-07-12 09:45:00-04:00,194.34,194.74,194.22,194.58,19425.0,194.453,109
2023-07-12 09:50:00-04:00,194.51,195.28,194.41,195.26,8913.0,194.978,57
2023-07-12 09:55:00-04:00,195.25,195.51,195.18,195.5,6173.0,195.336,37
2023-07-12 10:00:00-04:00,195.77,195.77,195.31,195.4,4751.0,195.465,44
2023-07-12 10:05:00-04:00,195.35,195.48,195.3,195.31,6819.0,195.38,64
2023-07-12 10:10:00-04:00,195.25,195.73,195.21,195.56,2986.0,195.418,28
2023-07-12 10:15:00-04:00,195.63,195.69,195.49,195.69,2237.0,195.569,21
2023-07-12 10:20:00-04:00,195.59,195.69,195.49,195.51,2657.0,195.567,25
2023-07-12 10:25:00-04:00,195.42,195.86,195.24,195.78,2340.0,195.435,23
2023-07-12 10:30:00-04:00,195.8,196.39,195.75,196.25,19471.0,196.014,83
2023-07-12 10:35:00-04:00,196.33,196.65,196.29,196.65,3793.0,196.504,36
2023-07-12 10:40:00-04:00,196.75,196.75,196.47,196.71,6403.0,196.598,62
2023-07-12 10:45:00-04:00,196.68,196.8,196.48,196.56,4419.0,196.668,39
2023-07-12 10:50:00-04:00,196.63,196.88,196.63,196.81,1898.0,196.779,14
2023-07-12 10:55:00-04:00,196.78,196.98,196.59,196.95,4301.0,196.755,39
2023-07-12 11:00:00-04:00,197.05,197.39,197.02,197.03,4858.0,197.167,45
2023-07-12 11:05:00-04:00,197.01,197.07,196.69,196.73,14671.0,196.87,34
2023-07-12 11:10:00-04:00,196.75,196.98,196.7,196.96,2521.0,196.825,19
2023-07-12 11:15:00-04:00,196.95,197.31,196.95,197.13,10087.0,197.125,89
2023-07-12 11:20:00-04:00,197.09,197.09,196.72,196.93,9799.0,196.882,79
2023-07-12 11:25:00-04:00,196.94,197.09,196.86,196.9,5493.0,196.995,49
2023-07-12 11:30:00-04:00,196.9,196.93,196.61,196.65,6072.0,196.829,51
2023-07-12 11:35:00-04:00,196.71,196.73,196.42,196.43,6438.0,196.585,60
2023-07-12 11:40:00-04:00,196.32,196.51,196.09,196.49,5300.0,196.295,48
2023-07-12 11:45:00-04:00,196.41,196.55,196.33,196.43,6111.0,196.409,55
2023-07-12 11:50:00-04:00,196.43,196.68,196.42,196.61,3646.0,196.569,31
2023-07-12 11:55:00-04:00,196.64,196.77,196.49,196.6,5735.0,196.627,51
2023-07-12 12:00:00-04:00,196.6,196.63,196.36,196.4,6081.0,196.507,53
2023-07-12 12:05:00-04:00,196.4,196.4,195.78,195.89,7805.0,196.213,64
2023-07-12 12:10:00-04:00,195.87,196.13,195.87,195.95,4960.0,195.961,41
2023-07-12 12:15:00-04:00,195.85,195.85,195.22,195.27,5198.0,195.383,37
2023-07-12 12:20:00-04:00,195.27,195.45,195.17,195.41,5199.0,195.337,46
2023-07-12 12:25:00-04:00,195.4,195.4,195.26,195.28,2300.0,195.334,21
2023-07-12 12:30:00-04:00,195.28,195.38,195.17,195.38,4978.0,195.266,37
2023-07-12 12:35:00-04:00,195.39,195.6,195.3,195.6,3608.0,195.392,28
2023-07-12 12:40:00-04:00,195.65,195.79,195.65,195.73,1606.0,195.725,15
2023-07-12 12:45:00-04:00,195.73,195.95,195.68,195.95,2702.0,195.768,25
2023-07-12 12:50:00-04:00,195.88,196.09,195.88,196.07,2400.0,195.983,20
2023-07-12 12:55:00-04:00,196.22,196.23,195.8,195.82,3717.0,196.065,32
2023-07-12 13:00:00-04:00,195.85,195.94,195.79,195.94,1900.0,195.859,19
2023-07-12 13:05:00-04:00,196.0,196.01,195.95,196.01,900.0,195.98,9
2023-07-12 13:10:00-04:00,195.95,196.0,195.86,195.87,2001.0,195.915,17
2023-07-12 13:15:00-04:00,196.0,196.12,195.94,196.12,3101.0,196.013,31
2023-07-12 13:20:00-04:00,196.11,196.12,195.99,195.99,1300.0,196.052,13
2023-07-12 13:25:00-04:00,195.98,195.98,195.85,195.86,1806.0,195.926,10
2023-07-12 13:30:00-04:00,195.82,195.98,195.82,195.94,7233.0,195.914,31
2023-07-12 13:35:00-04:00,195.9,196.3,195.86,196.27,18620.0,196.02,72
2023-07-12 13:40:00-04:00,196.24,196.3,196.24,196.28,12279.0,196.296,59
2023-07-12 13:45:00-04:00,196.28,196.28,195.98,196.02,4257.0,196.179,42
2023-07-12 13:50:00-04:00,195.96,195.96,195.78,195.95,2610.0,195.871,24
2023-07-12 13:55:00-04:00,195.96,195.96,195.76,195.77,2957.0,195.852,25
2023-07-12 14:00:00-04:00,195.73,195.75,195.65,195.7,1143.0,195.7,11
2023-07-12 14:05:00-04:00,195.68,195.93,195.68,195.79,1500.0,195.847,15
2023-07-12 14:10:00-04:00,195.81,196.11,195.78,196.08,3071.0,195.905,24
2023-07-12 14:15:00-04:00,196.02,196.08,195.93,195.93,14872.0,196.028,14
2023-07-12 14:20:00-04:00,195.92,196.17,195.92,196.1,2185.0,196.044,19
2023-07-12 14:25:00-04:00,196.13,196.17,196.07,196.1,1800.0,196.126,18
2023-07-12 14:30:00-04:00,196.05,196.09,196.03,196.09,2733.0,196.054,26
2023-07-12 14:35:00-04:00,196.0,196.03,195.83,195.95,1937.0,195.907,17
2023-07-12 14:40:00-04:00,195.84,195.87,195.78,195.79,700.0,195.816,7
2023-07-12 14:45:00-04:00,195.75,195.75,195.5,195.68,3356.0,195.627,32
2023-07-12 14:50:00-04:00,195.43,195.62,195.43,195.59,1540.0,195.561,15
2023-07-12 14:55:00-04:00,195.55,195.73,195.55,195.66,3120.0,195.614,30
2023-07-12 15:00:00-04:00,195.74,195.8,195.61,195.8,6284.0,195.696,54
2023-07-12 15:05:00-04:00,195.78,195.82,195.77,195.79,2986.0,195.79,28
2023-07-12 15:10:00-04:00,195.77,195.9,195.66,195.9,5406.0,195.772,53
2023-07-12 15:15:00-04:00,195.93,195.96,195.6,195.65,7262.0,195.809,66
2023-07-12 15:20:00-04:00,195.59,195.59,195.08,195.08,6614.0,195.377,62
2023-07-12 15:25:00-04:00,194.84,195.13,194.84,194.99,4535.0,195.019,43
2023-07-12 15:30:00-04:00,194.98,195.01,194.87,194.92,11674.0,194.949,106
2023-07-12 15:35:00-04:00,194.99,194.99,194.71,194.74,8499.0,194.844,78
2023-07-12 15:40:00-04:00,194.73,195.21,194.7,195.17,15897.0,194.831,127
2023-07-12 15:45:00-04:00,195.16,195.16,194.68,194.69,13408.0,194.903,122
2023-07-12 15:50:00-04:00,194.68,194.86,194.55,194.68,18444.0,194.712,169
2023-07-12 15:55:00-04:00,194.63,194.65,194.23,194.47,44735.0,194.402,330
2023-07-13 09:30:00-04:00,193.78,194.21,193.78,193.93,14654.0,193.823,18
2023-07-13 09:35:00-04:00,193.87,193.89,193.04,193.04,3300.0,193.535,32
2023-07-13 09:40:00-04:00,193.13,194.07,193.11,193.93,5995.0,193.569,56
2023-07-13 09:45:00-04:00,193.92,193.92,193.5,193.64,5119.0,193.615,40
2023-07-13 09:50:00-04:00,193.49,193.68,193.37,193.59,2918.0,193.58,26
2023-07-13 09:55:00-04:00,193.68,194.32,193.57,194.1,15865.0,194.144,61
2023-07-13 10:00:00-04:00,194.09,194.26,193.77,194.26,3213.0,194.037,30
2023-07-13 10:05:00-04:00,194.16,194.51,194.11,194.41,1960.0,194.205,19
2023-07-13 10:10:00-04:00,194.4,194.7,194.27,194.7,3360.0,194.384,32
2023-07-13 10:15:00-04:00,194.53,194.66,194.28,194.44,4325.0,194.488,41
2023-07-13 10:20:00-04:00,194.37,194.37,194.08,194.28,3120.0,194.187,28
2023-07-13 10:25:00-04:00,194.34,194.66,194.29,194.66,3080.0,194.378,15
2023-07-13 10:30:00-04:00,194.73,194.73,194.63,194.7,1506.0,194.674,15
2023-07-13 10:35:00-04:00,194.63,194.86,194.57,194.71,6797.0,194.716,27
2023-07-13 10:40:00-04:00,194.71,194.89,194.62,194.62,5383.0,194.743,40
2023-07-13 10:45:00-04:00,194.63,194.7,194.42,194.42,2808.0,194.522,28
2023-07-13 10:50:00-04:00,194.5,194.52,194.43,194.52,1453.0,194.47,13
2023-07-13 10:55:00-04:00,194.48,194.68,194.39,194.68,3247.0,194.493,32
2023-07-13 11:00:00-04:00,194.75,194.76,194.32,194.38,2014.0,194.537,18
2023-07-13 11:05:00-04:00,194.32,194.32,194.07,194.07,3179.0,194.19,31
2023-07-13 11:10:00-04:00,193.93,193.94,193.81,193.83,3529.0,193.887,23
2023-07-13 11:15:00-04:00,193.9,194.26,193.83,194.26,2518.0,193.998,21
2023-07-13 11:20:00-04:00,194.27,194.43,194.26,194.29,5326.0,194.322,28
2023-07-13 11:25:00-04:00,194.28,194.28,194.17,194.18,925.0,194.244,9
2023-07-13 11:30:00-04:00,194.25,194.35,194.21,194.33,2716.0,194.287,17
2023-07-13 11:35:00-04:00,194.33,194.67,194.31,194.44,12086.0,194.436,49
2023-07-13 11:40:00-04:00,194.34,194.48,194.34,194.48,430.0,194.38,4
2023-07-13 11:45:00-04:00,194.59,194.64,194.51,194.51,1700.0,194.579,12
2023-07-13 11:50:00-04:00,194.51,194.58,194.41,194.53,2498.0,194.48,24
2023-07-13 11:55:00-04:00,194.48,194.63,194.48,194.59,3571.0,194.57,33
2023-07-13 12:00:00-04:00,194.6,194.67,194.55,194.65,3187.0,194.621,31
2023-07-13 12:05:00-04:00,194.65,194.66,194.38,194.38,4366.0,194.533,24
2023-07-13 12:10:00-04:00,194.31,194.39,194.23,194.39,3232.0,194.352,22
2023-07-13 12:15:00-04:00,194.43,194.61,194.4,194.59,2193.0,194.507,19
2023-07-13 12:20:00-04:00,194.58,194.83,194.58,194.83,2604.0,194.746,21
2023-07-13 12:25:00-04:00,194.81,194.91,194.81,194.89,2406.0,194.867,14
2023-07-13 12:30:00-04:00,194.89,194.92,194.76,194.79,4759.0,194.859,39
2023-07-13 12:35:00-04:00,194.83,194.91,194.81,194.84,2436.0,194.849,23
2023-07-13 12:40:00-04:00,194.93,195.01,194.84,195.01,1719.0,194.913,16
2023-07-13 12:45:00-04:00,195.03,195.04,194.79,194.79,2811.0,194.929,22
2023-07-13 12:50:00-04:00,194.75,194.85,194.71,194.71,2739.0,194.763,26
2023-07-13 12:55:00-04:00,194.67,194.89,194.53,194.89,4330.0,194.649,41
2023-07-13 13:00:00-04:00,194.74,194.74,194.66,194.67,1221.0,194.707,12
2023-07-13 13:05:00-04:00,194.62,194.7,194.61,194.66,1902.0,194.631,19
2023-07-13 13:10:00-04:00,194.66,194.76,194.65,194.76,2723.0,194.714,23
2023-07-13 13:15:00-04:00,194.8,194.94,194.79,194.93,1500.0,194.874,15
2023-07-13 13:20:00-04:00,194.95,195.0,194.86,194.98,5378.0,194.923,23
2023-07-13 13:25:00-04:00,194.94,195.07,194.94,195.07,3361.0,194.975,26
2023-07-13 13:30:00-04:00,195.07,195.16,194.98,195.0,2828.0,195.054,22
2023-07-13 13:35:00-04:00,195.01,195.17,195.01,195.17,1000.0,195.062,10
2023-07-13 13:40:00-04:00,195.23,195.37,195.23,195.3,2481.0,195.326,20
2023-07-13 13:45:00-04:00,195.34,195.39,195.3,195.39,2667.0,195.361,14
2023-07-13 13:50:00-04:00,195.34,195.35,195.1,195.12,24859.0,195.295,66
2023-07-13 13:55:00-04:00,195.16,195.26,195.14,195.24,1900.0,195.222,17
2023-07-13 14:00:00-04:00,195.29,195.29,195.07,195.26,3359.0,195.195,22
2023-07-13 14:05:00-04:00,195.09,195.16,195.08,195.14,911.0,195.116,9
2023-07-13 14:10:00-04:00,195.08,195.19,195.08,195.19,2346.0,195.151,18
2023-07-13 14:15:00-04:00,195.23,195.36,195.23,195.36,1800.0,195.287,17
2023-07-13 14:20:00-04:00,195.38,195.43,195.33,195.33,1553.0,195.373,14
2023-07-13 14:25:00-04:00,195.33,195.36,195.2,195.2,2185.0,195.299,21
2023-07-13 14:30:00-04:00,195.13,195.46,195.13,195.46,2217.0,195.329,13
2023-07-13 14:35:00-04:00,195.4,195.43,195.1,195.1,1894.0,195.282,16
2023-07-13 14:40:00-04:00,195.1,195.2,194.95,194.95,2851.0,195.108,19
2023-07-13 14:45:00-04:00,195.06,195.22,195.06,195.15,1805.0,195.165,12
2023-07-13 14:50:00-04:00,195.09,195.1,195.07,195.1,1319.0,195.09,13
2023-07-13 14:55:00-04:00,195.14,195.22,195.14,195.21,2916.0,195.199,13
2023-07-13 15:00:00-04:00,195.26,195.26,195.14,195.14,2050.0,195.201,20
2023-07-13 15:05:00-04:00,195.19,195.2,195.11,195.15,2485.0,195.161,24
2023-07-13 15:10:00-04:00,195.14,195.43,195.14,195.35,4077.0,195.32,36
2023-07-13 15:15:00-04:00,195.36,195.36,195.06,195.17,2601.0,195.228,24
2023-07-13 15:20:00-04:00,195.19,195.37,195.19,195.21,3697.0,195.258,21
2023-07-13 15:25:00-04:00,195.19,195.31,195.19,195.3,1847.0,195.258,15
2023-07-13 15:30:00-04:00,195.28,195.39,195.26,195.33,4944.0,195.317,43
2023-07-13 15:35:00-04:00,195.3,195.39,195.24,195.39,2844.0,195.321,19
2023-07-13 15:40:00-04:00,195.38,195.57,195.38,195.56,6812.0,195.473,61
2023-07-13 15:45:00-04:00,195.56,195.73,195.38,195.44,13237.0,195.547,108
2023-07-13 15:50:00-04:00,195.47,195.5,195.19,195.47,23861.0,195.357,191
2023-07-13 15:55:00-04:00,195.5,195.73,195.42,195.44,95749.0,195.574,651
2023-07-14 09:30:00-04:00,195.54,195.79,195.0,195.47,23216.0,195.337,33
2023-07-14 09:35:00-04:00,195.91,196.2,195.48,195.5,11822.0,195.959,39
2023-07-14 09:40:00-04:00,195.48,195.48,194.32,194.47,4315.0,194.899,38
2023-07-14 09:45:00-04:00,194.35,194.76,194.23,194.58,10017.0,194.556,56
2023-07-14 09:50:00-04:00,194.58,195.03,194.5,194.83,7061.0,194.807,59
2023-07-14 09:55:00-04:00,194.75,195.16,194.74,195.06,5576.0,195.03,45
2023-07-14 10:00:00-04:00,195.08,195.41,194.44,195.4,13579.0,195.071,124
2023-07-14 10:05:00-04:00,195.29,195.47,195.13,195.13,7131.0,195.301,64
2023-07-14 10:10:00-04:00,195.22,195.22,194.82,195.06,10542.0,194.951,76
2023-07-14 10:15:00-04:00,195.13,195.25,195.02,195.04,5400.0,195.103,54
2023-07-14 10:20:00-04:00,195.06,195.19,194.92,195.0,6840.0,195.018,53
2023-07-14 10:25:00-04:00,195.0,195.09,194.8,194.9,4029.0,194.934,38
2023-07-14 10:30:00-04:00,194.89,194.94,194.81,194.81,3132.0,194.849,29
2023-07-14 10:35:00-04:00,194.88,194.95,194.64,194.68,9359.0,194.842,38
2023-07-14 10:40:00-04:00,194.75,194.78,194.69,194.71,1101.0,194.735,11
2023-07-14 10:45:00-04:00,194.73,194.73,194.52,194.53,3104.0,194.646,31
2023-07-14 10:50:00-04:00,194.62,194.8,194.58,194.63,4693.0,194.672,31
2023-07-14 10:55:00-04:00,194.63,194.87,194.63,194.86,1300.0,194.791,13
2023-07-14 11:00:00-04:00,194.88,194.93,194.19,194.32,6199.0,194.684,49
2023-07-14 11:05:00-04:00,194.22,194.38,194.16,194.38,2188.0,194.29,17
2023-07-14 11:10:00-04:00,194.47,194.47,194.26,194.29,3096.0,194.321,27
2023-07-14 11:15:00-04:00,194.27,194.63,194.19,194.63,2872.0,194.33,24
2023-07-14 11:20:00-04:00,194.62,194.68,194.52,194.56,2300.0,194.636,13
2023-07-14 11:25:00-04:00,194.59,194.66,194.41,194.62,5943.0,194.526,42
2023-07-14 11:30:00-04:00,194.72,194.81,194.72,194.78,1700.0,194.772,16
2023-07-14 11:35:00-04:00,194.78,195.0,194.77,194.95,7494.0,194.846,62
2023-07-14 11:40:00-04:00,194.85,194.92,194.78,194.9,3725.0,194.853,32
2023-07-14 11:45:00-04:00,194.95,194.95,194.71,194.89,4214.0,194.828,40
2023-07-14 11:50:00-04:00,194.91,195.0,194.83,194.99,2383.0,194.924,20
2023-07-14 11:55:00-04:00,194.98,195.13,194.9,195.13,2839.0,194.988,27
2023-07-14 12:00:00-04:00,195.19,195.3,195.0,195.0,2860.0,195.143,27
2023-07-14 12:05:00-04:00,194.94,195.1,194.83,194.9,10129.0,194.921,29
2023-07-14 12:10:00-04:00,194.9,194.97,194.66,194.71,1744.0,194.788,13
2023-07-14 12:15:00-04:00,194.7,194.9,194.69,194.74,3195.0,194.785,25
2023-07-14 12:20:00-04:00,194.75,194.76,194.49,194.49,1923.0,194.616,16
2023-07-14 12:25:00-04:00,194.42,194.61,194.42,194.51,1685.0,194.526,16
2023-07-14 12:30:00-04:00,194.52,194.62,194.48,194.57,3857.0,194.547,38
2023-07-14 12:35:00-04:00,194.6,194.96,194.6,194.77,5449.0,194.803,45
2023-07-14 12:40:00-04:00,194.79,194.95,194.79,194.93,1102.0,194.892,10
2023-07-14 12:45:00-04:00,194.92,195.33,194.92,195.33,4014.0,195.091,37
2023-07-14 12:50:00-04:00,195.29,195.45,195.22,195.45,5896.0,195.303,49
2023-07-14 12:55:00-04:00,195.48,195.48,195.39,195.47,3426.0,195.44,31
2023-07-14 13:00:00-04:00,195.52,195.57,195.4,195.42,6090.0,195.461,57
2023-07-14 13:05:00-04:00,195.46,195.5,195.31,195.36,7004.0,195.387,64
2023-07-14 13:10:00-04:00,195.33,195.66,195.3,195.66,2452.0,195.476,22
2023-07-14 13:15:00-04:00,195.66,195.7,195.65,195.7,3366.0,195.665,23
2023-07-14 13:20:00-04:00,195.69,195.88,195.52,195.53,3885.0,195.737,37
2023-07-14 13:25:00-04:00,195.44,195.62,195.42,195.47,5970.0,195.527,59
2023-07-14 13:30:00-04:00,195.54,195.57,195.4,195.57,2780.0,195.523,24
2023-07-14 13:35:00-04:00,195.58,195.63,195.52,195.55,5497.0,195.566,39
2023-07-14 13:40:00-04:00,195.56,195.69,195.48,195.69,4698.0,195.555,31
2023-07-14 13:45:00-04:00,195.65,195.85,195.65,195.85,2492.0,195.773,15
2023-07-14 13:50:00-04:00,195.81,195.89,195.75,195.87,4159.0,195.823,41
2023-07-14 13:55:00-04:00,195.82,195.88,195.77,195.83,4226.0,195.818,42
2023-07-14 14:00:00-04:00,195.78,195.95,195.75,195.81,4408.0,195.856,34
2023-07-14 14:05:00-04:00,195.86,195.87,195.77,195.81,2427.0,195.821,23
2023-07-14 14:10:00-04:00,195.79,195.86,195.73,195.85,2838.0,195.783,27
2023-07-14 14:15:00-04:00,195.87,196.03,195.87,196.03,1778.0,195.942,16
2023-07-14 14:20:00-04:00,196.08,196.1,195.97,196.05,3772.0,196.034,33
2023-07-14 14:25:00-04:00,196.1,196.14,196.05,196.05,3706.0,196.079,23
2023-07-14 14:30:00-04:00,196.06,196.15,195.93,196.09,10385.0,196.06,86
2023-07-14 14:35:00-04:00,196.1,196.1,195.9,195.96,2968.0,196.0,25
2023-07-14 14:40:00-04:00,195.96,196.02,195.91,196.0,4579.0,195.961,40
2023-07-14 14:45:00-04:00,196.0,196.04,195.8,195.81,3079.0,195.961,20
2023-07-14 14:50:00-04:00,195.81,195.91,195.77,195.86,5146.0,195.83,46
2023-07-14 14:55:00-04:00,195.85,195.86,195.55,195.69,4902.0,195.711,40
2023-07-14 15:00:00-04:00,195.64,195.64,195.34,195.42,8572.0,195.476,61
2023-07-14 15:05:00-04:00,195.48,195.8,195.47,195.8,4463.0,195.629,32
2023-07-14 15:10:00-04:00,195.81,196.03,195.77,196.03,3521.0,195.912,28
2023-07-14 15:15:00-04:00,196.09,196.23,196.08,196.14,2959.0,196.171,23
2023-07-14 15:20:00-04:00,196.1,196.25,196.09,196.16,6763.0,196.168,60
2023-07-14 15:25:00-04:00,196.17,196.2,196.05,196.17,4560.0,196.144,40
2023-07-14 15:30:00-04:00,196.21,196.25,196.14,196.21,7527.0,196.187,61
2023-07-14 15:35:00-04:00,196.24,196.24,195.99,196.14,7463.0,196.105,63
2023-07-14 15:40:00-04:00,196.09,196.24,196.09,196.21,9579.0,196.169,77
2023-07-14 15:45:00-04:00,196.24,196.35,196.15,196.18,30287.0,196.267,243
2023-07-14 15:50:00-04:00,196.1,196.56,195.84,196.37,34779.0,196.308,281
2023-07-14 15:55:00-04:00,196.39,196.4,196.06,196.36,58782.0,196.271,452
2023-07-17 09:30:00-04:00,195.6,197.3,195.6,196.71,22069.0,196.46,69
2023-07-17 09:35:00-04:00,196.8,197.93,196.27,197.61,22556.0,197.166,117
2023-07-17 09:40:00-04:00,197.34,198.0,197.27,197.6,18425.0,197.812,100
2023-07-17 09:45:00-04:00,197.58,197.84,197.41,197.57,12540.0,197.619,103
2023-07-17 09:50:00-04:00,197.62,198.35,197.62,197.98,11108.0,198.0,58
2023-07-17 09:55:00-04:00,198.18,198.34,197.91,197.97,6081.0,198.074,52
2023-07-17 10:00:00-04:00,198.07,198.09,197.23,197.44,11356.0,197.878,80
2023-07-17 10:05:00-04:00,197.44,198.04,197.43,197.59,2110.0,197.778,19
2023-07-17 10:10:00-04:00,197.41,197.48,197.28,197.29,2219.0,197.377,21
2023-07-17 10:15:00-04:00,197.34,197.34,196.84,196.84,4144.0,197.1,33
2023-07-17 10:20:00-04:00,196.75,197.28,196.74,197.1,10537.0,197.092,77
2023-07-17 10:25:00-04:00,197.06,197.06,196.82,196.96,7000.0,196.918,19
2023-07-17 10:30:00-04:00,197.06,197.16,196.93,196.93,3384.0,197.037,28
2023-07-17 10:35:00-04:00,196.99,197.17,196.9,197.17,5464.0,197.026,50
2023-07-17 10:40:00-04:00,197.3,197.55,197.17,197.55,1693.0,197.357,16
2023-07-17 10:45:00-04:00,197.52,197.53,197.29,197.46,4294.0,197.418,34
2023-07-17 10:50:00-04:00,197.42,197.42,197.25,197.32,1200.0,197.327,11
2023-07-17 10:55:00-04:00,197.31,197.41,197.16,197.41,2554.0,197.25,24
2023-07-17 11:00:00-04:00,197.43,197.51,197.27,197.4,1883.0,197.437,17
2023-07-17 11:05:00-04:00,197.43,197.73,197.43,197.73,1200.0,197.575,11
2023-07-17 11:10:00-04:00,197.7,197.73,197.67,197.71,2557.0,197.7,20
2023-07-17 11:15:00-04:00,197.82,197.99,197.68,197.68,3608.0,197.835,31
2023-07-17 11:20:00-04:00,197.78,198.24,197.78,198.24,2687.0,198.006,25
2023-07-17 11:25:00-04:00,198.34,198.35,198.23,198.26,3354.0,198.274,28
2023-07-17 11:30:00-04:00,198.26,198.38,198.22,198.32,7571.0,198.298,62
2023-07-17 11:35:00-04:00,198.23,198.62,198.2,198.55,4943.0,198.495,40
2023-07-17 11:40:00-04:00,198.54,198.65,198.52,198.57,3030.0,198.582,28
2023-07-17 11:45:00-04:00,198.59,198.74,198.59,198.68,3500.0,198.622,35
2023-07-17 11:50:00-04:00,198.63,198.8,198.58,198.63,5008.0,198.663,37
2023-07-17 11:55:00-04:00,198.69,198.88,198.69,198.8,2427.0,198.796,22
2023-07-17 12:00:00-04:00,198.89,198.94,198.79,198.88,4248.0,198.871,33
2023-07-17 12:05:00-04:00,198.88,198.88,198.71,198.86,2173.0,198.81,17
2023-07-17 12:10:00-04:00,198.9,199.26,198.9,199.16,2610.0,199.091,19
2023-07-17 12:15:00-04:00,199.2,199.2,198.86,198.89,5474.0,199.008,48
2023-07-17 12:20:00-04:00,198.85,199.15,198.85,199.15,2999.0,198.953,29
2023-07-17 12:25:00-04:00,199.1,199.25,199.09,199.25,1843.0,199.188,18
2023-07-17 12:30:00-04:00,199.2,199.37,199.17,199.17,4839.0,199.275,41
2023-07-17 12:35:00-04:00,199.11,199.16,199.04,199.16,2622.0,199.102,26
2023-07-17 12:40:00-04:00,199.14,199.28,199.12,199.2,2401.0,199.204,21
2023-07-17 12:45:00-04:00,199.28,199.39,199.14,199.22,5267.0,199.237,49
2023-07-17 12:50:00-04:00,199.21,199.34,199.16,199.34,2424.0,199.239,13
2023-07-17 12:55:00-04:00,199.21,199.38,199.2,199.34,3510.0,199.323,17
2023-07-17 13:00:00-04:00,199.33,199.43,199.31,199.33,2114.0,199.374,19
2023-07-17 13:05:00-04:00,199.34,199.44,199.03,199.11,7012.0,199.251,62
2023-07-17 13:10:00-04:00,199.1,199.23,199.1,199.23,2609.0,199.179,25
2023-07-17 13:15:00-04:00,199.25,199.48,199.25,199.42,7310.0,199.326,54
2023-07-17 13:20:00-04:00,199.42,199.79,199.38,199.73,11905.0,199.632,112
2023-07-17 13:25:00-04:00,199.77,199.83,199.62,199.83,8510.0,199.702,80
2023-07-17 13:30:00-04:00,199.83,199.83,199.34,199.35,3739.0,199.64,33
2023-07-17 13:35:00-04:00,199.28,199.28,199.18,199.24,1440.0,199.242,14
2023-07-17 13:40:00-04:00,199.17,199.17,198.82,198.84,7657.0,199.049,25
2023-07-17 13:45:00-04:00,198.87,199.28,198.87,199.04,4124.0,199.124,25
2023-07-17 13:50:00-04:00,198.95,198.96,198.71,198.71,500.0,198.857,5
2023-07-17 13:55:00-04:00,198.74,198.77,198.6,198.62,1400.0,198.696,14
2023-07-17 14:00:00-04:00,198.56,198.83,198.56,198.7,4507.0,198.715,43
2023-07-17 14:05:00-04:00,198.74,198.78,198.7,198.73,800.0,198.73,8
2023-07-17 14:10:00-04:00,198.67,198.74,198.57,198.69,2087.0,198.646,20
2023-07-17 14:15:00-04:00,198.71,198.84,198.7,198.71,2049.0,198.769,16
2023-07-17 14:20:00-04:00,198.73,198.95,198.72,198.94,2919.0,198.874,26
2023-07-17 14:25:00-04:00,199.0,199.08,198.91,198.92,2051.0,199.007,16
2023-07-17 14:30:00-04:00,198.95,199.02,198.74,198.79,3016.0,198.891,28
2023-07-17 14:35:00-04:00,198.8,198.87,198.68,198.68,2308.0,198.785,19
2023-07-17 14:40:00-04:00,198.66,199.01,198.62,199.01,5442.0,198.755,45
2023-07-17 14:45:00-04:00,199.03,199.21,199.03,199.18,2864.0,199.159,27
2023-07-17 14:50:00-04:00,199.15,199.23,199.1,199.21,2842.0,199.177,26
2023-07-17 14:55:00-04:00,199.21,199.24,199.11,199.19,3235.0,199.168,29
2023-07-17 15:00:00-04:00,199.21,199.35,199.18,199.33,3645.0,199.276,29
2023-07-17 15:05:00-04:00,199.38,199.38,199.23,199.37,4416.0,199.311,34
2023-07-17 15:10:00-04:00,199.37,199.44,199.35,199.39,4783.0,199.394,40
2023-07-17 15:15:00-04:00,199.36,199.81,199.22,199.66,13018.0,199.378,101
2023-07-17 15:20:00-04:00,199.71,199.76,199.41,199.58,9920.0,199.595,87
2023-07-17 15:25:00-04:00,199.62,199.65,199.38,199.41,4940.0,199.52,38
2023-07-17 15:30:00-04:00,199.41,199.42,199.07,199.17,10945.0,199.215,98
2023-07-17 15:35:00-04:00,199.14,199.28,199.12,199.19,5570.0,199.208,49
2023-07-17 15:40:00-04:00,199.26,199.54,199.25,199.32,8294.0,199.387,74
2023-07-17 15:45:00-04:00,199.29,199.36,199.1,199.15,15369.0,199.262,146
2023-07-17 15:50:00-04:00,199.1,199.14,198.88,198.93,21180.0,198.973,189
2023-07-17 15:55:00-04:00,198.85,198.99,198.69,198.85,50641.0,198.816,368
2023-07-18 09:30:00-04:00,197.79,199.11,197.79,199.11,11478.0,197.928,16
2023-07-18 09:35:00-04:00,199.11,199.79,198.78,198.96,4918.0,199.106,28
2023-07-18 09:40:00-04:00,198.86,199.24,198.84,198.92,1918.0,199.041,16
2023-07-18 09:45:00-04:00,199.27,199.28,198.13,198.14,6775.0,198.534,45
2023-07-18 09:50:00-04:00,198.16,198.44,198.15,198.39,4894.0,198.285,41
2023-07-18 09:55:00-04:00,198.63,198.75,198.26,198.51,5604.0,198.464,22
2023-07-18 10:00:00-04:00,198.53,199.27,198.53,199.27,4756.0,198.861,45
2023-07-18 10:05:00-04:00,199.14,199.24,198.86,198.96,2312.0,199.026,18
2023-07-18 10:10:00-04:00,198.93,199.01,198.74,198.84,3752.0,198.846,31
2023-07-18 10:15:00-04:00,198.55,198.79,198.55,198.72,5260.0,198.713,30
2023-07-18 10:20:00-04:00,198.66,199.02,198.66,198.99,2118.0,198.819,20
2023-07-18 10:25:00-04:00,198.91,199.12,198.79,199.08,3074.0,198.961,29
2023-07-18 10:30:00-04:00,199.16,199.3,198.77,198.83,3320.0,199.022,32
2023-07-18 10:35:00-04:00,198.94,199.19,198.93,199.06,3590.0,199.023,32
2023-07-18 10:40:00-04:00,199.18,199.41,199.18,199.26,3081.0,199.276,27
2023-07-18 10:45:00-04:00,199.32,199.45,199.31,199.31,700.0,199.359,7
2023-07-18 10:50:00-04:00,199.45,199.49,199.23,199.23,967.0,199.391,9
2023-07-18 10:55:00-04:00,199.26,199.4,199.16,199.33,1215.0,199.304,12
2023-07-18 11:00:00-04:00,199.32,199.41,199.31,199.31,2431.0,199.367,13
2023-07-18 11:05:00-04:00,199.22,199.24,199.04,199.05,12037.0,199.209,16
2023-07-18 11:10:00-04:00,199.11,199.46,199.08,199.45,2465.0,199.262,24
2023-07-18 11:15:00-04:00,199.45,199.46,199.18,199.39,1953.0,199.369,19
2023-07-18 11:20:00-04:00,199.43,199.48,199.25,199.25,1066.0,199.362,10
2023-07-18 11:25:00-04:00,199.25,199.27,199.21,199.21,800.0,199.252,8
2023-07-18 11:30:00-04:00,199.22,199.22,198.95,198.95,3257.0,199.116,29
2023-07-18 11:35:00-04:00,198.84,199.02,198.77,199.02,3161.0,198.899,28
2023-07-18 11:40:00-04:00,199.05,199.05,198.75,198.83,2614.0,198.919,24
2023-07-18 11:45:00-04:00,198.75,199.06,198.73,198.98,3332.0,198.841,30
2023-07-18 11:50:00-04:00,198.99,199.06,198.89,198.99,2111.0,198.996,20
2023-07-18 11:55:00-04:00,199.05,199.1,198.98,199.1,1485.0,199.056,13
2023-07-18 12:00:00-04:00,199.13,199.13,198.87,198.87,1889.0,198.954,12
2023-07-18 12:05:00-04:00,198.62,198.62,198.41,198.42,1500.0,198.458,6
2023-07-18 12:10:00-04:00,198.52,198.53,198.35,198.35,2028.0,198.471,20
2023-07-18 12:15:00-04:00,198.34,198.54,198.29,198.54,3399.0,198.44,27
2023-07-18 12:20:00-04:00,198.51,198.55,198.29,198.29,3548.0,198.415,33
2023-07-18 12:25:00-04:00,198.36,198.89,198.36,198.8,5650.0,198.67,53
2023-07-18 12:30:00-04:00,198.77,198.78,198.35,198.38,5201.0,198.582,50
2023-07-18 12:35:00-04:00,198.36,198.45,198.36,198.41,3512.0,198.406,23
2023-07-18 12:40:00-04:00,198.42,198.65,198.42,198.6,10200.0,198.565,78
2023-07-18 12:45:00-04:00,198.6,198.68,198.49,198.51,3035.0,198.57,20
2023-07-18 12:50:00-04:00,198.57,198.68,198.57,198.65,2750.0,198.627,21
2023-07-18 12:55:00-04:00,198.72,198.86,198.67,198.86,3015.0,198.781,30
2023-07-18 13:00:00-04:00,198.79,198.86,198.79,198.8,1200.0,198.822,9
2023-07-18 13:05:00-04:00,198.86,198.96,198.83,198.85,3946.0,198.867,34
2023-07-18 13:10:00-04:00,198.87,198.97,198.81,198.97,3308.0,198.902,30
2023-07-18 13:15:00-04:00,198.97,199.11,198.85,198.85,2355.0,198.967,21
2023-07-18 13:20:00-04:00,198.81,198.94,198.73,198.94,6158.0,198.832,56
2023-07-18 13:25:00-04:00,198.8,198.8,198.55,198.74,6648.0,198.722,64
2023-07-18 13:30:00-04:00,198.68,198.74,198.44,198.44,2766.0,198.607,25
2023-07-18 13:35:00-04:00,198.44,198.62,198.37,198.62,5227.0,198.501,51
2023-07-18 13:40:00-04:00,198.62,198.76,198.57,198.64,5551.0,198.712,46
2023-07-18 13:45:00-04:00,198.7,198.76,198.62,198.73,5299.0,198.707,48
2023-07-18 13:50:00-04:00,198.73,198.84,198.7,198.7,28305.0,198.771,58
2023-07-18 13:55:00-04:00,198.7,198.77,198.34,198.34,2551.0,198.58,22
2023-07-18 14:00:00-04:00,198.41,198.52,198.29,198.5,2263.0,198.435,22
2023-07-18 14:05:00-04:00,198.56,198.56,198.3,198.38,2435.0,198.45,20
2023-07-18 14:10:00-04:00,198.37,198.43,198.35,198.35,1597.0,198.387,15
2023-07-18 14:15:00-04:00,198.39,198.47,198.35,198.42,2328.0,198.413,21
2023-07-18 14:20:00-04:00,198.37,198.39,198.13,198.31,10366.0,198.277,50
2023-07-18 14:25:00-04:00,198.39,198.44,198.33,198.42,2160.0,198.398,21
2023-07-18 14:30:00-04:00,198.43,198.66,198.42,198.48,6166.0,198.501,57
2023-07-18 14:35:00-04:00,198.43,198.61,198.33,198.56,5205.0,198.449,49
2023-07-18 14:40:00-04:00,198.61,198.63,198.37,198.62,3521.0,198.495,30
2023-07-18 14:45:00-04:00,198.68,198.68,198.28,198.35,12683.0,198.551,64
2023-07-18 14:50:00-04:00,198.35,198.41,198.27,198.35,2303.0,198.348,23
2023-07-18 14:55:00-04:00,198.3,198.4,198.26,198.33,6631.0,198.338,64
2023-07-18 15:00:00-04:00,198.34,198.41,198.07,198.25,7509.0,198.288,71
2023-07-18 15:05:00-04:00,198.3,198.71,198.25,198.71,9492.0,198.34,89
2023-07-18 15:10:00-04:00,198.72,198.72,198.53,198.68,10025.0,198.636,88
2023-07-18 15:15:00-04:00,198.61,198.86,198.61,198.74,13665.0,198.751,106
2023-07-18 15:20:00-04:00,198.68,198.92,198.68,198.92,10332.0,198.791,83
2023-07-18 15:25:00-04:00,198.92,198.99,198.77,198.77,15449.0,198.925,82
2023-07-18 15:30:00-04:00,198.77,198.84,198.68,198.73,5519.0,198.764,52
2023-07-18 15:35:00-04:00,198.77,198.87,198.75,198.78,4341.0,198.812,42
2023-07-18 15:40:00-04:00,198.8,198.87,198.56,198.78,13734.0,198.755,100
2023-07-18 15:45:00-04:00,198.78,198.95,198.73,198.88,9794.0,198.859,90
2023-07-18 15:50:00-04:00,198.92,199.1,198.76,199.08,14248.0,198.969,130
2023-07-18 15:55:00-04:00,199.09,199.29,198.82,199.19,55339.0,199.044,434
2023-07-19 09:30:00-04:00,197.56,198.76,197.56,198.75,14767.0,197.848,10
2023-07-19 09:35:00-04:00,198.99,199.0,198.21,198.21,2178.0,198.682,20
2023-07-19 09:40:00-04:00,198.02,198.34,197.73,198.33,1516.0,198.026,15
2023-07-19 09:45:00-04:00,198.33,198.33,197.61,197.75,9192.0,198.046,64
2023-07-19 09:50:00-04:00,197.55,197.79,197.38,197.57,4840.0,197.554,45
2023-07-19 09:55:00-04:00,197.83,198.13,197.82,198.06,1644.0,198.026,15
2023-07-19 10:00:00-04:00,198.0,198.35,198.0,198.35,2300.0,198.132,20
2023-07-19 10:05:00-04:00,198.21,198.53,198.2,198.37,1908.0,198.42,18
2023-07-19 10:10:00-04:00,198.51,198.61,198.29,198.4,2267.0,198.488,20
2023-07-19 10:15:00-04:00,198.25,198.27,197.72,197.74,7728.0,198.131,66
2023-07-19 10:20:00-04:00,197.83,197.83,197.67,197.72,1124.0,197.745,10
2023-07-19 10:25:00-04:00,197.6,197.62,197.25,197.25,2005.0,197.494,20
2023-07-19 10:30:00-04:00,197.24,197.33,197.02,197.02,2738.0,197.226,23
2023-07-19 10:35:00-04:00,197.0,197.1,196.7,196.78,3686.0,196.922,31
2023-07-19 10:40:00-04:00,196.61,196.96,196.61,196.9,4152.0,196.833,36
2023-07-19 10:45:00-04:00,196.9,196.94,195.85,196.21,21146.0,196.603,150
2023-07-19 10:50:00-04:00,196.17,196.38,195.54,195.56,4673.0,196.163,38
2023-07-19 10:55:00-04:00,195.31,195.71,195.17,195.47,6356.0,195.505,55
2023-07-19 11:00:00-04:00,195.54,195.79,195.37,195.68,5725.0,195.621,49
2023-07-19 11:05:00-04:00,195.69,195.82,195.69,195.75,3263.0,195.781,27
2023-07-19 11:10:00-04:00,195.73,196.02,195.73,196.0,3735.0,195.899,27
2023-07-19 11:15:00-04:00,196.06,196.13,195.83,195.88,3817.0,196.082,25
2023-07-19 11:20:00-04:00,195.72,195.74,195.51,195.51,983.0,195.693,9
2023-07-19 11:25:00-04:00,195.48,195.87,195.43,195.85,2921.0,195.682,23
2023-07-19 11:30:00-04:00,195.92,196.25,195.91,196.25,1300.0,196.182,5
2023-07-19 11:35:00-04:00,196.17,196.17,195.81,196.03,3276.0,196.014,27
2023-07-19 11:40:00-04:00,196.05,196.12,195.97,196.02,2103.0,196.084,14
2023-07-19 11:45:00-04:00,196.03,196.17,196.03,196.08,720.0,196.138,4
2023-07-19 11:50:00-04:00,196.03,196.1,195.91,195.98,3074.0,195.992,27
2023-07-19 11:55:00-04:00,195.93,195.93,195.9,195.93,600.0,195.918,6
2023-07-19 12:00:00-04:00,195.93,196.11,195.65,195.65,3942.0,195.978,35
2023-07-19 12:05:00-04:00,195.63,195.78,195.51,195.59,5347.0,195.599,33
2023-07-19 12:10:00-04:00,195.59,195.71,195.21,195.37,7500.0,195.428,72
2023-07-19 12:15:00-04:00,195.41,195.7,195.26,195.7,8497.0,195.366,79
2023-07-19 12:20:00-04:00,195.53,195.71,195.48,195.6,1124.0,195.597,11
2023-07-19 12:25:00-04:00,195.61,195.65,195.54,195.65,496.0,195.598,4
2023-07-19 12:30:00-04:00,195.53,195.65,195.28,195.58,4007.0,195.478,26
2023-07-19 12:35:00-04:00,195.56,195.56,195.19,195.2,2511.0,195.373,21
2023-07-19 12:40:00-04:00,195.35,195.42,195.26,195.34,3651.0,195.322,33
2023-07-19 12:45:00-04:00,195.27,195.54,195.17,195.54,3524.0,195.362,33
2023-07-19 12:50:00-04:00,195.56,195.66,195.51,195.56,15579.0,195.573,139
2023-07-19 12:55:00-04:00,195.54,196.36,195.54,196.15,2308.0,196.003,19
2023-07-19 13:00:00-04:00,196.02,196.14,195.99,196.13,1623.0,196.059,14
2023-07-19 13:05:00-04:00,196.32,196.38,196.26,196.38,1000.0,196.297,8
2023-07-19 13:10:00-04:00,196.38,196.77,196.35,196.77,2600.0,196.497,26
2023-07-19 13:15:00-04:00,196.78,196.91,196.53,196.53,3240.0,196.697,31
2023-07-19 13:20:00-04:00,196.45,196.45,196.15,196.15,1204.0,196.313,11
2023-07-19 13:25:00-04:00,196.17,196.43,196.11,196.14,2223.0,196.257,22
2023-07-19 13:30:00-04:00,196.14,196.32,196.14,196.31,518.0,196.231,5
2023-07-19 13:35:00-04:00,196.12,196.19,195.96,196.03,919.0,196.1,8
2023-07-19 13:40:00-04:00,196.12,196.25,195.99,196.11,2154.0,196.127,20
2023-07-19 13:45:00-04:00,196.16,196.27,196.15,196.17,1457.0,196.192,14
2023-07-19 13:50:00-04:00,196.2,196.22,196.06,196.12,2800.0,196.144,27
2023-07-19 13:55:00-04:00,196.06,196.18,196.06,196.15,8007.0,196.143,68
2023-07-19 14:00:00-04:00,196.15,196.21,196.07,196.17,6188.0,196.136,58
2023-07-19 14:05:00-04:00,196.1,196.17,195.84,195.9,5040.0,196.02,44
2023-07-19 14:10:00-04:00,195.97,195.97,195.58,195.59,1347.0,195.819,12
2023-07-19 14:15:00-04:00,195.52,195.85,195.52,195.73,7457.0,195.664,62
2023-07-19 14:20:00-04:00,195.75,196.02,195.73,196.0,5898.0,195.896,57
2023-07-19 14:25:00-04:00,196.01,196.29,196.0,196.29,5537.0,196.068,40
2023-07-19 14:30:00-04:00,196.29,196.57,196.29,196.5,1700.0,196.455,17
2023-07-19 14:35:00-04:00,196.36,196.36,196.22,196.36,1917.0,196.307,15
2023-07-19 14:40:00-04:00,196.36,196.44,196.26,196.3,2647.0,196.359,25
2023-07-19 14:45:00-04:00,196.27,196.27,195.84,195.84,11373.0,196.198,21
2023-07-19 14:50:00-04:00,195.84,195.94,195.45,195.59,26191.0,195.665,183
2023-07-19 14:55:00-04:00,195.59,195.91,195.39,195.89,9287.0,195.593,75
2023-07-19 15:00:00-04:00,196.05,196.05,195.88,195.88,2600.0,195.998,24
2023-07-19 15:05:00-04:00,195.88,196.17,195.8,196.15,3917.0,196.011,33
2023-07-19 15:10:00-04:00,196.14,196.25,195.93,196.06,3264.0,196.076,30
2023-07-19 15:15:00-04:00,196.14,196.14,196.02,196.03,3359.0,196.097,29
2023-07-19 15:20:00-04:00,195.99,196.08,195.94,196.02,10034.0,196.002,96
2023-07-19 15:25:00-04:00,196.02,196.2,195.97,195.97,10732.0,196.096,101
2023-07-19 15:30:00-04:00,195.94,196.07,195.9,195.9,48295.0,196.021,440
2023-07-19 15:35:00-04:00,195.89,196.0,195.76,196.0,16242.0,195.867,147
2023-07-19 15:40:00-04:00,196.05,196.05,195.79,195.92,9620.0,195.859,83
2023-07-19 15:45:00-04:00,195.89,196.03,195.83,195.94,15192.0,195.95,139
2023-07-19 15:50:00-04:00,196.01,196.17,195.95,196.05,39972.0,196.048,354
2023-07-19 15:55:00-04:00,195.99,196.09,195.76,195.84,67132.0,195.954,450
2023-07-20 09:30:00-04:00,196.93,196.93,196.19,196.28,9344.0,196.878,9
2023-07-20 09:35:00-04:00,196.12,196.45,195.88,195.9,4082.0,196.181,35
2023-07-20 09:40:00-04:00,195.7,195.75,195.34,195.47,5223.0,195.551,49
2023-07-20 09:45:00-04:00,195.33,195.66,195.11,195.66,3272.0,195.509,27
2023-07-20 09:50:00-04:00,195.6,196.11,195.6,196.11,2376.0,195.903,22
2023-07-20 09:55:00-04:00,196.14,196.17,195.98,196.17,1004.0,196.084,9
2023-07-20 10:00:00-04:00,195.97,196.05,195.59,196.05,3135.0,195.772,27
2023-07-20 10:05:00-04:00,195.88,196.26,195.88,196.11,1271.0,196.166,12
2023-07-20 10:10:00-04:00,196.06,196.07,195.67,195.75,2664.0,195.827,13
2023-07-20 10:15:00-04:00,195.61,195.61,195.08,195.38,7336.0,195.269,58
2023-07-20 10:20:00-04:00,195.36,195.58,193.59,195.25,266909.0,193.62,42
2023-07-20 10:25:00-04:00,195.16,195.59,195.0,195.58,3308.0,195.191,31
2023-07-20 10:30:00-04:00,195.62,195.9,195.62,195.85,1900.0,195.78,17
2023-07-20 10:35:00-04:00,195.98,196.3,193.59,196.0,161133.0,194.035,283
2023-07-20 10:40:00-04:00,195.92,195.92,195.49,195.72,8764.0,195.681,83
2023-07-20 10:45:00-04:00,195.73,196.2,195.71,196.0,7973.0,196.032,64
2023-07-20 10:50:00-04:00,196.06,196.49,196.06,196.43,5700.0,196.292,51
2023-07-20 10:55:00-04:00,196.34,196.34,195.79,195.87,4713.0,196.003,41
2023-07-20 11:00:00-04:00,195.93,196.21,195.54,196.21,6745.0,195.927,61
2023-07-20 11:05:00-04:00,196.15,196.47,195.99,196.45,4151.0,196.175,32
2023-07-20 11:10:00-04:00,196.39,196.56,196.38,196.5,3403.0,196.47,32
2023-07-20 11:15:00-04:00,196.47,196.64,196.4,196.48,3078.0,196.508,27
2023-07-20 11:20:00-04:00,196.53,196.57,196.08,196.08,6268.0,196.308,57
2023-07-20 11:25:00-04:00,196.02,196.4,196.0,196.23,2926.0,196.264,19
2023-07-20 11:30:00-04:00,196.38,196.53,196.2,196.42,4957.0,196.39,47
2023-07-20 11:35:00-04:00,196.37,196.74,196.37,196.68,3451.0,196.552,33
2023-07-20 11:40:00-04:00,196.72,196.86,196.55,196.55,3717.0,196.69,35
2023-07-20 11:45:00-04:00,196.55,196.57,196.38,196.57,3744.0,196.469,36
2023-07-20 11:50:00-04:00,196.51,196.82,196.48,196.67,6689.0,196.657,61
2023-07-20 11:55:00-04:00,196.71,196.76,196.46,196.47,3429.0,196.616,33
2023-07-20 12:00:00-04:00,196.47,196.73,196.39,196.73,5147.0,196.516,51
2023-07-20 12:05:00-04:00,196.77,196.86,196.65,196.8,4755.0,196.738,39
2023-07-20 12:10:00-04:00,196.84,196.91,196.62,196.68,5925.0,196.822,57
2023-07-20 12:15:00-04:00,196.61,196.91,196.61,196.74,7357.0,196.789,70
2023-07-20 12:20:00-04:00,196.66,196.66,196.37,196.48,5157.0,196.483,49
2023-07-20 12:25:00-04:00,196.44,196.47,196.28,196.33,11186.0,196.364,98
2023-07-20 12:30:00-04:00,196.35,196.39,196.04,196.14,12361.0,196.223,120
2023-07-20 12:35:00-04:00,196.17,196.31,196.08,196.18,5501.0,196.178,53
2023-07-20 12:40:00-04:00,196.27,196.41,196.2,196.33,4854.0,196.299,44
2023-07-20 12:45:00-04:00,196.29,196.52,196.29,196.43,3827.0,196.406,38
2023-07-20 12:50:00-04:00,196.43,196.44,196.1,196.22,4240.0,196.276,41
2023-07-20 12:55:00-04:00,196.22,196.23,196.0,196.12,3500.0,196.107,32
2023-07-20 13:00:00-04:00,196.12,196.14,195.94,196.05,4015.0,196.042,39
2023-07-20 13:05:00-04:00,195.96,196.12,195.95,195.99,4427.0,196.048,44
2023-07-20 13:10:00-04:00,196.03,196.36,196.02,196.27,3090.0,196.255,28
2023-07-20 13:15:00-04:00,196.23,196.23,196.02,196.14,1913.0,196.129,19
2023-07-20 13:20:00-04:00,196.15,196.47,196.14,196.28,3370.0,196.323,27
2023-07-20 13:25:00-04:00,196.28,196.36,196.24,196.35,1938.0,196.33,18
2023-07-20 13:30:00-04:00,196.29,196.3,196.13,196.23,4263.0,196.226,37
2023-07-20 13:35:00-04:00,196.25,196.39,195.84,195.86,8694.0,196.282,80
2023-07-20 13:40:00-04:00,195.84,195.91,195.76,195.83,2721.0,195.835,26
2023-07-20 13:45:00-04:00,195.83,195.85,195.71,195.74,4002.0,195.792,38
2023-07-20 13:50:00-04:00,195.78,195.89,195.75,195.75,4200.0,195.822,40
2023-07-20 13:55:00-04:00,195.74,195.74,195.55,195.57,3623.0,195.66,33
2023-07-20 14:00:00-04:00,195.54,195.72,195.54,195.7,3115.0,195.631,24
2023-07-20 14:05:00-04:00,195.7,195.93,195.7,195.91,3200.0,195.84,32
2023-07-20 14:10:00-04:00,195.85,195.85,195.72,195.72,4002.0,195.783,40
2023-07-20 14:15:00-04:00,195.73,195.76,195.5,195.53,18642.0,195.68,78
2023-07-20 14:20:00-04:00,195.46,195.76,195.4,195.7,5660.0,195.609,32
2023-07-20 14:25:00-04:00,195.66,195.68,195.31,195.37,1748.0,195.515,15
2023-07-20 14:30:00-04:00,195.34,195.44,195.3,195.38,9001.0,195.391,90
2023-07-20 14:35:00-04:00,195.48,195.88,195.31,195.7,5355.0,195.506,50
2023-07-20 14:40:00-04:00,195.71,195.74,195.5,195.59,3225.0,195.593,31
2023-07-20 14:45:00-04:00,195.64,195.91,195.63,195.78,1912.0,195.784,18
2023-07-20 14:50:00-04:00,195.81,195.88,195.76,195.81,2251.0,195.817,21
2023-07-20 14:55:00-04:00,195.81,195.81,195.59,195.64,4531.0,195.668,40
2023-07-20 15:00:00-04:00,195.66,195.72,195.54,195.72,2520.0,195.644,25
2023-07-20 15:05:00-04:00,195.6,195.76,195.59,195.72,2402.0,195.707,24
2023-07-20 15:10:00-04:00,195.89,196.08,195.87,196.07,3412.0,195.985,34
2023-07-20 15:15:00-04:00,196.04,196.14,195.93,196.09,2787.0,196.016,26
2023-07-20 15:20:00-04:00,196.13,196.29,196.13,196.16,3109.0,196.186,30
2023-07-20 15:25:00-04:00,196.16,196.22,196.06,196.1,5402.0,196.127,51
2023-07-20 15:30:00-04:00,196.1,196.21,195.9,196.0,10785.0,196.077,104
2023-07-20 15:35:00-04:00,196.01,196.04,195.85,195.86,3351.0,195.919,31
2023-07-20 15:40:00-04:00,195.85,195.89,195.64,195.64,6803.0,195.796,66
2023-07-20 15:45:00-04:00,195.63,195.81,195.58,195.75,6825.0,195.721,60
2023-07-20 15:50:00-04:00,195.76,195.79,195.52,195.6,25918.0,195.628,231
2023-07-20 15:55:00-04:00,195.65,195.87,195.47,195.66,80919.0,195.688,583
2023-07-21 09:30:00-04:00,195.61,196.02,195.61,195.7,30192.0,195.62,10
2023-07-21 09:35:00-04:00,195.42,195.58,194.75,194.75,4412.0,195.295,43
2023-07-21 09:40:00-04:00,194.99,195.05,194.07,194.1,5979.0,194.645,55
2023-07-21 09:45:00-04:00,194.19,194.83,194.0,194.53,10074.0,194.349,91
2023-07-21 09:50:00-04:00,194.48,194.66,194.27,194.56,2221.0,194.516,18
2023-07-21 09:55:00-04:00,194.62,194.76,194.26,194.55,5065.0,194.607,32
2023-07-21 10:00:00-04:00,194.55,194.63,193.93,194.06,11574.0,194.198,97
2023-07-21 10:05:00-04:00,194.06,194.32,193.82,194.31,17128.0,194.017,140
2023-07-21 10:10:00-04:00,194.24,194.46,194.02,194.35,14128.0,194.259,114
2023-07-21 10:15:00-04:00,194.42,194.57,194.0,194.26,16627.0,194.303,154
2023-07-21 10:20:00-04:00,194.26,194.4,193.58,193.58,12341.0,194.182,101
2023-07-21 10:25:00-04:00,193.75,193.75,192.72,192.83,36305.0,193.17,268
2023-07-21 10:30:00-04:00,192.84,193.22,192.43,192.83,36599.0,192.782,292
2023-07-21 10:35:00-04:00,192.94,193.89,192.93,193.82,58051.0,193.626,141
2023-07-21 10:40:00-04:00,193.93,194.35,193.84,194.35,4679.0,194.066,41
2023-07-21 10:45:00-04:00,194.32,194.41,193.62,193.93,26908.0,193.862,105
2023-07-21 10:50:00-04:00,193.91,194.08,193.59,194.08,10926.0,193.859,90
2023-07-21 10:55:00-04:00,194.09,194.26,193.92,193.94,6158.0,194.049,60
2023-07-21 11:00:00-04:00,193.95,194.06,193.79,194.01,8423.0,193.973,77
2023-07-21 11:05:00-04:00,194.03,194.4,194.01,194.14,8732.0,194.222,73
2023-07-21 11:10:00-04:00,194.23,194.32,193.97,194.14,7811.0,194.187,67
2023-07-21 11:15:00-04:00,194.15,194.23,194.09,194.17,10057.0,194.16,84
2023-07-21 11:20:00-04:00,194.11,194.23,193.87,193.87,12069.0,193.999,91
2023-07-21 11:25:00-04:00,193.94,194.25,193.86,194.06,6208.0,194.093,34
2023-07-21 11:30:00-04:00,194.25,194.32,194.15,194.26,8541.0,194.225,75
2023-07-21 11:35:00-04:00,194.25,194.47,194.19,194.26,5086.0,194.323,45
2023-07-21 11:40:00-04:00,194.28,194.29,193.99,194.15,5518.0,194.118,49
2023-07-21 11:45:00-04:00,194.11,194.17,193.99,194.1,3307.0,194.082,30
2023-07-21 11:50:00-04:00,194.13,194.62,194.07,194.44,18286.0,194.363,111
2023-07-21 11:55:00-04:00,194.44,194.77,194.44,194.77,2906.0,194.585,28
2023-07-21 12:00:00-04:00,194.63,194.63,194.21,194.21,3456.0,194.479,28
2023-07-21 12:05:00-04:00,194.26,194.75,194.21,194.74,4830.0,194.445,38
2023-07-21 12:10:00-04:00,194.65,194.72,194.53,194.59,4343.0,194.594,34
2023-07-21 12:15:00-04:00,194.53,194.87,194.53,194.81,3238.0,194.675,24
2023-07-21 12:20:00-04:00,194.88,194.88,194.66,194.66,1976.0,194.775,18
2023-07-21 12:25:00-04:00,194.58,194.58,194.31,194.32,3177.0,194.425,29
2023-07-21 12:30:00-04:00,194.3,194.3,193.94,193.94,2811.0,194.13,27
2023-07-21 12:35:00-04:00,193.93,194.04,193.81,193.94,3922.0,193.915,37
2023-07-21 12:40:00-04:00,193.93,194.29,193.93,194.24,4318.0,194.095,38
2023-07-21 12:45:00-04:00,194.19,194.27,194.05,194.13,1326.0,194.162,12
2023-07-21 12:50:00-04:00,194.14,194.33,194.09,194.33,4000.0,194.204,36
2023-07-21 12:55:00-04:00,194.22,194.34,194.21,194.34,1929.0,194.258,14
2023-07-21 13:00:00-04:00,194.29,194.41,194.26,194.26,2700.0,194.331,24
2023-07-21 13:05:00-04:00,194.37,194.5,194.32,194.5,3379.0,194.381,28
2023-07-21 13:10:00-04:00,194.51,194.51,194.4,194.51,2600.0,194.454,25
2023-07-21 13:15:00-04:00,194.57,194.63,194.52,194.59,1686.0,194.594,14
2023-07-21 13:20:00-04:00,194.61,194.65,194.44,194.65,3190.0,194.523,30
2023-07-21 13:25:00-04:00,194.61,194.62,194.54,194.57,3440.0,194.591,23
2023-07-21 13:30:00-04:00,194.59,194.7,194.59,194.63,1200.0,194.653,11
2023-07-21 13:35:00-04:00,194.65,194.84,194.61,194.7,4341.0,194.724,35
2023-07-21 13:40:00-04:00,194.64,194.75,194.6,194.63,8912.0,194.636,33
2023-07-21 13:45:00-04:00,194.6,194.67,194.5,194.54,4228.0,194.586,38
2023-07-21 13:50:00-04:00,194.53,194.61,194.53,194.53,3100.0,194.578,29
2023-07-21 13:55:00-04:00,194.47,194.47,194.27,194.28,3626.0,194.364,30
2023-07-21 14:00:00-04:00,194.31,194.36,193.96,193.96,5062.0,194.21,46
2023-07-21 14:05:00-04:00,193.97,194.2,193.97,194.18,7610.0,194.113,74
2023-07-21 14:10:00-04:00,194.18,194.32,194.0,194.0,7306.0,194.198,44
2023-07-21 14:15:00-04:00,194.03,194.03,193.86,193.94,4149.0,193.939,32
2023-07-21 14:20:00-04:00,193.95,194.04,193.8,194.01,4013.0,193.953,39
2023-07-21 14:25:00-04:00,193.97,194.06,193.95,194.06,2400.0,194.005,24
2023-07-21 14:30:00-04:00,194.07,194.12,193.94,194.07,3727.0,194.044,35
2023-07-21 14:35:00-04:00,194.06,194.29,194.05,194.22,3789.0,194.162,35
2023-07-21 14:40:00-04:00,194.21,194.3,194.18,194.19,2409.0,194.25,24
2023-07-21 14:45:00-04:00,194.2,194.25,194.09,194.09,2400.0,194.195,22
2023-07-21 14:50:00-04:00,194.09,194.24,194.03,194.19,7395.0,194.138,65
2023-07-21 14:55:00-04:00,194.18,194.18,193.92,193.96,7025.0,194.016,62
2023-07-21 15:00:00-04:00,193.99,193.99,193.57,193.64,9215.0,193.703,72
2023-07-21 15:05:00-04:00,193.58,193.58,193.19,193.3,11524.0,193.35,109
2023-07-21 15:10:00-04:00,193.31,193.69,193.23,193.69,10525.0,193.497,91
2023-07-21 15:15:00-04:00,193.7,193.84,193.64,193.84,4272.0,193.735,35
2023-07-21 15:20:00-04:00,193.83,193.84,193.71,193.78,2830.0,193.773,28
2023-07-21 15:25:00-04:00,193.78,193.94,193.77,193.9,3376.0,193.872,31
2023-07-21 15:30:00-04:00,193.94,194.04,193.85,193.94,5250.0,193.961,40
2023-07-21 15:35:00-04:00,193.94,194.01,193.83,193.93,6290.0,193.926,54
2023-07-21 15:40:00-04:00,193.91,193.91,193.79,193.85,7362.0,193.85,62
2023-07-21 15:45:00-04:00,193.84,193.99,193.78,193.92,9394.0,193.891,82
2023-07-21 15:50:00-04:00,193.9,194.12,193.66,194.06,24165.0,193.962,203
2023-07-21 15:55:00-04:00,194.0,194.09,193.86,193.86,55896.0,193.993,434
2023-07-24 09:30:00-04:00,194.21,195.91,194.01,195.88,33331.0,194.317,91
2023-07-24 09:35:00-04:00,195.71,196.25,195.44,196.11,3449.0,195.697,24
2023-07-24 09:40:00-04:00,196.14,196.37,195.84,195.85,4903.0,196.025,48
2023-07-24 09:45:00-04:00,196.06,196.28,195.91,196.2,3977.0,196.151,36
2023-07-24 09:50:00-04:00,196.09,196.95,196.08,196.78,9036.0,196.587,76
2023-07-24 09:55:00-04:00,196.72,196.84,196.2,196.27,22817.0,196.573,122
2023-07-24 10:00:00-04:00,196.39,196.59,196.22,196.34,18074.0,196.374,138
2023-07-24 10:05:00-04:00,196.34,196.53,196.13,196.37,8475.0,196.344,72
2023-07-24 10:10:00-04:00,196.27,196.39,196.04,196.14,4357.0,196.202,39
2023-07-24 10:15:00-04:00,196.18,196.57,196.11,196.2,4629.0,196.354,43
2023-07-24 10:20:00-04:00,196.15,196.15,195.78,196.0,9776.0,195.977,83
2023-07-24 10:25:00-04:00,196.0,196.22,195.89,195.98,10534.0,196.052,96
2023-07-24 10:30:00-04:00,195.98,196.03,195.4,195.68,8895.0,195.791,84
2023-07-24 10:35:00-04:00,195.71,195.89,195.39,195.39,4887.0,195.722,31
2023-07-24 10:40:00-04:00,195.39,196.22,195.2,195.99,70867.0,195.821,402
2023-07-24 10:45:00-04:00,196.0,196.0,195.44,195.62,1816.0,195.719,17
2023-07-24 10:50:00-04:00,195.64,195.64,195.02,195.29,2423.0,195.302,23
2023-07-24 10:55:00-04:00,195.25,195.66,195.16,195.5,12414.0,195.365,58
2023-07-24 11:00:00-04:00,195.65,195.76,195.21,195.21,10713.0,195.669,52
2023-07-24 11:05:00-04:00,195.22,195.47,195.11,195.47,5365.0,195.307,36
2023-07-24 11:10:00-04:00,195.39,195.62,195.39,195.61,1502.0,195.527,15
2023-07-24 11:15:00-04:00,195.64,195.64,195.4,195.4,802.0,195.555,8
2023-07-24 11:20:00-04:00,195.45,195.56,195.25,195.25,4049.0,195.397,40
2023-07-24 11:25:00-04:00,195.23,195.41,195.07,195.41,2798.0,195.235,26
2023-07-24 11:30:00-04:00,195.48,195.59,195.32,195.34,2045.0,195.458,19
2023-07-24 11:35:00-04:00,195.33,195.36,195.2,195.2,2052.0,195.303,19
2023-07-24 11:40:00-04:00,195.23,195.39,195.12,195.37,4601.0,195.259,36
2023-07-24 11:45:00-04:00,195.38,195.48,195.37,195.4,1000.0,195.436,9
2023-07-24 11:50:00-04:00,195.4,195.43,195.3,195.34,5843.0,195.382,49
2023-07-24 11:55:00-04:00,195.39,195.56,195.39,195.53,3820.0,195.502,34
2023-07-24 12:00:00-04:00,195.56,195.6,195.43,195.6,4616.0,195.507,40
2023-07-24 12:05:00-04:00,195.51,195.53,195.25,195.3,4142.0,195.403,33
2023-07-24 12:10:00-04:00,195.27,195.3,195.17,195.17,1403.0,195.215,12
2023-07-24 12:15:00-04:00,195.18,195.18,194.85,194.85,3080.0,195.084,25
2023-07-24 12:20:00-04:00,194.89,194.97,194.68,194.68,7111.0,194.909,30
2023-07-24 12:25:00-04:00,194.78,194.89,194.62,194.88,9005.0,194.734,82
2023-07-24 12:30:00-04:00,194.82,194.96,194.81,194.95,2741.0,194.893,19
2023-07-24 12:35:00-04:00,194.84,195.04,194.84,195.0,1511.0,194.97,15
2023-07-24 12:40:00-04:00,194.9,194.91,194.75,194.8,1622.0,194.815,11
2023-07-24 12:45:00-04:00,194.76,194.79,194.55,194.55,4513.0,194.73,44
2023-07-24 12:50:00-04:00,194.52,194.69,194.46,194.49,4182.0,194.551,33
2023-07-24 12:55:00-04:00,194.55,194.55,194.32,194.32,4308.0,194.453,40
2023-07-24 13:00:00-04:00,194.27,194.43,194.16,194.16,1938.0,194.321,17
2023-07-24 13:05:00-04:00,194.26,194.45,194.24,194.36,2712.0,194.398,23
2023-07-24 13:10:00-04:00,194.38,194.57,194.38,194.57,803.0,194.5,8
2023-07-24 13:15:00-04:00,194.51,194.53,194.47,194.52,600.0,194.509,6
2023-07-24 13:20:00-04:00,194.47,194.48,194.47,194.48,520.0,194.474,3
2023-07-24 13:25:00-04:00,194.48,194.58,194.48,194.56,1184.0,194.551,10
2023-07-24 13:30:00-04:00,194.56,194.6,194.5,194.55,2013.0,194.523,17
2023-07-24 13:35:00-04:00,194.51,194.62,194.51,194.59,2000.0,194.591,14
2023-07-24 13:40:00-04:00,194.52,194.59,194.45,194.52,2483.0,194.495,24
2023-07-24 13:45:00-04:00,194.39,194.42,194.33,194.33,1375.0,194.386,12
2023-07-24 13:50:00-04:00,194.38,194.38,194.17,194.23,1746.0,194.259,16
2023-07-24 13:55:00-04:00,194.26,194.4,194.26,194.39,2440.0,194.327,24
2023-07-24 14:00:00-04:00,194.51,194.57,194.51,194.56,900.0,194.531,9
2023-07-24 14:05:00-04:00,194.56,194.57,194.47,194.55,1285.0,194.538,6
2023-07-24 14:10:00-04:00,194.47,194.69,194.47,194.69,561.0,194.641,5
2023-07-24 14:15:00-04:00,194.73,194.96,194.73,194.86,3413.0,194.8,27
2023-07-24 14:20:00-04:00,194.82,194.85,194.71,194.85,5355.0,194.774,47
2023-07-24 14:25:00-04:00,194.82,194.86,194.64,194.64,2148.0,194.779,19
2023-07-24 14:30:00-04:00,194.58,194.59,194.37,194.37,2000.0,194.486,18
2023-07-24 14:35:00-04:00,194.38,194.51,194.33,194.44,2337.0,194.419,22
2023-07-24 14:40:00-04:00,194.44,194.44,194.25,194.39,3239.0,194.346,20
2023-07-24 14:45:00-04:00,194.43,194.43,194.34,194.38,1202.0,194.386,12
2023-07-24 14:50:00-04:00,194.46,194.61,194.41,194.61,3703.0,194.503,35
2023-07-24 14:55:00-04:00,194.6,194.66,194.5,194.55,3261.0,194.603,31
2023-07-24 15:00:00-04:00,194.62,194.62,194.48,194.51,1288.0,194.54,11
2023-07-24 15:05:00-04:00,194.59,194.59,194.46,194.46,2382.0,194.518,22
2023-07-24 15:10:00-04:00,194.46,194.52,194.38,194.49,3230.0,194.442,29
2023-07-24 15:15:00-04:00,194.53,194.65,194.52,194.62,4904.0,194.608,39
2023-07-24 15:20:00-04:00,194.53,194.6,194.47,194.5,2659.0,194.543,24
2023-07-24 15:25:00-04:00,194.5,194.57,194.26,194.27,3708.0,194.394,30
2023-07-24 15:30:00-04:00,194.35,194.43,194.26,194.36,8183.0,194.35,76
2023-07-24 15:35:00-04:00,194.32,194.51,194.27,194.27,13850.0,194.35,121
2023-07-24 15:40:00-04:00,194.4,194.48,194.34,194.46,11877.0,194.435,106
2023-07-24 15:45:00-04:00,194.48,194.66,194.39,194.4,22859.0,194.516,182
2023-07-24 15:50:00-04:00,194.39,194.41,194.02,194.05,28052.0,194.201,221
2023-07-24 15:55:00-04:00,194.12,194.51,194.01,194.47,57510.0,194.292,422
2023-07-25 09:30:00-04:00,194.06,194.07,193.31,193.66,11076.0,193.364,12
2023-07-25 09:35:00-04:00,194.05,194.33,193.49,194.32,7393.0,193.988,52
2023-07-25 09:40:00-04:00,194.41,194.82,194.4,194.56,28540.0,194.549,97
2023-07-25 09:45:00-04:00,194.56,195.17,194.41,194.98,17267.0,194.725,106
2023-07-25 09:50:00-04:00,194.99,195.34,194.68,194.79,10900.0,195.049,80
2023-07-25 09:55:00-04:00,194.93,195.18,194.68,195.0,28123.0,194.923,130
2023-07-25 10:00:00-04:00,195.13,195.18,194.79,194.79,3073.0,195.006,25
2023-07-25 10:05:00-04:00,194.7,195.02,194.64,195.02,2979.0,194.787,29
2023-07-25 10:10:00-04:00,194.98,195.16,194.92,195.03,2687.0,195.036,26
2023-07-25 10:15:00-04:00,195.11,195.16,194.7,194.71,7355.0,194.917,57
2023-07-25 10:20:00-04:00,194.63,194.83,194.62,194.8,10077.0,194.797,24
2023-07-25 10:25:00-04:00,194.84,194.84,194.37,194.42,5231.0,194.549,42
2023-07-25 10:30:00-04:00,194.36,194.37,194.11,194.25,2607.0,194.221,21
2023-07-25 10:35:00-04:00,194.24,194.55,194.23,194.47,2967.0,194.413,26
2023-07-25 10:40:00-04:00,194.47,194.6,194.4,194.45,2582.0,194.506,22
2023-07-25 10:45:00-04:00,194.5,194.59,194.31,194.42,4646.0,194.446,42
2023-07-25 10:50:00-04:00,194.42,194.57,194.33,194.33,9038.0,194.484,38
2023-07-25 10:55:00-04:00,194.38,194.53,194.38,194.53,2578.0,194.468,20
2023-07-25 11:00:00-04:00,194.44,194.46,194.2,194.3,4273.0,194.335,35
2023-07-25 11:05:00-04:00,194.22,194.33,194.18,194.3,5386.0,194.27,27
2023-07-25 11:10:00-04:00,194.22,194.33,194.16,194.28,3131.0,194.233,27
2023-07-25 11:15:00-04:00,194.24,194.28,194.12,194.25,4916.0,194.187,37
2023-07-25 11:20:00-04:00,194.24,194.46,194.14,194.32,7456.0,194.279,63
2023-07-25 11:25:00-04:00,194.26,194.32,194.18,194.26,2982.0,194.257,26
2023-07-25 11:30:00-04:00,194.45,194.48,194.18,194.24,4719.0,194.307,40
2023-07-25 11:35:00-04:00,194.24,194.45,194.24,194.45,3606.0,194.32,35
2023-07-25 11:40:00-04:00,194.41,194.47,194.2,194.2,3024.0,194.308,27
2023-07-25 11:45:00-04:00,194.17,194.22,194.13,194.17,2996.0,194.163,29
2023-07-25 11:50:00-04:00,194.12,194.26,194.08,194.26,5031.0,194.162,46
2023-07-25 11:55:00-04:00,194.27,194.35,194.2,194.34,10867.0,194.254,99
2023-07-25 12:00:00-04:00,194.27,194.33,194.1,194.2,5545.0,194.211,48
2023-07-25 12:05:00-04:00,194.22,194.47,194.21,194.47,4716.0,194.294,45
2023-07-25 12:10:00-04:00,194.53,194.56,194.44,194.55,4700.0,194.502,28
2023-07-25 12:15:00-04:00,194.52,194.64,194.41,194.51,3330.0,194.506,26
2023-07-25 12:20:00-04:00,194.69,195.07,194.6,195.07,12359.0,194.706,83
2023-07-25 12:25:00-04:00,195.15,195.15,194.74,194.75,3285.0,194.913,31
2023-07-25 12:30:00-04:00,194.8,194.85,194.71,194.72,1000.0,194.749,10
2023-07-25 12:35:00-04:00,194.69,194.69,194.32,194.4,2520.0,194.526,25
2023-07-25 12:40:00-04:00,194.42,194.61,194.34,194.56,6528.0,194.487,57
2023-07-25 12:45:00-04:00,194.51,194.66,194.43,194.56,10691.0,194.533,87
2023-07-25 12:50:00-04:00,194.61,194.8,194.56,194.73,13628.0,194.686,108
2023-07-25 12:55:00-04:00,194.69,195.06,194.69,194.88,16889.0,194.93,61
2023-07-25 13:00:00-04:00,194.91,195.0,194.9,194.99,1269.0,194.943,11
2023-07-25 13:05:00-04:00,194.97,194.97,194.56,194.61,4607.0,194.758,41
2023-07-25 13:10:00-04:00,194.63,194.65,194.62,194.62,1220.0,194.624,11
2023-07-25 13:15:00-04:00,194.67,195.01,194.64,194.93,6983.0,194.889,41
2023-07-25 13:20:00-04:00,194.99,195.03,194.88,194.93,2970.0,194.954,27
2023-07-25 13:25:00-04:00,194.93,195.03,194.8,194.84,1700.0,194.89,17
2023-07-25 13:30:00-04:00,194.85,194.93,194.79,194.87,2394.0,194.851,20
2023-07-25 13:35:00-04:00,194.82,194.82,194.7,194.75,2472.0,194.76,17
2023-07-25 13:40:00-04:00,194.74,194.76,194.69,194.76,2300.0,194.735,22
2023-07-25 13:45:00-04:00,194.74,194.74,194.65,194.65,2106.0,194.7,20
2023-07-25 13:50:00-04:00,194.61,194.61,194.47,194.59,5001.0,194.527,28
2023-07-25 13:55:00-04:00,194.55,194.55,194.4,194.55,5364.0,194.497,51
2023-07-25 14:00:00-04:00,194.53,194.67,194.48,194.67,3728.0,194.59,29
2023-07-25 14:05:00-04:00,194.62,194.95,194.62,194.95,11996.0,194.76,99
2023-07-25 14:10:00-04:00,194.96,194.97,194.83,194.84,2520.0,194.898,19
2023-07-25 14:15:00-04:00,194.85,194.88,194.67,194.82,2170.0,194.765,20
2023-07-25 14:20:00-04:00,194.83,194.99,194.82,194.99,2338.0,194.881,16
2023-07-25 14:25:00-04:00,194.93,194.93,194.8,194.88,2547.0,194.84,23
2023-07-25 14:30:00-04:00,194.88,194.96,194.75,194.88,6999.0,194.861,54
2023-07-25 14:35:00-04:00,194.93,195.01,194.93,195.01,2881.0,194.98,22
2023-07-25 14:40:00-04:00,195.01,195.04,194.89,195.0,5878.0,194.985,54
2023-07-25 14:45:00-04:00,195.0,195.13,194.82,194.82,3196.0,194.951,29
2023-07-25 14:50:00-04:00,194.83,194.94,194.81,194.89,5249.0,194.869,45
2023-07-25 14:55:00-04:00,194.87,194.88,194.47,194.47,3596.0,194.735,34
2023-07-25 15:00:00-04:00,194.56,194.7,194.45,194.45,3547.0,194.553,26
2023-07-25 15:05:00-04:00,194.47,194.47,194.36,194.45,1711.0,194.437,13
2023-07-25 15:10:00-04:00,194.38,194.38,194.22,194.3,6677.0,194.301,48
2023-07-25 15:15:00-04:00,194.33,194.46,194.3,194.37,4258.0,194.405,37
2023-07-25 15:20:00-04:00,194.4,194.56,194.4,194.56,3280.0,194.489,23
2023-07-25 15:25:00-04:00,194.62,194.7,194.55,194.56,3209.0,194.62,26
2023-07-25 15:30:00-04:00,194.55,194.55,194.4,194.54,4130.0,194.492,35
2023-07-25 15:35:00-04:00,194.52,194.82,194.47,194.82,6634.0,194.584,47
2023-07-25 15:40:00-04:00,194.78,194.86,194.53,194.6,7211.0,194.739,60
2023-07-25 15:45:00-04:00,194.59,194.72,194.58,194.71,10855.0,194.635,68
2023-07-25 15:50:00-04:00,194.62,194.69,194.49,194.66,14448.0,194.617,128
2023-07-25 15:55:00-04:00,194.65,194.66,194.44,194.46,42400.0,194.544,262
2023-07-26 09:30:00-04:00,193.62,194.02,193.09,194.02,16775.0,193.374,39
2023-07-26 09:35:00-04:00,193.91,194.21,193.42,193.7,12701.0,193.85,104
2023-07-26 09:40:00-04:00,193.72,194.45,193.51,194.42,4579.0,193.933,29
2023-07-26 09:45:00-04:00,194.34,194.34,193.5,193.7,10751.0,193.885,91
2023-07-26 09:50:00-04:00,193.7,193.94,193.49,193.55,8417.0,193.732,74
2023-07-26 09:55:00-04:00,193.71,193.81,193.13,193.14,14882.0,193.515,58
2023-07-26 10:00:00-04:00,193.13,193.15,192.8,193.06,11003.0,193.027,87
2023-07-26 10:05:00-04:00,193.06,193.29,193.01,193.17,10742.0,193.179,97
2023-07-26 10:10:00-04:00,193.23,193.48,193.21,193.3,7802.0,193.319,73
2023-07-26 10:15:00-04:00,193.22,193.4,193.15,193.37,12871.0,193.283,109
2023-07-26 10:20:00-04:00,193.32,193.37,193.05,193.22,10393.0,193.233,91
2023-07-26 10:25:00-04:00,193.24,193.66,193.24,193.57,3200.0,193.442,28
2023-07-26 10:30:00-04:00,193.56,193.74,193.52,193.67,6194.0,193.595,57
2023-07-26 10:35:00-04:00,193.74,193.77,193.57,193.67,7429.0,193.653,66
2023-07-26 10:40:00-04:00,193.6,193.6,192.8,193.01,15909.0,193.115,101
2023-07-26 10:45:00-04:00,193.07,193.09,192.86,192.94,5438.0,193.006,47
2023-07-26 10:50:00-04:00,193.0,193.01,192.77,192.79,3978.0,192.898,31
2023-07-26 10:55:00-04:00,192.79,193.17,192.56,193.02,21280.0,193.044,85
2023-07-26 11:00:00-04:00,192.99,193.53,192.98,193.53,9594.0,193.246,79
2023-07-26 11:05:00-04:00,193.63,193.78,193.59,193.78,7102.0,193.686,63
2023-07-26 11:10:00-04:00,193.69,193.91,193.69,193.91,2899.0,193.816,16
2023-07-26 11:15:00-04:00,193.92,194.1,193.7,193.91,19868.0,194.005,80
2023-07-26 11:20:00-04:00,193.99,194.11,193.84,193.87,3995.0,193.974,33
2023-07-26 11:25:00-04:00,193.87,193.95,193.69,193.9,8012.0,193.835,63
2023-07-26 11:30:00-04:00,193.87,193.87,193.65,193.65,1672.0,193.705,15
2023-07-26 11:35:00-04:00,193.64,193.7,193.49,193.67,6880.0,193.598,50
2023-07-26 11:40:00-04:00,193.64,193.92,193.58,193.7,8868.0,193.768,61
2023-07-26 11:45:00-04:00,193.71,193.75,193.45,193.45,5648.0,193.632,50
2023-07-26 11:50:00-04:00,193.46,193.55,193.41,193.49,3962.0,193.513,35
2023-07-26 11:55:00-04:00,193.57,193.9,193.57,193.82,6922.0,193.697,62
2023-07-26 12:00:00-04:00,193.75,193.89,193.64,193.65,803.0,193.761,7
2023-07-26 12:05:00-04:00,193.71,193.95,193.58,193.81,2846.0,193.756,24
2023-07-26 12:10:00-04:00,193.8,193.9,193.73,193.78,1834.0,193.837,16
2023-07-26 12:15:00-04:00,193.73,193.85,193.7,193.8,2800.0,193.761,25
2023-07-26 12:20:00-04:00,193.81,193.82,193.66,193.78,4022.0,193.761,32
2023-07-26 12:25:00-04:00,193.78,193.91,193.74,193.89,4800.0,193.824,44
2023-07-26 12:30:00-04:00,193.78,193.88,193.72,193.74,708.0,193.792,7
2023-07-26 12:35:00-04:00,193.78,193.79,193.66,193.66,1506.0,193.728,14
2023-07-26 12:40:00-04:00,193.66,193.79,193.57,193.65,6564.0,193.663,54
2023-07-26 12:45:00-04:00,193.58,193.6,193.38,193.49,16575.0,193.459,127
2023-07-26 12:50:00-04:00,193.52,193.58,193.38,193.39,6635.0,193.483,53
2023-07-26 12:55:00-04:00,193.43,193.43,193.1,193.25,5207.0,193.205,47
2023-07-26 13:00:00-04:00,193.22,193.32,193.15,193.21,3944.0,193.251,37
2023-07-26 13:05:00-04:00,193.24,193.41,193.24,193.31,8767.0,193.347,66
2023-07-26 13:10:00-04:00,193.38,193.56,193.33,193.52,5692.0,193.477,47
2023-07-26 13:15:00-04:00,193.5,193.5,193.31,193.41,3166.0,193.401,29
2023-07-26 13:20:00-04:00,193.4,193.4,193.17,193.22,6600.0,193.253,39
2023-07-26 13:25:00-04:00,193.13,193.19,192.84,192.89,3761.0,192.973,31
2023-07-26 13:30:00-04:00,192.82,192.98,192.72,192.95,2486.0,192.856,22
2023-07-26 13:35:00-04:00,192.98,193.01,192.88,192.95,5835.0,192.947,41
2023-07-26 13:40:00-04:00,192.95,193.18,192.95,193.0,3061.0,193.081,29
2023-07-26 13:45:00-04:00,193.03,193.27,193.03,193.21,2635.0,193.158,19
2023-07-26 13:50:00-04:00,193.14,193.46,193.12,193.46,1500.0,193.262,14
2023-07-26 13:55:00-04:00,193.35,193.47,193.35,193.36,1032.0,193.373,10
2023-07-26 14:00:00-04:00,193.25,193.55,193.21,193.45,3233.0,193.411,31
2023-07-26 14:05:00-04:00,193.35,193.54,193.3,193.54,1500.0,193.463,15
2023-07-26 14:10:00-04:00,193.42,193.65,193.42,193.59,1102.0,193.579,11
2023-07-26 14:15:00-04:00,193.5,193.67,193.5,193.56,1954.0,193.603,16
2023-07-26 14:20:00-04:00,193.59,193.67,193.48,193.52,6232.0,193.556,22
2023-07-26 14:25:00-04:00,193.5,193.5,193.35,193.35,4132.0,193.43,28
2023-07-26 14:30:00-04:00,193.37,193.58,193.29,193.58,4344.0,193.47,24
2023-07-26 14:35:00-04:00,193.62,194.26,193.57,194.26,5815.0,193.84,45
2023-07-26 14:40:00-04:00,194.16,194.58,194.15,194.38,4150.0,194.299,38
2023-07-26 14:45:00-04:00,194.25,194.38,193.89,193.9,8378.0,194.071,71
2023-07-26 14:50:00-04:00,193.87,194.58,193.78,194.39,5744.0,194.1,51
2023-07-26 14:55:00-04:00,194.3,194.73,194.21,194.4,4492.0,194.422,44
2023-07-26 15:00:00-04:00,194.5,194.55,194.26,194.53,6018.0,194.403,58
2023-07-26 15:05:00-04:00,194.47,194.54,193.54,193.81,10615.0,194.095,69
2023-07-26 15:10:00-04:00,193.63,194.28,193.63,194.18,6478.0,193.99,55
2023-07-26 15:15:00-04:00,194.18,194.34,193.62,193.84,9454.0,194.08,76
2023-07-26 15:20:00-04:00,193.85,194.16,193.84,193.92,3030.0,193.963,27
2023-07-26 15:25:00-04:00,193.81,194.07,193.81,193.94,2616.0,193.979,24
2023-07-26 15:30:00-04:00,193.87,193.93,193.69,193.82,4342.0,193.82,39
2023-07-26 15:35:00-04:00,193.81,193.86,193.39,193.61,7640.0,193.674,72
2023-07-26 15:40:00-04:00,193.7,193.85,193.66,193.75,7088.0,193.771,66
2023-07-26 15:45:00-04:00,193.81,193.9,193.68,193.7,10506.0,193.792,102
2023-07-26 15:50:00-04:00,193.65,194.25,193.56,194.25,18105.0,193.746,155
2023-07-26 15:55:00-04:00,194.14,194.41,193.96,194.23,58304.0,194.256,360
2023-07-27 09:30:00-04:00,195.21,196.17,195.21,195.87,11657.0,195.324,29
2023-07-27 09:35:00-04:00,196.02,197.34,195.36,197.25,6435.0,196.29,58
2023-07-27 09:40:00-04:00,197.24,197.53,196.48,196.65,16752.0,196.927,148
2023-07-27 09:45:00-04:00,196.8,196.96,196.23,196.61,4848.0,196.541,42
2023-07-27 09:50:00-04:00,196.62,196.92,196.18,196.18,5046.0,196.617,35
2023-07-27 09:55:00-04:00,196.25,196.92,196.13,196.92,9605.0,196.382,69
2023-07-27 10:00:00-04:00,196.58,196.65,196.21,196.5,13555.0,196.465,101
2023-07-27 10:05:00-04:00,196.19,196.99,196.19,196.58,13955.0,196.68,86
2023-07-27 10:10:00-04:00,196.49,196.57,196.26,196.48,24389.0,196.372,115
2023-07-27 10:15:00-04:00,196.48,196.49,195.3,195.63,15273.0,195.998,78
2023-07-27 10:20:00-04:00,195.53,195.84,195.41,195.5,11151.0,195.622,87
2023-07-27 10:25:00-04:00,195.5,195.75,195.32,195.42,15476.0,195.501,92
2023-07-27 10:30:00-04:00,195.42,195.59,195.22,195.5,18064.0,195.444,148
2023-07-27 10:35:00-04:00,195.56,195.93,195.32,195.83,12290.0,195.616,104
2023-07-27 10:40:00-04:00,195.82,195.95,195.27,195.62,8950.0,195.726,75
2023-07-27 10:45:00-04:00,195.66,195.77,195.23,195.38,8375.0,195.475,74
2023-07-27 10:50:00-04:00,195.38,195.43,195.18,195.41,10953.0,195.303,74
2023-07-27 10:55:00-04:00,195.41,195.51,195.08,195.16,12300.0,195.334,96
2023-07-27 11:00:00-04:00,195.18,195.26,194.83,194.9,14509.0,195.096,85
2023-07-27 11:05:00-04:00,194.83,194.84,194.58,194.58,12941.0,194.728,99
2023-07-27 11:10:00-04:00,194.64,194.96,194.64,194.87,6754.0,194.842,61
2023-07-27 11:15:00-04:00,194.95,195.19,194.95,195.17,16806.0,195.065,91
2023-07-27 11:20:00-04:00,195.17,195.49,195.13,195.32,13986.0,195.291,112
2023-07-27 11:25:00-04:00,195.26,195.39,195.18,195.36,3815.0,195.278,33
2023-07-27 11:30:00-04:00,195.31,195.88,195.25,195.87,6002.0,195.636,55
2023-07-27 11:35:00-04:00,196.03,196.13,195.79,195.95,26352.0,195.962,71
2023-07-27 11:40:00-04:00,195.93,196.21,195.77,195.81,7424.0,195.95,50
2023-07-27 11:45:00-04:00,195.74,195.85,195.45,195.45,40841.0,195.729,100
2023-07-27 11:50:00-04:00,195.43,195.58,195.3,195.58,7517.0,195.387,63
2023-07-27 11:55:00-04:00,195.5,195.51,195.3,195.34,6267.0,195.42,43
2023-07-27 12:00:00-04:00,195.34,195.47,195.26,195.42,4815.0,195.365,43
2023-07-27 12:05:00-04:00,195.48,195.82,195.47,195.76,5366.0,195.62,47
2023-07-27 12:10:00-04:00,195.81,196.01,195.78,196.0,2500.0,195.864,23
2023-07-27 12:15:00-04:00,196.0,196.18,195.9,196.18,6438.0,195.976,50
2023-07-27 12:20:00-04:00,196.2,196.61,196.17,196.61,2063.0,196.409,18
2023-07-27 12:25:00-04:00,196.61,196.76,196.6,196.75,1749.0,196.662,16
2023-07-27 12:30:00-04:00,196.76,197.19,196.68,197.03,23613.0,196.96,159
2023-07-27 12:35:00-04:00,197.05,197.08,196.71,196.95,5232.0,196.885,46
2023-07-27 12:40:00-04:00,196.79,196.83,196.69,196.78,2004.0,196.763,18
2023-07-27 12:45:00-04:00,196.78,197.23,196.77,197.23,7002.0,196.96,48
2023-07-27 12:50:00-04:00,197.19,197.22,196.88,196.95,10793.0,197.109,76
2023-07-27 12:55:00-04:00,196.89,197.06,196.75,197.05,10258.0,196.844,59
2023-07-27 13:00:00-04:00,197.14,197.49,197.14,197.44,11799.0,197.336,83
2023-07-27 13:05:00-04:00,197.48,197.57,197.09,197.16,14955.0,197.363,139
2023-07-27 13:10:00-04:00,197.25,197.28,196.9,197.16,4610.0,197.103,45
2023-07-27 13:15:00-04:00,197.05,197.51,196.99,197.33,10949.0,197.206,94
2023-07-27 13:20:00-04:00,197.23,197.36,197.14,197.36,5522.0,197.21,51
2023-07-27 13:25:00-04:00,197.37,197.37,197.13,197.25,3635.0,197.261,34
2023-07-27 13:30:00-04:00,197.16,197.27,197.04,197.18,4500.0,197.168,38
2023-07-27 13:35:00-04:00,197.2,197.25,196.78,196.78,4240.0,197.114,39
2023-07-27 13:40:00-04:00,196.77,197.27,196.77,197.27,4969.0,196.958,27
2023-07-27 13:45:00-04:00,197.34,197.52,197.13,197.43,18934.0,197.261,48
2023-07-27 13:50:00-04:00,197.44,197.44,197.17,197.26,5839.0,197.284,43
2023-07-27 13:55:00-04:00,197.32,197.62,197.32,197.59,2617.0,197.476,25
2023-07-27 14:00:00-04:00,197.52,197.83,197.49,197.77,3316.0,197.688,32
2023-07-27 14:05:00-04:00,197.77,197.82,197.35,197.59,10622.0,197.646,74
2023-07-27 14:10:00-04:00,197.49,197.56,197.32,197.47,6885.0,197.425,67
2023-07-27 14:15:00-04:00,197.44,197.7,197.4,197.64,4316.0,197.549,38
2023-07-27 14:20:00-04:00,197.65,197.81,197.49,197.5,5005.0,197.648,47
2023-07-27 14:25:00-04:00,197.56,197.62,197.39,197.48,5867.0,197.514,48
2023-07-27 14:30:00-04:00,197.48,197.57,197.23,197.4,3936.0,197.4,35
2023-07-27 14:35:00-04:00,197.31,197.39,196.94,197.01,2785.0,197.177,26
2023-07-27 14:40:00-04:00,197.08,197.31,197.07,197.3,3266.0,197.227,28
2023-07-27 14:45:00-04:00,197.27,197.58,197.27,197.53,3230.0,197.436,31
2023-07-27 14:50:00-04:00,197.51,197.8,197.45,197.8,3875.0,197.6,37
2023-07-27 14:55:00-04:00,197.73,197.82,197.54,197.64,7423.0,197.691,71
2023-07-27 15:00:00-04:00,197.61,197.81,197.57,197.78,7882.0,197.706,64
2023-07-27 15:05:00-04:00,197.78,197.78,197.52,197.68,9917.0,197.647,92
2023-07-27 15:10:00-04:00,197.71,197.81,197.59,197.69,2337.0,197.709,22
2023-07-27 15:15:00-04:00,197.68,197.7,197.52,197.7,3358.0,197.599,30
2023-07-27 15:20:00-04:00,197.74,197.74,197.29,197.29,3800.0,197.468,38
2023-07-27 15:25:00-04:00,197.27,197.39,197.12,197.36,5518.0,197.263,53
2023-07-27 15:30:00-04:00,197.41,197.89,197.41,197.7,13087.0,197.744,123
2023-07-27 15:35:00-04:00,197.6,197.6,197.25,197.25,4978.0,197.421,46
2023-07-27 15:40:00-04:00,197.26,197.31,197.1,197.19,32437.0,197.219,282
2023-07-27 15:45:00-04:00,197.2,197.25,196.77,196.89,16745.0,197.041,163
2023-07-27 15:50:00-04:00,196.92,197.31,196.87,196.98,26466.0,197.068,189
2023-07-27 15:55:00-04:00,197.01,197.3,196.84,197.12,49955.0,197.089,364
2023-07-28 09:30:00-04:00,199.61,199.61,198.55,198.56,11740.0,199.493,7
2023-07-28 09:35:00-04:00,198.61,198.95,198.59,198.86,3492.0,198.693,32
2023-07-28 09:40:00-04:00,198.9,199.28,198.46,198.47,6466.0,198.864,56
2023-07-28 09:45:00-04:00,198.81,199.22,198.6,199.22,2700.0,198.791,26
2023-07-28 09:50:00-04:00,199.05,199.57,199.04,199.25,22271.0,199.264,122
2023-07-28 09:55:00-04:00,199.25,199.64,198.95,199.21,15148.0,199.133,128
2023-07-28 10:00:00-04:00,199.15,199.64,199.14,199.31,8524.0,199.475,59
2023-07-28 10:05:00-04:00,199.31,199.53,199.13,199.24,4210.0,199.332,35
2023-07-28 10:10:00-04:00,199.3,199.3,198.98,199.15,4598.0,199.06,33
2023-07-28 10:15:00-04:00,199.15,199.4,198.99,199.13,6369.0,199.201,54
2023-07-28 10:20:00-04:00,199.25,199.33,199.15,199.17,3600.0,199.226,30
2023-07-28 10:25:00-04:00,199.26,199.28,198.89,199.08,6045.0,199.092,58
2023-07-28 10:30:00-04:00,199.13,199.14,198.88,198.98,3780.0,199.026,31
2023-07-28 10:35:00-04:00,199.03,199.04,198.6,198.67,4764.0,198.797,38
2023-07-28 10:40:00-04:00,198.69,199.0,198.69,198.91,6937.0,198.876,60
2023-07-28 10:45:00-04:00,199.02,199.15,198.91,199.12,2761.0,199.077,23
2023-07-28 10:50:00-04:00,198.98,199.18,198.98,199.06,1697.0,199.087,13
2023-07-28 10:55:00-04:00,199.11,199.3,199.07,199.28,3647.0,199.207,29
2023-07-28 11:00:00-04:00,199.27,199.3,199.1,199.25,9199.0,199.204,75
2023-07-28 11:05:00-04:00,199.24,199.26,198.96,199.08,13953.0,199.138,83
2023-07-28 11:10:00-04:00,199.11,199.18,198.89,198.92,3066.0,199.032,28
2023-07-28 11:15:00-04:00,198.93,199.24,198.91,199.13,5085.0,199.066,41
2023-07-28 11:20:00-04:00,199.23,199.53,199.23,199.31,3473.0,199.365,27
2023-07-28 11:25:00-04:00,199.32,199.48,199.32,199.4,900.0,199.394,9
2023-07-28 11:30:00-04:00,199.4,199.72,199.4,199.61,4416.0,199.556,41
2023-07-28 11:35:00-04:00,199.54,199.74,199.54,199.63,8557.0,199.67,63
2023-07-28 11:40:00-04:00,199.64,199.7,199.42,199.42,11259.0,199.614,82
2023-07-28 11:45:00-04:00,199.27,199.27,198.98,198.98,1800.0,199.098,10
2023-07-28 11:50:00-04:00,199.1,199.15,198.79,198.96,13896.0,198.937,49
2023-07-28 11:55:00-04:00,198.65,198.81,198.49,198.79,4223.0,198.649,37
2023-07-28 12:00:00-04:00,198.74,198.79,198.42,198.56,1440.0,198.591,11
2023-07-28 12:05:00-04:00,198.52,198.69,198.44,198.64,2626.0,198.567,20
2023-07-28 12:10:00-04:00,198.64,198.82,198.62,198.78,3529.0,198.707,33
2023-07-28 12:15:00-04:00,198.78,198.89,198.61,198.61,5834.0,198.762,47
2023-07-28 12:20:00-04:00,198.67,198.72,198.62,198.65,2286.0,198.664,18
2023-07-28 12:25:00-04:00,198.72,198.76,198.51,198.51,4800.0,198.713,28
2023-07-28 12:30:00-04:00,198.52,198.59,198.45,198.45,3480.0,198.547,29
2023-07-28 12:35:00-04:00,198.46,198.48,198.13,198.16,5209.0,198.339,43
2023-07-28 12:40:00-04:00,198.14,198.42,198.07,198.42,4509.0,198.235,33
2023-07-28 12:45:00-04:00,198.43,198.47,198.41,198.44,2031.0,198.434,16
2023-07-28 12:50:00-04:00,198.45,198.45,198.42,198.45,1600.0,198.445,12
2023-07-28 12:55:00-04:00,198.52,198.52,198.46,198.49,1201.0,198.494,11
2023-07-28 13:00:00-04:00,198.5,198.79,198.49,198.79,4075.0,198.555,37
2023-07-28 13:05:00-04:00,198.77,198.83,198.52,198.58,5748.0,198.674,55
2023-07-28 13:10:00-04:00,198.58,198.65,198.47,198.61,3100.0,198.582,30
2023-07-28 13:15:00-04:00,198.63,198.68,198.46,198.52,4102.0,198.579,27
2023-07-28 13:20:00-04:00,198.47,198.48,198.22,198.28,2401.0,198.368,17
2023-07-28 13:25:00-04:00,198.24,198.28,198.15,198.24,2800.0,198.232,27
2023-07-28 13:30:00-04:00,198.24,198.32,198.12,198.12,5159.0,198.254,48
2023-07-28 13:35:00-04:00,198.11,198.19,197.98,198.16,4405.0,198.099,41
2023-07-28 13:40:00-04:00,198.2,198.2,198.03,198.11,3755.0,198.123,34
2023-07-28 13:45:00-04:00,198.15,198.31,198.13,198.24,4115.0,198.241,39
2023-07-28 13:50:00-04:00,198.2,198.46,198.17,198.45,5850.0,198.321,54
2023-07-28 13:55:00-04:00,198.5,198.63,198.45,198.63,3812.0,198.55,34
2023-07-28 14:00:00-04:00,198.62,198.81,198.6,198.78,10795.0,198.716,56
2023-07-28 14:05:00-04:00,198.82,198.96,198.81,198.96,4263.0,198.865,40
2023-07-28 14:10:00-04:00,198.91,198.91,198.73,198.74,2777.0,198.802,25
2023-07-28 14:15:00-04:00,198.7,198.85,198.69,198.76,5049.0,198.781,42
2023-07-28 14:20:00-04:00,198.76,198.95,198.76,198.95,6184.0,198.839,59
2023-07-28 14:25:00-04:00,198.86,199.01,198.85,198.94,3331.0,198.927,23
2023-07-28 14:30:00-04:00,199.0,199.01,198.89,198.93,14156.0,198.951,98
2023-07-28 14:35:00-04:00,198.91,198.92,198.56,198.56,7150.0,198.847,48
2023-07-28 14:40:00-04:00,198.49,198.64,198.47,198.61,6273.0,198.58,53
2023-07-28 14:45:00-04:00,198.61,198.73,198.35,198.44,7348.0,198.53,61
2023-07-28 14:50:00-04:00,198.44,198.68,198.44,198.66,5883.0,198.589,39
2023-07-28 14:55:00-04:00,198.62,198.62,198.39,198.46,3095.0,198.538,30
2023-07-28 15:00:00-04:00,198.51,198.51,198.4,198.51,2130.0,198.451,17
2023-07-28 15:05:00-04:00,198.52,198.55,198.48,198.55,2612.0,198.516,22
2023-07-28 15:10:00-04:00,198.51,198.78,198.51,198.59,8655.0,198.672,67
2023-07-28 15:15:00-04:00,198.59,198.65,198.57,198.64,4342.0,198.627,40
2023-07-28 15:20:00-04:00,198.65,198.66,198.48,198.49,4200.0,198.585,40
2023-07-28 15:25:00-04:00,198.48,198.64,198.47,198.53,10672.0,198.563,97
2023-07-28 15:30:00-04:00,198.5,198.56,198.38,198.5,6091.0,198.496,55
2023-07-28 15:35:00-04:00,198.49,198.51,198.32,198.33,14280.0,198.45,57
2023-07-28 15:40:00-04:00,198.29,198.35,198.14,198.33,12923.0,198.262,108
2023-07-28 15:45:00-04:00,198.34,198.45,198.3,198.32,26747.0,198.384,179
2023-07-28 15:50:00-04:00,198.25,198.87,198.23,198.83,24814.0,198.547,182
2023-07-28 15:55:00-04:00,198.83,199.03,198.51,198.52,80957.0,198.766,583
2023-07-31 09:30:00-04:00,199.91,200.07,198.4,199.07,14302.0,198.934,19
2023-07-31 09:35:00-04:00,199.08,199.08,198.38,198.8,3822.0,198.73,34
2023-07-31 09:40:00-04:00,199.08,199.1,198.74,198.87,14173.0,198.928,38
2023-07-31 09:45:00-04:00,198.98,199.12,198.68,199.11,4345.0,198.92,40
2023-07-31 09:50:00-04:00,199.17,199.35,198.79,198.79,6949.0,199.187,56
2023-07-31 09:55:00-04:00,198.71,198.71,198.06,198.44,5562.0,198.387,51
2023-07-31 10:00:00-04:00,198.51,198.81,198.38,198.78,6846.0,198.651,54
2023-07-31 10:05:00-04:00,198.86,199.15,198.78,199.06,2390.0,198.929,22
2023-07-31 10:10:00-04:00,199.15,199.24,199.09,199.09,1307.0,199.154,11
2023-07-31 10:15:00-04:00,199.25,199.79,199.24,199.53,5915.0,199.49,40
2023-07-31 10:20:00-04:00,199.54,199.73,199.4,199.53,11216.0,199.555,41
2023-07-31 10:25:00-04:00,199.58,199.68,199.56,199.59,3631.0,199.619,23
2023-07-31 10:30:00-04:00,199.69,199.76,199.17,199.24,28982.0,199.588,86
2023-07-31 10:35:00-04:00,199.25,199.26,198.97,198.97,2509.0,199.134,21
2023-07-31 10:40:00-04:00,199.06,199.16,198.91,199.15,7893.0,199.033,70
2023-07-31 10:45:00-04:00,199.2,199.25,198.99,199.14,3472.0,199.15,33
2023-07-31 10:50:00-04:00,199.14,199.3,199.06,199.26,13943.0,199.163,78
2023-07-31 10:55:00-04:00,199.24,199.62,199.24,199.39,14319.0,199.491,126
2023-07-31 11:00:00-04:00,199.37,199.38,198.83,198.9,2700.0,199.131,27
2023-07-31 11:05:00-04:00,198.91,199.19,198.91,199.17,3917.0,199.08,36
2023-07-31 11:10:00-04:00,199.14,199.14,198.88,198.88,3586.0,199.006,30
2023-07-31 11:15:00-04:00,198.95,199.13,198.94,199.09,3255.0,199.032,32
2023-07-31 11:20:00-04:00,199.16,199.17,199.0,199.0,2630.0,199.078,24
2023-07-31 11:25:00-04:00,198.94,198.94,198.72,198.79,3492.0,198.876,28
2023-07-31 11:30:00-04:00,198.8,198.8,198.54,198.62,4451.0,198.686,42
2023-07-31 11:35:00-04:00,198.51,198.64,198.41,198.48,14274.0,198.446,42
2023-07-31 11:40:00-04:00,198.41,198.52,198.21,198.52,4704.0,198.403,47
2023-07-31 11:45:00-04:00,198.52,198.59,198.39,198.46,1558.0,198.517,15
2023-07-31 11:50:00-04:00,198.4,198.4,198.15,198.27,2297.0,198.281,21
2023-07-31 11:55:00-04:00,198.32,198.6,198.32,198.6,16822.0,198.376,58
2023-07-31 12:00:00-04:00,198.61,198.84,198.61,198.84,1325.0,198.75,11
2023-07-31 12:05:00-04:00,198.8,198.91,198.7,198.88,2922.0,198.81,29
2023-07-31 12:10:00-04:00,198.93,199.17,198.93,199.16,1707.0,199.11,16
2023-07-31 12:15:00-04:00,199.13,199.13,199.08,199.11,1876.0,199.117,17
2023-07-31 12:20:00-04:00,199.04,199.06,198.83,198.94,8069.0,198.976,67
2023-07-31 12:25:00-04:00,198.99,199.05,198.76,198.93,2255.0,198.925,21
2023-07-31 12:30:00-04:00,198.93,198.93,198.77,198.77,2046.0,198.866,20
2023-07-31 12:35:00-04:00,198.73,198.79,198.59,198.7,2513.0,198.693,25
2023-07-31 12:40:00-04:00,198.71,198.72,198.6,198.69,2100.0,198.669,20
2023-07-31 12:45:00-04:00,198.64,198.64,198.37,198.46,3031.0,198.485,29
2023-07-31 12:50:00-04:00,198.45,198.64,198.45,198.6,2500.0,198.533,25
2023-07-31 12:55:00-04:00,198.65,198.67,198.52,198.67,2024.0,198.6,18
2023-07-31 13:00:00-04:00,198.68,198.85,198.64,198.67,5337.0,198.739,52
2023-07-31 13:05:00-04:00,198.59,198.73,198.51,198.73,3815.0,198.648,35
2023-07-31 13:10:00-04:00,198.75,198.76,198.52,198.53,3027.0,198.676,27
2023-07-31 13:15:00-04:00,198.55,198.55,198.26,198.36,2319.0,198.368,20
2023-07-31 13:20:00-04:00,198.38,198.44,198.32,198.4,2286.0,198.399,19
2023-07-31 13:25:00-04:00,198.37,198.5,198.36,198.39,4436.0,198.44,34
2023-07-31 13:30:00-04:00,198.43,198.63,198.43,198.63,2202.0,198.532,22
2023-07-31 13:35:00-04:00,198.68,198.75,198.51,198.62,1700.0,198.668,15
2023-07-31 13:40:00-04:00,198.6,198.6,198.46,198.48,2316.0,198.526,22
2023-07-31 13:45:00-04:00,198.44,198.51,198.37,198.51,3649.0,198.439,29
2023-07-31 13:50:00-04:00,198.53,198.58,198.37,198.44,4172.0,198.483,39
2023-07-31 13:55:00-04:00,198.46,198.58,198.44,198.44,4867.0,198.513,46
2023-07-31 14:00:00-04:00,198.48,198.63,198.47,198.54,4295.0,198.559,42
2023-07-31 14:05:00-04:00,198.56,198.71,198.55,198.56,11141.0,198.602,34
2023-07-31 14:10:00-04:00,198.52,198.62,198.28,198.28,1525.0,198.51,12
2023-07-31 14:15:00-04:00,198.3,198.35,198.21,198.25,1635.0,198.308,13
2023-07-31 14:20:00-04:00,198.18,198.2,198.11,198.19,2810.0,198.163,28
2023-07-31 14:25:00-04:00,198.21,198.52,198.14,198.49,7152.0,198.397,56
2023-07-31 14:30:00-04:00,198.57,198.65,198.46,198.57,2857.0,198.556,27
2023-07-31 14:35:00-04:00,198.72,198.74,198.58,198.63,1600.0,198.662,16
2023-07-31 14:40:00-04:00,198.63,198.76,198.59,198.74,4262.0,198.669,29
2023-07-31 14:45:00-04:00,198.73,198.9,198.73,198.9,2386.0,198.825,22
2023-07-31 14:50:00-04:00,198.94,199.08,198.9,198.9,2650.0,199.002,24
2023-07-31 14:55:00-04:00,198.95,199.21,198.94,199.2,20751.0,199.066,92
2023-07-31 15:00:00-04:00,199.16,199.16,198.86,198.86,12463.0,199.034,84
2023-07-31 15:05:00-04:00,198.84,199.18,198.71,199.07,10151.0,198.956,83
2023-07-31 15:10:00-04:00,198.97,199.08,198.81,199.07,2822.0,198.958,28
2023-07-31 15:15:00-04:00,199.09,199.2,199.03,199.06,3325.0,199.102,30
2023-07-31 15:20:00-04:00,199.18,199.24,199.07,199.07,3259.0,199.177,32
2023-07-31 15:25:00-04:00,199.08,199.2,198.99,199.11,2955.0,199.108,27
2023-07-31 15:30:00-04:00,199.11,199.19,198.81,198.81,6700.0,199.06,62
2023-07-31 15:35:00-04:00,198.82,198.88,198.56,198.56,15969.0,198.806,90
2023-07-31 15:40:00-04:00,198.59,199.1,198.58,199.04,15720.0,198.95,114
2023-07-31 15:45:00-04:00,199.04,199.14,198.85,198.99,14669.0,198.972,121
2023-07-31 15:50:00-04:00,198.92,199.47,198.73,199.3,26216.0,199.213,231
2023-07-31 15:55:00-04:00,199.28,199.57,199.25,199.46,66852.0,199.436,514
2023-08-01 09:30:00-04:00,198.94,200.5,198.59,200.02,40270.0,199.698,123
2023-08-01 09:35:00-04:00,200.03,200.98,199.56,200.12,6070.0,200.506,56
2023-08-01 09:40:00-04:00,200.15,200.94,199.87,200.47,6240.0,200.142,29
2023-08-01 09:45:00-04:00,200.72,200.84,200.05,200.58,4291.0,200.637,36
2023-08-01 09:50:00-04:00,200.73,200.98,200.5,200.61,8090.0,200.754,70
2023-08-01 09:55:00-04:00,200.89,201.84,200.63,201.84,10504.0,201.055,47
2023-08-01 10:00:00-04:00,201.41,201.62,201.06,201.06,2638.0,201.266,25
2023-08-01 10:05:00-04:00,201.18,201.36,200.86,200.9,5048.0,201.157,48
2023-08-01 10:10:00-04:00,200.88,200.91,200.39,200.42,8993.0,200.615,73
2023-08-01 10:15:00-04:00,200.38,200.38,200.05,200.23,5694.0,200.223,52
2023-08-01 10:20:00-04:00,200.23,200.35,199.92,199.92,3533.0,200.181,32
2023-08-01 10:25:00-04:00,199.93,200.04,199.71,199.75,5408.0,199.845,45
2023-08-01 10:30:00-04:00,199.75,200.08,199.72,199.97,10002.0,199.885,98
2023-08-01 10:35:00-04:00,199.97,199.97,199.43,199.44,3509.0,199.753,32
2023-08-01 10:40:00-04:00,199.6,199.62,199.12,199.29,4802.0,199.523,24
2023-08-01 10:45:00-04:00,199.31,199.34,199.27,199.34,1200.0,199.3,12
2023-08-01 10:50:00-04:00,199.38,199.54,199.2,199.39,7615.0,199.393,63
2023-08-01 10:55:00-04:00,199.41,199.52,198.92,199.2,4354.0,199.249,35
2023-08-01 11:00:00-04:00,199.21,199.21,198.81,198.93,2044.0,198.981,19
2023-08-01 11:05:00-04:00,198.82,199.05,198.77,198.87,7668.0,198.915,41
2023-08-01 11:10:00-04:00,198.83,198.9,198.65,198.71,2874.0,198.774,27
2023-08-01 11:15:00-04:00,198.65,198.71,198.48,198.59,3612.0,198.562,32
2023-08-01 11:20:00-04:00,198.53,198.67,198.47,198.58,2726.0,198.566,24
2023-08-01 11:25:00-04:00,198.59,198.73,198.47,198.56,5386.0,198.577,44
2023-08-01 11:30:00-04:00,198.6,198.62,198.37,198.38,7264.0,198.519,40
2023-08-01 11:35:00-04:00,198.46,198.93,198.42,198.93,5189.0,198.631,51
2023-08-01 11:40:00-04:00,198.8,198.93,198.55,198.55,5763.0,198.695,43
2023-08-01 11:45:00-04:00,198.47,198.79,198.44,198.74,3054.0,198.625,21
2023-08-01 11:50:00-04:00,198.74,198.89,198.59,198.67,2572.0,198.745,24
2023-08-01 11:55:00-04:00,198.67,198.74,198.58,198.68,2648.0,198.676,23
2023-08-01 12:00:00-04:00,198.66,198.76,198.63,198.63,1200.0,198.683,12
2023-08-01 12:05:00-04:00,198.71,198.9,198.57,198.9,7342.0,198.74,69
2023-08-01 12:10:00-04:00,198.84,198.84,198.57,198.76,3193.0,198.694,30
2023-08-01 12:15:00-04:00,198.74,198.74,198.39,198.39,4521.0,198.574,42
2023-08-01 12:20:00-04:00,198.39,198.51,198.38,198.51,1600.0,198.448,15
2023-08-01 12:25:00-04:00,198.44,198.52,198.33,198.49,3000.0,198.448,30
2023-08-01 12:30:00-04:00,198.57,198.67,198.43,198.58,3484.0,198.554,30
2023-08-01 12:35:00-04:00,198.63,198.64,198.48,198.48,3197.0,198.548,28
2023-08-01 12:40:00-04:00,198.57,198.62,198.45,198.45,1600.0,198.565,16
2023-08-01 12:45:00-04:00,198.47,198.47,197.9,197.92,5506.0,198.166,48
2023-08-01 12:50:00-04:00,197.95,198.03,197.88,197.95,3271.0,197.954,25
2023-08-01 12:55:00-04:00,197.94,198.13,197.91,198.11,4390.0,198.051,40
2023-08-01 13:00:00-04:00,198.11,198.11,197.91,198.02,2382.0,198.057,16
2023-08-01 13:05:00-04:00,198.0,198.26,197.98,198.19,3308.0,198.117,33
2023-08-01 13:10:00-04:00,198.25,198.63,198.25,198.63,2470.0,198.445,23
2023-08-01 13:15:00-04:00,198.66,198.8,198.47,198.47,2225.0,198.612,16
2023-08-01 13:20:00-04:00,198.5,199.04,198.5,198.97,2609.0,198.76,26
2023-08-01 13:25:00-04:00,198.98,199.14,198.91,199.14,1700.0,199.045,16
2023-08-01 13:30:00-04:00,199.07,199.21,198.94,199.21,4354.0,199.098,37
2023-08-01 13:35:00-04:00,199.21,199.35,199.03,199.06,1443.0,199.173,13
2023-08-01 13:40:00-04:00,199.01,199.05,198.91,198.94,1510.0,198.975,14
2023-08-01 13:45:00-04:00,198.89,198.89,198.62,198.62,3335.0,198.754,21
2023-08-01 13:50:00-04:00,198.61,198.87,198.61,198.87,2704.0,198.733,19
2023-08-01 13:55:00-04:00,198.82,198.92,198.78,198.91,1534.0,198.851,15
2023-08-01 14:00:00-04:00,198.98,199.29,198.91,199.29,5010.0,199.1,44
2023-08-01 14:05:00-04:00,199.29,199.54,199.26,199.44,6473.0,199.428,48
2023-08-01 14:10:00-04:00,199.41,199.47,199.3,199.38,3509.0,199.383,31
2023-08-01 14:15:00-04:00,199.34,199.51,199.34,199.5,1936.0,199.452,19
2023-08-01 14:20:00-04:00,199.47,199.47,199.38,199.41,2091.0,199.429,19
2023-08-01 14:25:00-04:00,199.46,199.67,199.41,199.67,4466.0,199.504,37
2023-08-01 14:30:00-04:00,199.73,199.77,199.36,199.36,11666.0,199.621,39
2023-08-01 14:35:00-04:00,199.31,199.43,199.31,199.43,3626.0,199.379,33
2023-08-01 14:40:00-04:00,199.45,199.47,199.18,199.22,4355.0,199.298,37
2023-08-01 14:45:00-04:00,199.22,199.46,199.18,199.36,3808.0,199.301,30
2023-08-01 14:50:00-04:00,199.36,199.36,199.03,199.09,9134.0,199.188,78
2023-08-01 14:55:00-04:00,199.09,199.31,199.04,199.25,8349.0,199.123,60
2023-08-01 15:00:00-04:00,199.29,199.41,199.19,199.41,5967.0,199.274,55
2023-08-01 15:05:00-04:00,199.43,199.73,199.4,199.72,5419.0,199.533,50
2023-08-01 15:10:00-04:00,199.81,200.01,199.64,199.85,11135.0,199.861,75
2023-08-01 15:15:00-04:00,199.87,199.89,199.41,199.48,9336.0,199.586,61
2023-08-01 15:20:00-04:00,199.51,199.68,199.49,199.6,8150.0,199.58,66
2023-08-01 15:25:00-04:00,199.63,199.8,199.5,199.78,6426.0,199.602,55
2023-08-01 15:30:00-04:00,199.79,199.83,199.62,199.62,9826.0,199.769,63
2023-08-01 15:35:00-04:00,199.51,199.67,199.46,199.54,10504.0,199.582,73
2023-08-01 15:40:00-04:00,199.51,199.63,199.29,199.59,11112.0,199.456,99
2023-08-01 15:45:00-04:00,199.55,199.8,199.52,199.66,16814.0,199.665,152
2023-08-01 15:50:00-04:00,199.64,199.68,199.29,199.31,46156.0,199.469,301
2023-08-01 15:55:00-04:00,199.29,199.39,198.97,199.06,87576.0,199.203,526
2023-08-02 09:30:00-04:00,201.0,201.0,201.0,201.0,0.0,201.0,0
2023-08-02 09:35:00-04:00,201.69,204.95,200.0,204.25,84040.0,201.888,352
2023-08-02 09:40:00-04:00,203.9,207.0,203.9,205.57,35832.0,205.582,210
2023-08-02 09:45:00-04:00,205.58,206.75,204.49,206.75,22095.0,205.409,127
2023-08-02 09:50:00-04:00,206.73,207.99,206.08,206.38,27472.0,206.848,203
2023-08-02 09:55:00-04:00,206.21,206.4,204.98,206.04,31810.0,205.584,159
2023-08-02 10:00:00-04:00,206.08,207.9,205.54,207.81,25336.0,206.863,184
2023-08-02 10:05:00-04:00,207.83,208.66,207.2,207.74,41674.0,207.937,136
2023-08-02 10:10:00-04:00,207.74,208.47,207.4,207.69,32026.0,207.942,209
2023-08-02 10:15:00-04:00,207.79,207.8,206.59,207.05,28425.0,207.357,227
2023-08-02 10:20:00-04:00,207.06,207.95,206.37,206.5,18203.0,207.341,158
2023-08-02 10:25:00-04:00,206.25,207.05,205.64,206.27,32097.0,206.208,198
2023-08-02 10:30:00-04:00,206.16,206.28,204.32,204.86,20693.0,205.419,172
2023-08-02 10:35:00-04:00,205.14,205.44,204.65,204.81,42424.0,205.204,318
2023-08-02 10:40:00-04:00,204.8,206.0,204.8,205.66,28092.0,205.33,218
2023-08-02 10:45:00-04:00,205.93,206.4,205.57,206.21,33026.0,205.981,220
2023-08-02 10:50:00-04:00,206.06,206.09,205.34,205.67,23948.0,205.766,122
2023-08-02 10:55:00-04:00,205.67,206.5,205.59,206.25,14278.0,206.012,123
2023-08-02 11:00:00-04:00,206.26,206.89,206.25,206.62,15461.0,206.527,98
2023-08-02 11:05:00-04:00,206.35,207.24,206.34,206.36,14889.0,206.879,79
2023-08-02 11:10:00-04:00,206.18,206.43,205.48,205.75,12815.0,205.971,74
2023-08-02 11:15:00-04:00,205.76,206.19,205.6,206.13,59649.0,205.824,61
2023-08-02 11:20:00-04:00,206.03,206.86,205.88,206.74,22217.0,206.205,86
2023-08-02 11:25:00-04:00,206.61,207.28,206.42,207.16,10044.0,206.98,91
2023-08-02 11:30:00-04:00,207.16,207.38,206.81,207.02,13407.0,207.066,110
2023-08-02 11:35:00-04:00,207.07,207.07,205.99,206.39,12397.0,206.671,113
2023-08-02 11:40:00-04:00,206.3,206.48,206.02,206.17,13815.0,206.259,106
2023-08-02 11:45:00-04:00,206.11,206.27,205.57,205.57,19096.0,206.07,170
2023-08-02 11:50:00-04:00,205.46,205.59,204.89,205.49,11417.0,205.28,101
2023-08-02 11:55:00-04:00,205.61,205.9,205.41,205.53,5641.0,205.666,38
2023-08-02 12:00:00-04:00,205.41,205.47,205.1,205.3,6333.0,205.283,53
2023-08-02 12:05:00-04:00,205.4,205.83,205.37,205.58,4539.0,205.613,42
2023-08-02 12:10:00-04:00,205.63,205.7,205.39,205.53,11324.0,205.563,103
2023-08-02 12:15:00-04:00,205.43,205.67,205.38,205.52,10810.0,205.557,100
2023-08-02 12:20:00-04:00,205.52,206.0,205.52,206.0,18043.0,205.66,103
2023-08-02 12:25:00-04:00,206.1,206.56,206.1,206.48,8971.0,206.381,77
2023-08-02 12:30:00-04:00,206.48,206.59,206.2,206.49,8186.0,206.417,73
2023-08-02 12:35:00-04:00,206.48,206.91,206.46,206.87,8073.0,206.678,75
2023-08-02 12:40:00-04:00,206.85,206.85,205.76,205.8,4710.0,206.386,45
2023-08-02 12:45:00-04:00,205.96,206.05,205.68,205.83,11647.0,205.937,86
2023-08-02 12:50:00-04:00,205.91,205.91,205.45,205.48,8160.0,205.709,65
2023-08-02 12:55:00-04:00,205.4,205.67,205.4,205.42,6682.0,205.562,61
2023-08-02 13:00:00-04:00,205.48,206.42,205.41,206.33,8128.0,206.017,71
2023-08-02 13:05:00-04:00,206.41,206.77,206.27,206.7,9290.0,206.509,80
2023-08-02 13:10:00-04:00,206.73,206.95,206.56,206.71,7686.0,206.764,65
2023-08-02 13:15:00-04:00,206.76,206.97,206.7,206.83,9917.0,206.814,92
2023-08-02 13:20:00-04:00,206.85,207.13,206.71,207.1,8893.0,206.949,78
2023-08-02 13:25:00-04:00,207.09,207.39,207.01,207.17,10009.0,207.204,87
2023-08-02 13:30:00-04:00,207.21,207.45,207.07,207.38,5489.0,207.278,45
2023-08-02 13:35:00-04:00,207.41,207.49,206.92,206.92,4475.0,207.255,36
2023-08-02 13:40:00-04:00,206.84,206.84,206.33,206.34,5748.0,206.553,49
2023-08-02 13:45:00-04:00,206.34,206.53,206.08,206.09,4881.0,206.4,46
2023-08-02 13:50:00-04:00,206.07,206.09,205.77,206.09,9401.0,205.907,79
2023-08-02 13:55:00-04:00,206.09,206.41,206.06,206.2,5884.0,206.274,51
2023-08-02 14:00:00-04:00,206.14,206.38,205.96,206.36,7835.0,206.168,74
2023-08-02 14:05:00-04:00,206.38,206.42,206.09,206.09,5175.0,206.31,48
2023-08-02 14:10:00-04:00,206.13,206.13,205.76,205.89,7444.0,205.877,36
2023-08-02 14:15:00-04:00,205.95,205.95,205.12,205.12,8717.0,205.515,59
2023-08-02 14:20:00-04:00,205.14,205.3,205.04,205.04,5470.0,205.184,42
2023-08-02 14:25:00-04:00,205.11,205.11,204.67,204.8,6164.0,204.855,51
2023-08-02 14:30:00-04:00,204.81,204.89,204.63,204.86,7978.0,204.788,72
2023-08-02 14:35:00-04:00,204.86,205.01,204.7,204.78,8587.0,204.822,66
2023-08-02 14:40:00-04:00,204.81,204.84,204.5,204.55,5274.0,204.637,43
2023-08-02 14:45:00-04:00,204.6,204.7,204.07,204.34,28262.0,204.334,216
2023-08-02 14:50:00-04:00,204.38,204.69,204.32,204.68,9217.0,204.481,72
2023-08-02 14:55:00-04:00,204.6,204.67,204.46,204.67,6480.0,204.565,58
2023-08-02 15:00:00-04:00,204.95,205.08,204.95,205.07,2805.0,205.031,28
2023-08-02 15:05:00-04:00,205.14,205.14,204.92,205.11,7647.0,205.04,74
2023-08-02 15:10:00-04:00,205.11,205.25,204.73,204.75,8262.0,205.029,73
2023-08-02 15:15:00-04:00,204.75,205.14,204.75,205.11,7372.0,204.944,69
2023-08-02 15:20:00-04:00,205.15,205.29,204.97,205.02,7665.0,205.156,67
2023-08-02 15:25:00-04:00,205.02,205.07,204.47,204.53,5727.0,204.697,55
2023-08-02 15:30:00-04:00,204.49,204.94,204.41,204.77,9893.0,204.705,85
2023-08-02 15:35:00-04:00,204.77,204.83,204.41,204.42,9370.0,204.641,86
2023-08-02 15:40:00-04:00,204.46,204.51,204.18,204.45,17768.0,204.337,157
2023-08-02 15:45:00-04:00,204.46,205.02,204.46,205.02,24022.0,204.734,200
2023-08-02 15:50:00-04:00,204.93,205.41,204.85,205.09,52393.0,205.161,395
2023-08-02 15:55:00-04:00,205.11,205.21,204.81,205.08,82708.0,205.053,622
2023-08-03 09:30:00-04:00,205.29,206.0,205.05,205.71,30482.0,205.48,64
2023-08-03 09:35:00-04:00,205.71,208.17,205.71,208.01,11684.0,206.537,98
2023-08-03 09:40:00-04:00,208.34,208.34,206.66,206.72,17302.0,207.733,157
2023-08-03 09:45:00-04:00,206.38,207.3,206.18,206.69,9616.0,206.868,67
2023-08-03 09:50:00-04:00,206.84,207.19,206.39,206.99,5711.0,206.917,36
2023-08-03 09:55:00-04:00,207.19,207.19,205.36,205.36,11008.0,205.903,92
2023-08-03 10:00:00-04:00,205.71,205.71,205.18,205.36,3822.0,205.452,35
2023-08-03 10:05:00-04:00,205.22,205.44,204.56,204.57,4560.0,204.963,36
2023-08-03 10:10:00-04:00,204.72,204.73,203.67,203.68,6973.0,204.39,57
2023-08-03 10:15:00-04:00,203.67,203.97,203.27,203.97,12176.0,203.582,108
2023-08-03 10:20:00-04:00,204.05,204.28,203.35,203.38,4664.0,203.959,43
2023-08-03 10:25:00-04:00,203.37,203.56,202.99,203.08,9263.0,203.279,83
2023-08-03 10:30:00-04:00,203.15,204.96,203.13,204.96,14895.0,203.802,140
2023-08-03 10:35:00-04:00,204.89,205.46,204.73,205.43,11364.0,205.1,108
2023-08-03 10:40:00-04:00,205.3,205.41,204.95,205.41,17340.0,205.218,137
2023-08-03 10:45:00-04:00,205.33,205.34,204.43,204.43,8462.0,205.093,72
2023-08-03 10:50:00-04:00,204.45,204.58,204.23,204.36,4988.0,204.364,47
2023-08-03 10:55:00-04:00,204.2,204.5,204.13,204.43,10335.0,204.338,98
2023-08-03 11:00:00-04:00,204.43,204.43,203.88,203.95,6045.0,204.069,56
2023-08-03 11:05:00-04:00,203.93,204.07,203.6,203.6,5964.0,203.906,49
2023-08-03 11:10:00-04:00,203.62,203.97,203.62,203.93,9458.0,203.823,85
2023-08-03 11:15:00-04:00,203.99,204.13,203.94,204.05,6320.0,204.035,49
2023-08-03 11:20:00-04:00,204.16,204.42,204.11,204.12,7800.0,204.294,69
2023-08-03 11:25:00-04:00,204.11,204.26,203.98,204.04,3129.0,204.126,29
2023-08-03 11:30:00-04:00,204.05,204.05,203.7,203.79,4310.0,203.825,32
2023-08-03 11:35:00-04:00,203.73,203.87,203.5,203.77,5415.0,203.677,52
2023-08-03 11:40:00-04:00,203.71,203.96,203.71,203.83,3322.0,203.886,32
2023-08-03 11:45:00-04:00,203.75,204.03,203.6,204.01,7486.0,203.747,43
2023-08-03 11:50:00-04:00,204.07,204.52,204.05,204.46,6051.0,204.285,57
2023-08-03 11:55:00-04:00,204.46,204.55,204.26,204.5,4165.0,204.421,41
2023-08-03 12:00:00-04:00,204.52,205.01,204.52,204.99,5875.0,204.878,49
2023-08-03 12:05:00-04:00,205.01,205.2,204.91,205.0,5124.0,205.042,39
2023-08-03 12:10:00-04:00,204.85,204.85,204.54,204.54,2676.0,204.727,21
2023-08-03 12:15:00-04:00,204.44,204.44,204.05,204.22,5594.0,204.223,53
2023-08-03 12:20:00-04:00,204.15,204.16,204.0,204.0,3458.0,204.062,17
2023-08-03 12:25:00-04:00,204.05,204.42,204.03,204.4,6130.0,204.191,53
2023-08-03 12:30:00-04:00,204.42,204.92,204.39,204.87,6013.0,204.717,57
2023-08-03 12:35:00-04:00,204.93,205.04,204.84,204.97,5387.0,204.964,50
2023-08-03 12:40:00-04:00,205.04,205.14,204.63,204.74,7350.0,204.968,65
2023-08-03 12:45:00-04:00,204.58,204.94,204.54,204.92,8502.0,204.723,75
2023-08-03 12:50:00-04:00,204.89,205.06,204.68,204.69,6213.0,204.9,57
2023-08-03 12:55:00-04:00,204.73,205.02,204.71,204.99,24214.0,204.775,79
2023-08-03 13:00:00-04:00,205.01,205.48,205.01,205.41,9400.0,205.261,85
2023-08-03 13:05:00-04:00,205.4,205.74,205.34,205.65,12424.0,205.545,116
2023-08-03 13:10:00-04:00,205.69,206.03,205.69,206.03,5118.0,205.899,38
2023-08-03 13:15:00-04:00,206.03,206.03,205.46,205.87,12070.0,205.7,95
2023-08-03 13:20:00-04:00,205.87,206.14,205.86,206.0,6301.0,206.008,61
2023-08-03 13:25:00-04:00,206.05,206.11,205.49,205.51,5154.0,205.827,48
2023-08-03 13:30:00-04:00,205.6,205.7,205.3,205.31,5315.0,205.576,44
2023-08-03 13:35:00-04:00,205.36,205.89,205.09,205.8,7658.0,205.559,69
2023-08-03 13:40:00-04:00,205.8,205.86,205.54,205.67,4747.0,205.708,39
2023-08-03 13:45:00-04:00,205.68,205.87,205.54,205.86,7106.0,205.718,67
2023-08-03 13:50:00-04:00,205.8,205.92,205.62,205.91,7812.0,205.737,61
2023-08-03 13:55:00-04:00,205.85,205.85,205.65,205.74,5437.0,205.734,49
2023-08-03 14:00:00-04:00,205.74,205.74,205.57,205.71,15801.0,205.638,87
2023-08-03 14:05:00-04:00,205.66,205.72,205.43,205.44,14389.0,205.639,74
2023-08-03 14:10:00-04:00,205.49,205.54,205.38,205.41,4488.0,205.465,37
2023-08-03 14:15:00-04:00,205.42,205.71,205.41,205.71,10216.0,205.599,88
2023-08-03 14:20:00-04:00,205.7,205.7,205.31,205.68,11947.0,205.519,93
2023-08-03 14:25:00-04:00,205.62,205.91,205.62,205.86,5432.0,205.765,46
2023-08-03 14:30:00-04:00,205.8,205.92,205.66,205.79,5322.0,205.806,44
2023-08-03 14:35:00-04:00,205.75,205.75,205.46,205.47,3700.0,205.556,24
2023-08-03 14:40:00-04:00,205.43,205.43,205.23,205.36,5586.0,205.338,44
2023-08-03 14:45:00-04:00,205.4,205.92,205.38,205.82,7521.0,205.652,67
2023-08-03 14:50:00-04:00,205.88,205.93,205.36,205.36,6336.0,205.644,57
2023-08-03 14:55:00-04:00,205.41,205.5,205.25,205.31,6333.0,205.346,47
2023-08-03 15:00:00-04:00,205.35,205.83,205.35,205.82,3798.0,205.646,33
2023-08-03 15:05:00-04:00,205.75,205.86,205.59,205.69,5940.0,205.745,49
2023-08-03 15:10:00-04:00,205.73,205.91,205.71,205.78,5533.0,205.803,51
2023-08-03 15:15:00-04:00,205.78,206.09,205.64,206.09,7012.0,205.801,55
2023-08-03 15:20:00-04:00,206.09,206.25,205.98,206.17,9967.0,206.11,80
2023-08-03 15:25:00-04:00,206.11,206.16,205.61,205.69,8942.0,205.889,86
2023-08-03 15:30:00-04:00,205.66,205.89,205.62,205.71,8900.0,205.772,73
2023-08-03 15:35:00-04:00,205.66,206.04,205.66,205.8,11402.0,205.87,87
2023-08-03 15:40:00-04:00,205.82,205.91,205.6,205.73,10728.0,205.77,92
2023-08-03 15:45:00-04:00,205.67,205.94,205.62,205.78,23283.0,205.782,186
2023-08-03 15:50:00-04:00,205.74,205.93,205.53,205.88,42109.0,205.688,316
2023-08-03 15:55:00-04:00,205.86,205.91,205.16,205.17,102319.0,205.5,630
2023-08-04 09:30:00-04:00,207.55,207.55,206.6,206.6,23380.0,207.487,14
2023-08-04 09:35:00-04:00,206.16,206.16,204.69,205.19,4240.0,205.303,34
2023-08-04 09:40:00-04:00,205.28,206.6,205.28,206.47,8273.0,206.172,64
2023-08-04 09:45:00-04:00,206.49,206.73,206.32,206.61,3247.0,206.541,28
2023-08-04 09:50:00-04:00,206.5,206.5,205.92,206.07,5205.0,206.201,47
2023-08-04 09:55:00-04:00,205.87,205.87,205.07,205.48,11024.0,205.435,62
2023-08-04 10:00:00-04:00,205.55,205.81,205.41,205.68,12953.0,205.589,121
2023-08-04 10:05:00-04:00,205.65,205.65,205.12,205.31,17737.0,205.298,102
2023-08-04 10:10:00-04:00,205.39,205.45,205.08,205.11,12144.0,205.253,103
2023-08-04 10:15:00-04:00,204.97,205.59,204.88,205.56,19682.0,205.083,181
2023-08-04 10:20:00-04:00,205.47,205.56,205.39,205.54,5547.0,205.473,53
2023-08-04 10:25:00-04:00,205.54,206.19,205.48,206.19,5215.0,205.841,47
2023-08-04 10:30:00-04:00,206.28,206.4,205.73,205.86,2927.0,205.964,21
2023-08-04 10:35:00-04:00,205.92,205.93,205.43,205.62,2621.0,205.712,26
2023-08-04 10:40:00-04:00,205.61,205.83,205.51,205.76,4501.0,205.67,34
2023-08-04 10:45:00-04:00,205.72,205.73,205.45,205.69,2054.0,205.541,20
2023-08-04 10:50:00-04:00,205.76,206.04,205.71,206.04,4107.0,205.773,18
2023-08-04 10:55:00-04:00,206.01,206.05,205.87,205.93,2200.0,205.968,21
2023-08-04 11:00:00-04:00,206.13,206.13,205.81,205.81,2351.0,205.961,22
2023-08-04 11:05:00-04:00,205.83,206.08,205.83,205.92,3538.0,205.945,30
2023-08-04 11:10:00-04:00,205.86,205.9,205.42,205.43,2338.0,205.608,23
2023-08-04 11:15:00-04:00,205.4,205.57,205.39,205.42,1900.0,205.444,19
2023-08-04 11:20:00-04:00,205.48,205.82,205.48,205.75,3961.0,205.669,20
2023-08-04 11:25:00-04:00,205.75,205.97,205.74,205.88,2701.0,205.851,25
2023-08-04 11:30:00-04:00,205.85,205.85,205.57,205.72,3586.0,205.732,32
2023-08-04 11:35:00-04:00,205.68,205.9,205.52,205.54,2655.0,205.693,24
2023-08-04 11:40:00-04:00,205.38,205.49,205.25,205.45,3671.0,205.368,30
2023-08-04 11:45:00-04:00,205.49,205.59,205.36,205.56,5790.0,205.472,38
2023-08-04 11:50:00-04:00,205.67,206.11,205.66,206.11,4400.0,205.867,43
2023-08-04 11:55:00-04:00,206.17,206.29,206.09,206.28,3200.0,206.191,30
2023-08-04 12:00:00-04:00,206.33,206.57,206.15,206.31,5910.0,206.35,48
2023-08-04 12:05:00-04:00,206.31,206.64,206.31,206.53,6457.0,206.456,47
2023-08-04 12:10:00-04:00,206.53,206.79,206.42,206.79,4458.0,206.625,43
2023-08-04 12:15:00-04:00,206.77,206.97,206.74,206.93,2629.0,206.852,23
2023-08-04 12:20:00-04:00,206.87,206.94,206.63,206.73,2754.0,206.784,23
2023-08-04 12:25:00-04:00,206.86,206.94,206.79,206.89,2148.0,206.853,20
2023-08-04 12:30:00-04:00,206.94,206.94,206.36,206.36,4930.0,206.645,47
2023-08-04 12:35:00-04:00,206.46,206.52,206.2,206.2,2100.0,206.399,17
2023-08-04 12:40:00-04:00,206.24,206.54,206.23,206.47,3372.0,206.434,25
2023-08-04 12:45:00-04:00,206.45,206.62,206.45,206.59,2009.0,206.552,20
2023-08-04 12:50:00-04:00,206.56,206.56,206.44,206.44,2385.0,206.503,22
2023-08-04 12:55:00-04:00,206.51,206.62,206.44,206.6,2473.0,206.508,24
2023-08-04 13:00:00-04:00,206.52,206.6,206.49,206.5,2060.0,206.539,20
2023-08-04 13:05:00-04:00,206.46,206.51,206.38,206.51,2396.0,206.467,19
2023-08-04 13:10:00-04:00,206.47,206.49,206.29,206.43,7284.0,206.411,50
2023-08-04 13:15:00-04:00,206.38,206.57,206.3,206.56,8749.0,206.426,35
2023-08-04 13:20:00-04:00,206.57,206.64,206.53,206.62,1202.0,206.58,12
2023-08-04 13:25:00-04:00,206.59,206.59,206.27,206.31,3058.0,206.448,29
2023-08-04 13:30:00-04:00,206.31,206.38,206.25,206.33,2246.0,206.318,20
2023-08-04 13:35:00-04:00,206.31,206.31,205.95,205.95,2000.0,206.092,20
2023-08-04 13:40:00-04:00,205.99,206.07,205.95,206.01,2532.0,206.02,25
2023-08-04 13:45:00-04:00,206.08,206.37,206.07,206.34,3325.0,206.233,30
2023-08-04 13:50:00-04:00,206.29,206.29,205.84,205.92,5198.0,206.0,48
2023-08-04 13:55:00-04:00,205.84,205.85,205.58,205.73,4842.0,205.722,41
2023-08-04 14:00:00-04:00,205.66,205.83,205.44,205.51,17667.0,205.659,156
2023-08-04 14:05:00-04:00,205.52,205.81,205.47,205.81,5251.0,205.58,47
2023-08-04 14:10:00-04:00,205.68,205.93,205.57,205.93,6891.0,205.764,60
2023-08-04 14:15:00-04:00,205.93,205.93,205.65,205.88,25190.0,205.748,241
2023-08-04 14:20:00-04:00,205.84,205.85,205.08,205.13,11787.0,205.567,111
2023-08-04 14:25:00-04:00,205.09,205.37,204.97,205.21,8807.0,205.185,82
2023-08-04 14:30:00-04:00,205.14,205.24,204.82,204.82,8245.0,205.136,74
2023-08-04 14:35:00-04:00,204.78,204.84,204.69,204.71,5821.0,204.765,54
2023-08-04 14:40:00-04:00,204.85,205.2,204.76,204.98,6760.0,204.972,65
2023-08-04 14:45:00-04:00,204.96,204.96,204.65,204.69,13912.0,204.846,49
2023-08-04 14:50:00-04:00,204.79,205.03,204.54,204.54,2602.0,204.863,25
2023-08-04 14:55:00-04:00,204.37,204.5,204.28,204.31,2884.0,204.412,26
2023-08-04 15:00:00-04:00,204.27,204.86,204.26,204.44,7374.0,204.516,47
2023-08-04 15:05:00-04:00,204.55,204.55,203.89,203.89,2787.0,204.279,26
2023-08-04 15:10:00-04:00,203.93,204.15,203.88,204.13,3338.0,204.05,31
2023-08-04 15:15:00-04:00,204.2,204.27,204.06,204.12,3140.0,204.167,29
2023-08-04 15:20:00-04:00,204.26,204.29,203.95,204.22,3838.0,204.119,36
2023-08-04 15:25:00-04:00,204.32,204.62,204.32,204.61,4105.0,204.498,39
2023-08-04 15:30:00-04:00,204.63,204.72,204.3,204.3,15887.0,204.601,101
2023-08-04 15:35:00-04:00,204.28,204.36,203.75,203.84,6309.0,204.064,55
2023-08-04 15:40:00-04:00,203.76,203.83,203.38,203.5,10836.0,203.609,84
2023-08-04 15:45:00-04:00,203.5,203.61,203.46,203.53,8263.0,203.532,70
2023-08-04 15:50:00-04:00,203.44,204.13,203.43,203.9,24735.0,203.912,203
2023-08-04 15:55:00-04:00,203.88,204.21,203.78,204.2,63575.0,203.993,469
2023-08-07 09:30:00-04:00,205.49,206.28,205.49,205.93,5454.0,205.534,5
2023-08-07 09:35:00-04:00,206.46,206.7,205.29,206.7,4837.0,206.002,42
2023-08-07 09:40:00-04:00,206.6,206.63,205.83,205.83,5783.0,206.141,40
2023-08-07 09:45:00-04:00,205.81,205.99,205.57,205.85,10598.0,205.772,30
2023-08-07 09:50:00-04:00,205.75,206.35,205.75,206.04,2330.0,206.129,22
2023-08-07 09:55:00-04:00,205.99,206.37,205.95,206.12,6660.0,206.115,38
2023-08-07 10:00:00-04:00,206.33,206.74,206.29,206.54,2904.0,206.477,29
2023-08-07 10:05:00-04:00,206.74,207.13,206.62,207.02,3327.0,206.853,30
2023-08-07 10:10:00-04:00,207.33,207.53,207.21,207.53,36639.0,207.351,28
2023-08-07 10:15:00-04:00,207.59,207.78,207.46,207.78,3135.0,207.594,29
2023-08-07 10:20:00-04:00,207.88,207.92,207.58,207.88,3170.0,207.737,31
2023-08-07 10:25:00-04:00,207.99,208.11,207.85,208.0,4880.0,208.011,45
2023-08-07 10:30:00-04:00,208.06,208.06,207.84,207.91,3983.0,207.927,37
2023-08-07 10:35:00-04:00,207.94,208.3,207.94,208.19,8351.0,208.196,62
2023-08-07 10:40:00-04:00,208.18,208.87,208.04,208.56,17957.0,208.219,80
2023-08-07 10:45:00-04:00,208.63,208.89,208.54,208.88,6276.0,208.73,39
2023-08-07 10:50:00-04:00,209.0,209.0,208.65,208.65,4655.0,208.765,37
2023-08-07 10:55:00-04:00,208.75,208.91,208.69,208.78,5025.0,208.77,46
2023-08-07 11:00:00-04:00,208.65,208.66,208.26,208.29,4631.0,208.527,39
2023-08-07 11:05:00-04:00,208.21,208.21,207.73,208.19,3346.0,208.017,31
2023-08-07 11:10:00-04:00,208.2,208.3,208.11,208.23,3146.0,208.203,31
2023-08-07 11:15:00-04:00,208.22,208.22,207.84,207.94,2502.0,207.979,24
2023-08-07 11:20:00-04:00,208.06,208.19,208.01,208.13,5194.0,208.112,49
2023-08-07 11:25:00-04:00,208.19,208.27,208.07,208.07,2026.0,208.15,18
2023-08-07 11:30:00-04:00,208.15,208.18,207.79,207.91,5554.0,207.964,34
2023-08-07 11:35:00-04:00,207.81,208.02,207.79,207.91,3270.0,207.917,29
2023-08-07 11:40:00-04:00,207.98,208.08,207.8,207.82,6802.0,207.971,53
2023-08-07 11:45:00-04:00,207.92,208.07,207.91,207.97,1666.0,208.001,16
2023-08-07 11:50:00-04:00,208.07,208.12,208.02,208.08,1729.0,208.067,16
2023-08-07 11:55:00-04:00,208.21,208.23,208.03,208.16,3572.0,208.145,25
2023-08-07 12:00:00-04:00,208.19,208.19,207.97,208.02,1626.0,208.049,15
2023-08-07 12:05:00-04:00,207.91,208.09,207.77,207.84,2760.0,207.95,27
2023-08-07 12:10:00-04:00,207.83,208.04,207.79,208.01,5098.0,207.895,23
2023-08-07 12:15:00-04:00,208.03,208.16,208.01,208.16,1708.0,208.041,9
2023-08-07 12:20:00-04:00,208.15,208.36,208.1,208.13,4174.0,208.25,33
2023-08-07 12:25:00-04:00,208.1,208.3,208.09,208.3,2567.0,208.223,19
2023-08-07 12:30:00-04:00,208.3,208.3,208.07,208.11,3277.0,208.167,30
2023-08-07 12:35:00-04:00,208.13,208.17,208.02,208.02,2104.0,208.113,20
2023-08-07 12:40:00-04:00,207.96,208.21,207.95,208.19,2000.0,208.108,18
2023-08-07 12:45:00-04:00,208.18,208.42,208.18,208.42,2453.0,208.288,20
2023-08-07 12:50:00-04:00,208.39,208.87,208.35,208.86,4779.0,208.588,42
2023-08-07 12:55:00-04:00,208.81,208.82,208.39,208.46,3084.0,208.608,26
2023-08-07 13:00:00-04:00,208.33,208.35,208.25,208.26,2010.0,208.29,18
2023-08-07 13:05:00-04:00,208.3,208.3,207.95,208.16,6797.0,208.173,62
2023-08-07 13:10:00-04:00,208.04,208.32,208.04,208.24,2602.0,208.208,25
2023-08-07 13:15:00-04:00,208.15,208.36,208.11,208.36,28255.0,208.251,26
2023-08-07 13:20:00-04:00,208.3,208.36,208.13,208.16,4484.0,208.281,19
2023-08-07 13:25:00-04:00,208.23,208.35,208.16,208.18,2418.0,208.259,22
2023-08-07 13:30:00-04:00,208.23,208.32,208.15,208.32,2118.0,208.238,17
2023-08-07 13:35:00-04:00,208.34,208.43,208.25,208.25,2524.0,208.362,24
2023-08-07 13:40:00-04:00,208.27,208.47,208.26,208.46,3845.0,208.372,32
2023-08-07 13:45:00-04:00,208.5,209.01,208.5,209.01,3721.0,208.738,35
2023-08-07 13:50:00-04:00,209.02,209.12,209.01,209.09,2430.0,209.077,24
2023-08-07 13:55:00-04:00,209.13,209.16,208.91,208.91,2718.0,209.053,22
2023-08-07 14:00:00-04:00,209.01,209.17,208.89,208.89,4574.0,209.029,43
2023-08-07 14:05:00-04:00,208.82,208.82,208.53,208.53,1570.0,208.658,15
2023-08-07 14:10:00-04:00,208.55,208.55,208.4,208.4,1668.0,208.518,15
2023-08-07 14:15:00-04:00,208.45,208.54,208.38,208.53,4760.0,208.466,43
2023-08-07 14:20:00-04:00,208.47,208.55,208.43,208.43,3902.0,208.507,31
2023-08-07 14:25:00-04:00,208.39,208.51,208.3,208.5,3768.0,208.401,34
2023-08-07 14:30:00-04:00,208.53,208.66,208.36,208.36,3436.0,208.548,30
2023-08-07 14:35:00-04:00,208.36,208.41,208.14,208.23,1213.0,208.298,12
2023-08-07 14:40:00-04:00,208.23,208.3,208.19,208.21,22189.0,208.295,20
2023-08-07 14:45:00-04:00,208.25,208.29,207.97,208.06,6641.0,208.102,41
2023-08-07 14:50:00-04:00,208.07,208.09,207.75,207.86,3761.0,207.877,33
2023-08-07 14:55:00-04:00,207.84,208.03,207.84,208.02,2330.0,207.945,18
2023-08-07 15:00:00-04:00,208.05,208.18,207.99,208.01,1970.0,208.086,19
2023-08-07 15:05:00-04:00,207.97,207.97,207.73,207.75,1618.0,207.879,12
2023-08-07 15:10:00-04:00,207.8,207.92,207.75,207.88,4272.0,207.824,40
2023-08-07 15:15:00-04:00,207.88,207.88,207.67,207.72,4548.0,207.746,42
2023-08-07 15:20:00-04:00,207.72,207.77,207.5,207.61,4792.0,207.65,42
2023-08-07 15:25:00-04:00,207.55,207.56,207.41,207.48,2525.0,207.49,23
2023-08-07 15:30:00-04:00,207.45,207.58,207.32,207.38,4248.0,207.461,40
2023-08-07 15:35:00-04:00,207.41,207.69,207.38,207.65,5399.0,207.607,44
2023-08-07 15:40:00-04:00,207.65,207.8,207.6,207.6,6145.0,207.693,56
2023-08-07 15:45:00-04:00,207.6,207.76,207.46,207.73,6868.0,207.625,63
2023-08-07 15:50:00-04:00,207.74,208.1,207.74,208.0,13995.0,207.996,127
2023-08-07 15:55:00-04:00,207.99,208.4,207.94,208.4,47279.0,208.224,375
2023-08-08 09:30:00-04:00,207.0,207.0,205.34,206.88,12631.0,206.95,8
2023-08-08 09:35:00-04:00,207.01,207.01,205.85,206.34,15844.0,206.131,53
2023-08-08 09:40:00-04:00,206.15,206.28,205.7,206.26,3728.0,205.999,36
2023-08-08 09:45:00-04:00,205.93,206.07,205.82,205.82,1475.0,205.988,14
2023-08-08 09:50:00-04:00,205.77,206.38,205.76,206.07,1465.0,206.099,13
2023-08-08 09:55:00-04:00,206.05,206.05,205.58,205.66,2090.0,205.819,18
2023-08-08 10:00:00-04:00,205.59,205.59,204.9,205.04,28491.0,205.393,33
2023-08-08 10:05:00-04:00,205.18,205.37,205.16,205.37,2322.0,205.259,21
2023-08-08 10:10:00-04:00,205.24,205.29,204.64,204.69,3766.0,205.043,37
2023-08-08 10:15:00-04:00,204.75,205.07,204.61,204.61,12592.0,204.828,22
2023-08-08 10:20:00-04:00,204.66,204.97,204.66,204.96,1270.0,204.841,12
2023-08-08 10:25:00-04:00,204.81,205.21,204.81,205.09,1146.0,205.041,11
2023-08-08 10:30:00-04:00,204.99,205.15,204.83,205.15,1175.0,205.002,7
2023-08-08 10:35:00-04:00,205.04,205.29,204.94,204.95,2614.0,205.147,21
2023-08-08 10:40:00-04:00,204.9,205.13,204.86,205.12,1414.0,205.014,14
2023-08-08 10:45:00-04:00,205.0,205.35,204.86,205.35,52180.0,205.035,27
2023-08-08 10:50:00-04:00,205.46,205.67,205.35,205.35,14300.0,205.509,45
2023-08-08 10:55:00-04:00,205.36,205.51,205.35,205.51,1362.0,205.454,13
2023-08-08 11:00:00-04:00,205.55,205.57,205.27,205.27,4460.0,205.414,42
2023-08-08 11:05:00-04:00,205.27,205.39,205.21,205.27,2339.0,205.287,21
2023-08-08 11:10:00-04:00,205.48,205.48,205.17,205.17,1201.0,205.325,12
2023-08-08 11:15:00-04:00,205.23,205.23,204.91,204.96,2240.0,205.095,21
2023-08-08 11:20:00-04:00,205.04,205.04,204.59,204.59,2154.0,204.801,19
2023-08-08 11:25:00-04:00,204.59,204.87,204.37,204.85,6267.0,204.562,46
2023-08-08 11:30:00-04:00,204.89,204.9,204.57,204.57,1423.0,204.772,14
2023-08-08 11:35:00-04:00,204.56,205.01,204.56,204.94,2936.0,204.762,26
2023-08-08 11:40:00-04:00,205.01,205.14,204.89,204.9,1307.0,204.994,12
2023-08-08 11:45:00-04:00,205.03,205.1,204.9,204.9,1826.0,205.008,16
2023-08-08 11:50:00-04:00,204.78,204.78,204.64,204.66,1100.0,204.717,11
2023-08-08 11:55:00-04:00,204.56,204.64,204.45,204.58,1307.0,204.563,13
2023-08-08 12:00:00-04:00,204.53,204.77,204.53,204.67,900.0,204.684,9
2023-08-08 12:05:00-04:00,204.69,204.85,204.69,204.76,2397.0,204.758,22
2023-08-08 12:10:00-04:00,204.81,204.81,204.73,204.73,629.0,204.762,6
2023-08-08 12:15:00-04:00,204.79,204.79,204.62,204.64,5236.0,204.703,20
2023-08-08 12:20:00-04:00,204.73,204.76,204.65,204.65,1423.0,204.711,12
2023-08-08 12:25:00-04:00,204.64,204.79,204.63,204.63,2407.0,204.699,17
2023-08-08 12:30:00-04:00,204.82,204.87,204.78,204.83,1132.0,204.834,11
2023-08-08 12:35:00-04:00,204.93,204.96,204.82,204.88,1921.0,204.893,18
2023-08-08 12:40:00-04:00,204.98,205.06,204.9,204.91,862.0,204.955,8
2023-08-08 12:45:00-04:00,204.88,204.98,204.86,204.96,1494.0,204.934,14
2023-08-08 12:50:00-04:00,205.02,205.02,204.81,204.81,2607.0,204.903,26
2023-08-08 12:55:00-04:00,204.85,205.08,204.85,205.06,906.0,204.988,9
2023-08-08 13:00:00-04:00,205.14,205.25,204.99,205.07,11155.0,205.197,26
2023-08-08 13:05:00-04:00,205.07,205.17,204.93,205.07,2610.0,205.031,23
2023-08-08 13:10:00-04:00,205.12,205.26,204.99,205.25,3279.0,205.115,24
2023-08-08 13:15:00-04:00,205.39,205.5,205.35,205.49,1224.0,205.436,12
2023-08-08 13:20:00-04:00,205.5,205.59,205.37,205.47,40063.0,205.508,114
2023-08-08 13:25:00-04:00,205.51,205.84,205.44,205.53,31586.0,205.56,127
2023-08-08 13:30:00-04:00,205.61,205.68,205.26,205.33,1972.0,205.47,18
2023-08-08 13:35:00-04:00,205.31,205.53,205.27,205.27,5444.0,205.397,35
2023-08-08 13:40:00-04:00,205.38,205.39,205.0,205.0,1337.0,205.234,12
2023-08-08 13:45:00-04:00,204.94,204.94,204.67,204.77,1636.0,204.804,16
2023-08-08 13:50:00-04:00,204.76,205.28,204.76,205.28,3252.0,205.089,32
2023-08-08 13:55:00-04:00,205.3,205.4,205.25,205.25,7035.0,205.305,68
2023-08-08 14:00:00-04:00,205.28,205.39,205.2,205.24,2807.0,205.277,25
2023-08-08 14:05:00-04:00,205.28,205.3,205.19,205.26,3203.0,205.246,27
2023-08-08 14:10:00-04:00,205.26,205.44,205.2,205.3,2900.0,205.319,29
2023-08-08 14:15:00-04:00,205.2,205.42,205.2,205.38,6433.0,205.312,39
2023-08-08 14:20:00-04:00,205.31,205.31,205.07,205.07,759.0,205.195,7
2023-08-08 14:25:00-04:00,205.15,205.37,205.12,205.37,2976.0,205.23,28
2023-08-08 14:30:00-04:00,205.4,205.54,205.4,205.45,6868.0,205.463,56
2023-08-08 14:35:00-04:00,205.45,205.54,205.29,205.3,2714.0,205.445,24
2023-08-08 14:40:00-04:00,205.34,205.45,205.26,205.26,2344.0,205.362,20
2023-08-08 14:45:00-04:00,205.19,205.39,205.17,205.38,1848.0,205.287,18
2023-08-08 14:50:00-04:00,205.31,205.4,205.26,205.3,2443.0,205.353,24
2023-08-08 14:55:00-04:00,205.37,205.58,205.36,205.41,9848.0,205.473,84
2023-08-08 15:00:00-04:00,205.46,205.52,205.24,205.43,4787.0,205.394,46
2023-08-08 15:05:00-04:00,205.49,205.52,205.32,205.33,4061.0,205.421,27
2023-08-08 15:10:00-04:00,205.4,205.5,205.35,205.5,2305.0,205.44,18
2023-08-08 15:15:00-04:00,205.51,205.52,205.3,205.34,5785.0,205.396,47
2023-08-08 15:20:00-04:00,205.4,205.6,205.4,205.49,10203.0,205.517,85
2023-08-08 15:25:00-04:00,205.47,205.52,205.35,205.35,9216.0,205.448,84
2023-08-08 15:30:00-04:00,205.37,205.45,205.31,205.38,5046.0,205.405,48
2023-08-08 15:35:00-04:00,205.38,205.63,205.33,205.53,8007.0,205.498,77
2023-08-08 15:40:00-04:00,205.53,205.86,205.46,205.64,11655.0,205.627,104
2023-08-08 15:45:00-04:00,205.64,205.75,205.43,205.53,12931.0,205.615,98
2023-08-08 15:50:00-04:00,205.6,205.61,205.17,205.2,20483.0,205.35,171
2023-08-08 15:55:00-04:00,205.28,205.61,205.26,205.53,39544.0,205.452,339
2023-08-09 09:30:00-04:00,205.13,205.13,205.13,205.13,7738.0,205.13,1
2023-08-09 09:35:00-04:00,205.96,205.96,205.02,205.02,700.0,205.294,5
2023-08-09 09:40:00-04:00,204.99,205.09,204.88,204.96,400.0,204.98,4
2023-08-09 09:45:00-04:00,204.8,204.86,204.68,204.85,600.0,204.765,6
2023-08-09 09:50:00-04:00,204.94,204.94,204.53,204.59,1000.0,204.672,10
2023-08-09 09:55:00-04:00,204.35,204.45,204.08,204.08,1642.0,204.273,15
2023-08-09 10:00:00-04:00,204.02,204.49,203.96,204.49,1830.0,204.139,17
2023-08-09 10:05:00-04:00,204.6,204.6,203.64,203.74,5772.0,203.921,47
2023-08-09 10:10:00-04:00,203.83,203.88,203.67,203.78,2545.0,203.796,21
2023-08-09 10:15:00-04:00,203.7,204.15,203.67,204.03,14189.0,203.916,76
2023-08-09 10:20:00-04:00,203.94,203.98,203.69,203.81,4977.0,203.834,37
2023-08-09 10:25:00-04:00,203.77,203.77,203.36,203.67,6006.0,203.557,50
2023-08-09 10:30:00-04:00,203.71,204.09,203.71,203.92,4721.0,203.99,28
2023-08-09 10:35:00-04:00,203.93,204.28,203.9,204.04,4683.0,204.053,40
2023-08-09 10:40:00-04:00,203.92,204.03,203.84,203.94,2482.0,203.937,22
2023-08-09 10:45:00-04:00,203.91,203.91,203.56,203.76,3968.0,203.742,30
2023-08-09 10:50:00-04:00,203.74,203.88,203.5,203.74,3814.0,203.747,35
2023-08-09 10:55:00-04:00,203.75,203.88,203.61,203.68,1986.0,203.76,17
2023-08-09 11:00:00-04:00,203.84,204.03,203.76,203.97,17474.0,203.845,38
2023-08-09 11:05:00-04:00,204.12,204.12,203.73,203.87,4348.0,203.918,28
2023-08-09 11:10:00-04:00,203.99,204.05,203.67,203.67,3457.0,203.925,31
2023-08-09 11:15:00-04:00,203.66,203.67,203.36,203.47,3812.0,203.479,34
2023-08-09 11:20:00-04:00,203.47,203.47,202.94,202.97,4328.0,203.111,37
2023-08-09 11:25:00-04:00,203.06,203.09,202.75,203.07,5350.0,202.95,53
2023-08-09 11:30:00-04:00,203.0,203.0,202.76,202.94,2861.0,202.898,26
2023-08-09 11:35:00-04:00,202.95,203.12,202.71,203.02,2916.0,202.86,24
2023-08-09 11:40:00-04:00,203.02,203.14,202.85,202.85,2471.0,202.964,22
2023-08-09 11:45:00-04:00,202.82,202.82,202.48,202.52,1601.0,202.642,12
2023-08-09 11:50:00-04:00,202.39,202.48,202.24,202.42,3768.0,202.356,36
2023-08-09 11:55:00-04:00,202.42,202.44,201.83,202.16,11336.0,202.1,111
2023-08-09 12:00:00-04:00,202.12,202.68,202.05,202.68,1949.0,202.45,19
2023-08-09 12:05:00-04:00,202.7,202.71,202.47,202.67,3119.0,202.613,28
2023-08-09 12:10:00-04:00,202.68,202.68,202.44,202.64,1140.0,202.562,10
2023-08-09 12:15:00-04:00,202.6,202.61,202.45,202.57,1920.0,202.552,7
2023-08-09 12:20:00-04:00,202.38,202.39,202.27,202.38,1696.0,202.356,16
2023-08-09 12:25:00-04:00,202.33,202.52,202.3,202.46,1833.0,202.43,18
2023-08-09 12:30:00-04:00,202.46,202.66,202.43,202.65,1556.0,202.588,15
2023-08-09 12:35:00-04:00,202.6,202.62,202.4,202.4,1889.0,202.52,17
2023-08-09 12:40:00-04:00,202.28,202.4,202.22,202.34,1399.0,202.327,12
2023-08-09 12:45:00-04:00,202.39,202.51,202.34,202.48,2222.0,202.435,21
2023-08-09 12:50:00-04:00,202.46,202.8,202.4,202.77,6533.0,202.49,24
2023-08-09 12:55:00-04:00,202.76,202.9,202.7,202.79,1354.0,202.808,11
2023-08-09 13:00:00-04:00,202.67,203.1,202.6,203.1,3939.0,202.907,27
2023-08-09 13:05:00-04:00,203.26,203.65,203.19,203.65,4145.0,203.483,37
2023-08-09 13:10:00-04:00,203.77,204.01,203.58,203.75,13595.0,203.844,57
2023-08-09 13:15:00-04:00,203.75,203.75,203.65,203.74,1354.0,203.72,12
2023-08-09 13:20:00-04:00,203.74,203.95,203.74,203.91,2034.0,203.849,17
2023-08-09 13:25:00-04:00,203.73,203.87,203.73,203.8,1531.0,203.787,13
2023-08-09 13:30:00-04:00,203.73,203.73,203.55,203.55,1020.0,203.644,10
2023-08-09 13:35:00-04:00,203.58,203.74,203.51,203.7,1053.0,203.671,10
2023-08-09 13:40:00-04:00,203.67,203.67,203.48,203.49,9087.0,203.514,21
2023-08-09 13:45:00-04:00,203.48,203.48,203.22,203.27,2602.0,203.315,15
2023-08-09 13:50:00-04:00,203.21,203.47,203.21,203.44,1450.0,203.364,13
2023-08-09 13:55:00-04:00,203.47,203.63,203.36,203.36,3112.0,203.534,27
2023-08-09 14:00:00-04:00,203.25,203.36,203.25,203.34,623.0,203.284,5
2023-08-09 14:05:00-04:00,203.33,203.4,203.27,203.28,1038.0,203.36,9
2023-08-09 14:10:00-04:00,203.36,203.36,203.24,203.25,700.0,203.284,7
2023-08-09 14:15:00-04:00,203.3,203.31,203.17,203.31,1472.0,203.266,14
2023-08-09 14:20:00-04:00,203.37,203.44,203.18,203.18,1410.0,203.304,13
2023-08-09 14:25:00-04:00,203.31,203.37,203.28,203.28,1317.0,203.322,12
2023-08-09 14:30:00-04:00,203.34,203.48,203.27,203.3,3048.0,203.357,30
2023-08-09 14:35:00-04:00,203.31,203.31,203.25,203.26,800.0,203.261,7
2023-08-09 14:40:00-04:00,203.3,203.31,203.06,203.1,2477.0,203.159,24
2023-08-09 14:45:00-04:00,203.11,203.32,203.11,203.31,3594.0,203.204,24
2023-08-09 14:50:00-04:00,203.25,203.25,203.14,203.19,1327.0,203.197,13
2023-08-09 14:55:00-04:00,203.19,203.36,203.19,203.3,7133.0,203.289,25
2023-08-09 15:00:00-04:00,203.4,203.76,203.38,203.76,8323.0,203.521,76
2023-08-09 15:05:00-04:00,203.79,203.79,203.51,203.53,1556.0,203.641,15
2023-08-09 15:10:00-04:00,203.46,203.75,203.45,203.75,1201.0,203.565,9
2023-08-09 15:15:00-04:00,203.62,203.62,203.46,203.55,2729.0,203.508,21
2023-08-09 15:20:00-04:00,203.51,203.76,203.51,203.62,2665.0,203.66,25
2023-08-09 15:25:00-04:00,203.72,203.77,203.6,203.63,2311.0,203.667,22
2023-08-09 15:30:00-04:00,203.57,203.58,203.17,203.17,14696.0,203.466,70
2023-08-09 15:35:00-04:00,203.09,203.19,202.83,202.83,4061.0,203.073,34
2023-08-09 15:40:00-04:00,202.92,202.92,202.71,202.72,6149.0,202.826,53
2023-08-09 15:45:00-04:00,202.65,202.68,202.16,202.17,5620.0,202.414,53
2023-08-09 15:50:00-04:00,202.13,202.26,202.04,202.04,12786.0,202.15,109
2023-08-09 15:55:00-04:00,202.06,202.2,201.71,202.02,51403.0,201.985,350
2023-08-10 09:30:00-04:00,202.01,203.49,202.01,203.38,18334.0,202.374,55
2023-08-10 09:35:00-04:00,203.52,204.07,203.38,203.93,11909.0,203.723,88
2023-08-10 09:40:00-04:00,203.91,204.29,203.76,204.19,12809.0,204.022,77
2023-08-10 09:40:00-04:00,203.91,204.35,203.76,204.34,13609.0,204.037,85
2023-08-10 09:45:00-04:00,204.37,204.84,204.18,204.55,53254.0,204.43,77
2023-08-10 09:50:00-04:00,204.38,204.39,203.56,203.58,6425.0,204.053,44
2023-08-10 09:55:00-04:00,203.79,204.15,203.73,204.03,4100.0,203.936,40
2023-08-10 10:00:00-04:00,204.05,204.63,204.03,204.04,6946.0,204.312,61
2023-08-10 10:05:00-04:00,204.03,204.36,204.03,204.36,1400.0,204.196,14
2023-08-10 10:10:00-04:00,204.45,204.51,204.28,204.28,2177.0,204.43,20
2023-08-10 10:15:00-04:00,204.32,204.32,204.04,204.15,6619.0,204.115,61
2023-08-10 10:20:00-04:00,204.14,204.14,203.82,203.98,4735.0,203.98,45
2023-08-10 10:25:00-04:00,204.02,204.03,203.77,204.03,1614.0,203.913,15
2023-08-10 10:30:00-04:00,204.19,204.36,204.14,204.2,1920.0,204.227,18
2023-08-10 10:35:00-04:00,204.12,204.12,203.76,203.76,3191.0,203.921,29
2023-08-10 10:40:00-04:00,203.77,203.77,203.33,203.33,2000.0,203.551,19
2023-08-10 10:45:00-04:00,203.17,203.52,202.91,203.49,4000.0,203.098,38
2023-08-10 10:50:00-04:00,203.4,203.67,203.28,203.65,4300.0,203.463,41
2023-08-10 10:55:00-04:00,203.79,203.95,203.7,203.7,2026.0,203.866,18
2023-08-10 11:00:00-04:00,203.61,203.61,203.29,203.41,1100.0,203.37,11
2023-08-10 11:05:00-04:00,203.36,203.41,203.2,203.26,2028.0,203.321,19
2023-08-10 11:10:00-04:00,203.17,203.33,203.1,203.16,1800.0,203.209,17
2023-08-10 11:15:00-04:00,202.98,203.0,202.73,202.75,1153.0,202.886,11
2023-08-10 11:20:00-04:00,202.61,202.68,202.4,202.64,6413.0,202.553,59
2023-08-10 11:25:00-04:00,202.71,202.86,202.7,202.86,2158.0,202.808,17
2023-08-10 11:30:00-04:00,202.96,203.38,202.9,203.23,6417.0,203.217,34
2023-08-10 11:35:00-04:00,203.15,203.15,202.7,202.72,2408.0,202.865,22
2023-08-10 11:40:00-04:00,202.67,202.67,202.06,202.07,2100.0,202.362,20
2023-08-10 11:45:00-04:00,202.14,202.14,201.94,202.11,3731.0,202.033,32
2023-08-10 11:50:00-04:00,202.07,202.07,201.52,201.78,4495.0,201.755,38
2023-08-10 11:55:00-04:00,201.79,201.92,201.74,201.92,2033.0,201.844,20
2023-08-10 12:00:00-04:00,201.86,201.86,201.68,201.76,1318.0,201.767,13
2023-08-10 12:05:00-04:00,201.85,202.1,201.84,201.87,9359.0,201.959,85
2023-08-10 12:10:00-04:00,201.81,201.94,201.6,201.81,4552.0,201.769,44
2023-08-10 12:15:00-04:00,201.78,201.99,201.7,201.88,19559.0,201.839,178
2023-08-10 12:20:00-04:00,201.88,201.96,201.65,201.74,8513.0,201.808,79
2023-08-10 12:25:00-04:00,201.74,201.82,201.61,201.82,14090.0,201.722,134
2023-08-10 12:30:00-04:00,201.81,201.95,201.67,201.93,4803.0,201.822,42
2023-08-10 12:35:00-04:00,202.02,202.18,201.78,202.18,4937.0,201.906,47
2023-08-10 12:40:00-04:00,202.14,202.32,202.14,202.31,3119.0,202.23,30
2023-08-10 12:45:00-04:00,202.39,202.4,202.11,202.24,2333.0,202.239,23
2023-08-10 12:50:00-04:00,202.26,202.26,201.9,201.9,2295.0,202.029,21
2023-08-10 12:55:00-04:00,201.91,202.08,201.56,201.64,10836.0,201.838,104
2023-08-10 13:00:00-04:00,201.62,201.87,201.57,201.87,5006.0,201.719,45
2023-08-10 13:05:00-04:00,201.79,202.0,201.79,201.97,6243.0,201.911,56
2023-08-10 13:10:00-04:00,201.93,201.99,201.83,201.99,2931.0,201.892,29
2023-08-10 13:15:00-04:00,201.94,201.94,201.59,201.75,3321.0,201.729,28
2023-08-10 13:20:00-04:00,201.73,201.81,201.5,201.81,11773.0,201.634,97
2023-08-10 13:25:00-04:00,201.87,202.01,201.87,201.89,2433.0,201.928,21
2023-08-10 13:30:00-04:00,201.68,201.83,201.62,201.83,9734.0,201.696,43
2023-08-10 13:35:00-04:00,201.77,201.84,201.7,201.75,1867.0,201.769,18
2023-08-10 13:40:00-04:00,201.7,201.7,201.29,201.41,11000.0,201.674,10
2023-08-10 13:45:00-04:00,201.51,201.63,201.51,201.53,1500.0,201.561,13
2023-08-10 13:50:00-04:00,201.57,201.74,201.5,201.5,1740.0,201.593,16
2023-08-10 13:55:00-04:00,201.42,201.43,200.81,201.09,5725.0,201.116,31
2023-08-10 14:00:00-04:00,201.04,201.28,201.04,201.12,11423.0,201.224,13
2023-08-10 14:05:00-04:00,201.14,201.59,201.14,201.57,1923.0,201.402,19
2023-08-10 14:10:00-04:00,201.53,202.05,201.52,202.05,2619.0,201.729,26
2023-08-10 14:15:00-04:00,202.0,202.17,201.86,201.9,2531.0,202.026,24
2023-08-10 14:20:00-04:00,201.83,201.94,201.76,201.92,1597.0,201.84,15
2023-08-10 14:25:00-04:00,201.89,201.89,201.71,201.85,800.0,201.82,8
2023-08-10 14:30:00-04:00,201.9,202.23,201.9,202.19,10058.0,202.063,94
2023-08-10 14:35:00-04:00,202.13,202.31,202.01,202.27,7314.0,202.114,68
2023-08-10 14:40:00-04:00,202.29,202.29,202.02,202.09,2159.0,202.161,18
2023-08-10 14:45:00-04:00,202.14,202.4,202.12,202.34,2124.0,202.224,21
2023-08-10 14:50:00-04:00,202.37,202.62,202.37,202.53,2905.0,202.522,26
2023-08-10 14:55:00-04:00,202.59,202.83,202.59,202.76,4060.0,202.684,37
2023-08-10 15:00:00-04:00,202.62,202.62,202.34,202.34,2991.0,202.424,27
2023-08-10 15:05:00-04:00,202.41,202.79,202.38,202.78,6694.0,202.531,57
2023-08-10 15:10:00-04:00,202.73,202.75,202.55,202.56,5618.0,202.662,46
2023-08-10 15:15:00-04:00,202.62,202.72,202.51,202.57,4295.0,202.616,36
2023-08-10 15:20:00-04:00,202.53,202.54,202.22,202.36,8277.0,202.395,60
2023-08-10 15:25:00-04:00,202.25,202.27,201.94,202.01,4044.0,202.141,37
2023-08-10 15:30:00-04:00,201.95,202.01,201.84,201.95,8794.0,201.936,71
2023-08-10 15:35:00-04:00,201.91,202.22,201.9,202.09,17584.0,202.025,97
2023-08-10 15:40:00-04:00,202.0,202.06,201.56,201.56,6274.0,201.795,50
2023-08-10 15:45:00-04:00,201.54,201.92,201.43,201.81,7983.0,201.673,60
2023-08-10 15:50:00-04:00,201.77,202.16,201.76,202.09,10617.0,202.056,94
2023-08-10 15:55:00-04:00,202.06,202.34,201.98,202.17,57316.0,202.17,297
2023-08-11 09:30:00-04:00,201.66,202.82,201.66,202.46,11268.0,201.996,37
2023-08-11 09:35:00-04:00,203.11,203.2,202.81,203.2,10181.0,202.824,9
2023-08-11 09:40:00-04:00,203.47,203.62,202.66,202.87,3290.0,203.051,29
2023-08-11 09:45:00-04:00,202.74,202.74,202.29,202.34,1329.0,202.566,13
2023-08-11 09:50:00-04:00,202.28,202.55,202.1,202.55,900.0,202.316,9
2023-08-11 09:55:00-04:00,202.45,202.71,202.33,202.71,2375.0,202.547,22
2023-08-11 10:00:00-04:00,202.83,203.38,202.74,203.25,4801.0,203.114,47
2023-08-11 10:05:00-04:00,203.38,203.9,203.0,203.2,8328.0,203.363,49
2023-08-11 10:10:00-04:00,203.23,203.42,203.0,203.4,2789.0,203.176,26
2023-08-11 10:15:00-04:00,203.41,203.6,203.29,203.59,4313.0,203.451,36
2023-08-11 10:20:00-04:00,203.63,204.05,203.63,203.94,7220.0,203.894,45
2023-08-11 10:25:00-04:00,203.91,203.99,203.61,203.8,28044.0,203.834,97
2023-08-11 10:30:00-04:00,203.77,203.83,203.71,203.71,1900.0,203.768,18
2023-08-11 10:35:00-04:00,203.54,203.82,203.52,203.74,4289.0,203.682,38
2023-08-11 10:40:00-04:00,203.74,203.74,203.19,203.2,4430.0,203.438,44
2023-08-11 10:45:00-04:00,203.21,203.25,202.87,202.95,4128.0,203.106,37
2023-08-11 10:50:00-04:00,202.9,202.96,202.72,202.95,1845.0,202.863,16
2023-08-11 10:55:00-04:00,203.03,203.36,203.01,203.17,2933.0,203.146,26
2023-08-11 11:00:00-04:00,203.22,203.49,203.21,203.49,3005.0,203.327,30
2023-08-11 11:05:00-04:00,203.47,203.5,203.33,203.5,1793.0,203.452,17
2023-08-11 11:10:00-04:00,203.5,203.5,203.24,203.31,2319.0,203.401,22
2023-08-11 11:15:00-04:00,203.39,203.46,203.22,203.26,1874.0,203.307,17
2023-08-11 11:20:00-04:00,203.26,203.26,203.03,203.04,1679.0,203.14,16
2023-08-11 11:25:00-04:00,203.04,203.13,203.0,203.04,2715.0,203.072,24
2023-08-11 11:30:00-04:00,203.05,203.31,202.91,203.31,13428.0,203.016,24
2023-08-11 11:35:00-04:00,203.41,203.82,203.41,203.65,6809.0,203.7,32
2023-08-11 11:40:00-04:00,203.55,203.57,203.32,203.37,1912.0,203.481,18
2023-08-11 11:45:00-04:00,203.47,203.62,203.46,203.62,1402.0,203.523,13
2023-08-11 11:50:00-04:00,203.62,203.75,203.6,203.72,1885.0,203.652,18
2023-08-11 11:55:00-04:00,203.78,204.12,203.72,204.04,3530.0,203.865,30
2023-08-11 12:00:00-04:00,204.13,204.24,203.82,203.84,2840.0,204.036,26
2023-08-11 12:05:00-04:00,203.84,203.96,203.77,203.78,3283.0,203.885,30
2023-08-11 12:10:00-04:00,203.83,203.83,203.53,203.62,1603.0,203.608,13
2023-08-11 12:15:00-04:00,203.7,203.76,203.41,203.41,1300.0,203.681,13
2023-08-11 12:20:00-04:00,203.53,203.61,203.52,203.56,2779.0,203.576,27
2023-08-11 12:25:00-04:00,203.56,203.57,203.34,203.48,3440.0,203.429,31
2023-08-11 12:30:00-04:00,203.48,203.63,203.48,203.6,2500.0,203.573,24
2023-08-11 12:35:00-04:00,203.6,203.6,203.37,203.38,2900.0,203.505,29
2023-08-11 12:40:00-04:00,203.39,203.52,203.32,203.51,3389.0,203.451,29
2023-08-11 12:45:00-04:00,203.49,203.56,203.48,203.56,1800.0,203.505,18
2023-08-11 12:50:00-04:00,203.52,203.53,203.38,203.4,1346.0,203.458,13
2023-08-11 12:55:00-04:00,203.43,203.54,203.41,203.54,4161.0,203.464,37
2023-08-11 13:00:00-04:00,203.57,203.7,203.51,203.69,5263.0,203.585,34
2023-08-11 13:05:00-04:00,203.68,203.68,203.48,203.61,3200.0,203.58,28
2023-08-11 13:10:00-04:00,203.57,203.69,203.48,203.51,3071.0,203.617,29
2023-08-11 13:15:00-04:00,203.51,203.65,203.5,203.64,2100.0,203.607,19
2023-08-11 13:20:00-04:00,203.65,203.69,203.57,203.69,3006.0,203.653,29
2023-08-11 13:25:00-04:00,203.7,203.84,203.65,203.73,3970.0,203.75,37
2023-08-11 13:30:00-04:00,203.68,203.82,203.68,203.81,3960.0,203.761,38
2023-08-11 13:35:00-04:00,203.82,203.88,203.79,203.86,5416.0,203.825,45
2023-08-11 13:40:00-04:00,203.86,203.93,203.72,203.77,3627.0,203.808,30
2023-08-11 13:45:00-04:00,203.78,203.8,203.6,203.69,7581.0,203.699,62
2023-08-11 13:50:00-04:00,203.64,203.71,203.11,203.11,28427.0,203.606,73
2023-08-11 13:55:00-04:00,203.11,203.29,202.91,203.28,1100.0,203.079,11
2023-08-11 14:00:00-04:00,203.29,203.43,203.05,203.13,2884.0,203.246,21
2023-08-11 14:05:00-04:00,203.22,203.34,203.22,203.27,1108.0,203.298,10
2023-08-11 14:10:00-04:00,203.26,203.26,203.15,203.2,1020.0,203.193,10
2023-08-11 14:15:00-04:00,203.18,203.32,203.13,203.31,2361.0,203.238,20
2023-08-11 14:20:00-04:00,203.31,203.34,203.12,203.32,2435.0,203.252,24
2023-08-11 14:25:00-04:00,203.37,203.41,203.24,203.28,1716.0,203.338,14
2023-08-11 14:30:00-04:00,203.28,203.67,203.28,203.47,2129.0,203.519,21
2023-08-11 14:35:00-04:00,203.46,203.46,203.36,203.37,1300.0,203.39,13
2023-08-11 14:40:00-04:00,203.4,203.41,203.2,203.25,1873.0,203.284,18
2023-08-11 14:45:00-04:00,203.33,203.58,203.33,203.56,2784.0,203.414,25
2023-08-11 14:50:00-04:00,203.55,203.56,203.36,203.42,3006.0,203.446,28
2023-08-11 14:55:00-04:00,203.42,203.46,203.32,203.46,2809.0,203.412,27
2023-08-11 15:00:00-04:00,203.45,203.45,203.18,203.28,6046.0,203.32,51
2023-08-11 15:05:00-04:00,203.28,203.36,203.17,203.19,2779.0,203.264,25
2023-08-11 15:10:00-04:00,203.22,203.28,203.1,203.2,6830.0,203.168,65
2023-08-11 15:15:00-04:00,203.26,203.28,203.08,203.15,3429.0,203.163,30
2023-08-11 15:20:00-04:00,203.17,203.22,203.0,203.06,12439.0,203.096,104
2023-08-11 15:25:00-04:00,203.11,203.31,203.05,203.05,6995.0,203.221,69
2023-08-11 15:30:00-04:00,203.06,203.13,202.94,202.95,11702.0,203.04,84
2023-08-11 15:35:00-04:00,203.01,203.06,202.75,202.81,4229.0,202.87,37
2023-08-11 15:40:00-04:00,202.81,202.86,202.67,202.81,6700.0,202.795,59
2023-08-11 15:45:00-04:00,202.81,202.99,202.59,202.94,8790.0,202.797,79
2023-08-11 15:50:00-04:00,202.8,203.05,202.76,203.02,13179.0,202.925,118
2023-08-11 15:55:00-04:00,202.98,203.18,202.85,203.17,43716.0,203.029,348
2023-08-14 09:30:00-04:00,202.42,202.81,201.79,201.98,7586.0,202.407,9
2023-08-14 09:35:00-04:00,202.04,202.72,201.72,202.57,2550.0,202.113,22
2023-08-14 09:40:00-04:00,202.8,202.95,202.29,202.78,6034.0,202.512,45
2023-08-14 09:45:00-04:00,202.83,203.14,202.3,202.52,4843.0,202.716,41
2023-08-14 09:50:00-04:00,202.46,202.58,202.36,202.37,3230.0,202.461,31
2023-08-14 09:55:00-04:00,202.34,202.75,202.33,202.66,1500.0,202.539,14
2023-08-14 10:00:00-04:00,202.7,203.42,202.64,203.39,10615.0,203.157,68
2023-08-14 10:05:00-04:00,203.33,203.71,203.25,203.51,8897.0,203.446,68
2023-08-14 10:10:00-04:00,203.59,204.36,203.59,204.13,4176.0,203.964,39
2023-08-14 10:15:00-04:00,204.13,204.13,203.88,204.01,4885.0,203.981,47
2023-08-14 10:20:00-04:00,204.01,204.04,203.54,203.73,16339.0,203.717,65
2023-08-14 10:25:00-04:00,203.66,203.95,203.53,203.61,4324.0,203.735,39
2023-08-14 10:30:00-04:00,203.7,203.78,203.43,203.66,3537.0,203.601,30
2023-08-14 10:35:00-04:00,203.61,203.86,203.5,203.61,2900.0,203.637,29
2023-08-14 10:40:00-04:00,203.57,203.72,203.54,203.67,2694.0,203.629,22
2023-08-14 10:45:00-04:00,203.75,203.77,203.26,203.26,6863.0,203.617,31
2023-08-14 10:50:00-04:00,203.24,203.77,203.24,203.76,2682.0,203.519,25
2023-08-14 10:55:00-04:00,203.89,204.12,203.73,203.8,9610.0,204.021,31
2023-08-14 11:00:00-04:00,203.91,203.91,203.65,203.76,1976.0,203.748,19
2023-08-14 11:05:00-04:00,203.68,203.89,203.64,203.84,1968.0,203.756,14
2023-08-14 11:10:00-04:00,203.78,203.8,203.7,203.7,627.0,203.738,6
2023-08-14 11:15:00-04:00,203.57,203.6,203.48,203.51,3044.0,203.532,28
2023-08-14 11:20:00-04:00,203.5,203.5,203.22,203.23,2135.0,203.381,20
2023-08-14 11:25:00-04:00,203.23,203.5,203.22,203.41,4902.0,203.347,44
2023-08-14 11:30:00-04:00,203.48,203.51,203.36,203.47,3763.0,203.416,16
2023-08-14 11:35:00-04:00,203.5,203.54,203.36,203.47,1964.0,203.489,16
2023-08-14 11:40:00-04:00,203.49,203.54,203.45,203.46,2339.0,203.503,22
2023-08-14 11:45:00-04:00,203.44,203.59,203.44,203.46,1553.0,203.53,13
2023-08-14 11:50:00-04:00,203.55,203.56,203.46,203.46,723.0,203.51,7
2023-08-14 11:55:00-04:00,203.41,203.56,203.41,203.53,3203.0,203.481,30
2023-08-14 12:00:00-04:00,203.5,203.52,203.26,203.36,1856.0,203.438,18
2023-08-14 12:05:00-04:00,203.38,203.65,203.38,203.47,2445.0,203.545,22
2023-08-14 12:10:00-04:00,203.47,203.5,203.31,203.46,1767.0,203.467,17
2023-08-14 12:15:00-04:00,203.46,203.6,203.38,203.55,4316.0,203.504,38
2023-08-14 12:20:00-04:00,203.59,203.71,203.49,203.51,3506.0,203.591,34
2023-08-14 12:25:00-04:00,203.5,203.62,203.48,203.61,2666.0,203.591,22
2023-08-14 12:30:00-04:00,203.48,203.67,203.46,203.62,3379.0,203.572,31
2023-08-14 12:35:00-04:00,203.57,203.6,203.51,203.53,2158.0,203.553,20
2023-08-14 12:40:00-04:00,203.53,203.64,203.45,203.5,4332.0,203.54,42
2023-08-14 12:45:00-04:00,203.46,203.63,203.46,203.46,2716.0,203.528,24
2023-08-14 12:50:00-04:00,203.47,203.58,203.45,203.53,2808.0,203.521,27
2023-08-14 12:55:00-04:00,203.53,203.73,203.53,203.72,2987.0,203.599,28
2023-08-14 13:00:00-04:00,203.93,203.93,203.92,203.93,500.0,203.927,5
2023-08-14 13:05:00-04:00,203.92,204.01,203.65,203.65,1916.0,203.835,18
2023-08-14 13:10:00-04:00,203.76,203.82,203.62,203.68,2597.0,203.733,16
2023-08-14 13:15:00-04:00,203.78,203.83,203.73,203.8,600.0,203.785,6
2023-08-14 13:20:00-04:00,203.83,203.97,203.83,203.83,2713.0,203.889,26
2023-08-14 13:25:00-04:00,203.77,204.02,203.77,203.98,2096.0,203.955,18
2023-08-14 13:30:00-04:00,203.98,204.06,203.67,203.78,3858.0,203.851,30
2023-08-14 13:35:00-04:00,203.85,204.06,203.83,203.87,3582.0,203.952,35
2023-08-14 13:40:00-04:00,203.92,204.0,203.89,203.9,932.0,203.947,9
2023-08-14 13:45:00-04:00,203.88,203.91,203.71,203.76,18446.0,203.814,59
2023-08-14 13:50:00-04:00,203.76,203.76,203.5,203.59,4954.0,203.62,39
2023-08-14 13:55:00-04:00,203.56,203.77,203.51,203.77,3586.0,203.676,31
2023-08-14 14:00:00-04:00,203.75,203.8,203.51,203.74,3063.0,203.615,26
2023-08-14 14:05:00-04:00,203.87,203.91,203.72,203.73,2224.0,203.822,18
2023-08-14 14:10:00-04:00,203.66,203.9,203.51,203.61,2543.0,203.722,22
2023-08-14 14:15:00-04:00,203.81,203.99,203.74,203.92,2045.0,203.893,18
2023-08-14 14:20:00-04:00,203.91,204.04,203.9,203.91,1895.0,203.965,17
2023-08-14 14:25:00-04:00,203.94,204.04,203.8,204.03,2124.0,203.932,21
2023-08-14 14:30:00-04:00,204.01,204.01,203.67,203.84,4300.0,203.826,40
2023-08-14 14:35:00-04:00,203.77,203.92,203.67,203.67,5452.0,203.757,29
2023-08-14 14:40:00-04:00,203.66,203.82,203.64,203.72,4743.0,203.732,36
2023-08-14 14:45:00-04:00,203.7,203.88,203.64,203.85,2588.0,203.744,25
2023-08-14 14:50:00-04:00,203.84,204.02,203.81,204.01,2861.0,203.933,28
2023-08-14 14:55:00-04:00,203.95,203.98,203.68,203.78,2594.0,203.856,25
2023-08-14 15:00:00-04:00,203.78,203.93,203.73,203.81,2311.0,203.809,23
2023-08-14 15:05:00-04:00,203.85,203.89,203.69,203.77,3327.0,203.789,24
2023-08-14 15:10:00-04:00,203.73,203.82,203.63,203.74,3135.0,203.743,28
2023-08-14 15:15:00-04:00,203.76,203.81,203.63,203.74,2920.0,203.726,24
2023-08-14 15:20:00-04:00,203.74,203.88,203.67,203.81,2717.0,203.775,24
2023-08-14 15:25:00-04:00,203.83,203.83,203.45,203.56,2158.0,203.641,20
2023-08-14 15:30:00-04:00,203.59,203.7,203.59,203.65,2100.0,203.638,21
2023-08-14 15:35:00-04:00,203.69,203.89,203.61,203.81,25915.0,203.662,95
2023-08-14 15:40:00-04:00,203.9,204.0,203.81,204.0,4864.0,203.894,48
2023-08-14 15:45:00-04:00,204.01,204.39,203.98,204.39,11795.0,204.048,101
2023-08-14 15:50:00-04:00,204.46,204.6,204.19,204.39,17136.0,204.348,152
2023-08-14 15:55:00-04:00,204.43,204.95,204.42,204.86,80332.0,204.737,612
2023-08-15 09:30:00-04:00,203.44,204.34,203.44,203.9,8638.0,203.62,6
2023-08-15 09:35:00-04:00,203.74,204.41,203.67,204.41,4537.0,204.001,38
2023-08-15 09:40:00-04:00,204.01,204.44,203.96,204.02,2400.0,204.1,23
2023-08-15 09:45:00-04:00,204.01,204.17,203.65,203.73,5055.0,203.884,46
2023-08-15 09:50:00-04:00,203.69,204.0,203.68,203.9,3306.0,203.881,26
2023-08-15 09:55:00-04:00,203.79,203.81,203.66,203.73,2024.0,203.74,18
2023-08-15 10:00:00-04:00,203.56,203.68,203.37,203.64,2889.0,203.52,26
2023-08-15 10:05:00-04:00,203.44,203.45,202.96,203.14,5893.0,203.227,46
2023-08-15 10:10:00-04:00,203.3,203.33,203.1,203.17,1804.0,203.232,15
2023-08-15 10:15:00-04:00,203.29,203.47,203.21,203.47,1517.0,203.313,14
2023-08-15 10:20:00-04:00,203.36,203.53,203.25,203.26,3059.0,203.417,29
2023-08-15 10:25:00-04:00,203.33,203.45,203.33,203.39,1312.0,203.377,10
2023-08-15 10:30:00-04:00,203.64,203.65,203.18,203.18,2924.0,203.321,26
2023-08-15 10:35:00-04:00,203.18,203.57,203.18,203.53,2350.0,203.337,23
2023-08-15 10:40:00-04:00,203.55,204.04,203.53,203.96,14227.0,203.975,61
2023-08-15 10:45:00-04:00,203.97,204.05,203.6,203.77,3832.0,203.868,35
2023-08-15 10:50:00-04:00,203.71,203.86,203.58,203.58,2941.0,203.759,27
2023-08-15 10:55:00-04:00,203.55,203.58,203.38,203.42,7109.0,203.501,43
2023-08-15 11:00:00-04:00,203.4,203.56,203.34,203.42,2515.0,203.472,23
2023-08-15 11:05:00-04:00,203.48,204.07,203.47,203.86,7822.0,203.83,56
2023-08-15 11:10:00-04:00,203.86,203.98,203.49,203.59,4103.0,203.721,35
2023-08-15 11:15:00-04:00,203.52,203.64,203.18,203.48,5137.0,203.41,36
2023-08-15 11:20:00-04:00,203.48,203.51,203.2,203.34,8550.0,203.344,47
2023-08-15 11:25:00-04:00,203.5,203.66,203.26,203.62,2878.0,203.469,25
2023-08-15 11:30:00-04:00,203.67,203.67,203.22,203.22,1392.0,203.452,13
2023-08-15 11:35:00-04:00,203.35,203.53,203.31,203.37,2854.0,203.45,25
2023-08-15 11:40:00-04:00,203.44,203.46,203.08,203.18,2368.0,203.279,19
2023-08-15 11:45:00-04:00,203.2,203.2,202.93,202.96,1456.0,203.069,13
2023-08-15 11:50:00-04:00,203.01,203.19,202.97,203.07,3109.0,203.104,27
2023-08-15 11:55:00-04:00,203.04,203.2,202.91,203.14,14021.0,202.994,45
2023-08-15 12:00:00-04:00,203.15,203.44,203.14,203.41,6474.0,203.288,63
2023-08-15 12:05:00-04:00,203.46,203.52,203.03,203.14,7737.0,203.237,74
2023-08-15 12:10:00-04:00,203.12,203.42,203.01,203.42,4476.0,203.143,43
2023-08-15 12:15:00-04:00,203.36,203.45,203.31,203.43,5306.0,203.39,51
2023-08-15 12:20:00-04:00,203.42,203.44,203.31,203.41,4741.0,203.371,46
2023-08-15 12:25:00-04:00,203.45,203.45,203.21,203.22,3570.0,203.357,34
2023-08-15 12:30:00-04:00,203.29,203.35,203.03,203.09,27592.0,203.043,28
2023-08-15 12:35:00-04:00,202.95,203.03,202.83,202.83,2927.0,202.952,13
2023-08-15 12:40:00-04:00,202.9,202.95,202.8,202.81,2706.0,202.877,24
2023-08-15 12:45:00-04:00,202.8,202.81,202.54,202.58,2848.0,202.643,24
2023-08-15 12:50:00-04:00,202.47,202.82,202.45,202.76,3147.0,202.59,27
2023-08-15 12:55:00-04:00,202.84,203.06,202.77,203.04,3794.0,202.936,25
2023-08-15 13:00:00-04:00,203.03,203.16,202.97,203.03,8745.0,203.046,87
2023-08-15 13:05:00-04:00,203.09,203.13,202.99,203.02,5713.0,203.046,50
2023-08-15 13:10:00-04:00,203.05,203.29,203.05,203.27,3195.0,203.231,15
2023-08-15 13:15:00-04:00,203.34,203.43,203.32,203.4,1501.0,203.372,12
2023-08-15 13:20:00-04:00,203.32,203.43,203.26,203.27,2171.0,203.317,16
2023-08-15 13:25:00-04:00,203.27,203.54,203.23,203.39,1737.0,203.396,17
2023-08-15 13:30:00-04:00,203.31,203.31,203.05,203.11,2108.0,203.171,20
2023-08-15 13:35:00-04:00,203.16,203.25,203.1,203.15,1409.0,203.16,13
2023-08-15 13:40:00-04:00,203.13,203.2,203.08,203.15,3296.0,203.145,27
2023-08-15 13:45:00-04:00,203.15,203.37,203.06,203.09,3380.0,203.247,29
2023-08-15 13:50:00-04:00,203.22,203.33,203.17,203.32,2476.0,203.227,21
2023-08-15 13:55:00-04:00,203.29,203.4,203.26,203.27,4549.0,203.333,41
2023-08-15 14:00:00-04:00,203.33,203.4,203.26,203.26,2853.0,203.319,20
2023-08-15 14:05:00-04:00,203.25,203.31,203.15,203.18,2694.0,203.227,22
2023-08-15 14:10:00-04:00,203.21,203.23,203.16,203.19,1400.0,203.206,13
2023-08-15 14:15:00-04:00,203.17,203.24,203.05,203.14,2006.0,203.147,19
2023-08-15 14:20:00-04:00,203.17,203.31,203.12,203.26,3354.0,203.229,31
2023-08-15 14:25:00-04:00,203.22,203.4,203.22,203.34,1363.0,203.328,10
2023-08-15 14:30:00-04:00,203.34,203.43,203.21,203.42,4166.0,203.319,39
2023-08-15 14:35:00-04:00,203.37,203.5,203.37,203.47,2506.0,203.426,21
2023-08-15 14:40:00-04:00,203.51,203.53,203.39,203.41,2225.0,203.461,20
2023-08-15 14:45:00-04:00,203.41,203.44,203.27,203.32,3489.0,203.361,32
2023-08-15 14:50:00-04:00,203.36,203.51,203.36,203.37,3471.0,203.435,25
2023-08-15 14:55:00-04:00,203.42,203.46,203.28,203.32,4122.0,203.355,35
2023-08-15 15:00:00-04:00,203.32,203.39,203.25,203.3,3160.0,203.307,29
2023-08-15 15:05:00-04:00,203.27,203.4,203.27,203.34,1742.0,203.345,15
2023-08-15 15:10:00-04:00,203.39,203.52,203.34,203.36,3205.0,203.424,29
2023-08-15 15:15:00-04:00,203.31,203.5,203.31,203.47,2335.0,203.419,21
2023-08-15 15:20:00-04:00,203.47,203.52,203.28,203.32,4625.0,203.39,40
2023-08-15 15:25:00-04:00,203.32,203.32,203.1,203.25,9443.0,203.185,80
2023-08-15 15:30:00-04:00,203.19,203.4,203.12,203.29,7761.0,203.202,72
2023-08-15 15:35:00-04:00,203.29,203.36,203.1,203.17,7170.0,203.261,56
2023-08-15 15:40:00-04:00,203.19,203.32,203.12,203.12,8719.0,203.224,73
2023-08-15 15:45:00-04:00,203.14,203.26,203.03,203.17,13186.0,203.155,97
2023-08-15 15:50:00-04:00,203.13,203.35,203.08,203.32,16907.0,203.239,153
2023-08-15 15:55:00-04:00,203.35,203.56,203.03,203.05,70473.0,203.208,498
2023-08-16 09:30:00-04:00,202.32,203.59,202.0,203.12,17400.0,202.705,36
2023-08-16 09:35:00-04:00,203.2,204.53,203.2,204.53,3124.0,203.766,30
2023-08-16 09:40:00-04:00,204.58,204.91,204.58,204.61,2700.0,204.711,27
2023-08-16 09:45:00-04:00,204.56,204.72,204.52,204.63,1400.0,204.605,13
2023-08-16 09:50:00-04:00,204.45,204.45,204.02,204.05,5477.0,204.138,14
2023-08-16 09:55:00-04:00,204.25,204.25,203.67,203.84,1450.0,203.887,13
2023-08-16 10:00:00-04:00,203.7,203.7,203.32,203.59,2224.0,203.535,19
2023-08-16 10:05:00-04:00,203.47,203.8,203.46,203.69,1732.0,203.719,15
2023-08-16 10:10:00-04:00,203.22,203.41,202.97,203.08,1527.0,203.157,14
2023-08-16 10:15:00-04:00,203.15,203.33,203.07,203.25,2436.0,203.224,21
2023-08-16 10:20:00-04:00,203.32,203.38,203.07,203.26,2457.0,203.263,19
2023-08-16 10:25:00-04:00,203.19,203.25,202.8,203.12,7821.0,203.199,19
2023-08-16 10:30:00-04:00,203.1,203.47,203.08,203.46,4284.0,203.205,35
2023-08-16 10:35:00-04:00,203.34,203.34,203.05,203.32,1029.0,203.249,7
2023-08-16 10:40:00-04:00,203.34,203.86,203.34,203.8,4874.0,203.69,35
2023-08-16 10:45:00-04:00,203.83,203.87,203.5,203.58,9495.0,203.706,71
2023-08-16 10:50:00-04:00,203.58,204.0,203.57,203.72,6711.0,203.738,53
2023-08-16 10:55:00-04:00,203.83,204.57,203.83,204.51,15302.0,204.289,34
2023-08-16 11:00:00-04:00,204.61,205.1,204.53,204.79,16032.0,204.846,101
2023-08-16 11:05:00-04:00,204.51,205.03,204.45,205.02,3516.0,204.706,34
2023-08-16 11:10:00-04:00,205.01,205.04,204.73,204.75,6919.0,204.89,51
2023-08-16 11:15:00-04:00,204.87,204.9,204.61,204.85,4460.0,204.812,36
2023-08-16 11:20:00-04:00,204.96,205.2,204.95,205.01,3914.0,205.036,34
2023-08-16 11:25:00-04:00,205.08,205.08,204.72,204.99,3324.0,204.893,30
2023-08-16 11:30:00-04:00,204.99,205.26,204.98,205.04,10765.0,205.127,79
2023-08-16 11:35:00-04:00,205.13,205.13,204.84,204.86,3880.0,204.988,31
2023-08-16 11:40:00-04:00,204.87,205.13,204.64,204.72,4132.0,204.895,33
2023-08-16 11:45:00-04:00,204.75,204.75,204.53,204.62,3373.0,204.633,28
2023-08-16 11:50:00-04:00,204.58,204.85,204.49,204.85,3862.0,204.659,34
2023-08-16 11:55:00-04:00,204.84,204.84,204.55,204.56,3040.0,204.674,28
2023-08-16 12:00:00-04:00,204.49,204.58,204.42,204.42,1162.0,204.513,9
2023-08-16 12:05:00-04:00,204.48,204.58,204.2,204.21,2822.0,204.453,25
2023-08-16 12:10:00-04:00,204.05,204.39,204.05,204.25,4502.0,204.238,43
2023-08-16 12:15:00-04:00,204.27,204.29,204.1,204.12,3329.0,204.142,29
2023-08-16 12:20:00-04:00,204.15,204.29,203.95,204.23,6448.0,204.133,58
2023-08-16 12:25:00-04:00,204.17,204.37,204.14,204.31,5719.0,204.234,39
2023-08-16 12:30:00-04:00,204.19,204.32,204.01,204.16,21015.0,204.283,108
2023-08-16 12:35:00-04:00,204.15,204.43,204.14,204.43,3635.0,204.27,26
2023-08-16 12:40:00-04:00,204.48,204.6,204.25,204.3,1647.0,204.385,15
2023-08-16 12:45:00-04:00,204.27,204.27,204.11,204.16,1776.0,204.199,14
2023-08-16 12:50:00-04:00,204.14,204.3,204.08,204.21,6541.0,204.204,39
2023-08-16 12:55:00-04:00,204.22,204.22,203.9,203.9,2100.0,204.111,19
2023-08-16 13:00:00-04:00,204.06,204.14,203.73,203.73,4098.0,203.976,25
2023-08-16 13:05:00-04:00,203.73,203.73,203.49,203.53,1467.0,203.597,14
2023-08-16 13:10:00-04:00,203.54,203.76,203.49,203.67,2039.0,203.64,19
2023-08-16 13:15:00-04:00,203.62,203.68,203.52,203.53,980.0,203.606,7
2023-08-16 13:20:00-04:00,203.61,203.61,203.59,203.59,500.0,203.606,4
2023-08-16 13:25:00-04:00,203.55,203.55,203.19,203.19,3284.0,203.387,16
2023-08-16 13:30:00-04:00,203.14,203.56,202.97,203.56,3347.0,203.238,33
2023-08-16 13:35:00-04:00,203.53,203.8,203.48,203.78,5587.0,203.714,37
2023-08-16 13:40:00-04:00,203.82,203.92,203.79,203.84,3317.0,203.843,20
2023-08-16 13:45:00-04:00,203.85,204.09,203.83,204.08,1867.0,203.93,16
2023-08-16 13:50:00-04:00,204.15,204.15,203.92,203.96,1366.0,204.054,12
2023-08-16 13:55:00-04:00,204.0,204.07,203.8,203.8,6278.0,203.903,39
2023-08-16 14:00:00-04:00,203.8,203.94,203.58,203.64,2450.0,203.79,24
2023-08-16 14:05:00-04:00,203.76,203.78,203.54,203.74,1481.0,203.715,12
2023-08-16 14:10:00-04:00,203.78,203.78,203.59,203.66,1927.0,203.658,15
2023-08-16 14:15:00-04:00,203.64,204.02,203.59,203.97,1508.0,203.78,15
2023-08-16 14:20:00-04:00,204.06,204.54,203.9,204.54,15428.0,204.12,96
2023-08-16 14:25:00-04:00,204.35,204.57,204.25,204.28,18575.0,204.363,91
2023-08-16 14:30:00-04:00,204.28,204.53,204.27,204.45,3525.0,204.392,33
2023-08-16 14:35:00-04:00,204.43,204.46,204.28,204.28,3087.0,204.366,26
2023-08-16 14:40:00-04:00,204.28,204.4,204.13,204.29,4824.0,204.277,41
2023-08-16 14:45:00-04:00,204.36,204.37,204.01,204.06,8632.0,204.264,20
2023-08-16 14:50:00-04:00,203.99,204.2,203.9,204.05,4788.0,204.008,41
2023-08-16 14:55:00-04:00,204.11,204.14,203.99,204.06,1676.0,204.064,16
2023-08-16 15:00:00-04:00,204.0,204.19,203.99,204.13,4501.0,204.062,38
2023-08-16 15:05:00-04:00,204.13,204.3,204.08,204.19,13348.0,204.202,105
2023-08-16 15:10:00-04:00,204.25,204.25,203.94,204.02,9183.0,204.073,88
2023-08-16 15:15:00-04:00,203.96,203.96,203.74,203.74,18810.0,203.882,147
2023-08-16 15:20:00-04:00,203.73,203.91,203.67,203.81,10020.0,203.809,93
2023-08-16 15:25:00-04:00,203.76,203.85,203.65,203.73,7609.0,203.748,67
2023-08-16 15:30:00-04:00,203.69,203.85,203.54,203.84,13652.0,203.662,93
2023-08-16 15:35:00-04:00,203.86,203.91,203.48,203.6,10632.0,203.713,91
2023-08-16 15:40:00-04:00,203.57,203.65,203.24,203.43,11640.0,203.388,110
2023-08-16 15:45:00-04:00,203.37,203.68,203.34,203.63,9174.0,203.495,86
2023-08-16 15:50:00-04:00,203.55,203.72,203.46,203.58,18514.0,203.584,165
2023-08-16 15:55:00-04:00,203.63,203.71,203.0,203.12,74723.0,203.324,566
2023-08-17 09:30:00-04:00,203.0,203.19,202.61,203.19,9628.0,203.008,28
2023-08-17 09:35:00-04:00,203.19,203.46,202.74,202.74,4063.0,203.101,39
2023-08-17 09:40:00-04:00,202.85,203.08,202.53,202.53,3945.0,202.851,33
2023-08-17 09:45:00-04:00,202.51,202.55,202.19,202.24,7615.0,202.367,46
2023-08-17 09:50:00-04:00,202.36,202.8,202.25,202.42,2660.0,202.499,21
2023-08-17 09:55:00-04:00,202.42,202.69,202.42,202.61,7901.0,202.558,72
2023-08-17 10:00:00-04:00,202.73,202.73,202.3,202.45,4604.0,202.603,39
2023-08-17 10:05:00-04:00,202.33,202.75,202.06,202.65,5793.0,202.448,40
2023-08-17 10:10:00-04:00,202.51,202.51,202.06,202.23,4326.0,202.205,41
2023-08-17 10:15:00-04:00,202.08,202.32,201.84,201.9,5414.0,202.092,47
2023-08-17 10:20:00-04:00,201.85,201.98,201.54,201.95,4006.0,201.797,40
2023-08-17 10:25:00-04:00,201.87,201.87,201.56,201.77,5233.0,201.757,46
2023-08-17 10:30:00-04:00,201.75,201.92,201.47,201.8,9560.0,201.72,87
2023-08-17 10:35:00-04:00,201.8,202.01,201.62,201.68,6993.0,201.856,65
2023-08-17 10:40:00-04:00,201.59,201.64,201.25,201.64,5887.0,201.549,51
2023-08-17 10:45:00-04:00,201.61,201.8,201.55,201.65,3267.0,201.659,27
2023-08-17 10:50:00-04:00,201.73,201.88,201.7,201.75,2325.0,201.755,20
2023-08-17 10:55:00-04:00,201.81,201.81,201.52,201.56,1663.0,201.663,16
2023-08-17 11:00:00-04:00,201.61,201.61,200.99,200.99,5621.0,201.306,33
2023-08-17 11:05:00-04:00,200.98,201.29,200.98,201.0,3305.0,201.151,27
2023-08-17 11:10:00-04:00,201.08,201.2,200.91,201.02,2645.0,201.036,25
2023-08-17 11:15:00-04:00,201.0,201.0,200.68,200.7,7000.0,200.791,69
2023-08-17 11:20:00-04:00,200.85,200.95,200.73,200.87,10957.0,200.864,102
2023-08-17 11:25:00-04:00,200.94,201.0,200.51,200.51,4626.0,200.757,43
2023-08-17 11:30:00-04:00,200.56,200.6,200.3,200.6,5081.0,200.433,49
2023-08-17 11:35:00-04:00,200.63,200.63,200.24,200.61,4573.0,200.505,43
2023-08-17 11:40:00-04:00,200.6,200.82,200.59,200.65,5830.0,200.718,42
2023-08-17 11:45:00-04:00,200.72,200.82,200.57,200.58,3918.0,200.7,37
2023-08-17 11:50:00-04:00,200.48,200.58,200.25,200.25,1688.0,200.491,15
2023-08-17 11:55:00-04:00,200.3,200.46,200.21,200.4,4612.0,200.367,38
2023-08-17 12:00:00-04:00,200.29,200.44,200.28,200.36,3277.0,200.36,26
2023-08-17 12:05:00-04:00,200.28,200.28,199.91,200.0,4291.0,200.093,37
2023-08-17 12:10:00-04:00,200.02,200.21,200.01,200.08,1555.0,200.084,15
2023-08-17 12:15:00-04:00,200.13,200.13,199.91,199.99,4000.0,199.98,37
2023-08-17 12:20:00-04:00,199.94,200.16,199.93,200.09,6037.0,200.06,58
2023-08-17 12:25:00-04:00,200.12,200.21,199.98,199.98,6229.0,200.104,60
2023-08-17 12:30:00-04:00,200.19,200.28,200.0,200.11,2901.0,200.148,27
2023-08-17 12:35:00-04:00,200.02,200.16,200.02,200.03,1609.0,200.09,16
2023-08-17 12:40:00-04:00,200.0,200.44,200.0,200.25,3339.0,200.204,29
2023-08-17 12:45:00-04:00,200.2,200.2,200.02,200.18,1411.0,200.149,14
2023-08-17 12:50:00-04:00,200.24,200.5,200.24,200.46,2347.0,200.375,20
2023-08-17 12:55:00-04:00,200.42,200.42,200.28,200.37,1816.0,200.362,16
2023-08-17 13:00:00-04:00,200.43,200.57,200.42,200.44,3543.0,200.513,31
2023-08-17 13:05:00-04:00,200.35,200.44,200.29,200.37,1679.0,200.414,12
2023-08-17 13:10:00-04:00,200.28,200.45,200.16,200.4,2200.0,200.327,21
2023-08-17 13:15:00-04:00,200.51,200.57,200.38,200.56,3375.0,200.461,24
2023-08-17 13:20:00-04:00,200.56,200.67,200.32,200.33,23318.0,200.558,169
2023-08-17 13:25:00-04:00,200.22,200.27,199.73,199.95,4296.0,199.938,38
2023-08-17 13:30:00-04:00,200.02,200.11,199.8,199.98,2523.0,199.987,21
2023-08-17 13:35:00-04:00,199.99,200.03,199.87,199.88,735.0,199.923,6
2023-08-17 13:40:00-04:00,199.72,199.78,199.24,199.42,5030.0,199.433,46
2023-08-17 13:45:00-04:00,199.35,199.36,199.15,199.15,6134.0,199.248,40
2023-08-17 13:50:00-04:00,199.23,199.35,199.18,199.24,10017.0,199.257,91
2023-08-17 13:55:00-04:00,199.23,199.38,199.16,199.35,7348.0,199.255,68
2023-08-17 14:00:00-04:00,199.36,199.49,199.14,199.15,3254.0,199.36,24
2023-08-17 14:05:00-04:00,199.03,199.19,198.95,199.15,2470.0,199.092,23
2023-08-17 14:10:00-04:00,199.08,199.08,198.87,198.88,2170.0,198.965,20
2023-08-17 14:15:00-04:00,198.8,198.82,198.64,198.82,3513.0,198.728,28
2023-08-17 14:20:00-04:00,198.8,198.83,198.74,198.82,2307.0,198.783,20
2023-08-17 14:25:00-04:00,198.91,199.16,198.91,199.12,2663.0,199.005,26
2023-08-17 14:30:00-04:00,199.06,199.06,198.77,198.78,2799.0,198.936,25
2023-08-17 14:35:00-04:00,198.7,198.89,198.68,198.84,2121.0,198.796,21
2023-08-17 14:40:00-04:00,198.67,198.74,198.61,198.61,1970.0,198.667,14
2023-08-17 14:45:00-04:00,198.53,198.59,198.29,198.4,2505.0,198.4,22
2023-08-17 14:50:00-04:00,198.42,198.45,198.14,198.17,2614.0,198.317,23
2023-08-17 14:55:00-04:00,197.86,198.05,197.76,197.94,4540.0,197.916,40
2023-08-17 15:00:00-04:00,197.91,198.0,197.57,197.71,4065.0,197.805,37
2023-08-17 15:05:00-04:00,197.7,197.88,197.68,197.73,5066.0,197.786,45
2023-08-17 15:10:00-04:00,197.77,197.96,197.7,197.86,5396.0,197.848,50
2023-08-17 15:15:00-04:00,197.8,197.89,197.59,197.87,4530.0,197.823,38
2023-08-17 15:20:00-04:00,197.87,197.9,197.57,197.74,4712.0,197.761,43
2023-08-17 15:25:00-04:00,197.79,198.09,197.79,198.05,6821.0,197.964,59
2023-08-17 15:30:00-04:00,198.01,198.13,197.8,197.87,5237.0,197.986,46
2023-08-17 15:35:00-04:00,197.9,198.01,197.64,197.73,8380.0,197.886,71
2023-08-17 15:40:00-04:00,197.75,197.86,197.52,197.52,6700.0,197.736,57
2023-08-17 15:45:00-04:00,197.56,197.59,197.21,197.23,11027.0,197.445,91
2023-08-17 15:50:00-04:00,197.3,197.66,197.29,197.58,21437.0,197.482,168
2023-08-17 15:55:00-04:00,197.55,197.78,197.24,197.6,48400.0,197.547,338
2023-08-18 09:30:00-04:00,196.32,197.73,196.05,197.73,41264.0,196.364,51
2023-08-18 09:35:00-04:00,198.05,198.49,197.25,198.16,5024.0,197.945,48
2023-08-18 09:40:00-04:00,198.45,198.58,198.06,198.22,4555.0,198.323,42
2023-08-18 09:45:00-04:00,197.97,198.19,197.92,198.07,3089.0,198.043,27
2023-08-18 09:50:00-04:00,198.18,198.39,198.0,198.32,3180.0,198.16,27
2023-08-18 09:55:00-04:00,198.1,198.1,197.66,197.88,2912.0,197.897,27
2023-08-18 10:00:00-04:00,197.5,197.75,197.41,197.5,3825.0,197.579,36
2023-08-18 10:05:00-04:00,197.5,198.0,197.5,197.99,5739.0,197.645,28
2023-08-18 10:10:00-04:00,197.9,197.9,197.54,197.64,2500.0,197.757,24
2023-08-18 10:15:00-04:00,197.79,197.8,197.49,197.75,6671.0,197.677,63
2023-08-18 10:20:00-04:00,197.72,197.72,197.28,197.34,3571.0,197.496,33
2023-08-18 10:25:00-04:00,197.34,197.49,197.07,197.13,5485.0,197.24,45
2023-08-18 10:30:00-04:00,197.22,197.52,197.17,197.41,3502.0,197.334,27
2023-08-18 10:35:00-04:00,197.4,197.75,197.32,197.49,2862.0,197.504,27
2023-08-18 10:40:00-04:00,197.5,197.67,197.33,197.36,2800.0,197.468,27
2023-08-18 10:45:00-04:00,197.5,197.55,197.25,197.51,7954.0,197.45,32
2023-08-18 10:50:00-04:00,197.62,197.72,197.14,197.2,3497.0,197.337,30
2023-08-18 10:55:00-04:00,197.37,197.57,197.25,197.56,2560.0,197.392,23
2023-08-18 11:00:00-04:00,197.65,197.86,197.56,197.77,4819.0,197.748,46
2023-08-18 11:05:00-04:00,197.87,197.87,197.66,197.7,7890.0,197.739,23
2023-08-18 11:10:00-04:00,197.8,198.31,197.78,198.31,3138.0,198.031,28
2023-08-18 11:15:00-04:00,198.33,198.59,198.33,198.5,13399.0,198.469,98
2023-08-18 11:20:00-04:00,198.69,198.69,198.04,198.19,1967.0,198.336,15
2023-08-18 11:25:00-04:00,198.2,198.2,197.93,197.94,1217.0,198.031,12
2023-08-18 11:30:00-04:00,198.04,198.52,197.87,198.06,4759.0,198.141,40
2023-08-18 11:35:00-04:00,198.03,198.38,198.03,198.13,800.0,198.204,7
2023-08-18 11:40:00-04:00,197.99,198.26,197.87,198.16,3087.0,198.029,28
2023-08-18 11:45:00-04:00,198.31,198.55,198.17,198.43,1742.0,198.376,16
2023-08-18 11:50:00-04:00,198.55,198.55,198.31,198.46,1800.0,198.467,17
2023-08-18 11:55:00-04:00,198.49,198.49,198.19,198.19,2403.0,198.366,22
2023-08-18 12:00:00-04:00,198.18,198.27,197.99,197.99,1304.0,198.076,13
2023-08-18 12:05:00-04:00,198.03,198.08,197.69,197.69,11462.0,197.955,38
2023-08-18 12:10:00-04:00,197.82,197.83,197.45,197.46,1608.0,197.631,15
2023-08-18 12:15:00-04:00,197.34,197.37,197.17,197.19,1716.0,197.297,15
2023-08-18 12:20:00-04:00,197.22,197.4,197.19,197.21,3504.0,197.302,29
2023-08-18 12:25:00-04:00,197.33,197.33,196.98,197.05,2239.0,197.121,21
2023-08-18 12:30:00-04:00,197.0,197.2,197.0,197.16,3140.0,197.117,28
2023-08-18 12:35:00-04:00,197.17,197.59,197.14,197.4,5245.0,197.313,46
2023-08-18 12:40:00-04:00,197.39,197.5,197.21,197.41,2218.0,197.353,21
2023-08-18 12:45:00-04:00,197.43,197.52,197.27,197.47,2583.0,197.358,16
2023-08-18 12:50:00-04:00,197.46,197.53,197.32,197.33,1540.0,197.446,15
2023-08-18 12:55:00-04:00,197.32,197.34,197.22,197.34,3046.0,197.265,28
2023-08-18 13:00:00-04:00,197.28,197.39,197.26,197.39,1901.0,197.323,18
2023-08-18 13:05:00-04:00,197.41,197.61,197.25,197.27,2461.0,197.432,18
2023-08-18 13:10:00-04:00,197.23,197.23,197.1,197.12,1216.0,197.182,12
2023-08-18 13:15:00-04:00,197.07,197.15,196.91,197.03,3523.0,197.035,33
2023-08-18 13:20:00-04:00,197.02,197.07,196.8,196.81,2452.0,196.961,17
2023-08-18 13:25:00-04:00,196.83,197.07,196.79,197.03,1893.0,196.936,18
2023-08-18 13:30:00-04:00,197.1,197.11,196.86,197.06,3000.0,196.981,30
2023-08-18 13:35:00-04:00,197.0,197.0,196.83,196.83,1600.0,196.954,16
2023-08-18 13:40:00-04:00,196.84,196.85,196.67,196.8,2804.0,196.786,25
2023-08-18 13:45:00-04:00,196.85,196.95,196.69,196.86,4021.0,196.847,35
2023-08-18 13:50:00-04:00,196.87,196.98,196.76,196.76,3155.0,196.901,28
2023-08-18 13:55:00-04:00,196.81,196.81,196.48,196.48,2817.0,196.637,17
2023-08-18 14:00:00-04:00,196.58,196.75,196.54,196.65,3510.0,196.651,33
2023-08-18 14:05:00-04:00,196.83,196.9,196.67,196.67,2982.0,196.788,24
2023-08-18 14:10:00-04:00,196.62,196.69,196.39,196.66,2527.0,196.529,23
2023-08-18 14:15:00-04:00,196.77,196.86,196.63,196.82,3430.0,196.755,27
2023-08-18 14:20:00-04:00,196.88,197.0,196.83,196.97,1818.0,196.911,18
2023-08-18 14:25:00-04:00,196.92,196.94,196.71,196.91,2275.0,196.822,22
2023-08-18 14:30:00-04:00,196.96,197.14,196.95,197.02,3038.0,197.061,28
2023-08-18 14:35:00-04:00,197.02,197.24,197.01,197.13,2438.0,197.138,24
2023-08-18 14:40:00-04:00,197.19,197.44,197.19,197.44,13320.0,197.251,39
2023-08-18 14:45:00-04:00,197.44,197.6,197.25,197.25,5138.0,197.434,44
2023-08-18 14:50:00-04:00,197.25,197.37,197.16,197.21,5086.0,197.268,43
2023-08-18 14:55:00-04:00,197.2,197.28,197.07,197.12,2300.0,197.191,23
2023-08-18 15:00:00-04:00,197.08,197.2,196.93,197.15,3245.0,197.122,30
2023-08-18 15:05:00-04:00,197.22,197.28,196.93,196.93,5329.0,197.046,28
2023-08-18 15:10:00-04:00,196.84,196.97,196.6,196.73,4676.0,196.851,39
2023-08-18 15:15:00-04:00,196.53,196.75,196.47,196.69,4254.0,196.652,36
2023-08-18 15:20:00-04:00,196.7,196.82,196.59,196.65,4678.0,196.693,41
2023-08-18 15:25:00-04:00,196.65,196.87,196.59,196.87,5463.0,196.722,46
2023-08-18 15:30:00-04:00,196.84,196.91,196.77,196.82,2161.0,196.827,21
2023-08-18 15:35:00-04:00,196.8,196.83,196.66,196.76,6733.0,196.747,59
2023-08-18 15:40:00-04:00,196.76,196.95,196.76,196.89,7871.0,196.868,65
2023-08-18 15:45:00-04:00,196.88,197.19,196.85,196.92,15039.0,196.938,124
2023-08-18 15:50:00-04:00,197.09,197.14,196.67,196.71,14300.0,196.886,120
2023-08-18 15:55:00-04:00,196.74,196.99,196.56,196.98,43942.0,196.779,364
2023-08-21 09:30:00-04:00,196.91,197.02,196.62,196.66,30350.0,196.994,7
2023-08-21 09:35:00-04:00,197.11,197.75,196.9,197.56,4453.0,197.376,40
2023-08-21 09:40:00-04:00,197.53,197.68,196.58,196.58,17237.0,197.417,63
2023-08-21 09:45:00-04:00,196.69,196.97,196.42,196.97,4011.0,196.793,33
2023-08-21 09:50:00-04:00,197.06,197.13,196.56,196.69,4374.0,196.837,42
2023-08-21 09:55:00-04:00,196.68,197.19,196.67,197.05,2300.0,196.917,20
2023-08-21 10:00:00-04:00,196.78,197.07,196.67,196.83,4489.0,196.811,37
2023-08-21 10:05:00-04:00,196.73,196.81,196.41,196.41,3113.0,196.688,30
2023-08-21 10:10:00-04:00,196.48,196.48,195.8,195.98,5243.0,196.1,48
2023-08-21 10:15:00-04:00,195.86,195.86,195.31,195.53,12075.0,195.465,113
2023-08-21 10:20:00-04:00,195.53,195.76,195.35,195.75,7045.0,195.609,62
2023-08-21 10:25:00-04:00,195.72,195.72,195.46,195.72,4093.0,195.576,19
2023-08-21 10:30:00-04:00,195.58,195.89,195.56,195.73,2599.0,195.781,24
2023-08-21 10:35:00-04:00,195.68,196.11,195.61,196.0,2764.0,195.932,27
2023-08-21 10:40:00-04:00,196.19,196.4,196.07,196.24,4167.0,196.236,36
2023-08-21 10:45:00-04:00,196.04,196.21,195.92,196.2,3394.0,196.059,33
2023-08-21 10:50:00-04:00,196.21,196.41,196.19,196.35,1000.0,196.286,10
2023-08-21 10:55:00-04:00,196.56,196.63,196.3,196.63,2762.0,196.488,27
2023-08-21 11:00:00-04:00,196.63,196.77,196.47,196.64,1677.0,196.621,15
2023-08-21 11:05:00-04:00,196.62,196.62,196.33,196.34,11724.0,196.365,17
2023-08-21 11:10:00-04:00,196.44,196.48,196.24,196.25,2958.0,196.348,26
2023-08-21 11:15:00-04:00,196.24,196.24,196.01,196.2,900.0,196.154,9
2023-08-21 11:20:00-04:00,196.28,196.29,195.94,195.94,1100.0,196.202,11
2023-08-21 11:25:00-04:00,196.09,196.27,196.03,196.27,1301.0,196.14,13
2023-08-21 11:30:00-04:00,196.29,196.43,196.24,196.37,2226.0,196.338,22
2023-08-21 11:35:00-04:00,196.31,196.35,195.99,196.11,5400.0,196.192,28
2023-08-21 11:40:00-04:00,196.13,196.14,195.88,195.96,1013.0,195.999,9
2023-08-21 11:45:00-04:00,195.83,195.95,195.78,195.89,2830.0,195.846,25
2023-08-21 11:50:00-04:00,195.87,195.91,195.61,195.61,1503.0,195.8,15
2023-08-21 11:55:00-04:00,195.74,195.86,195.71,195.76,1752.0,195.759,16
2023-08-21 12:00:00-04:00,195.76,195.94,195.76,195.93,2201.0,195.873,20
2023-08-21 12:05:00-04:00,195.91,195.91,195.66,195.76,1849.0,195.781,16
2023-08-21 12:10:00-04:00,195.61,195.88,195.57,195.88,2299.0,195.672,22
2023-08-21 12:15:00-04:00,196.09,196.36,196.06,196.27,4690.0,196.219,33
2023-08-21 12:20:00-04:00,196.25,196.5,196.25,196.48,4079.0,196.423,24
2023-08-21 12:25:00-04:00,196.44,196.57,196.39,196.55,2300.0,196.468,23
2023-08-21 12:30:00-04:00,196.59,196.61,196.34,196.41,2244.0,196.539,20
2023-08-21 12:35:00-04:00,196.45,196.45,196.29,196.3,1400.0,196.366,14
2023-08-21 12:40:00-04:00,196.37,196.43,196.35,196.38,1938.0,196.377,18
2023-08-21 12:45:00-04:00,196.3,196.49,196.28,196.44,2255.0,196.386,20
2023-08-21 12:50:00-04:00,196.47,196.6,196.46,196.46,1723.0,196.521,17
2023-08-21 12:55:00-04:00,196.64,196.88,196.54,196.77,2122.0,196.726,19
2023-08-21 13:00:00-04:00,196.76,196.79,196.64,196.77,2277.0,196.725,17
2023-08-21 13:05:00-04:00,196.6,196.96,196.6,196.9,1983.0,196.815,16
2023-08-21 13:10:00-04:00,196.75,196.78,196.6,196.63,900.0,196.706,9
2023-08-21 13:15:00-04:00,196.7,196.86,196.6,196.84,1020.0,196.756,9
2023-08-21 13:20:00-04:00,196.85,196.91,196.78,196.88,2854.0,196.856,24
2023-08-21 13:25:00-04:00,196.89,196.95,196.88,196.89,900.0,196.908,9
2023-08-21 13:30:00-04:00,196.87,197.0,196.86,196.97,2720.0,196.937,26
2023-08-21 13:35:00-04:00,196.99,197.21,196.99,197.01,2587.0,197.107,22
2023-08-21 13:40:00-04:00,197.13,197.34,197.13,197.34,1596.0,197.236,15
2023-08-21 13:45:00-04:00,197.35,197.44,197.18,197.18,3318.0,197.297,31
2023-08-21 13:50:00-04:00,197.24,197.26,197.09,197.22,1515.0,197.188,14
2023-08-21 13:55:00-04:00,197.22,197.29,197.05,197.22,2507.0,197.185,25
2023-08-21 14:00:00-04:00,197.3,197.35,197.1,197.17,2601.0,197.253,26
2023-08-21 14:05:00-04:00,197.24,197.36,197.23,197.25,1889.0,197.303,16
2023-08-21 14:10:00-04:00,197.36,197.44,197.24,197.44,1532.0,197.356,14
2023-08-21 14:15:00-04:00,197.53,197.53,197.22,197.28,2505.0,197.37,24
2023-08-21 14:20:00-04:00,197.33,197.62,197.33,197.62,15215.0,197.557,55
2023-08-21 14:25:00-04:00,197.6,197.75,197.47,197.55,3505.0,197.648,33
2023-08-21 14:30:00-04:00,197.56,197.65,197.37,197.4,2508.0,197.538,24
2023-08-21 14:35:00-04:00,197.48,197.73,197.45,197.59,3717.0,197.592,35
2023-08-21 14:40:00-04:00,197.61,197.74,197.53,197.74,800.0,197.639,8
2023-08-21 14:45:00-04:00,197.72,197.92,197.57,197.88,3352.0,197.724,32
2023-08-21 14:50:00-04:00,197.88,197.93,197.78,197.9,3474.0,197.873,33
2023-08-21 14:55:00-04:00,197.95,198.07,197.9,197.98,5226.0,197.973,42
2023-08-21 15:00:00-04:00,198.03,198.4,198.03,198.35,4951.0,198.261,48
2023-08-21 15:05:00-04:00,198.34,198.41,198.15,198.27,5390.0,198.296,48
2023-08-21 15:10:00-04:00,198.3,198.4,198.2,198.4,5562.0,198.282,49
2023-08-21 15:15:00-04:00,198.37,198.53,198.36,198.45,5201.0,198.451,47
2023-08-21 15:20:00-04:00,198.4,198.59,198.38,198.56,5791.0,198.471,51
2023-08-21 15:25:00-04:00,198.56,198.61,198.44,198.52,7880.0,198.502,68
2023-08-21 15:30:00-04:00,198.56,198.8,198.55,198.7,6895.0,198.675,62
2023-08-21 15:35:00-04:00,198.73,198.74,198.61,198.65,3837.0,198.681,35
2023-08-21 15:40:00-04:00,198.72,199.06,198.68,198.93,7565.0,198.89,68
2023-08-21 15:45:00-04:00,198.9,198.93,198.67,198.72,5763.0,198.777,56
2023-08-21 15:50:00-04:00,198.7,198.78,198.5,198.61,16080.0,198.615,127
2023-08-21 15:55:00-04:00,198.58,198.62,198.22,198.32,45180.0,198.447,327
2023-08-22 09:30:00-04:00,198.75,199.22,198.58,199.2,17427.0,198.736,30
2023-08-22 09:35:00-04:00,198.74,199.24,198.43,198.55,12192.0,198.825,57
2023-08-22 09:40:00-04:00,198.3,198.32,197.99,198.2,800.0,198.173,8
2023-08-22 09:45:00-04:00,198.03,198.07,197.34,197.38,1236.0,197.709,12
2023-08-22 09:50:00-04:00,197.44,197.58,197.18,197.18,4301.0,197.384,43
2023-08-22 09:55:00-04:00,197.33,197.35,196.31,197.11,2500.0,196.901,23
2023-08-22 10:00:00-04:00,196.82,197.11,196.58,197.05,3946.0,196.947,35
2023-08-22 10:05:00-04:00,197.13,197.39,197.07,197.25,7545.0,197.22,51
2023-08-22 10:10:00-04:00,197.35,197.83,197.35,197.73,2001.0,197.663,19
2023-08-22 10:15:00-04:00,197.62,197.79,197.43,197.79,2121.0,197.624,17
2023-08-22 10:20:00-04:00,197.84,197.9,197.55,197.6,2600.0,197.738,25
2023-08-22 10:25:00-04:00,197.51,197.91,197.51,197.91,1310.0,197.689,12
2023-08-22 10:30:00-04:00,197.88,197.92,197.44,197.52,3551.0,197.686,28
2023-08-22 10:35:00-04:00,197.62,198.22,197.56,197.99,10077.0,197.78,82
2023-08-22 10:40:00-04:00,197.81,197.81,197.49,197.69,2894.0,197.63,28
2023-08-22 10:45:00-04:00,197.61,197.78,197.61,197.7,1600.0,197.716,16
2023-08-22 10:50:00-04:00,197.67,197.75,197.38,197.49,6699.0,197.616,24
2023-08-22 10:55:00-04:00,197.56,197.76,197.49,197.75,2426.0,197.648,23
2023-08-22 11:00:00-04:00,197.76,197.94,197.68,197.94,3940.0,197.829,37
2023-08-22 11:05:00-04:00,197.84,198.14,197.84,197.9,4115.0,198.009,35
2023-08-22 11:10:00-04:00,197.9,198.29,197.77,198.16,3275.0,198.005,29
2023-08-22 11:15:00-04:00,198.09,198.1,197.97,198.1,2747.0,198.05,26
2023-08-22 11:20:00-04:00,198.12,198.2,197.96,198.2,2689.0,198.134,25
2023-08-22 11:25:00-04:00,198.17,198.36,198.07,198.16,4102.0,198.233,40
2023-08-22 11:30:00-04:00,198.13,198.23,198.1,198.14,4302.0,198.156,35
2023-08-22 11:35:00-04:00,198.2,198.25,197.58,197.58,4000.0,198.021,37
2023-08-22 11:40:00-04:00,197.63,197.86,197.6,197.67,3601.0,197.757,31
2023-08-22 11:45:00-04:00,197.59,197.7,197.59,197.7,1196.0,197.672,11
2023-08-22 11:50:00-04:00,197.68,197.69,197.37,197.48,2120.0,197.523,20
2023-08-22 11:55:00-04:00,197.52,197.75,197.52,197.61,2155.0,197.637,18
2023-08-22 12:00:00-04:00,197.54,197.54,197.45,197.53,1697.0,197.506,13
2023-08-22 12:05:00-04:00,197.5,197.7,197.49,197.5,3639.0,197.573,32
2023-08-22 12:10:00-04:00,197.53,197.61,197.25,197.25,1881.0,197.527,14
2023-08-22 12:15:00-04:00,197.22,197.58,197.1,197.49,6476.0,197.35,41
2023-08-22 12:20:00-04:00,197.56,197.57,197.25,197.25,1331.0,197.372,11
2023-08-22 12:25:00-04:00,197.28,197.47,197.18,197.47,1400.0,197.351,14
2023-08-22 12:30:00-04:00,197.49,197.49,197.23,197.43,2615.0,197.37,20
2023-08-22 12:35:00-04:00,197.51,197.83,197.51,197.77,2230.0,197.726,16
2023-08-22 12:40:00-04:00,197.78,197.92,197.77,197.91,2452.0,197.87,21
2023-08-22 12:45:00-04:00,197.84,197.89,197.69,197.69,1875.0,197.812,15
2023-08-22 12:50:00-04:00,197.69,197.9,197.67,197.9,2300.0,197.785,23
2023-08-22 12:55:00-04:00,197.83,197.87,197.6,197.61,2290.0,197.719,20
2023-08-22 13:00:00-04:00,197.68,197.68,197.32,197.37,4104.0,197.471,34
2023-08-22 13:05:00-04:00,197.45,197.73,197.31,197.65,4828.0,197.561,39
2023-08-22 13:10:00-04:00,197.67,197.7,197.57,197.58,2600.0,197.632,20
2023-08-22 13:15:00-04:00,197.49,197.56,197.34,197.49,3931.0,197.46,36
2023-08-22 13:20:00-04:00,197.6,197.67,197.5,197.56,1100.0,197.58,10
2023-08-22 13:25:00-04:00,197.56,197.69,197.52,197.69,1800.0,197.615,18
2023-08-22 13:30:00-04:00,197.6,197.6,197.29,197.34,800.0,197.38,7
2023-08-22 13:35:00-04:00,197.38,197.4,196.8,196.85,4978.0,197.194,42
2023-08-22 13:40:00-04:00,196.86,197.08,196.76,197.08,3077.0,196.959,25
2023-08-22 13:45:00-04:00,197.1,197.1,196.92,197.05,2589.0,196.981,22
2023-08-22 13:50:00-04:00,197.0,197.2,197.0,197.2,3002.0,197.093,22
2023-08-22 13:55:00-04:00,197.2,197.25,197.01,197.18,2400.0,197.163,21
2023-08-22 14:00:00-04:00,197.09,197.25,197.01,197.18,2207.0,197.148,20
2023-08-22 14:05:00-04:00,197.21,197.24,197.13,197.19,1979.0,197.188,16
2023-08-22 14:10:00-04:00,197.18,197.24,196.99,196.99,3215.0,197.127,29
2023-08-22 14:15:00-04:00,196.93,196.93,196.88,196.91,720.0,196.897,7
2023-08-22 14:20:00-04:00,196.84,196.94,196.72,196.94,1212.0,196.856,12
2023-08-22 14:25:00-04:00,196.92,197.06,196.91,196.99,3023.0,197.008,28
2023-08-22 14:30:00-04:00,197.07,197.1,196.93,196.94,1542.0,197.03,15
2023-08-22 14:35:00-04:00,197.03,197.13,197.03,197.11,2012.0,197.059,19
2023-08-22 14:40:00-04:00,197.12,197.12,196.79,196.82,2334.0,196.996,23
2023-08-22 14:45:00-04:00,196.78,196.88,196.65,196.88,3001.0,196.759,29
2023-08-22 14:50:00-04:00,196.87,196.89,196.78,196.84,1723.0,196.842,17
2023-08-22 14:55:00-04:00,196.86,197.03,196.86,197.03,3319.0,196.927,33
2023-08-22 15:00:00-04:00,196.99,197.08,196.97,196.97,1758.0,197.033,14
2023-08-22 15:05:00-04:00,197.02,197.24,197.02,197.21,2622.0,197.135,24
2023-08-22 15:10:00-04:00,197.25,197.5,197.23,197.49,3652.0,197.317,36
2023-08-22 15:15:00-04:00,197.41,197.42,197.25,197.25,1319.0,197.32,13
2023-08-22 15:20:00-04:00,197.27,197.59,197.27,197.39,9442.0,197.435,59
2023-08-22 15:25:00-04:00,197.43,197.47,197.07,197.2,5954.0,197.24,47
2023-08-22 15:30:00-04:00,197.15,197.19,196.93,197.1,6920.0,197.032,65
2023-08-22 15:35:00-04:00,197.06,197.11,196.94,197.0,6290.0,197.027,53
2023-08-22 15:40:00-04:00,196.95,197.07,196.89,196.96,5767.0,196.994,52
2023-08-22 15:45:00-04:00,196.96,196.98,196.84,196.91,8497.0,196.895,82
2023-08-22 15:50:00-04:00,196.93,197.21,196.92,197.1,13959.0,197.069,129
2023-08-22 15:55:00-04:00,197.12,197.31,197.05,197.24,36432.0,197.191,262
2023-08-23 09:30:00-04:00,197.62,197.62,197.07,197.49,7296.0,197.591,7
2023-08-23 09:35:00-04:00,197.49,197.7,197.25,197.53,3604.0,197.513,36
2023-08-23 09:40:00-04:00,197.53,197.88,197.27,197.65,3036.0,197.51,28
2023-08-23 09:45:00-04:00,197.9,198.56,197.9,198.2,1916.0,198.239,19
2023-08-23 09:50:00-04:00,198.45,198.61,198.23,198.53,2948.0,198.372,26
2023-08-23 09:55:00-04:00,198.7,198.98,198.42,198.56,1801.0,198.613,18
2023-08-23 10:00:00-04:00,198.56,198.83,198.51,198.81,2127.0,198.652,20
2023-08-23 10:05:00-04:00,198.99,199.15,198.86,198.96,4348.0,199.004,40
2023-08-23 10:10:00-04:00,198.74,198.8,198.68,198.74,1200.0,198.731,12
2023-08-23 10:15:00-04:00,198.67,198.83,198.62,198.65,3795.0,198.696,34
2023-08-23 10:20:00-04:00,198.62,198.8,198.55,198.77,2015.0,198.681,19
2023-08-23 10:25:00-04:00,198.92,199.27,198.92,199.17,2482.0,199.098,24
2023-08-23 10:30:00-04:00,199.15,199.28,198.97,199.06,1500.0,199.093,15
2023-08-23 10:35:00-04:00,199.09,199.11,198.84,198.95,2302.0,199.001,23
2023-08-23 10:40:00-04:00,199.06,199.36,199.02,199.29,2740.0,199.168,25
2023-08-23 10:45:00-04:00,199.34,199.48,199.3,199.43,2925.0,199.393,26
2023-08-23 10:50:00-04:00,199.45,199.65,199.37,199.62,1949.0,199.527,18
2023-08-23 10:55:00-04:00,199.52,199.54,199.4,199.4,1348.0,199.492,11
2023-08-23 11:00:00-04:00,199.41,199.61,199.23,199.61,4404.0,199.396,30
2023-08-23 11:05:00-04:00,199.53,199.63,199.35,199.52,4201.0,199.525,35
2023-08-23 11:10:00-04:00,199.53,199.82,199.49,199.82,2861.0,199.634,18
2023-08-23 11:15:00-04:00,199.8,199.86,199.6,199.61,1938.0,199.782,19
2023-08-23 11:20:00-04:00,199.69,199.92,199.68,199.85,2265.0,199.807,21
2023-08-23 11:25:00-04:00,199.65,200.1,199.64,200.02,2572.0,199.854,23
2023-08-23 11:30:00-04:00,200.02,200.36,200.02,200.17,2814.0,200.222,28
2023-08-23 11:35:00-04:00,200.22,200.24,199.89,200.04,1815.0,200.103,18
2023-08-23 11:40:00-04:00,200.1,200.1,199.88,199.95,1192.0,199.996,11
2023-08-23 11:45:00-04:00,200.13,200.13,199.93,199.93,700.0,200.053,7
2023-08-23 11:50:00-04:00,200.09,200.38,200.04,200.09,2854.0,200.17,27
2023-08-23 11:55:00-04:00,200.3,200.33,200.19,200.27,1085.0,200.271,9
2023-08-23 12:00:00-04:00,200.21,200.29,200.13,200.17,2100.0,200.215,21
2023-08-23 12:05:00-04:00,200.03,200.04,199.85,200.03,900.0,199.981,9
2023-08-23 12:10:00-04:00,199.93,200.44,199.92,200.44,1386.0,200.199,13
2023-08-23 12:15:00-04:00,200.35,200.5,200.32,200.4,2193.0,200.422,20
2023-08-23 12:20:00-04:00,200.44,200.64,200.31,200.62,2966.0,200.469,25
2023-08-23 12:25:00-04:00,200.62,200.62,200.33,200.36,2144.0,200.443,20
2023-08-23 12:30:00-04:00,200.39,200.57,200.29,200.57,2379.0,200.443,21
2023-08-23 12:35:00-04:00,200.59,200.8,200.54,200.67,1516.0,200.626,15
2023-08-23 12:40:00-04:00,200.66,200.89,200.48,200.85,1669.0,200.713,15
2023-08-23 12:45:00-04:00,200.8,201.02,200.8,200.97,2494.0,200.94,23
2023-08-23 12:50:00-04:00,200.98,201.09,200.91,201.09,2632.0,201.031,24
2023-08-23 12:55:00-04:00,201.09,201.12,200.97,200.97,2072.0,201.05,18
2023-08-23 13:00:00-04:00,201.0,201.15,200.99,201.1,2055.0,201.065,19
2023-08-23 13:05:00-04:00,201.13,201.27,201.06,201.25,1571.0,201.17,15
2023-08-23 13:10:00-04:00,201.31,201.31,201.04,201.04,1500.0,201.139,13
2023-08-23 13:15:00-04:00,201.16,201.17,201.02,201.09,2211.0,201.141,17
2023-08-23 13:20:00-04:00,201.09,201.12,201.01,201.02,1624.0,201.072,16
2023-08-23 13:25:00-04:00,201.09,201.18,201.09,201.16,2481.0,201.141,18
2023-08-23 13:30:00-04:00,201.19,201.41,201.19,201.3,2702.0,201.276,21
2023-08-23 13:35:00-04:00,201.33,201.41,201.23,201.3,2409.0,201.339,18
2023-08-23 13:40:00-04:00,201.38,201.6,201.38,201.6,1456.0,201.489,13
2023-08-23 13:45:00-04:00,201.61,201.66,201.52,201.58,1878.0,201.604,18
2023-08-23 13:50:00-04:00,201.54,201.67,201.53,201.57,1455.0,201.592,14
2023-08-23 13:55:00-04:00,201.55,201.58,201.43,201.56,1890.0,201.502,18
2023-08-23 14:00:00-04:00,201.6,201.65,201.53,201.56,1419.0,201.583,14
2023-08-23 14:05:00-04:00,201.43,201.5,201.24,201.33,1442.0,201.413,14
2023-08-23 14:10:00-04:00,201.33,201.47,201.33,201.36,1450.0,201.386,13
2023-08-23 14:15:00-04:00,201.38,201.41,201.29,201.3,500.0,201.358,5
2023-08-23 14:20:00-04:00,201.25,201.45,201.24,201.3,1849.0,201.317,18
2023-08-23 14:25:00-04:00,201.47,201.64,201.47,201.49,3126.0,201.572,27
2023-08-23 14:30:00-04:00,201.44,201.52,201.39,201.46,2260.0,201.463,17
2023-08-23 14:35:00-04:00,201.5,201.5,201.32,201.38,3158.0,201.389,20
2023-08-23 14:40:00-04:00,201.41,201.58,201.31,201.49,2542.0,201.462,22
2023-08-23 14:45:00-04:00,201.45,201.57,201.37,201.4,2331.0,201.48,20
2023-08-23 14:50:00-04:00,201.4,201.42,201.34,201.36,915.0,201.391,9
2023-08-23 14:55:00-04:00,201.35,201.44,201.28,201.44,2475.0,201.375,21
2023-08-23 15:00:00-04:00,201.45,201.46,201.34,201.37,2650.0,201.396,26
2023-08-23 15:05:00-04:00,201.43,201.58,201.43,201.47,3123.0,201.504,27
2023-08-23 15:10:00-04:00,201.5,201.55,201.4,201.5,1832.0,201.491,17
2023-08-23 15:15:00-04:00,201.54,201.62,201.5,201.57,1933.0,201.561,19
2023-08-23 15:20:00-04:00,201.59,201.59,201.43,201.52,600.0,201.518,6
2023-08-23 15:25:00-04:00,201.48,201.72,201.47,201.72,2148.0,201.6,20
2023-08-23 15:30:00-04:00,201.71,201.75,201.53,201.57,4018.0,201.637,38
2023-08-23 15:35:00-04:00,201.59,201.94,201.42,201.89,16166.0,201.655,131
2023-08-23 15:40:00-04:00,201.97,202.09,201.91,202.0,18854.0,201.979,85
2023-08-23 15:45:00-04:00,202.03,202.18,201.94,201.98,8148.0,202.053,68
2023-08-23 15:50:00-04:00,202.01,202.06,201.49,201.59,21799.0,201.708,169
2023-08-23 15:55:00-04:00,201.55,201.61,201.21,201.46,45672.0,201.36,332
2023-08-24 09:30:00-04:00,201.35,201.61,201.12,201.61,11540.0,201.383,26
2023-08-24 09:35:00-04:00,201.4,202.02,201.4,202.02,5869.0,201.645,43
2023-08-24 09:40:00-04:00,201.75,202.24,201.69,202.24,5496.0,201.833,28
2023-08-24 09:45:00-04:00,202.16,202.63,202.16,202.55,3229.0,202.398,30
2023-08-24 09:50:00-04:00,202.65,202.65,201.74,202.44,11927.0,202.288,38
2023-08-24 09:55:00-04:00,202.46,203.12,202.44,203.12,3484.0,202.784,28
2023-08-24 10:00:00-04:00,203.12,203.42,202.88,202.91,5433.0,203.185,50
2023-08-24 10:05:00-04:00,202.95,203.08,202.14,202.28,2599.0,202.589,25
2023-08-24 10:10:00-04:00,202.29,202.29,201.83,201.96,2059.0,202.056,17
2023-08-24 10:15:00-04:00,201.95,202.04,201.77,202.0,4469.0,201.936,41
2023-08-24 10:20:00-04:00,202.04,202.15,201.89,202.04,11133.0,202.057,56
2023-08-24 10:25:00-04:00,202.06,202.12,202.03,202.03,600.0,202.073,5
2023-08-24 10:30:00-04:00,201.81,201.81,201.34,201.51,1697.0,201.603,15
2023-08-24 10:35:00-04:00,201.52,201.53,201.33,201.5,2797.0,201.473,25
2023-08-24 10:40:00-04:00,201.56,201.93,201.49,201.59,4895.0,201.688,35
2023-08-24 10:45:00-04:00,201.51,201.63,201.4,201.58,2408.0,201.521,18
2023-08-24 10:50:00-04:00,201.58,201.62,201.48,201.59,1974.0,201.552,15
2023-08-24 10:55:00-04:00,201.81,202.03,201.76,201.81,7361.0,201.842,50
2023-08-24 11:00:00-04:00,201.81,201.81,201.4,201.74,11311.0,201.62,100
2023-08-24 11:05:00-04:00,201.67,201.7,201.16,201.19,2915.0,201.383,22
2023-08-24 11:10:00-04:00,201.16,201.25,201.03,201.22,3000.0,201.134,26
2023-08-24 11:15:00-04:00,201.17,201.18,200.48,200.49,31424.0,200.697,15
2023-08-24 11:20:00-04:00,200.41,200.76,200.36,200.76,4262.0,200.551,34
2023-08-24 11:25:00-04:00,200.69,200.72,200.36,200.37,2603.0,200.443,25
2023-08-24 11:30:00-04:00,200.42,200.42,200.04,200.17,4605.0,200.277,20
2023-08-24 11:35:00-04:00,200.27,200.3,199.99,200.16,1672.0,200.126,15
2023-08-24 11:40:00-04:00,200.04,200.2,200.04,200.1,1972.0,200.149,16
2023-08-24 11:45:00-04:00,200.05,200.38,199.99,200.3,2783.0,200.128,24
2023-08-24 11:50:00-04:00,200.36,200.39,200.12,200.22,5408.0,200.272,45
2023-08-24 11:55:00-04:00,200.24,200.4,200.17,200.17,2010.0,200.285,17
2023-08-24 12:00:00-04:00,200.22,200.27,200.03,200.1,8891.0,200.159,52
2023-08-24 12:05:00-04:00,200.1,200.3,200.1,200.28,1690.0,200.214,14
2023-08-24 12:10:00-04:00,200.21,200.32,200.09,200.28,3317.0,200.222,24
2023-08-24 12:15:00-04:00,200.31,200.67,200.26,200.58,8066.0,200.391,74
2023-08-24 12:20:00-04:00,200.81,200.82,200.44,200.48,3136.0,200.688,26
2023-08-24 12:25:00-04:00,200.48,200.71,200.43,200.5,3507.0,200.559,28
2023-08-24 12:30:00-04:00,200.48,200.63,200.44,200.63,1963.0,200.534,18
2023-08-24 12:35:00-04:00,200.63,200.85,200.52,200.72,7125.0,200.7,61
2023-08-24 12:40:00-04:00,200.78,201.23,200.78,201.1,6154.0,200.965,57
2023-08-24 12:45:00-04:00,200.88,201.26,200.88,201.19,39222.0,201.098,42
2023-08-24 12:50:00-04:00,201.19,201.19,200.86,200.95,2200.0,200.994,21
2023-08-24 12:55:00-04:00,200.83,200.83,200.6,200.6,1613.0,200.674,10
2023-08-24 13:00:00-04:00,200.67,200.77,200.64,200.68,2111.0,200.683,20
2023-08-24 13:05:00-04:00,200.69,200.69,200.66,200.66,433.0,200.668,4
2023-08-24 13:10:00-04:00,200.74,200.87,200.68,200.68,2003.0,200.77,18
2023-08-24 13:15:00-04:00,200.6,200.73,200.6,200.64,300.0,200.657,3
2023-08-24 13:20:00-04:00,200.7,200.7,200.55,200.55,896.0,200.631,7
2023-08-24 13:25:00-04:00,200.65,200.68,200.37,200.68,5201.0,200.575,38
2023-08-24 13:30:00-04:00,200.59,200.87,200.58,200.77,2637.0,200.748,21
2023-08-24 13:35:00-04:00,200.77,200.87,200.77,200.87,1179.0,200.826,10
2023-08-24 13:40:00-04:00,200.97,201.03,200.94,200.94,1210.0,200.975,12
2023-08-24 13:45:00-04:00,200.84,201.01,200.84,200.86,819.0,200.916,7
2023-08-24 13:50:00-04:00,200.82,200.82,200.58,200.64,726.0,200.673,7
2023-08-24 13:55:00-04:00,200.65,200.74,200.54,200.74,2721.0,200.65,23
2023-08-24 14:00:00-04:00,200.8,200.96,200.8,200.85,1110.0,200.877,10
2023-08-24 14:05:00-04:00,200.85,200.87,200.74,200.84,1970.0,200.828,16
2023-08-24 14:10:00-04:00,200.81,200.92,200.77,200.77,1896.0,200.84,17
2023-08-24 14:15:00-04:00,200.69,200.69,200.36,200.36,1138.0,200.568,10
2023-08-24 14:20:00-04:00,200.41,200.94,200.4,200.94,5068.0,200.658,43
2023-08-24 14:25:00-04:00,200.78,200.84,200.65,200.81,2112.0,200.747,19
2023-08-24 14:30:00-04:00,200.82,201.0,200.72,200.72,4684.0,200.895,42
2023-08-24 14:35:00-04:00,200.72,200.74,200.48,200.53,2700.0,200.607,19
2023-08-24 14:40:00-04:00,200.39,200.7,200.39,200.7,6425.0,200.616,54
2023-08-24 14:45:00-04:00,200.73,200.81,200.64,200.68,3100.0,200.71,25
2023-08-24 14:50:00-04:00,200.69,200.76,200.59,200.59,4565.0,200.713,32
2023-08-24 14:55:00-04:00,200.65,200.95,200.63,200.92,6863.0,200.818,59
2023-08-24 15:00:00-04:00,200.92,200.92,200.66,200.7,38694.0,200.845,37
2023-08-24 15:05:00-04:00,200.67,200.7,200.67,200.67,900.0,200.683,9
2023-08-24 15:10:00-04:00,200.68,200.8,200.6,200.8,1801.0,200.713,17
2023-08-24 15:15:00-04:00,200.8,200.82,200.71,200.8,3673.0,200.774,31
2023-08-24 15:20:00-04:00,200.84,201.03,200.74,200.8,3587.0,200.883,31
2023-08-24 15:25:00-04:00,200.69,200.88,200.69,200.73,3375.0,200.8,31
2023-08-24 15:30:00-04:00,200.61,200.7,200.37,200.47,4878.0,200.556,38
2023-08-24 15:35:00-04:00,200.43,200.43,199.92,199.93,11151.0,200.093,80
2023-08-24 15:40:00-04:00,200.03,200.03,199.56,199.67,8859.0,199.837,64
2023-08-24 15:45:00-04:00,199.5,199.68,199.49,199.68,10515.0,199.559,75
2023-08-24 15:50:00-04:00,199.56,199.87,199.45,199.45,23878.0,199.633,164
2023-08-24 15:55:00-04:00,199.48,199.84,199.27,199.34,61677.0,199.532,326
2023-08-25 09:30:00-04:00,200.69,201.25,200.11,201.25,8043.0,200.727,19
2023-08-25 09:35:00-04:00,201.24,202.26,201.24,202.08,1650.0,202.03,16
2023-08-25 09:40:00-04:00,202.07,202.07,200.69,201.27,6853.0,201.347,55
2023-08-25 09:45:00-04:00,201.77,202.05,201.38,201.89,6052.0,201.706,58
2023-08-25 09:50:00-04:00,201.81,201.86,201.27,201.38,9016.0,201.408,36
2023-08-25 09:55:00-04:00,201.67,202.16,201.57,202.16,2000.0,201.866,20
2023-08-25 10:00:00-04:00,202.09,202.39,201.61,201.93,7687.0,202.008,54
2023-08-25 10:05:00-04:00,201.93,201.93,201.16,201.24,2827.0,201.517,25
2023-08-25 10:10:00-04:00,201.33,201.67,201.33,201.55,4319.0,201.475,37
2023-08-25 10:15:00-04:00,201.66,202.19,201.3,201.3,6742.0,201.877,54
2023-08-25 10:20:00-04:00,201.46,201.46,201.01,201.11,3337.0,201.203,26
2023-08-25 10:25:00-04:00,201.24,201.49,201.03,201.18,8814.0,201.18,82
2023-08-25 10:30:00-04:00,201.17,201.24,201.03,201.07,6528.0,201.14,58
2023-08-25 10:35:00-04:00,201.13,201.21,200.7,200.95,10738.0,201.0,103
2023-08-25 10:40:00-04:00,200.95,200.98,200.57,200.86,35449.0,200.795,309
2023-08-25 10:45:00-04:00,200.64,200.85,199.63,200.05,119132.0,200.494,279
2023-08-25 10:50:00-04:00,200.01,200.34,199.9,200.0,7500.0,200.1,70
2023-08-25 10:55:00-04:00,200.0,200.07,199.53,199.94,8073.0,199.791,70
2023-08-25 11:00:00-04:00,200.03,200.1,199.53,199.98,3868.0,199.836,34
2023-08-25 11:05:00-04:00,200.08,200.69,200.08,200.47,4307.0,200.365,35
2023-08-25 11:10:00-04:00,200.68,200.81,200.33,200.33,4047.0,200.608,38
2023-08-25 11:15:00-04:00,200.48,200.55,199.89,200.03,6260.0,200.208,38
2023-08-25 11:20:00-04:00,200.06,200.37,200.01,200.33,4711.0,200.095,21
2023-08-25 11:25:00-04:00,200.44,201.06,200.42,201.06,3105.0,200.651,28
2023-08-25 11:30:00-04:00,201.05,201.11,200.86,200.98,3682.0,200.984,36
2023-08-25 11:35:00-04:00,201.16,201.56,201.1,201.49,11246.0,201.381,67
2023-08-25 11:40:00-04:00,201.42,201.47,201.2,201.47,1574.0,201.346,15
2023-08-25 11:45:00-04:00,201.29,201.41,200.97,201.05,3157.0,201.219,31
2023-08-25 11:50:00-04:00,200.99,201.32,200.71,201.31,2358.0,201.065,21
2023-08-25 11:55:00-04:00,201.18,201.18,200.91,201.08,1134.0,201.038,11
2023-08-25 12:00:00-04:00,201.2,201.51,201.18,201.46,6394.0,201.487,8
2023-08-25 12:05:00-04:00,201.51,201.79,201.44,201.78,1681.0,201.62,16
2023-08-25 12:10:00-04:00,201.73,202.01,201.71,201.98,3813.0,201.85,34
2023-08-25 12:15:00-04:00,201.87,202.09,201.84,201.99,5753.0,201.974,54
2023-08-25 12:20:00-04:00,201.98,202.38,201.98,202.37,2454.0,202.157,24
2023-08-25 12:25:00-04:00,202.55,202.59,202.39,202.4,5700.0,202.483,50
2023-08-25 12:30:00-04:00,202.4,202.56,202.38,202.52,4219.0,202.465,41
2023-08-25 12:35:00-04:00,202.53,202.78,202.4,202.46,3517.0,202.581,32
2023-08-25 12:40:00-04:00,202.46,202.5,202.15,202.49,2286.0,202.351,21
2023-08-25 12:45:00-04:00,202.32,202.38,202.21,202.31,1200.0,202.278,12
2023-08-25 12:50:00-04:00,202.34,202.6,202.33,202.49,7657.0,202.422,61
2023-08-25 12:55:00-04:00,202.43,202.58,202.32,202.45,3225.0,202.464,30
2023-08-25 13:00:00-04:00,202.46,202.81,202.46,202.7,4515.0,202.652,40
2023-08-25 13:05:00-04:00,202.7,202.8,202.59,202.65,6193.0,202.684,47
2023-08-25 13:10:00-04:00,202.51,202.76,202.34,202.75,4630.0,202.459,44
2023-08-25 13:15:00-04:00,202.71,202.91,202.65,202.75,22326.0,202.781,182
2023-08-25 13:20:00-04:00,202.75,202.9,202.64,202.68,15863.0,202.778,147
2023-08-25 13:25:00-04:00,202.63,202.75,202.41,202.41,8453.0,202.635,80
2023-08-25 13:30:00-04:00,202.34,202.5,202.0,202.23,68553.0,202.487,22
2023-08-25 13:35:00-04:00,202.14,202.14,201.62,201.85,5830.0,201.874,54
2023-08-25 13:40:00-04:00,201.93,202.4,201.93,202.34,6700.0,202.242,56
2023-08-25 13:45:00-04:00,202.27,202.27,201.99,202.11,5577.0,202.194,44
2023-08-25 13:50:00-04:00,202.11,202.49,202.03,202.49,3306.0,202.226,27
2023-08-25 13:55:00-04:00,202.41,202.49,202.24,202.4,1425.0,202.363,14
2023-08-25 14:00:00-04:00,202.38,202.52,202.26,202.26,1556.0,202.39,14
2023-08-25 14:05:00-04:00,202.3,202.51,202.26,202.41,1670.0,202.39,15
2023-08-25 14:10:00-04:00,202.34,202.63,202.22,202.63,727.0,202.468,7
2023-08-25 14:15:00-04:00,202.57,202.73,202.35,202.72,1933.0,202.54,19
2023-08-25 14:20:00-04:00,202.91,203.03,202.83,202.83,1886.0,202.939,17
2023-08-25 14:25:00-04:00,202.76,202.8,202.62,202.62,2510.0,202.71,24
2023-08-25 14:30:00-04:00,202.64,202.84,202.63,202.65,3086.0,202.718,29
2023-08-25 14:35:00-04:00,202.65,202.67,202.44,202.44,2800.0,202.592,26
2023-08-25 14:40:00-04:00,202.52,202.62,202.46,202.58,2413.0,202.56,23
2023-08-25 14:45:00-04:00,202.41,202.66,202.41,202.66,2319.0,202.541,21
2023-08-25 14:50:00-04:00,202.71,202.93,202.71,202.89,1811.0,202.786,18
2023-08-25 14:55:00-04:00,202.88,203.16,202.88,203.07,2788.0,203.067,20
2023-08-25 15:00:00-04:00,203.15,203.25,202.91,202.98,2507.0,203.103,23
2023-08-25 15:05:00-04:00,203.08,203.08,202.8,202.98,2854.0,202.906,27
2023-08-25 15:10:00-04:00,202.99,203.1,202.98,203.04,1415.0,203.027,12
2023-08-25 15:15:00-04:00,203.06,203.27,203.06,203.2,3952.0,203.2,38
2023-08-25 15:20:00-04:00,203.2,203.44,203.2,203.33,4204.0,203.316,39
2023-08-25 15:25:00-04:00,203.35,203.47,203.3,203.38,2330.0,203.381,22
2023-08-25 15:30:00-04:00,203.41,203.41,203.2,203.21,3848.0,203.284,33
2023-08-25 15:35:00-04:00,203.2,203.2,202.88,203.03,4336.0,203.016,37
2023-08-25 15:40:00-04:00,203.07,203.23,203.0,203.23,3316.0,203.093,31
2023-08-25 15:45:00-04:00,203.15,203.24,202.58,202.59,6910.0,202.977,59
2023-08-25 15:50:00-04:00,202.56,202.67,202.23,202.37,19344.0,202.366,160
2023-08-25 15:55:00-04:00,202.43,202.67,202.38,202.56,37604.0,202.508,259
2023-08-28 09:30:00-04:00,202.96,202.96,202.96,202.96,8051.0,202.96,1
2023-08-28 09:35:00-04:00,202.96,203.41,202.96,203.38,2992.0,203.285,18
2023-08-28 09:40:00-04:00,203.42,203.49,203.26,203.44,2187.0,203.37,21
2023-08-28 09:45:00-04:00,203.69,203.69,203.55,203.66,1828.0,203.564,6
2023-08-28 09:50:00-04:00,203.65,203.66,203.07,203.48,1310.0,203.344,13
2023-08-28 09:55:00-04:00,203.6,203.92,203.51,203.81,2818.0,203.846,18
2023-08-28 10:00:00-04:00,203.68,203.7,203.21,203.28,1640.0,203.437,16
2023-08-28 10:05:00-04:00,203.39,203.55,203.28,203.55,5056.0,203.438,36
2023-08-28 10:10:00-04:00,203.43,203.5,203.03,203.2,2869.0,203.228,28
2023-08-28 10:15:00-04:00,203.06,203.29,203.06,203.26,2655.0,203.163,16
2023-08-28 10:20:00-04:00,203.29,204.0,203.18,204.0,3049.0,203.545,29
2023-08-28 10:25:00-04:00,204.09,204.73,203.9,204.73,4150.0,204.34,37
2023-08-28 10:30:00-04:00,204.57,204.57,204.12,204.13,1695.0,204.32,16
2023-08-28 10:35:00-04:00,204.17,204.23,203.83,203.84,1312.0,204.027,13
2023-08-28 10:40:00-04:00,203.8,203.95,203.8,203.85,1622.0,203.887,15
2023-08-28 10:45:00-04:00,203.8,204.07,203.77,203.95,2736.0,203.967,25
2023-08-28 10:50:00-04:00,203.93,203.93,203.69,203.75,1825.0,203.823,17
2023-08-28 10:55:00-04:00,203.71,204.16,203.63,204.15,1309.0,203.799,13
2023-08-28 11:00:00-04:00,204.05,204.07,203.88,203.89,1200.0,203.987,12
2023-08-28 11:05:00-04:00,203.81,203.84,203.46,203.84,2404.0,203.631,23
2023-08-28 11:10:00-04:00,203.84,203.95,203.84,203.95,300.0,203.898,3
2023-08-28 11:15:00-04:00,203.83,203.93,203.74,203.75,750.0,203.852,7
2023-08-28 11:20:00-04:00,203.86,204.11,203.86,204.03,2200.0,203.991,21
2023-08-28 11:25:00-04:00,204.03,204.22,204.01,204.02,2002.0,204.089,19
2023-08-28 11:30:00-04:00,204.17,204.26,203.98,204.16,1511.0,204.121,14
2023-08-28 11:35:00-04:00,204.0,204.44,203.99,204.44,1802.0,204.2,18
2023-08-28 11:40:00-04:00,204.4,204.41,204.03,204.04,1443.0,204.269,14
2023-08-28 11:45:00-04:00,204.09,204.12,203.93,204.12,1104.0,204.037,10
2023-08-28 11:50:00-04:00,204.03,204.27,204.0,204.27,1704.0,204.093,15
2023-08-28 11:55:00-04:00,204.27,204.27,204.13,204.14,465.0,204.191,4
2023-08-28 12:00:00-04:00,204.23,204.31,203.87,204.0,2162.0,204.054,18
2023-08-28 12:05:00-04:00,203.86,203.92,203.81,203.92,1076.0,203.878,8
2023-08-28 12:10:00-04:00,203.82,203.86,203.73,203.8,1006.0,203.811,8
2023-08-28 12:15:00-04:00,203.83,203.83,203.72,203.72,300.0,203.757,3
2023-08-28 12:20:00-04:00,203.47,203.63,203.45,203.63,1304.0,203.548,12
2023-08-28 12:25:00-04:00,203.66,203.85,203.66,203.74,736.0,203.748,7
2023-08-28 12:30:00-04:00,203.7,203.71,203.7,203.71,200.0,203.705,2
2023-08-28 12:35:00-04:00,203.75,203.86,203.69,203.86,900.0,203.751,7
2023-08-28 12:40:00-04:00,203.97,203.97,203.95,203.95,300.0,203.957,2
2023-08-28 12:45:00-04:00,203.83,203.83,203.7,203.7,400.0,203.764,4
2023-08-28 12:50:00-04:00,203.69,203.84,203.69,203.84,800.0,203.786,8
2023-08-28 12:55:00-04:00,203.89,203.94,203.79,203.94,5447.0,203.82,10
2023-08-28 13:00:00-04:00,204.07,204.29,203.97,204.28,1086.0,204.102,10
2023-08-28 13:05:00-04:00,204.25,204.37,203.87,203.87,1700.0,204.174,15
2023-08-28 13:10:00-04:00,203.96,203.97,203.91,203.91,400.0,203.945,4
2023-08-28 13:15:00-04:00,203.88,203.97,203.71,203.81,739.0,203.827,7
2023-08-28 13:20:00-04:00,203.87,203.88,203.75,203.83,1790.0,203.823,17
2023-08-28 13:25:00-04:00,203.79,203.84,203.7,203.83,1330.0,203.791,13
2023-08-28 13:30:00-04:00,203.87,203.93,203.73,203.73,1813.0,203.88,18
2023-08-28 13:35:00-04:00,203.72,203.75,203.63,203.66,1800.0,203.678,18
2023-08-28 13:40:00-04:00,203.57,203.57,203.36,203.37,502.0,203.454,5
2023-08-28 13:45:00-04:00,203.39,203.56,203.36,203.36,2168.0,203.464,20
2023-08-28 13:50:00-04:00,203.47,203.47,203.25,203.26,1390.0,203.372,13
2023-08-28 13:55:00-04:00,203.04,203.04,202.78,202.96,933.0,202.912,9
2023-08-28 14:00:00-04:00,202.97,203.02,202.81,202.87,1315.0,202.947,12
2023-08-28 14:05:00-04:00,202.78,202.95,202.76,202.95,1959.0,202.882,14
2023-08-28 14:10:00-04:00,202.87,202.87,202.69,202.71,617.0,202.778,6
2023-08-28 14:15:00-04:00,202.72,202.79,202.59,202.76,1891.0,202.699,18
2023-08-28 14:20:00-04:00,202.77,202.85,202.69,202.79,1634.0,202.759,11
2023-08-28 14:25:00-04:00,202.8,202.89,202.68,202.79,2221.0,202.824,22
2023-08-28 14:30:00-04:00,202.75,202.81,202.66,202.74,1029.0,202.741,10
2023-08-28 14:35:00-04:00,202.81,202.91,202.65,202.66,2224.0,202.801,22
2023-08-28 14:40:00-04:00,202.67,202.74,202.63,202.73,1713.0,202.684,9
2023-08-28 14:45:00-04:00,202.81,202.86,202.67,202.76,1229.0,202.782,12
2023-08-28 14:50:00-04:00,202.89,202.95,202.76,202.92,4143.0,202.866,37
2023-08-28 14:55:00-04:00,203.05,203.09,202.87,202.97,1500.0,202.973,15
2023-08-28 15:00:00-04:00,202.97,203.0,202.94,202.97,1100.0,202.971,11
2023-08-28 15:05:00-04:00,202.97,203.27,202.9,203.27,1310.0,203.001,13
2023-08-28 15:10:00-04:00,203.28,203.28,203.06,203.11,1300.0,203.148,12
2023-08-28 15:15:00-04:00,203.07,203.12,202.98,202.99,1968.0,203.026,17
2023-08-28 15:20:00-04:00,202.94,202.98,202.83,202.92,2404.0,202.915,20
2023-08-28 15:25:00-04:00,202.82,203.13,202.82,203.06,2746.0,203.019,25
2023-08-28 15:30:00-04:00,203.02,203.09,202.98,203.08,1850.0,203.031,18
2023-08-28 15:35:00-04:00,203.01,203.13,202.9,202.91,3769.0,203.018,33
2023-08-28 15:40:00-04:00,202.85,202.9,202.82,202.9,2420.0,202.871,20
2023-08-28 15:45:00-04:00,202.91,203.42,202.91,203.18,4916.0,203.107,45
2023-08-28 15:50:00-04:00,203.13,203.38,202.95,203.26,8107.0,203.165,60
2023-08-28 15:55:00-04:00,203.32,203.65,203.32,203.61,39029.0,203.549,235
2023-08-29 09:30:00-04:00,203.1,204.0,201.6,201.6,12187.0,202.96,44
2023-08-29 09:35:00-04:00,201.65,202.7,201.63,202.66,3053.0,202.321,24
2023-08-29 09:40:00-04:00,202.23,202.69,202.23,202.48,3916.0,202.438,39
2023-08-29 09:45:00-04:00,202.47,202.76,202.17,202.76,4841.0,202.557,45
2023-08-29 09:50:00-04:00,202.78,202.96,202.58,202.96,3085.0,202.727,30
2023-08-29 09:55:00-04:00,203.08,203.3,202.97,203.29,2918.0,203.148,29
2023-08-29 10:00:00-04:00,203.73,203.73,203.28,203.69,7090.0,203.521,54
2023-08-29 10:05:00-04:00,203.69,203.92,203.54,203.84,4767.0,203.707,38
2023-08-29 10:10:00-04:00,203.82,203.82,203.18,203.18,8789.0,203.352,80
2023-08-29 10:15:00-04:00,203.39,203.77,203.31,203.64,2840.0,203.547,28
2023-08-29 10:20:00-04:00,203.69,203.93,203.55,203.93,4516.0,203.714,42
2023-08-29 10:25:00-04:00,203.93,204.07,203.63,203.76,3718.0,203.831,28
2023-08-29 10:30:00-04:00,203.83,204.24,203.72,204.18,1583.0,203.952,15
2023-08-29 10:35:00-04:00,204.19,204.27,203.85,203.99,4300.0,204.053,37
2023-08-29 10:40:00-04:00,203.86,203.95,203.62,203.84,20304.0,203.828,60
2023-08-29 10:45:00-04:00,203.69,203.89,203.51,203.89,2700.0,203.691,26
2023-08-29 10:50:00-04:00,203.81,204.05,203.76,203.88,3500.0,203.909,33
2023-08-29 10:55:00-04:00,203.76,204.01,203.59,204.01,3297.0,203.752,32
2023-08-29 11:00:00-04:00,204.08,204.23,203.91,204.23,2626.0,204.022,23
2023-08-29 11:05:00-04:00,204.28,204.36,204.2,204.36,710.0,204.276,6
2023-08-29 11:10:00-04:00,204.3,204.47,204.22,204.22,2231.0,204.326,21
2023-08-29 11:15:00-04:00,204.31,204.48,204.31,204.33,2551.0,204.39,21
2023-08-29 11:20:00-04:00,204.35,204.72,204.33,204.72,5081.0,204.472,36
2023-08-29 11:25:00-04:00,204.75,204.85,204.39,204.39,1000.0,204.612,10
2023-08-29 11:30:00-04:00,204.51,204.66,204.51,204.55,1613.0,204.566,15
2023-08-29 11:35:00-04:00,204.56,204.89,204.56,204.89,2107.0,204.786,18
2023-08-29 11:40:00-04:00,204.89,205.14,204.83,205.08,3085.0,204.989,23
2023-08-29 11:45:00-04:00,204.98,204.98,204.72,204.72,1900.0,204.888,19
2023-08-29 11:50:00-04:00,204.7,205.25,204.7,205.22,4581.0,205.094,26
2023-08-29 11:55:00-04:00,205.05,205.05,204.65,204.9,1314.0,204.848,12
2023-08-29 12:00:00-04:00,204.92,205.03,204.69,205.03,2820.0,204.845,25
2023-08-29 12:05:00-04:00,205.09,205.1,205.04,205.08,1500.0,205.062,13
2023-08-29 12:10:00-04:00,205.12,205.32,205.05,205.13,1979.0,205.15,18
2023-08-29 12:15:00-04:00,205.14,205.25,205.05,205.12,1618.0,205.159,15
2023-08-29 12:20:00-04:00,205.16,205.31,205.13,205.13,1800.0,205.234,15
2023-08-29 12:25:00-04:00,205.21,205.21,204.77,204.77,3500.0,204.969,21
2023-08-29 12:30:00-04:00,204.78,204.8,204.71,204.8,1798.0,204.767,15
2023-08-29 12:35:00-04:00,204.85,204.85,204.49,204.53,3766.0,204.668,26
2023-08-29 12:40:00-04:00,204.6,204.6,204.36,204.48,1475.0,204.492,13
2023-08-29 12:45:00-04:00,204.53,204.6,204.36,204.57,2400.0,204.497,23
2023-08-29 12:50:00-04:00,204.6,204.8,204.56,204.79,1818.0,204.678,18
2023-08-29 12:55:00-04:00,204.82,204.87,204.65,204.72,3169.0,204.741,26
2023-08-29 13:00:00-04:00,204.82,205.01,204.79,204.95,2472.0,204.898,22
2023-08-29 13:05:00-04:00,204.9,205.05,204.9,205.01,1424.0,204.988,14
2023-08-29 13:10:00-04:00,204.97,204.97,204.78,204.86,1719.0,204.895,14
2023-08-29 13:15:00-04:00,204.8,204.82,204.72,204.72,1786.0,204.773,10
2023-08-29 13:20:00-04:00,204.78,205.11,204.66,205.03,14933.0,204.952,72
2023-08-29 13:25:00-04:00,205.03,205.1,205.0,205.07,2171.0,205.047,14
2023-08-29 13:30:00-04:00,205.09,205.24,204.87,204.97,4885.0,205.096,40
2023-08-29 13:35:00-04:00,205.05,205.11,204.96,205.0,4096.0,205.005,25
2023-08-29 13:40:00-04:00,205.0,205.04,204.83,204.83,1127.0,204.94,10
2023-08-29 13:45:00-04:00,204.91,204.98,204.54,204.73,3754.0,204.768,37
2023-08-29 13:50:00-04:00,204.63,204.93,204.5,204.73,3036.0,204.745,26
2023-08-29 13:55:00-04:00,204.63,204.78,204.55,204.64,3591.0,204.604,25
2023-08-29 14:00:00-04:00,204.74,204.74,204.49,204.59,2840.0,204.628,23
2023-08-29 14:05:00-04:00,204.76,204.76,204.68,204.73,1619.0,204.72,14
2023-08-29 14:10:00-04:00,204.76,204.78,204.52,204.56,2676.0,204.647,23
2023-08-29 14:15:00-04:00,204.49,204.74,204.48,204.74,1504.0,204.615,15
2023-08-29 14:20:00-04:00,204.86,204.9,204.74,204.75,1950.0,204.805,19
2023-08-29 14:25:00-04:00,204.65,204.9,204.56,204.82,2448.0,204.752,21
2023-08-29 14:30:00-04:00,204.83,205.06,204.78,204.97,1803.0,204.927,17
2023-08-29 14:35:00-04:00,205.03,205.1,204.85,204.85,4748.0,205.006,30
2023-08-29 14:40:00-04:00,204.85,205.03,204.84,204.99,3125.0,204.904,25
2023-08-29 14:45:00-04:00,205.08,205.13,204.94,204.98,3702.0,205.034,32
2023-08-29 14:50:00-04:00,205.02,205.03,204.75,204.86,2897.0,204.887,23
2023-08-29 14:55:00-04:00,204.84,204.85,204.7,204.79,4652.0,204.785,38
2023-08-29 15:00:00-04:00,204.82,204.84,204.64,204.74,2104.0,204.763,20
2023-08-29 15:05:00-04:00,204.69,204.79,204.6,204.73,3851.0,204.708,34
2023-08-29 15:10:00-04:00,204.66,204.82,204.61,204.8,3701.0,204.736,33
2023-08-29 15:15:00-04:00,204.84,205.1,204.84,205.06,4300.0,205.013,41
2023-08-29 15:20:00-04:00,205.02,205.12,204.99,205.04,4000.0,205.062,35
2023-08-29 15:25:00-04:00,205.05,205.12,204.99,205.05,9998.0,205.052,85
2023-08-29 15:30:00-04:00,205.08,205.27,205.0,205.03,6988.0,205.126,57
2023-08-29 15:35:00-04:00,204.96,205.38,204.92,205.28,9785.0,205.209,82
2023-08-29 15:40:00-04:00,205.26,205.39,205.25,205.29,6797.0,205.315,49
2023-08-29 15:45:00-04:00,205.28,205.69,205.28,205.51,11734.0,205.516,100
2023-08-29 15:50:00-04:00,205.51,205.56,205.32,205.48,19010.0,205.419,147
2023-08-29 15:55:00-04:00,205.44,205.79,205.43,205.79,43172.0,205.647,271
2023-08-30 09:30:00-04:00,206.0,206.67,205.7,205.7,11452.0,206.009,7
2023-08-30 09:35:00-04:00,206.2,206.5,206.14,206.22,1801.0,206.335,18
2023-08-30 09:40:00-04:00,206.12,206.53,206.06,206.53,1528.0,206.216,15
2023-08-30 09:45:00-04:00,206.47,206.75,206.46,206.62,1804.0,206.65,18
2023-08-30 09:50:00-04:00,206.5,206.72,206.26,206.52,3485.0,206.526,28
2023-08-30 09:55:00-04:00,206.36,206.7,206.34,206.7,1109.0,206.549,11
2023-08-30 10:00:00-04:00,206.92,206.92,206.53,206.53,2518.0,206.755,23
2023-08-30 10:05:00-04:00,206.6,206.83,206.57,206.67,4401.0,206.69,29
2023-08-30 10:10:00-04:00,206.59,206.72,206.46,206.54,2050.0,206.568,19
2023-08-30 10:15:00-04:00,206.59,206.6,206.34,206.39,3610.0,206.505,28
2023-08-30 10:20:00-04:00,206.31,206.43,205.97,205.97,3050.0,206.231,25
2023-08-30 10:25:00-04:00,205.95,205.95,205.61,205.7,2822.0,205.776,25
2023-08-30 10:30:00-04:00,205.71,205.91,205.7,205.78,5063.0,205.828,44
2023-08-30 10:35:00-04:00,205.82,205.82,205.57,205.68,3479.0,205.676,29
2023-08-30 10:40:00-04:00,205.72,205.88,205.52,205.88,2088.0,205.654,18
2023-08-30 10:45:00-04:00,205.85,206.03,205.82,205.82,1731.0,205.921,16
2023-08-30 10:50:00-04:00,205.88,206.08,205.8,206.08,2413.0,205.943,24
2023-08-30 10:55:00-04:00,206.09,206.48,206.04,206.29,2103.0,206.226,21
2023-08-30 11:00:00-04:00,206.31,206.63,206.27,206.55,1903.0,206.404,19
2023-08-30 11:05:00-04:00,206.71,206.71,206.28,206.3,2252.0,206.526,20
2023-08-30 11:10:00-04:00,206.39,206.6,206.38,206.58,1000.0,206.491,10
2023-08-30 11:15:00-04:00,206.6,206.61,206.39,206.39,3308.0,206.521,33
2023-08-30 11:20:00-04:00,206.45,206.46,206.15,206.34,6326.0,206.264,59
2023-08-30 11:25:00-04:00,206.25,206.34,206.2,206.34,1600.0,206.288,16
2023-08-30 11:30:00-04:00,206.39,206.51,206.22,206.51,2500.0,206.353,24
2023-08-30 11:35:00-04:00,206.47,206.65,206.44,206.48,4399.0,206.552,42
2023-08-30 11:40:00-04:00,206.46,206.76,206.46,206.51,4225.0,206.625,38
2023-08-30 11:45:00-04:00,206.51,206.51,206.0,206.01,3787.0,206.266,36
2023-08-30 11:50:00-04:00,206.06,206.29,205.94,206.24,5802.0,206.092,54
2023-08-30 11:55:00-04:00,206.2,206.2,205.97,206.11,2887.0,206.093,26
2023-08-30 12:00:00-04:00,206.16,206.16,205.65,205.92,2818.0,205.831,27
2023-08-30 12:05:00-04:00,205.8,205.98,205.79,205.92,1692.0,205.868,13
2023-08-30 12:10:00-04:00,205.91,206.03,205.81,206.01,1300.0,205.955,13
2023-08-30 12:15:00-04:00,206.04,206.24,206.04,206.22,2800.0,206.156,26
2023-08-30 12:20:00-04:00,206.12,206.22,206.02,206.22,1932.0,206.094,18
2023-08-30 12:25:00-04:00,206.2,206.22,206.09,206.09,600.0,206.18,6
2023-08-30 12:30:00-04:00,206.13,206.31,206.13,206.28,1388.0,206.243,13
2023-08-30 12:35:00-04:00,206.26,206.26,206.1,206.11,500.0,206.164,5
2023-08-30 12:40:00-04:00,206.14,206.14,206.08,206.13,1432.0,206.109,14
2023-08-30 12:45:00-04:00,206.11,206.22,206.04,206.06,1911.0,206.121,19
2023-08-30 12:50:00-04:00,206.07,206.18,205.77,205.79,3232.0,206.061,13
2023-08-30 12:55:00-04:00,205.84,206.17,205.82,206.06,3054.0,205.992,24
2023-08-30 13:00:00-04:00,206.06,206.06,205.89,206.04,2282.0,205.974,20
2023-08-30 13:05:00-04:00,205.92,205.96,205.8,205.8,915.0,205.894,8
2023-08-30 13:10:00-04:00,205.73,205.84,205.66,205.8,1400.0,205.74,14
2023-08-30 13:15:00-04:00,205.8,205.88,205.68,205.84,2208.0,205.797,20
2023-08-30 13:20:00-04:00,205.76,205.76,205.59,205.59,600.0,205.657,6
2023-08-30 13:25:00-04:00,205.56,205.58,205.48,205.5,2103.0,205.537,21
2023-08-30 13:30:00-04:00,205.5,205.85,205.49,205.77,2520.0,205.662,24
2023-08-30 13:35:00-04:00,205.69,205.8,205.68,205.8,800.0,205.721,8
2023-08-30 13:40:00-04:00,205.69,205.69,205.61,205.65,1300.0,205.651,12
2023-08-30 13:45:00-04:00,205.74,205.8,205.56,205.61,2527.0,205.714,22
2023-08-30 13:50:00-04:00,205.57,205.57,205.27,205.43,2895.0,205.409,27
2023-08-30 13:55:00-04:00,205.4,205.44,205.07,205.41,3246.0,205.244,32
2023-08-30 14:00:00-04:00,205.32,205.44,205.32,205.34,633.0,205.359,6
2023-08-30 14:05:00-04:00,205.38,205.43,205.25,205.4,3135.0,205.322,25
2023-08-30 14:10:00-04:00,205.42,205.5,205.37,205.4,2901.0,205.427,28
2023-08-30 14:15:00-04:00,205.47,205.49,205.13,205.15,5231.0,205.342,47
2023-08-30 14:20:00-04:00,205.1,205.31,205.02,205.31,11138.0,205.133,104
2023-08-30 14:25:00-04:00,205.22,205.38,205.03,205.38,3240.0,205.205,30
2023-08-30 14:30:00-04:00,205.35,205.46,205.28,205.37,3216.0,205.362,29
2023-08-30 14:35:00-04:00,205.43,205.47,205.34,205.34,2676.0,205.419,22
2023-08-30 14:40:00-04:00,205.35,205.55,205.35,205.47,3026.0,205.458,23
2023-08-30 14:45:00-04:00,205.48,205.71,205.48,205.59,1702.0,205.571,12
2023-08-30 14:50:00-04:00,205.53,205.74,205.53,205.74,2100.0,205.64,21
2023-08-30 14:55:00-04:00,205.67,205.75,205.62,205.75,2964.0,205.673,27
2023-08-30 15:00:00-04:00,205.76,205.96,205.76,205.93,2729.0,205.83,27
2023-08-30 15:05:00-04:00,205.97,206.07,205.95,206.07,1628.0,206.003,14
2023-08-30 15:10:00-04:00,206.09,206.18,206.01,206.18,2960.0,206.101,24
2023-08-30 15:15:00-04:00,206.14,206.14,205.95,205.95,3202.0,206.057,24
2023-08-30 15:20:00-04:00,205.94,205.94,205.76,205.86,6756.0,205.884,43
2023-08-30 15:25:00-04:00,205.8,205.83,205.61,205.68,4400.0,205.703,44
2023-08-30 15:30:00-04:00,205.75,206.06,205.74,205.88,5413.0,205.871,50
2023-08-30 15:35:00-04:00,205.85,206.1,205.85,205.91,6276.0,205.998,48
2023-08-30 15:40:00-04:00,205.83,206.21,205.83,206.21,14219.0,206.011,89
2023-08-30 15:45:00-04:00,206.22,206.27,206.01,206.01,14902.0,206.154,120
2023-08-30 15:50:00-04:00,205.91,206.16,205.9,206.16,13058.0,206.065,93
2023-08-30 15:55:00-04:00,206.19,206.19,205.8,205.91,47914.0,206.011,335
2023-08-31 09:30:00-04:00,205.95,205.95,205.86,205.86,6317.0,205.949,2
2023-08-31 09:35:00-04:00,206.3,206.55,206.06,206.06,2524.0,206.354,17
2023-08-31 09:40:00-04:00,206.06,206.1,206.01,206.02,400.0,206.064,4
2023-08-31 09:45:00-04:00,206.3,206.3,205.79,206.04,1767.0,205.967,9
2023-08-31 09:50:00-04:00,206.05,206.23,205.93,206.13,1970.0,206.121,18
2023-08-31 09:55:00-04:00,206.05,206.12,205.98,206.04,698.0,206.049,6
2023-08-31 10:00:00-04:00,206.25,206.33,206.01,206.24,2225.0,206.153,22
2023-08-31 10:05:00-04:00,206.38,206.59,206.38,206.41,810.0,206.435,8
2023-08-31 10:10:00-04:00,206.26,206.44,206.25,206.34,1316.0,206.327,12
2023-08-31 10:15:00-04:00,206.37,206.73,206.35,206.64,5496.0,206.616,33
2023-08-31 10:20:00-04:00,206.42,206.54,206.42,206.43,646.0,206.46,5
2023-08-31 10:25:00-04:00,206.39,206.55,206.39,206.55,856.0,206.474,8
2023-08-31 10:30:00-04:00,206.45,206.6,206.45,206.48,509.0,206.508,5
2023-08-31 10:35:00-04:00,206.46,206.71,206.46,206.57,600.0,206.578,6
2023-08-31 10:40:00-04:00,206.56,206.56,206.4,206.4,705.0,206.493,7
2023-08-31 10:45:00-04:00,206.37,206.64,206.36,206.63,2007.0,206.488,20
2023-08-31 10:50:00-04:00,206.53,206.61,206.26,206.61,1012.0,206.502,10
2023-08-31 10:55:00-04:00,206.56,206.68,206.37,206.58,4138.0,206.507,37
2023-08-31 11:00:00-04:00,206.57,206.57,206.35,206.47,600.0,206.451,6
2023-08-31 11:05:00-04:00,206.22,206.47,206.21,206.47,200.0,206.343,2
2023-08-31 11:10:00-04:00,206.39,206.48,206.39,206.48,200.0,206.435,2
2023-08-31 11:15:00-04:00,206.42,206.48,206.31,206.48,1076.0,206.429,8
2023-08-31 11:20:00-04:00,206.44,206.57,206.43,206.52,962.0,206.487,7
2023-08-31 11:25:00-04:00,206.53,206.83,206.52,206.73,2466.0,206.721,24
2023-08-31 11:30:00-04:00,206.8,206.89,206.57,206.58,4045.0,206.791,38
2023-08-31 11:35:00-04:00,206.47,206.85,206.47,206.85,566.0,206.617,3
2023-08-31 11:40:00-04:00,206.88,206.94,206.87,206.93,300.0,206.915,3
2023-08-31 11:45:00-04:00,206.93,206.93,206.93,206.93,0.0,206.93,0
2023-08-31 11:50:00-04:00,206.91,206.91,206.64,206.64,1200.0,206.781,12
2023-08-31 11:55:00-04:00,206.64,206.66,206.49,206.57,1657.0,206.574,16
2023-08-31 12:00:00-04:00,206.43,206.6,206.39,206.42,2618.0,206.484,22
2023-08-31 12:05:00-04:00,206.58,206.76,206.56,206.76,2300.0,206.655,23
2023-08-31 12:10:00-04:00,206.84,206.99,206.8,206.87,2651.0,206.898,26
2023-08-31 12:15:00-04:00,206.63,206.63,206.47,206.53,607.0,206.557,5
2023-08-31 12:20:00-04:00,206.53,206.56,206.29,206.45,3697.0,206.419,26
2023-08-31 12:25:00-04:00,206.5,206.5,206.5,206.5,200.0,206.5,2
2023-08-31 12:30:00-04:00,206.5,206.62,206.36,206.36,1000.0,206.47,10
2023-08-31 12:35:00-04:00,206.43,206.43,206.35,206.39,868.0,206.364,4
2023-08-31 12:40:00-04:00,206.42,206.47,206.31,206.31,4555.0,206.403,32
2023-08-31 12:45:00-04:00,206.31,206.4,206.19,206.31,4051.0,206.285,33
2023-08-31 12:50:00-04:00,206.32,206.45,206.27,206.4,1792.0,206.364,14
2023-08-31 12:55:00-04:00,206.46,206.51,206.34,206.48,1446.0,206.424,8
2023-08-31 13:00:00-04:00,206.38,206.38,206.13,206.13,2667.0,206.298,13
2023-08-31 13:05:00-04:00,206.11,206.22,206.0,206.15,3764.0,206.115,27
2023-08-31 13:10:00-04:00,206.11,206.15,205.94,205.96,2444.0,206.049,12
2023-08-31 13:15:00-04:00,206.01,206.17,205.95,205.96,4302.0,206.056,26
2023-08-31 13:20:00-04:00,205.94,206.03,205.81,205.92,2002.0,205.951,19
2023-08-31 13:25:00-04:00,205.92,206.02,205.79,206.02,4074.0,205.862,30
2023-08-31 13:30:00-04:00,206.01,206.19,205.82,205.92,1402.0,206.014,12
2023-08-31 13:35:00-04:00,205.99,206.14,205.98,206.09,9866.0,206.033,11
2023-08-31 13:40:00-04:00,206.09,206.11,205.84,205.95,5652.0,205.964,38
2023-08-31 13:45:00-04:00,205.82,205.92,205.82,205.91,1192.0,205.892,8
2023-08-31 13:50:00-04:00,205.9,205.9,205.64,205.64,600.0,205.773,6
2023-08-31 13:55:00-04:00,205.65,205.68,205.44,205.54,1684.0,205.581,13
2023-08-31 14:00:00-04:00,205.54,205.72,205.53,205.53,4007.0,205.612,29
2023-08-31 14:05:00-04:00,205.57,205.74,205.52,205.68,4812.0,205.633,27
2023-08-31 14:10:00-04:00,205.59,205.79,205.44,205.78,4303.0,205.623,41
2023-08-31 14:15:00-04:00,205.86,205.95,205.82,205.83,2006.0,205.885,19
2023-08-31 14:20:00-04:00,205.81,205.81,205.63,205.63,2439.0,205.684,19
2023-08-31 14:25:00-04:00,205.67,205.74,205.64,205.64,1432.0,205.685,11
2023-08-31 14:30:00-04:00,205.73,205.9,205.66,205.81,6471.0,205.787,55
2023-08-31 14:35:00-04:00,205.86,206.02,205.8,205.95,1834.0,205.893,15
2023-08-31 14:40:00-04:00,205.93,206.06,205.84,205.98,4153.0,205.952,36
2023-08-31 14:45:00-04:00,206.0,206.0,205.92,205.93,1257.0,205.95,11
2023-08-31 14:50:00-04:00,205.85,205.95,205.66,205.73,18530.0,205.786,143
2023-08-31 14:55:00-04:00,205.75,205.91,205.49,205.65,13568.0,205.703,88
2023-08-31 15:00:00-04:00,205.73,205.73,205.62,205.67,1200.0,205.667,12
2023-08-31 15:05:00-04:00,205.56,205.75,205.51,205.63,2300.0,205.627,22
2023-08-31 15:10:00-04:00,205.72,205.87,205.71,205.87,700.0,205.806,7
2023-08-31 15:15:00-04:00,205.86,205.88,205.69,205.88,1098.0,205.811,9
2023-08-31 15:20:00-04:00,205.84,205.84,205.62,205.62,1302.0,205.743,12
2023-08-31 15:25:00-04:00,205.57,205.65,205.42,205.42,3772.0,205.573,33
2023-08-31 15:30:00-04:00,205.5,205.67,205.44,205.44,2480.0,205.561,20
2023-08-31 15:35:00-04:00,205.4,205.59,205.4,205.59,2766.0,205.498,25
2023-08-31 15:40:00-04:00,205.59,205.84,205.59,205.79,6238.0,205.757,55
2023-08-31 15:45:00-04:00,205.81,205.94,205.68,205.76,9908.0,205.82,84
2023-08-31 15:50:00-04:00,205.72,205.89,205.24,205.68,28062.0,205.575,212
2023-08-31 15:55:00-04:00,205.68,205.75,205.25,205.26,59117.0,205.415,426
2023-09-01 09:30:00-04:00,206.51,206.9,205.59,206.9,11613.0,206.401,30
2023-09-01 09:35:00-04:00,206.35,206.66,205.78,205.87,10735.0,206.044,23
2023-09-01 09:40:00-04:00,206.02,206.16,205.35,206.16,4021.0,205.841,35
2023-09-01 09:45:00-04:00,206.26,206.56,205.49,205.49,4190.0,205.981,34
2023-09-01 09:50:00-04:00,205.62,205.77,205.25,205.26,4451.0,205.426,39
2023-09-01 09:55:00-04:00,205.32,205.64,205.17,205.64,4614.0,205.321,42
2023-09-01 10:00:00-04:00,205.42,205.91,205.08,205.87,6806.0,205.445,65
2023-09-01 10:05:00-04:00,206.11,206.11,205.75,205.85,6350.0,205.904,49
2023-09-01 10:10:00-04:00,205.86,206.2,205.86,205.95,6302.0,206.007,58
2023-09-01 10:15:00-04:00,206.04,206.48,206.03,206.38,4849.0,206.354,46
2023-09-01 10:20:00-04:00,206.36,206.5,206.01,206.01,6248.0,206.298,60
2023-09-01 10:25:00-04:00,205.99,206.47,205.97,206.37,3770.0,206.132,35
2023-09-01 10:30:00-04:00,206.36,206.36,206.09,206.14,4085.0,206.238,34
2023-09-01 10:35:00-04:00,206.14,206.37,206.09,206.09,5496.0,206.275,51
2023-09-01 10:40:00-04:00,206.0,206.02,205.74,205.98,2627.0,205.948,26
2023-09-01 10:45:00-04:00,205.93,205.98,205.71,205.72,3150.0,205.848,29
2023-09-01 10:50:00-04:00,205.71,205.72,205.47,205.65,7311.0,205.521,30
2023-09-01 10:55:00-04:00,205.6,205.72,205.38,205.68,7360.0,205.586,27
2023-09-01 11:00:00-04:00,205.61,205.69,205.26,205.27,4754.0,205.466,44
2023-09-01 11:05:00-04:00,205.29,205.45,205.17,205.17,4238.0,205.266,29
2023-09-01 11:10:00-04:00,205.13,205.35,205.13,205.22,2322.0,205.225,23
2023-09-01 11:15:00-04:00,205.2,205.7,205.18,205.65,3086.0,205.464,29
2023-09-01 11:20:00-04:00,205.62,205.79,205.62,205.79,1789.0,205.664,13
2023-09-01 11:25:00-04:00,205.75,205.8,205.47,205.48,6507.0,205.659,59
2023-09-01 11:30:00-04:00,205.52,205.62,205.42,205.62,2191.0,205.524,20
2023-09-01 11:35:00-04:00,205.56,205.66,205.47,205.53,2227.0,205.558,18
2023-09-01 11:40:00-04:00,205.5,205.52,205.33,205.33,2649.0,205.425,26
2023-09-01 11:45:00-04:00,205.24,205.25,205.07,205.1,3642.0,205.127,36
2023-09-01 11:50:00-04:00,205.07,205.18,204.98,205.0,4389.0,205.068,26
2023-09-01 11:55:00-04:00,205.0,205.08,204.92,205.0,1703.0,205.021,15
2023-09-01 12:00:00-04:00,205.05,205.12,204.98,205.06,9212.0,205.059,78
2023-09-01 12:05:00-04:00,205.0,205.1,204.91,205.05,2997.0,205.02,29
2023-09-01 12:10:00-04:00,205.07,205.19,205.0,205.07,12746.0,205.075,122
2023-09-01 12:15:00-04:00,205.07,205.88,205.07,205.7,3125.0,205.465,31
2023-09-01 12:20:00-04:00,205.73,205.87,205.51,205.62,3401.0,205.632,32
2023-09-01 12:25:00-04:00,205.62,205.63,205.36,205.58,5283.0,205.516,38
2023-09-01 12:30:00-04:00,205.48,205.75,205.48,205.7,4328.0,205.608,40
2023-09-01 12:35:00-04:00,205.57,205.64,205.29,205.31,1306.0,205.488,12
2023-09-01 12:40:00-04:00,205.37,205.37,205.15,205.2,2131.0,205.205,8
2023-09-01 12:45:00-04:00,205.19,205.7,205.19,205.7,6477.0,205.543,29
2023-09-01 12:50:00-04:00,205.7,205.91,205.65,205.67,2000.0,205.712,20
2023-09-01 12:55:00-04:00,205.67,205.87,205.65,205.71,2669.0,205.73,26
2023-09-01 13:00:00-04:00,205.71,205.71,205.44,205.68,2400.0,205.63,22
2023-09-01 13:05:00-04:00,205.69,205.69,205.49,205.49,2164.0,205.626,21
2023-09-01 13:10:00-04:00,205.53,205.57,205.39,205.44,2615.0,205.489,24
2023-09-01 13:15:00-04:00,205.45,205.66,205.44,205.44,3315.0,205.567,31
2023-09-01 13:20:00-04:00,205.45,205.73,205.4,205.64,2512.0,205.538,20
2023-09-01 13:25:00-04:00,205.56,205.7,205.55,205.63,2069.0,205.64,20
2023-09-01 13:30:00-04:00,205.62,205.8,205.45,205.46,3395.0,205.561,31
2023-09-01 13:35:00-04:00,205.51,205.58,205.45,205.58,1327.0,205.533,12
2023-09-01 13:40:00-04:00,205.55,205.76,205.55,205.63,2402.0,205.642,20
2023-09-01 13:45:00-04:00,205.42,205.52,205.29,205.42,1229.0,205.395,11
2023-09-01 13:50:00-04:00,205.34,205.52,205.3,205.51,2141.0,205.419,15
2023-09-01 13:55:00-04:00,205.51,205.6,205.43,205.46,3454.0,205.487,29
2023-09-01 14:00:00-04:00,205.45,205.57,205.39,205.56,1514.0,205.503,14
2023-09-01 14:05:00-04:00,205.62,205.7,205.59,205.67,3703.0,205.656,37
2023-09-01 14:10:00-04:00,205.54,205.65,205.44,205.62,1600.0,205.57,15
2023-09-01 14:15:00-04:00,205.66,205.66,205.45,205.56,1572.0,205.572,14
2023-09-01 14:20:00-04:00,205.54,205.54,205.38,205.42,3036.0,205.471,29
2023-09-01 14:25:00-04:00,205.34,205.37,205.11,205.13,3200.0,205.187,30
2023-09-01 14:30:00-04:00,205.11,205.12,204.88,204.88,3525.0,205.063,35
2023-09-01 14:35:00-04:00,204.94,205.03,204.83,204.97,3752.0,204.963,34
2023-09-01 14:40:00-04:00,205.01,205.25,204.98,205.17,4191.0,205.092,40
2023-09-01 14:45:00-04:00,205.18,205.34,205.18,205.28,2143.0,205.262,21
2023-09-01 14:50:00-04:00,205.34,205.55,205.34,205.53,2012.0,205.476,20
2023-09-01 14:55:00-04:00,205.55,205.76,205.5,205.69,2435.0,205.6,22
2023-09-01 15:00:00-04:00,205.71,205.76,205.68,205.71,4551.0,205.716,43
2023-09-01 15:05:00-04:00,205.67,205.83,205.57,205.83,3556.0,205.687,31
2023-09-01 15:10:00-04:00,205.81,205.83,205.69,205.73,3482.0,205.773,30
2023-09-01 15:15:00-04:00,205.73,205.73,205.57,205.59,5116.0,205.624,50
2023-09-01 15:20:00-04:00,205.56,205.69,205.56,205.67,5357.0,205.614,49
2023-09-01 15:25:00-04:00,205.65,205.66,205.5,205.51,5800.0,205.598,48
2023-09-01 15:30:00-04:00,205.5,205.59,205.4,205.4,6098.0,205.532,47
2023-09-01 15:35:00-04:00,205.48,205.48,205.21,205.24,7011.0,205.327,60
2023-09-01 15:40:00-04:00,205.29,205.42,205.14,205.28,22220.0,205.291,173
2023-09-01 15:45:00-04:00,205.23,205.26,204.85,204.85,16752.0,205.027,131
2023-09-01 15:50:00-04:00,204.83,205.08,204.65,205.08,35496.0,204.926,306
2023-09-01 15:55:00-04:00,205.08,205.33,205.08,205.23,71815.0,205.19,445
2023-09-05 09:30:00-04:00,204.69,205.16,204.5,204.7,13618.0,204.694,6
2023-09-05 09:35:00-04:00,204.7,204.7,202.51,202.95,10123.0,203.317,82
2023-09-05 09:40:00-04:00,202.67,203.08,202.49,202.49,5480.0,202.843,44
2023-09-05 09:45:00-04:00,202.43,202.58,200.87,200.88,3667.0,201.564,28
2023-09-05 09:50:00-04:00,200.93,201.21,200.55,200.64,2095.0,200.882,19
2023-09-05 09:55:00-04:00,200.6,200.92,200.54,200.81,2196.0,200.755,18
2023-09-05 10:00:00-04:00,200.38,200.49,199.82,199.92,5721.0,200.186,51
2023-09-05 10:05:00-04:00,199.73,200.1,199.65,199.76,12586.0,199.876,104
2023-09-05 10:10:00-04:00,199.73,200.52,199.73,200.31,4103.0,200.131,37
2023-09-05 10:15:00-04:00,200.44,200.57,199.83,199.91,3900.0,200.261,35
2023-09-05 10:20:00-04:00,199.78,200.06,199.7,199.7,9307.0,199.938,83
2023-09-05 10:25:00-04:00,199.94,199.94,199.31,199.31,3236.0,199.618,29
2023-09-05 10:30:00-04:00,199.31,199.53,199.1,199.38,10742.0,199.314,85
2023-09-05 10:35:00-04:00,199.28,199.42,198.97,199.4,8840.0,199.129,78
2023-09-05 10:40:00-04:00,199.53,200.34,199.5,200.27,6364.0,199.856,61
2023-09-05 10:45:00-04:00,200.37,200.44,200.1,200.44,5732.0,200.321,54
2023-09-05 10:50:00-04:00,200.4,200.46,200.08,200.21,3983.0,200.255,34
2023-09-05 10:55:00-04:00,200.21,200.7,200.19,200.7,11267.0,200.304,54
2023-09-05 11:00:00-04:00,200.75,201.18,200.75,201.15,3131.0,201.062,28
2023-09-05 11:05:00-04:00,201.17,201.59,201.04,201.59,7581.0,201.33,72
2023-09-05 11:10:00-04:00,201.67,202.38,201.66,202.37,9885.0,202.166,89
2023-09-05 11:15:00-04:00,202.38,202.48,201.78,201.97,6625.0,202.154,60
2023-09-05 11:20:00-04:00,201.94,202.11,201.8,202.03,4396.0,201.976,43
2023-09-05 11:25:00-04:00,201.9,201.9,201.34,201.34,1748.0,201.564,15
2023-09-05 11:30:00-04:00,201.29,201.75,201.26,201.69,2300.0,201.455,13
2023-09-05 11:35:00-04:00,201.71,201.71,201.24,201.43,1599.0,201.467,13
2023-09-05 11:40:00-04:00,201.68,201.75,201.57,201.57,613.0,201.659,6
2023-09-05 11:45:00-04:00,201.59,201.85,201.58,201.72,2400.0,201.746,21
2023-09-05 11:50:00-04:00,201.68,202.02,201.63,201.9,3084.0,201.86,26
2023-09-05 11:55:00-04:00,201.91,202.07,201.86,201.96,5737.0,201.999,40
2023-09-05 12:00:00-04:00,201.97,202.04,201.31,201.4,4106.0,201.707,22
2023-09-05 12:05:00-04:00,201.5,201.55,201.12,201.21,1447.0,201.359,13
2023-09-05 12:10:00-04:00,201.16,201.16,200.79,200.79,2985.0,201.013,29
2023-09-05 12:15:00-04:00,201.08,201.08,200.8,200.83,3894.0,200.942,29
2023-09-05 12:20:00-04:00,200.78,200.78,200.53,200.54,6753.0,200.644,59
2023-09-05 12:25:00-04:00,200.61,200.96,200.6,200.96,6373.0,200.822,29
2023-09-05 12:30:00-04:00,200.85,201.09,200.84,201.02,2080.0,200.964,20
2023-09-05 12:35:00-04:00,200.78,200.85,200.62,200.8,1049.0,200.766,10
2023-09-05 12:40:00-04:00,200.86,200.99,200.83,200.96,1545.0,200.925,14
2023-09-05 12:45:00-04:00,200.97,201.13,200.94,200.94,1500.0,201.035,15
2023-09-05 12:50:00-04:00,200.9,200.93,200.82,200.85,1521.0,200.869,14
2023-09-05 12:55:00-04:00,200.78,200.79,200.68,200.71,783.0,200.742,7
2023-09-05 13:00:00-04:00,200.75,200.77,200.61,200.65,1707.0,200.692,15
2023-09-05 13:05:00-04:00,200.57,200.57,200.46,200.49,901.0,200.522,9
2023-09-05 13:10:00-04:00,200.31,200.49,200.27,200.34,6621.0,200.378,52
2023-09-05 13:15:00-04:00,200.41,200.45,200.34,200.4,1100.0,200.389,11
2023-09-05 13:20:00-04:00,200.4,200.85,200.29,200.84,2718.0,200.458,22
2023-09-05 13:25:00-04:00,200.88,201.01,200.73,200.89,1879.0,200.837,16
2023-09-05 13:30:00-04:00,200.75,201.14,200.75,200.98,2318.0,200.993,22
2023-09-05 13:35:00-04:00,200.84,201.13,200.84,200.95,1934.0,201.04,10
2023-09-05 13:40:00-04:00,200.95,201.08,200.86,200.86,2349.0,200.998,21
2023-09-05 13:45:00-04:00,200.94,200.94,200.76,200.88,2241.0,200.862,21
2023-09-05 13:50:00-04:00,200.84,200.85,200.61,200.75,12163.0,200.748,33
2023-09-05 13:55:00-04:00,200.75,200.97,200.74,200.89,8653.0,200.865,73
2023-09-05 14:00:00-04:00,200.93,200.93,200.78,200.78,1300.0,200.848,12
2023-09-05 14:05:00-04:00,200.78,200.78,200.43,200.46,1719.0,200.495,17
2023-09-05 14:10:00-04:00,200.43,200.59,200.34,200.59,4807.0,200.416,28
2023-09-05 14:15:00-04:00,200.62,200.62,200.46,200.47,3930.0,200.503,31
2023-09-05 14:20:00-04:00,200.38,200.49,200.29,200.45,5007.0,200.396,50
2023-09-05 14:25:00-04:00,200.45,200.83,200.44,200.83,5531.0,200.505,34
2023-09-05 14:30:00-04:00,200.92,201.05,200.81,200.9,3554.0,200.895,29
2023-09-05 14:35:00-04:00,200.79,201.02,200.79,200.86,1581.0,200.92,10
2023-09-05 14:40:00-04:00,200.91,201.05,200.8,201.0,2313.0,200.912,21
2023-09-05 14:45:00-04:00,200.96,201.01,200.85,200.96,4783.0,200.939,42
2023-09-05 14:50:00-04:00,200.97,200.97,200.85,200.88,2638.0,200.903,23
2023-09-05 14:55:00-04:00,200.91,200.91,200.76,200.9,1716.0,200.832,16
2023-09-05 15:00:00-04:00,200.93,200.93,200.7,200.83,3654.0,200.803,35
2023-09-05 15:05:00-04:00,200.81,200.88,200.63,200.88,3002.0,200.717,27
2023-09-05 15:10:00-04:00,200.8,200.8,200.54,200.67,4367.0,200.679,36
2023-09-05 15:15:00-04:00,200.69,200.91,200.6,200.87,3045.0,200.702,22
2023-09-05 15:20:00-04:00,200.88,201.0,200.82,200.88,5231.0,200.879,47
2023-09-05 15:25:00-04:00,200.81,201.01,200.81,200.96,4188.0,200.921,36
2023-09-05 15:30:00-04:00,200.98,200.98,200.84,200.87,5137.0,200.91,39
2023-09-05 15:35:00-04:00,200.94,201.51,200.93,201.49,8478.0,201.172,70
2023-09-05 15:40:00-04:00,201.49,201.52,201.39,201.46,8233.0,201.45,54
2023-09-05 15:45:00-04:00,201.45,201.56,201.19,201.21,14540.0,201.393,118
2023-09-05 15:50:00-04:00,201.02,201.14,200.82,200.84,21502.0,200.946,178
2023-09-05 15:55:00-04:00,200.84,200.91,200.42,200.58,68068.0,200.674,456
2023-09-06 09:30:00-04:00,201.47,202.15,201.28,201.72,11137.0,201.491,15
2023-09-06 09:35:00-04:00,201.66,201.96,201.06,201.7,2929.0,201.415,29
2023-09-06 09:40:00-04:00,201.65,202.93,201.54,202.87,7771.0,202.31,71
2023-09-06 09:45:00-04:00,202.87,203.4,201.86,202.08,27739.0,202.593,207
2023-09-06 09:50:00-04:00,202.19,202.44,201.96,201.96,3584.0,202.238,35
2023-09-06 09:55:00-04:00,201.87,202.64,201.87,202.47,3505.0,202.257,32
2023-09-06 10:00:00-04:00,202.47,202.64,202.03,202.5,3425.0,202.454,29
2023-09-06 10:05:00-04:00,202.45,203.18,202.45,203.05,3919.0,202.87,29
2023-09-06 10:10:00-04:00,202.98,203.67,202.98,203.65,5142.0,203.45,29
2023-09-06 10:15:00-04:00,203.6,204.11,203.46,204.11,6520.0,203.612,56
2023-09-06 10:20:00-04:00,204.03,204.13,203.57,203.63,5016.0,203.896,47
2023-09-06 10:25:00-04:00,203.64,203.98,203.64,203.79,2004.0,203.777,20
2023-09-06 10:30:00-04:00,203.86,204.1,203.73,203.73,2667.0,203.938,24
2023-09-06 10:35:00-04:00,203.67,203.78,203.43,203.64,2686.0,203.623,23
2023-09-06 10:40:00-04:00,203.66,204.22,203.66,204.02,13954.0,204.02,97
2023-09-06 10:45:00-04:00,204.09,204.1,203.86,203.99,3630.0,203.99,36
2023-09-06 10:50:00-04:00,203.99,204.26,203.92,204.03,4907.0,204.068,41
2023-09-06 10:55:00-04:00,203.77,203.94,203.59,203.94,1268.0,203.748,12
2023-09-06 11:00:00-04:00,203.87,204.21,203.77,204.21,3116.0,203.944,30
2023-09-06 11:05:00-04:00,204.11,204.11,203.95,204.03,4108.0,204.024,37
2023-09-06 11:10:00-04:00,204.0,204.05,203.72,203.79,8888.0,203.939,83
2023-09-06 11:15:00-04:00,203.87,204.06,203.79,204.0,5189.0,203.908,37
2023-09-06 11:20:00-04:00,203.99,204.0,203.6,203.91,14052.0,203.823,134
2023-09-06 11:25:00-04:00,203.89,204.11,203.66,204.0,5507.0,203.855,44
2023-09-06 11:30:00-04:00,203.95,203.95,203.21,203.21,4812.0,203.599,42
2023-09-06 11:35:00-04:00,203.04,203.49,203.0,203.26,2640.0,203.261,26
2023-09-06 11:40:00-04:00,203.37,203.61,203.33,203.61,1448.0,203.435,12
2023-09-06 11:45:00-04:00,203.46,203.46,203.08,203.25,7038.0,203.206,65
2023-09-06 11:50:00-04:00,203.22,203.24,202.98,203.14,3454.0,203.117,28
2023-09-06 11:55:00-04:00,203.15,203.38,202.99,203.15,9132.0,203.122,84
2023-09-06 12:00:00-04:00,203.0,203.42,202.83,203.32,4433.0,203.109,42
2023-09-06 12:05:00-04:00,203.32,203.43,203.16,203.26,5998.0,203.326,50
2023-09-06 12:10:00-04:00,203.18,203.51,203.09,203.43,3205.0,203.291,32
2023-09-06 12:15:00-04:00,203.34,203.55,203.28,203.45,8108.0,203.432,51
2023-09-06 12:20:00-04:00,203.51,203.56,203.07,203.09,2404.0,203.315,20
2023-09-06 12:25:00-04:00,203.08,203.14,202.79,202.8,3552.0,202.958,31
2023-09-06 12:30:00-04:00,202.78,202.93,202.51,202.93,3700.0,202.694,37
2023-09-06 12:35:00-04:00,202.89,203.04,202.89,203.01,4527.0,202.959,38
2023-09-06 12:40:00-04:00,202.97,203.06,202.84,202.91,11928.0,202.961,65
2023-09-06 12:45:00-04:00,202.88,202.95,202.7,202.83,2729.0,202.824,25
2023-09-06 12:50:00-04:00,202.96,202.96,202.79,202.92,1116.0,202.868,11
2023-09-06 12:55:00-04:00,202.92,203.04,202.92,203.04,1498.0,202.987,11
2023-09-06 13:00:00-04:00,203.03,203.1,202.95,203.09,2663.0,203.013,25
2023-09-06 13:05:00-04:00,203.09,203.17,202.92,203.03,8296.0,203.019,64
2023-09-06 13:10:00-04:00,203.11,203.33,203.11,203.33,1848.0,203.221,15
2023-09-06 13:15:00-04:00,203.46,203.58,203.33,203.57,4333.0,203.474,31
2023-09-06 13:20:00-04:00,203.5,203.61,203.5,203.53,857.0,203.538,8
2023-09-06 13:25:00-04:00,203.49,203.84,203.49,203.84,2388.0,203.59,22
2023-09-06 13:30:00-04:00,203.7,203.79,203.52,203.52,2117.0,203.658,20
2023-09-06 13:35:00-04:00,203.52,203.7,203.52,203.69,1120.0,203.617,10
2023-09-06 13:40:00-04:00,203.64,203.83,203.57,203.82,1795.0,203.724,17
2023-09-06 13:45:00-04:00,203.77,204.03,203.76,204.01,1548.0,203.909,15
2023-09-06 13:50:00-04:00,203.96,203.96,203.64,203.68,1202.0,203.833,12
2023-09-06 13:55:00-04:00,203.62,203.86,203.62,203.69,1867.0,203.758,18
2023-09-06 14:00:00-04:00,203.67,203.78,203.6,203.78,1406.0,203.723,14
2023-09-06 14:05:00-04:00,203.81,203.94,203.77,203.89,1868.0,203.854,18
2023-09-06 14:10:00-04:00,203.87,203.95,203.78,203.91,2526.0,203.876,19
2023-09-06 14:15:00-04:00,203.95,203.99,203.76,203.84,6203.0,203.881,44
2023-09-06 14:20:00-04:00,203.8,203.95,203.8,203.9,1747.0,203.859,15
2023-09-06 14:25:00-04:00,203.97,204.03,203.88,203.91,1420.0,203.958,14
2023-09-06 14:30:00-04:00,203.9,204.05,203.75,203.84,1944.0,203.898,15
2023-09-06 14:35:00-04:00,203.78,203.86,203.75,203.83,971.0,203.807,9
2023-09-06 14:40:00-04:00,203.78,203.96,203.78,203.96,1828.0,203.898,17
2023-09-06 14:45:00-04:00,203.96,203.97,203.93,203.95,3708.0,203.947,32
2023-09-06 14:50:00-04:00,203.98,204.01,203.79,203.79,3498.0,203.919,33
2023-09-06 14:55:00-04:00,203.76,203.82,203.67,203.76,1987.0,203.767,19
2023-09-06 15:00:00-04:00,203.78,203.84,203.49,203.49,3866.0,203.699,34
2023-09-06 15:05:00-04:00,203.5,203.52,203.28,203.51,3921.0,203.372,37
2023-09-06 15:10:00-04:00,203.52,203.65,203.51,203.57,1828.0,203.587,16
2023-09-06 15:15:00-04:00,203.61,203.81,203.51,203.52,4979.0,203.676,46
2023-09-06 15:20:00-04:00,203.63,203.77,203.61,203.77,2318.0,203.691,21
2023-09-06 15:25:00-04:00,203.74,203.77,203.59,203.77,4217.0,203.681,39
2023-09-06 15:30:00-04:00,203.7,203.98,203.66,203.98,15312.0,203.824,136
2023-09-06 15:35:00-04:00,204.03,204.15,203.96,204.02,7676.0,204.057,54
2023-09-06 15:40:00-04:00,204.02,204.27,204.01,204.12,14636.0,204.115,127
2023-09-06 15:45:00-04:00,204.16,204.39,204.16,204.31,34822.0,204.294,285
2023-09-06 15:50:00-04:00,204.25,204.41,204.05,204.2,38237.0,204.242,299
2023-09-06 15:55:00-04:00,204.18,204.4,204.06,204.24,80569.0,204.216,558
2023-09-07 09:35:00-04:00,204.82,204.82,203.89,203.92,11640.0,204.708,19
2023-09-07 09:40:00-04:00,204.12,204.12,203.58,203.64,5208.0,203.727,28
2023-09-07 09:45:00-04:00,203.48,203.48,202.88,203.46,3221.0,203.2,31
2023-09-07 09:50:00-04:00,203.44,203.44,203.08,203.12,1690.0,203.234,11
2023-09-07 09:55:00-04:00,203.11,203.11,202.7,202.74,1500.0,202.923,13
2023-09-07 10:00:00-04:00,202.84,202.84,201.97,202.43,6520.0,202.235,61
2023-09-07 10:05:00-04:00,202.42,202.81,202.42,202.8,1919.0,202.582,16
2023-09-07 10:10:00-04:00,202.85,203.04,202.72,203.02,3635.0,202.867,36
2023-09-07 10:15:00-04:00,202.93,202.98,202.8,202.84,1800.0,202.887,17
2023-09-07 10:20:00-04:00,203.0,203.24,203.0,203.2,3930.0,203.118,38
2023-09-07 10:25:00-04:00,203.08,203.23,203.03,203.21,1744.0,203.174,13
2023-09-07 10:30:00-04:00,203.37,203.47,203.01,203.06,1876.0,203.247,17
2023-09-07 10:35:00-04:00,203.12,203.46,203.12,203.46,2005.0,203.261,20
2023-09-07 10:40:00-04:00,203.55,203.86,203.51,203.79,1204.0,203.683,12
2023-09-07 10:45:00-04:00,203.71,203.92,203.71,203.71,3297.0,203.85,19
2023-09-07 10:50:00-04:00,203.86,203.98,203.65,203.66,1700.0,203.857,16
2023-09-07 10:55:00-04:00,203.75,203.93,203.59,203.93,1928.0,203.708,17
2023-09-07 11:00:00-04:00,203.77,204.23,203.77,204.22,1300.0,204.039,11
2023-09-07 11:05:00-04:00,204.3,204.33,204.14,204.33,1207.0,204.233,12
2023-09-07 11:10:00-04:00,204.36,204.63,204.36,204.53,2368.0,204.441,23
2023-09-07 11:15:00-04:00,204.63,204.7,204.48,204.48,1100.0,204.578,11
2023-09-07 11:20:00-04:00,204.65,204.97,204.65,204.91,2621.0,204.842,26
2023-09-07 11:25:00-04:00,205.01,205.26,204.95,205.05,4307.0,205.06,42
2023-09-07 11:30:00-04:00,205.1,205.49,205.1,205.49,3033.0,205.34,30
2023-09-07 11:35:00-04:00,205.67,205.82,205.5,205.52,4084.0,205.623,37
2023-09-07 11:40:00-04:00,205.59,205.81,205.52,205.61,15901.0,205.66,131
2023-09-07 11:45:00-04:00,205.62,205.62,205.09,205.21,4353.0,205.472,35
2023-09-07 11:50:00-04:00,205.21,205.33,205.21,205.23,1431.0,205.25,12
2023-09-07 11:55:00-04:00,205.12,205.2,204.9,205.04,3406.0,205.067,32
2023-09-07 12:00:00-04:00,204.97,205.48,204.96,205.48,5114.0,205.256,45
2023-09-07 12:05:00-04:00,205.42,205.92,205.41,205.92,3004.0,205.676,27
2023-09-07 12:10:00-04:00,205.97,205.99,205.68,205.87,6297.0,205.85,62
2023-09-07 12:15:00-04:00,205.95,206.16,205.89,206.0,2585.0,206.054,24
2023-09-07 12:20:00-04:00,206.06,206.38,205.93,206.38,2097.0,206.063,20
2023-09-07 12:25:00-04:00,206.34,206.41,206.19,206.19,2260.0,206.302,21
2023-09-07 12:30:00-04:00,206.23,206.31,206.19,206.24,3858.0,206.259,37
2023-09-07 12:35:00-04:00,206.31,206.46,206.19,206.45,3033.0,206.284,30
2023-09-07 12:40:00-04:00,206.42,206.47,206.21,206.23,12097.0,206.391,74
2023-09-07 12:45:00-04:00,206.2,206.23,206.01,206.06,2626.0,206.099,22
2023-09-07 12:50:00-04:00,206.06,206.52,206.0,206.51,8017.0,206.148,56
2023-09-07 12:55:00-04:00,206.61,206.68,206.46,206.58,7588.0,206.562,68
2023-09-07 13:00:00-04:00,206.57,206.76,206.5,206.58,4132.0,206.622,40
2023-09-07 13:05:00-04:00,206.53,206.62,206.37,206.4,3937.0,206.474,36
2023-09-07 13:10:00-04:00,206.43,206.56,206.24,206.52,3260.0,206.425,32
2023-09-07 13:15:00-04:00,206.52,206.85,206.42,206.77,6326.0,206.663,61
2023-09-07 13:20:00-04:00,206.78,206.96,206.72,206.77,4048.0,206.821,39
2023-09-07 13:25:00-04:00,206.8,206.83,206.57,206.83,4851.0,206.748,48
2023-09-07 13:30:00-04:00,206.73,206.78,206.55,206.61,1719.0,206.652,16
2023-09-07 13:35:00-04:00,206.59,206.81,206.58,206.69,4058.0,206.684,34
2023-09-07 13:40:00-04:00,206.66,206.7,206.59,206.66,4251.0,206.651,39
2023-09-07 13:45:00-04:00,206.66,206.67,206.36,206.45,3563.0,206.514,34
2023-09-07 13:50:00-04:00,206.4,206.55,206.4,206.49,3707.0,206.479,34
2023-09-07 13:55:00-04:00,206.52,206.63,206.49,206.58,5136.0,206.555,38
2023-09-07 14:00:00-04:00,206.64,206.89,206.56,206.72,4883.0,206.71,44
2023-09-07 14:05:00-04:00,206.71,206.79,206.38,206.53,2727.0,206.604,21
2023-09-07 14:10:00-04:00,206.62,206.72,206.38,206.47,10162.0,206.544,77
2023-09-07 14:15:00-04:00,206.47,206.47,206.19,206.19,5059.0,206.362,43
2023-09-07 14:20:00-04:00,206.19,206.27,206.11,206.12,6103.0,206.193,52
2023-09-07 14:25:00-04:00,206.21,206.22,206.0,206.04,5359.0,206.137,40
2023-09-07 14:30:00-04:00,206.03,206.12,205.64,205.78,6887.0,205.843,63
2023-09-07 14:35:00-04:00,205.73,205.96,205.66,205.76,16357.0,205.794,66
2023-09-07 14:40:00-04:00,205.78,205.84,205.65,205.76,1699.0,205.774,13
2023-09-07 14:45:00-04:00,205.86,205.99,205.76,205.96,4382.0,205.903,33
2023-09-07 14:50:00-04:00,206.03,206.12,205.94,206.12,3250.0,206.0,27
2023-09-07 14:55:00-04:00,206.1,206.29,206.02,206.24,6530.0,206.148,64
2023-09-07 15:00:00-04:00,206.25,206.25,206.05,206.22,2566.0,206.159,25
2023-09-07 15:05:00-04:00,206.22,206.4,206.17,206.24,6141.0,206.252,57
2023-09-07 15:10:00-04:00,206.33,206.55,206.33,206.55,2994.0,206.459,29
2023-09-07 15:15:00-04:00,206.59,206.65,206.4,206.55,6621.0,206.471,33
2023-09-07 15:20:00-04:00,206.62,206.65,206.52,206.6,4646.0,206.602,38
2023-09-07 15:25:00-04:00,206.56,206.67,206.52,206.56,5110.0,206.597,41
2023-09-07 15:30:00-04:00,206.48,206.53,206.22,206.27,3429.0,206.375,33
2023-09-07 15:35:00-04:00,206.26,206.42,206.16,206.42,3912.0,206.275,37
2023-09-07 15:40:00-04:00,206.44,206.67,206.37,206.63,8165.0,206.5,74
2023-09-07 15:45:00-04:00,206.66,206.86,206.58,206.74,19852.0,206.743,157
2023-09-07 15:50:00-04:00,206.82,206.88,206.49,206.52,22393.0,206.631,175
2023-09-07 15:55:00-04:00,206.46,206.73,206.36,206.55,57676.0,206.561,446
2023-09-08 09:30:00-04:00,206.67,206.97,206.17,206.91,12306.0,206.626,29
2023-09-08 09:35:00-04:00,206.96,207.03,205.78,205.78,16163.0,206.512,43
2023-09-08 09:40:00-04:00,205.93,206.41,205.66,206.07,6699.0,206.12,31
2023-09-08 09:45:00-04:00,205.94,205.94,205.62,205.7,28696.0,205.754,22
2023-09-08 09:50:00-04:00,205.59,205.67,205.06,205.21,4889.0,205.31,42
2023-09-08 09:55:00-04:00,205.06,205.87,204.97,205.8,7098.0,205.5,63
2023-09-08 10:00:00-04:00,205.7,205.82,205.31,205.36,3519.0,205.599,35
2023-09-08 10:05:00-04:00,205.48,205.51,205.12,205.27,12264.0,205.213,41
2023-09-08 10:10:00-04:00,205.35,205.41,204.97,205.23,10526.0,205.196,99
2023-09-08 10:15:00-04:00,205.31,205.41,205.01,205.01,21657.0,205.286,85
2023-09-08 10:20:00-04:00,204.97,205.15,204.63,205.15,6771.0,204.906,60
2023-09-08 10:25:00-04:00,205.11,205.49,204.94,205.1,3307.0,205.173,29
2023-09-08 10:30:00-04:00,205.34,205.38,204.99,205.32,7677.0,205.283,69
2023-09-08 10:35:00-04:00,205.24,205.99,205.24,205.76,4867.0,205.633,40
2023-09-08 10:40:00-04:00,205.68,205.9,205.37,205.79,4982.0,205.678,46
2023-09-08 10:45:00-04:00,205.87,206.02,205.51,205.75,8622.0,205.793,80
2023-09-08 10:50:00-04:00,205.65,206.33,205.56,206.18,23185.0,205.982,89
2023-09-08 10:55:00-04:00,206.18,206.45,205.83,206.01,3343.0,206.145,28
2023-09-08 11:00:00-04:00,205.85,206.17,205.64,206.17,9018.0,205.892,67
2023-09-08 11:05:00-04:00,206.08,206.2,206.0,206.12,2911.0,206.099,26
2023-09-08 11:10:00-04:00,206.0,206.36,205.86,206.36,3947.0,206.054,34
2023-09-08 11:15:00-04:00,206.24,206.41,205.74,205.74,5708.0,206.016,41
2023-09-08 11:20:00-04:00,205.91,205.98,205.64,205.64,7000.0,205.834,62
2023-09-08 11:25:00-04:00,205.68,205.92,205.37,205.58,9014.0,205.634,78
2023-09-08 11:30:00-04:00,205.66,205.86,205.22,205.58,4643.0,205.476,43
2023-09-08 11:35:00-04:00,205.72,205.72,205.54,205.54,1405.0,205.637,13
2023-09-08 11:40:00-04:00,205.53,205.67,205.29,205.57,6747.0,205.454,39
2023-09-08 11:45:00-04:00,205.47,205.6,205.14,205.25,4679.0,205.375,37
2023-09-08 11:50:00-04:00,205.23,205.29,204.96,205.25,3352.0,205.16,32
2023-09-08 11:55:00-04:00,205.32,205.37,204.96,204.96,2572.0,205.155,22
2023-09-08 12:00:00-04:00,204.96,205.37,204.95,205.3,7002.0,205.117,58
2023-09-08 12:05:00-04:00,205.5,205.56,205.33,205.46,2813.0,205.445,27
2023-09-08 12:10:00-04:00,205.51,205.72,205.46,205.63,2500.0,205.615,23
2023-09-08 12:15:00-04:00,205.61,205.87,205.59,205.85,2040.0,205.717,19
2023-09-08 12:20:00-04:00,205.89,205.98,205.77,205.97,2112.0,205.868,20
2023-09-08 12:25:00-04:00,206.01,206.01,205.88,205.9,2300.0,205.93,12
2023-09-08 12:30:00-04:00,205.9,205.9,205.64,205.82,2906.0,205.768,26
2023-09-08 12:35:00-04:00,205.76,205.9,205.72,205.9,2673.0,205.815,24
2023-09-08 12:40:00-04:00,206.0,206.37,205.96,206.18,6922.0,206.108,41
2023-09-08 12:45:00-04:00,206.12,206.12,205.83,205.92,2346.0,205.915,13
2023-09-08 12:50:00-04:00,205.83,205.93,205.83,205.86,1743.0,205.887,15
2023-09-08 12:55:00-04:00,205.81,205.98,205.81,205.98,711.0,205.912,7
2023-09-08 13:00:00-04:00,206.06,206.22,205.99,206.22,2374.0,206.067,19
2023-09-08 13:05:00-04:00,206.17,206.17,206.01,206.09,2434.0,206.086,19
2023-09-08 13:10:00-04:00,206.03,206.19,206.02,206.12,1314.0,206.11,13
2023-09-08 13:15:00-04:00,206.12,206.12,206.1,206.1,200.0,206.108,2
2023-09-08 13:20:00-04:00,206.14,206.14,205.89,205.89,1220.0,206.007,12
2023-09-08 13:25:00-04:00,205.82,205.82,205.67,205.68,758.0,205.746,6
2023-09-08 13:30:00-04:00,205.58,205.78,205.55,205.78,3089.0,205.69,28
2023-09-08 13:35:00-04:00,205.74,205.88,205.69,205.84,2880.0,205.781,28
2023-09-08 13:40:00-04:00,205.81,205.81,205.5,205.5,3069.0,205.639,18
2023-09-08 13:45:00-04:00,205.51,205.6,205.36,205.36,1505.0,205.504,15
2023-09-08 13:50:00-04:00,205.48,205.55,205.43,205.5,4825.0,205.475,24
2023-09-08 13:55:00-04:00,205.59,205.6,205.36,205.47,11229.0,205.492,86
2023-09-08 14:00:00-04:00,205.45,205.49,205.44,205.47,2307.0,205.473,12
2023-09-08 14:05:00-04:00,205.49,205.52,205.21,205.22,1786.0,205.391,13
2023-09-08 14:10:00-04:00,205.03,205.04,204.8,204.84,1638.0,204.895,14
2023-09-08 14:15:00-04:00,204.83,205.04,204.83,204.91,2262.0,204.918,8
2023-09-08 14:20:00-04:00,204.94,204.96,204.9,204.91,300.0,204.935,3
2023-09-08 14:25:00-04:00,204.85,204.97,204.85,204.97,1938.0,204.915,19
2023-09-08 14:30:00-04:00,204.85,205.05,204.72,205.05,3357.0,204.878,30
2023-09-08 14:35:00-04:00,205.03,205.1,204.85,204.86,1414.0,204.976,14
2023-09-08 14:40:00-04:00,204.81,205.05,204.8,204.98,1875.0,204.948,18
2023-09-08 14:45:00-04:00,204.91,204.99,204.88,204.97,1032.0,204.927,8
2023-09-08 14:50:00-04:00,204.98,205.22,204.98,205.15,3043.0,205.106,27
2023-09-08 14:55:00-04:00,205.14,205.3,205.12,205.16,4139.0,205.173,21
2023-09-08 15:00:00-04:00,205.21,205.22,205.05,205.17,1936.0,205.149,16
2023-09-08 15:05:00-04:00,205.15,205.56,205.14,205.43,3194.0,205.338,30
2023-09-08 15:10:00-04:00,205.48,205.6,205.38,205.55,3943.0,205.496,33
2023-09-08 15:15:00-04:00,205.43,205.43,205.23,205.25,1980.0,205.327,16
2023-09-08 15:20:00-04:00,205.22,205.34,205.17,205.24,10269.0,205.249,64
2023-09-08 15:25:00-04:00,205.27,205.34,205.01,205.09,3993.0,205.238,38
2023-09-08 15:30:00-04:00,205.06,205.52,205.01,205.52,3959.0,205.272,39
2023-09-08 15:35:00-04:00,205.52,205.53,205.39,205.44,3592.0,205.456,33
2023-09-08 15:40:00-04:00,205.47,205.83,205.47,205.79,5806.0,205.632,47
2023-09-08 15:45:00-04:00,205.85,205.87,205.71,205.83,7495.0,205.8,68
2023-09-08 15:50:00-04:00,205.84,205.9,205.67,205.76,11852.0,205.787,106
2023-09-08 15:55:00-04:00,205.78,206.0,205.57,205.99,49298.0,205.779,328
2023-09-11 09:30:00-04:00,206.94,207.66,206.58,206.58,12435.0,206.995,35
2023-09-11 09:35:00-04:00,206.36,206.67,206.36,206.44,521.0,206.465,5
2023-09-11 09:40:00-04:00,206.29,206.61,206.29,206.35,1650.0,206.473,16
2023-09-11 09:45:00-04:00,206.24,206.25,206.0,206.13,2000.0,206.126,19
2023-09-11 09:50:00-04:00,206.1,206.93,206.1,206.93,5061.0,206.435,43
2023-09-11 09:55:00-04:00,206.98,207.33,206.94,207.3,12521.0,207.104,88
2023-09-11 10:00:00-04:00,207.37,207.57,207.07,207.13,13514.0,207.353,110
2023-09-11 10:05:00-04:00,207.09,207.36,206.95,207.34,4971.0,207.169,47
2023-09-11 10:10:00-04:00,207.43,207.81,207.32,207.7,8105.0,207.617,75
2023-09-11 10:15:00-04:00,207.52,207.75,207.49,207.7,8872.0,207.577,78
2023-09-11 10:20:00-04:00,207.66,207.79,207.49,207.76,5303.0,207.621,51
2023-09-11 10:25:00-04:00,207.63,208.19,207.59,208.03,11417.0,207.981,97
2023-09-11 10:30:00-04:00,208.1,208.14,207.66,207.81,10066.0,207.953,97
2023-09-11 10:35:00-04:00,207.8,208.16,207.8,207.97,20146.0,207.986,146
2023-09-11 10:40:00-04:00,208.14,209.15,207.97,209.1,37718.0,208.372,242
2023-09-11 10:45:00-04:00,209.14,209.14,208.59,208.7,36578.0,208.934,231
2023-09-11 10:50:00-04:00,208.69,208.69,207.75,207.76,9330.0,208.206,77
2023-09-11 10:55:00-04:00,207.77,207.9,207.37,207.63,5937.0,207.627,43
2023-09-11 11:00:00-04:00,207.72,207.72,207.45,207.72,6124.0,207.594,55
2023-09-11 11:05:00-04:00,207.79,207.96,207.52,207.55,6387.0,207.675,52
2023-09-11 11:10:00-04:00,207.48,207.84,207.43,207.74,7831.0,207.619,74
2023-09-11 11:15:00-04:00,207.78,207.78,207.5,207.61,6852.0,207.626,59
2023-09-11 11:20:00-04:00,207.5,207.63,207.38,207.39,7451.0,207.522,63
2023-09-11 11:25:00-04:00,207.45,207.97,207.45,207.74,4300.0,207.736,37
2023-09-11 11:30:00-04:00,207.6,207.69,207.36,207.42,3175.0,207.554,31
2023-09-11 11:35:00-04:00,207.36,207.51,207.3,207.37,2294.0,207.452,19
2023-09-11 11:40:00-04:00,207.3,207.33,206.95,207.21,6348.0,207.089,57
2023-09-11 11:45:00-04:00,207.23,207.3,207.12,207.3,2812.0,207.232,25
2023-09-11 11:50:00-04:00,207.31,207.58,207.14,207.58,4796.0,207.4,33
2023-09-11 11:55:00-04:00,207.59,207.81,207.54,207.59,22535.0,207.658,58
2023-09-11 12:00:00-04:00,207.65,207.96,207.64,207.8,8094.0,207.808,70
2023-09-11 12:05:00-04:00,207.85,208.19,207.85,208.11,4955.0,208.072,42
2023-09-11 12:10:00-04:00,207.99,208.09,207.86,207.86,2220.0,207.985,18
2023-09-11 12:15:00-04:00,207.99,208.02,207.88,207.9,5650.0,207.958,41
2023-09-11 12:20:00-04:00,207.9,208.17,207.89,208.08,7699.0,208.019,63
2023-09-11 12:25:00-04:00,208.02,208.16,207.93,208.15,19862.0,208.002,58
2023-09-11 12:30:00-04:00,208.27,208.44,208.17,208.35,3029.0,208.3,28
2023-09-11 12:35:00-04:00,208.31,208.42,208.29,208.3,2000.0,208.347,20
2023-09-11 12:40:00-04:00,208.3,208.45,208.23,208.42,3384.0,208.342,29
2023-09-11 12:45:00-04:00,208.41,208.41,208.27,208.33,1030.0,208.354,8
2023-09-11 12:50:00-04:00,208.27,208.42,208.26,208.34,3345.0,208.343,25
2023-09-11 12:55:00-04:00,208.39,208.52,208.32,208.52,1591.0,208.414,12
2023-09-11 13:00:00-04:00,208.47,208.48,208.34,208.39,1746.0,208.41,15
2023-09-11 13:05:00-04:00,208.57,208.59,208.44,208.46,3235.0,208.526,26
2023-09-11 13:10:00-04:00,208.47,208.56,208.32,208.4,1200.0,208.492,10
2023-09-11 13:15:00-04:00,208.43,208.71,208.43,208.68,4882.0,208.601,44
2023-09-11 13:20:00-04:00,208.68,208.86,208.65,208.84,2083.0,208.721,20
2023-09-11 13:25:00-04:00,208.9,208.99,208.9,208.96,6860.0,208.954,59
2023-09-11 13:30:00-04:00,208.99,209.37,208.93,209.04,48894.0,209.123,174
2023-09-11 13:35:00-04:00,209.04,209.44,209.04,209.31,48937.0,209.278,260
2023-09-11 13:40:00-04:00,209.28,209.53,209.25,209.44,15470.0,209.369,90
2023-09-11 13:45:00-04:00,209.42,209.51,209.24,209.31,11358.0,209.353,76
2023-09-11 13:50:00-04:00,209.31,209.52,209.23,209.28,6575.0,209.363,55
2023-09-11 13:55:00-04:00,209.23,209.49,209.23,209.48,8681.0,209.346,67
2023-09-11 14:00:00-04:00,209.49,209.62,209.33,209.33,13695.0,209.49,88
2023-09-11 14:05:00-04:00,209.31,209.7,209.27,209.7,12617.0,209.497,86
2023-09-11 14:10:00-04:00,209.68,209.91,209.67,209.81,8424.0,209.814,67
2023-09-11 14:15:00-04:00,209.81,209.86,209.64,209.85,5465.0,209.772,47
2023-09-11 14:20:00-04:00,209.87,210.0,209.67,209.67,24047.0,209.925,123
2023-09-11 14:25:00-04:00,209.62,209.78,209.52,209.73,5604.0,209.68,48
2023-09-11 14:30:00-04:00,209.74,209.91,209.67,209.84,3534.0,209.773,32
2023-09-11 14:35:00-04:00,209.9,210.1,209.86,209.86,29083.0,210.008,147
2023-09-11 14:40:00-04:00,209.94,210.03,209.88,210.0,4198.0,209.946,38
2023-09-11 14:45:00-04:00,209.93,210.11,209.9,210.03,5402.0,210.011,41
2023-09-11 14:50:00-04:00,210.02,210.02,209.85,209.91,3678.0,209.92,34
2023-09-11 14:55:00-04:00,209.89,210.04,209.87,210.03,6373.0,209.935,48
2023-09-11 15:00:00-04:00,209.99,210.08,209.94,210.0,10742.0,210.0,82
2023-09-11 15:05:00-04:00,210.02,210.17,210.0,210.12,19912.0,210.066,130
2023-09-11 15:10:00-04:00,210.11,210.11,209.89,210.0,9652.0,210.009,87
2023-09-11 15:15:00-04:00,210.05,210.36,209.98,210.36,15791.0,210.093,99
2023-09-11 15:20:00-04:00,210.3,210.48,210.29,210.48,8377.0,210.368,68
2023-09-11 15:25:00-04:00,210.48,210.72,210.48,210.6,11696.0,210.598,99
2023-09-11 15:30:00-04:00,210.59,210.68,210.35,210.54,7069.0,210.553,64
2023-09-11 15:35:00-04:00,210.54,210.66,210.53,210.66,10647.0,210.592,71
2023-09-11 15:40:00-04:00,210.68,210.79,210.68,210.72,14618.0,210.727,115
2023-09-11 15:45:00-04:00,210.76,210.76,210.56,210.59,15480.0,210.646,130
2023-09-11 15:50:00-04:00,210.59,210.72,210.47,210.67,34626.0,210.603,273
2023-09-11 15:55:00-04:00,210.7,210.77,210.33,210.39,88546.0,210.47,623
2023-09-12 09:30:00-04:00,209.7,209.7,208.69,209.49,12648.0,208.776,17
2023-09-12 09:35:00-04:00,209.74,210.1,209.66,210.04,2601.0,209.919,25
2023-09-12 09:40:00-04:00,210.11,211.02,210.1,211.02,19062.0,210.62,118
2023-09-12 09:45:00-04:00,211.09,211.14,210.53,210.89,5417.0,210.846,43
2023-09-12 09:50:00-04:00,210.69,211.43,210.69,211.17,10643.0,211.049,71
2023-09-12 09:55:00-04:00,210.87,211.43,210.87,211.3,8657.0,211.15,63
2023-09-12 10:00:00-04:00,211.3,211.58,210.85,210.9,12484.0,211.348,59
2023-09-12 10:05:00-04:00,210.91,211.09,210.75,211.03,3101.0,210.947,31
2023-09-12 10:10:00-04:00,211.09,211.18,210.78,210.78,3339.0,210.993,31
2023-09-12 10:15:00-04:00,210.77,210.97,210.66,210.87,9708.0,210.857,44
2023-09-12 10:20:00-04:00,210.81,211.13,210.81,211.11,15476.0,210.92,47
2023-09-12 10:25:00-04:00,211.08,211.08,210.84,211.05,2838.0,210.956,22
2023-09-12 10:30:00-04:00,210.97,211.32,210.88,211.24,3859.0,211.095,34
2023-09-12 10:35:00-04:00,211.24,211.24,210.8,210.95,3351.0,210.95,32
2023-09-12 10:40:00-04:00,210.93,211.08,210.75,211.0,12533.0,210.913,87
2023-09-12 10:45:00-04:00,210.85,211.0,210.75,210.86,4641.0,210.907,30
2023-09-12 10:50:00-04:00,210.98,210.98,210.73,210.88,1701.0,210.838,17
2023-09-12 10:55:00-04:00,210.91,210.91,210.62,210.66,3962.0,210.737,30
2023-09-12 11:00:00-04:00,210.73,210.89,210.72,210.81,5174.0,210.775,49
2023-09-12 11:05:00-04:00,210.82,210.99,210.79,210.89,6877.0,210.905,45
2023-09-12 11:10:00-04:00,210.98,210.98,210.75,210.79,1578.0,210.927,14
2023-09-12 11:15:00-04:00,210.74,210.74,210.39,210.52,2464.0,210.535,23
2023-09-12 11:20:00-04:00,210.58,210.87,210.51,210.81,10510.0,210.763,48
2023-09-12 11:25:00-04:00,210.78,210.97,210.78,210.97,4338.0,210.838,35
2023-09-12 11:30:00-04:00,210.95,210.96,210.87,210.94,1478.0,210.922,14
2023-09-12 11:35:00-04:00,210.86,210.93,210.81,210.86,3255.0,210.872,26
2023-09-12 11:40:00-04:00,210.95,210.98,210.89,210.95,1890.0,210.945,17
2023-09-12 11:45:00-04:00,210.87,210.9,210.68,210.83,3846.0,210.792,33
2023-09-12 11:50:00-04:00,210.86,210.93,210.8,210.87,3508.0,210.895,32
2023-09-12 11:55:00-04:00,210.91,210.91,210.72,210.76,2322.0,210.805,17
2023-09-12 12:00:00-04:00,210.78,210.93,210.77,210.89,3271.0,210.859,29
2023-09-12 12:05:00-04:00,210.86,211.01,210.86,211.01,2088.0,210.954,16
2023-09-12 12:10:00-04:00,211.03,211.16,210.83,210.83,2059.0,211.0,19
2023-09-12 12:15:00-04:00,210.82,211.0,210.81,210.99,2509.0,210.91,25
2023-09-12 12:20:00-04:00,210.94,211.04,210.88,211.04,3238.0,210.963,28
2023-09-12 12:25:00-04:00,211.02,211.1,210.93,211.03,4261.0,211.023,37
2023-09-12 12:30:00-04:00,211.03,211.03,210.92,210.97,1800.0,210.979,18
2023-09-12 12:35:00-04:00,210.93,211.04,210.88,211.01,6322.0,210.953,61
2023-09-12 12:40:00-04:00,211.0,211.07,210.89,211.01,9950.0,211.018,69
2023-09-12 12:45:00-04:00,210.94,211.16,210.89,211.16,2957.0,210.999,28
2023-09-12 12:50:00-04:00,211.19,211.21,210.98,211.03,26591.0,211.152,64
2023-09-12 12:55:00-04:00,211.03,211.04,210.68,210.83,25528.0,210.915,201
2023-09-12 13:00:00-04:00,210.86,210.87,210.53,210.55,8640.0,210.7,75
2023-09-12 13:05:00-04:00,210.57,210.66,210.38,210.38,6153.0,210.534,51
2023-09-12 13:10:00-04:00,210.44,210.74,210.1,210.1,15291.0,210.599,41
2023-09-12 13:15:00-04:00,210.11,210.11,209.44,209.53,2769.0,209.699,21
2023-09-12 13:20:00-04:00,209.59,209.95,209.49,209.95,5070.0,209.682,40
2023-09-12 13:25:00-04:00,209.92,210.01,209.82,210.01,1400.0,209.904,14
2023-09-12 13:30:00-04:00,210.22,210.31,210.19,210.23,1218.0,210.254,11
2023-09-12 13:35:00-04:00,210.17,210.36,210.05,210.05,1726.0,210.217,17
2023-09-12 13:40:00-04:00,210.04,210.07,209.75,209.85,3882.0,209.901,30
2023-09-12 13:45:00-04:00,209.89,209.94,209.68,209.77,3556.0,209.845,32
2023-09-12 13:50:00-04:00,209.81,210.13,209.8,210.13,7109.0,209.906,56
2023-09-12 13:55:00-04:00,210.09,210.09,209.66,209.66,20494.0,209.955,157
2023-09-12 14:00:00-04:00,209.54,209.62,209.22,209.3,4056.0,209.506,35
2023-09-12 14:05:00-04:00,209.16,209.18,209.01,209.18,400.0,209.128,4
2023-09-12 14:10:00-04:00,209.11,209.11,208.69,208.74,3129.0,208.892,26
2023-09-12 14:15:00-04:00,208.73,209.07,208.72,209.07,7067.0,208.88,69
2023-09-12 14:20:00-04:00,209.08,209.15,208.86,209.01,22464.0,208.993,186
2023-09-12 14:25:00-04:00,209.02,209.07,208.99,209.03,2269.0,209.037,22
2023-09-12 14:30:00-04:00,208.98,208.98,208.52,208.64,9213.0,208.825,34
2023-09-12 14:35:00-04:00,208.56,208.73,208.56,208.68,12673.0,208.626,24
2023-09-12 14:40:00-04:00,208.68,208.74,208.5,208.55,2908.0,208.644,28
2023-09-12 14:45:00-04:00,208.49,208.7,208.48,208.63,4299.0,208.589,40
2023-09-12 14:50:00-04:00,208.62,208.88,208.54,208.77,12235.0,208.642,117
2023-09-12 14:55:00-04:00,208.8,209.18,208.8,209.18,11869.0,209.031,66
2023-09-12 15:00:00-04:00,209.15,209.16,208.94,208.94,4208.0,209.078,41
2023-09-12 15:05:00-04:00,208.83,208.91,208.61,208.85,5297.0,208.783,39
2023-09-12 15:10:00-04:00,208.82,208.86,208.6,208.65,3659.0,208.715,35
2023-09-12 15:15:00-04:00,208.54,208.83,208.54,208.73,10357.0,208.678,93
2023-09-12 15:20:00-04:00,208.78,208.89,207.85,207.92,26783.0,208.287,107
2023-09-12 15:25:00-04:00,207.77,208.11,207.42,208.11,23905.0,207.681,195
2023-09-12 15:30:00-04:00,208.07,208.3,208.07,208.11,6739.0,208.196,60
2023-09-12 15:35:00-04:00,208.12,208.13,207.81,207.94,12517.0,207.979,101
2023-09-12 15:40:00-04:00,207.96,208.01,207.77,207.85,15223.0,207.9,123
2023-09-12 15:45:00-04:00,207.88,208.18,207.79,208.14,30506.0,207.937,237
2023-09-12 15:50:00-04:00,208.18,208.33,208.08,208.26,25169.0,208.214,204
2023-09-12 15:55:00-04:00,208.3,208.6,208.21,208.51,119021.0,208.418,783
2023-09-13 09:30:00-04:00,207.85,209.48,207.32,209.06,36507.0,208.668,51
2023-09-13 09:35:00-04:00,209.05,209.05,207.73,208.56,8297.0,208.312,70
2023-09-13 09:40:00-04:00,208.46,208.86,208.07,208.57,5072.0,208.435,45
2023-09-13 09:45:00-04:00,208.66,208.76,208.27,208.3,5886.0,208.575,58
2023-09-13 09:50:00-04:00,208.32,208.4,208.01,208.26,3600.0,208.219,36
2023-09-13 09:55:00-04:00,208.23,208.51,208.0,208.51,8687.0,208.139,48
2023-09-13 10:00:00-04:00,208.51,208.59,207.62,207.75,11709.0,208.282,91
2023-09-13 10:05:00-04:00,207.72,207.72,207.0,207.21,11227.0,207.544,102
2023-09-13 10:10:00-04:00,207.28,207.35,206.77,206.98,8468.0,207.015,31
2023-09-13 10:15:00-04:00,206.9,207.26,206.77,207.05,6335.0,207.058,47
2023-09-13 10:20:00-04:00,207.19,207.85,207.12,207.78,6786.0,207.423,58
2023-09-13 10:25:00-04:00,207.78,207.79,207.5,207.65,4834.0,207.618,47
2023-09-13 10:30:00-04:00,207.7,208.09,207.68,208.09,4882.0,207.831,44
2023-09-13 10:35:00-04:00,208.11,208.33,207.91,208.31,4653.0,208.145,44
2023-09-13 10:40:00-04:00,208.31,208.42,208.04,208.18,4940.0,208.319,33
2023-09-13 10:45:00-04:00,208.1,208.14,207.82,207.96,6436.0,208.03,23
2023-09-13 10:50:00-04:00,207.8,208.03,207.8,207.85,3812.0,207.865,17
2023-09-13 10:55:00-04:00,207.98,208.17,207.98,208.17,3055.0,208.083,28
2023-09-13 11:00:00-04:00,208.17,208.42,208.01,208.42,2853.0,208.183,24
2023-09-13 11:05:00-04:00,208.31,208.45,208.31,208.39,1100.0,208.378,10
2023-09-13 11:10:00-04:00,208.37,208.65,208.37,208.55,2620.0,208.502,24
2023-09-13 11:15:00-04:00,208.52,208.54,208.28,208.28,2115.0,208.439,20
2023-09-13 11:20:00-04:00,208.42,208.68,208.25,208.68,3910.0,208.463,32
2023-09-13 11:25:00-04:00,208.75,209.22,208.75,209.11,2100.0,209.062,20
2023-09-13 11:30:00-04:00,209.22,209.44,209.11,209.36,8268.0,209.303,75
2023-09-13 11:35:00-04:00,209.36,209.62,209.36,209.55,6183.0,209.461,54
2023-09-13 11:40:00-04:00,209.61,209.63,209.35,209.5,5407.0,209.477,47
2023-09-13 11:45:00-04:00,209.58,209.63,209.49,209.58,3156.0,209.555,24
2023-09-13 11:50:00-04:00,209.54,209.57,209.21,209.24,19324.0,209.436,178
2023-09-13 11:55:00-04:00,209.31,209.35,209.09,209.35,14764.0,209.246,122
2023-09-13 12:00:00-04:00,209.27,209.53,209.27,209.45,2794.0,209.366,27
2023-09-13 12:05:00-04:00,209.53,209.66,209.45,209.47,5776.0,209.57,51
2023-09-13 12:10:00-04:00,209.49,209.51,208.85,208.86,4914.0,209.226,43
2023-09-13 12:15:00-04:00,208.84,209.0,208.66,208.92,31358.0,208.954,82
2023-09-13 12:20:00-04:00,208.87,208.87,208.36,208.36,4583.0,208.679,42
2023-09-13 12:25:00-04:00,208.56,208.7,208.25,208.69,4253.0,208.51,34
2023-09-13 12:30:00-04:00,208.72,208.75,208.38,208.49,1881.0,208.578,18
2023-09-13 12:35:00-04:00,208.42,208.6,208.26,208.45,4371.0,208.443,35
2023-09-13 12:40:00-04:00,208.44,208.51,208.33,208.49,3355.0,208.441,20
2023-09-13 12:45:00-04:00,208.44,208.69,208.44,208.6,4081.0,208.566,36
2023-09-13 12:50:00-04:00,208.64,209.01,208.41,209.0,7493.0,208.66,67
2023-09-13 12:55:00-04:00,209.01,209.01,208.54,208.7,3416.0,208.726,33
2023-09-13 13:00:00-04:00,208.58,208.7,208.34,208.35,4528.0,208.495,45
2023-09-13 13:05:00-04:00,208.35,208.41,208.2,208.28,6389.0,208.309,51
2023-09-13 13:10:00-04:00,208.21,208.26,207.9,208.02,9717.0,208.085,94
2023-09-13 13:15:00-04:00,208.04,208.09,207.67,207.67,5955.0,207.956,41
2023-09-13 13:20:00-04:00,207.74,207.98,207.66,207.95,4111.0,207.81,38
2023-09-13 13:25:00-04:00,207.95,208.05,207.76,207.8,26748.0,207.992,86
2023-09-13 13:30:00-04:00,207.85,208.0,207.85,207.89,3887.0,207.934,38
2023-09-13 13:35:00-04:00,207.86,208.0,207.82,207.82,3469.0,207.9,32
2023-09-13 13:40:00-04:00,207.84,207.85,207.49,207.57,1400.0,207.697,14
2023-09-13 13:45:00-04:00,207.51,207.59,207.15,207.31,16427.0,207.331,141
2023-09-13 13:50:00-04:00,207.36,207.5,207.3,207.47,14916.0,207.431,128
2023-09-13 13:55:00-04:00,207.42,207.46,207.08,207.08,33930.0,207.282,190
2023-09-13 14:00:00-04:00,207.12,207.28,206.91,207.01,10891.0,207.045,94
2023-09-13 14:05:00-04:00,206.92,206.94,206.69,206.7,3579.0,206.774,28
2023-09-13 14:10:00-04:00,206.76,206.8,206.68,206.75,4805.0,206.767,48
2023-09-13 14:15:00-04:00,206.64,206.75,206.46,206.59,5597.0,206.568,48
2023-09-13 14:20:00-04:00,206.54,206.63,206.51,206.56,3024.0,206.582,25
2023-09-13 14:25:00-04:00,206.56,206.57,206.33,206.49,9417.0,206.481,88
2023-09-13 14:30:00-04:00,206.45,206.82,206.43,206.7,9910.0,206.597,79
2023-09-13 14:35:00-04:00,206.69,207.12,206.69,207.1,14126.0,206.96,127
2023-09-13 14:40:00-04:00,207.12,207.23,207.04,207.12,11185.0,207.145,105
2023-09-13 14:45:00-04:00,207.02,207.21,206.92,206.92,6363.0,207.106,49
2023-09-13 14:50:00-04:00,207.0,207.09,206.88,206.95,6339.0,206.986,53
2023-09-13 14:55:00-04:00,206.77,207.04,206.62,207.04,5518.0,206.872,53
2023-09-13 15:00:00-04:00,206.94,207.0,206.65,206.66,4971.0,206.835,42
2023-09-13 15:05:00-04:00,206.6,206.74,206.57,206.6,7445.0,206.649,52
2023-09-13 15:10:00-04:00,206.6,206.65,206.28,206.28,12990.0,206.539,101
2023-09-13 15:15:00-04:00,206.43,207.07,206.39,207.05,11124.0,206.682,99
2023-09-13 15:20:00-04:00,206.99,207.02,206.6,206.78,5778.0,206.81,44
2023-09-13 15:25:00-04:00,206.83,206.83,206.62,206.8,6503.0,206.723,53
2023-09-13 15:30:00-04:00,206.83,206.96,206.81,206.94,5973.0,206.896,57
2023-09-13 15:35:00-04:00,206.99,207.2,206.95,207.1,7537.0,207.076,66
2023-09-13 15:40:00-04:00,207.09,207.33,207.03,207.33,7745.0,207.241,67
2023-09-13 15:45:00-04:00,207.33,207.58,207.29,207.53,22008.0,207.448,168
2023-09-13 15:50:00-04:00,207.58,207.71,207.25,207.45,41941.0,207.501,359
2023-09-13 15:55:00-04:00,207.45,207.55,207.27,207.32,71910.0,207.425,567
2023-09-14 09:30:00-04:00,207.5,208.45,205.22,206.03,54788.0,206.458,244
2023-09-14 09:35:00-04:00,205.66,207.32,205.66,206.25,27064.0,206.454,139
2023-09-14 09:40:00-04:00,206.2,207.31,205.75,206.53,17493.0,206.806,85
2023-09-14 09:45:00-04:00,206.34,206.5,205.68,206.11,12443.0,206.049,87
2023-09-14 09:50:00-04:00,206.28,206.5,205.46,205.56,13611.0,206.139,96
2023-09-14 09:55:00-04:00,205.41,205.57,205.19,205.48,10137.0,205.452,85
2023-09-14 10:00:00-04:00,205.54,205.97,205.33,205.93,28793.0,205.662,233
2023-09-14 10:05:00-04:00,205.91,206.3,205.51,205.51,14135.0,206.06,111
2023-09-14 10:10:00-04:00,205.4,205.58,204.93,204.94,16475.0,205.334,125
2023-09-14 10:15:00-04:00,204.93,205.31,204.79,204.89,32240.0,205.047,209
2023-09-14 10:20:00-04:00,204.86,205.03,204.44,204.56,23432.0,204.791,205
2023-09-14 10:25:00-04:00,204.68,204.68,204.14,204.39,24506.0,204.414,206
2023-09-14 10:30:00-04:00,204.4,204.41,203.71,203.78,12085.0,203.953,104
2023-09-14 10:35:00-04:00,203.8,204.11,203.38,203.49,20766.0,203.891,191
2023-09-14 10:40:00-04:00,203.56,203.58,203.16,203.17,22264.0,203.411,200
2023-09-14 10:45:00-04:00,203.14,203.35,202.81,203.15,21856.0,203.203,198
2023-09-14 10:50:00-04:00,203.08,204.04,203.07,203.91,15112.0,203.45,110
2023-09-14 10:55:00-04:00,203.97,204.42,203.97,204.1,8062.0,204.131,65
2023-09-14 11:00:00-04:00,204.07,204.17,203.79,204.02,21650.0,203.986,165
2023-09-14 11:05:00-04:00,203.97,204.45,203.71,204.3,28528.0,204.006,214
2023-09-14 11:10:00-04:00,204.29,204.5,203.82,203.82,11413.0,204.264,96
2023-09-14 11:15:00-04:00,203.78,203.8,202.95,202.95,8197.0,203.42,75
2023-09-14 11:20:00-04:00,202.91,203.05,202.78,202.89,5591.0,202.909,52
2023-09-14 11:25:00-04:00,202.94,202.99,202.26,202.56,7342.0,202.638,70
2023-09-14 11:30:00-04:00,202.5,202.5,201.51,201.51,7433.0,202.087,65
2023-09-14 11:35:00-04:00,201.55,201.63,201.19,201.21,13635.0,201.369,117
2023-09-14 11:40:00-04:00,201.1,201.1,200.32,200.5,21153.0,200.641,189
2023-09-14 11:45:00-04:00,200.6,200.95,200.44,200.49,15746.0,200.736,141
2023-09-14 11:50:00-04:00,200.55,200.65,200.18,200.27,9050.0,200.414,80
2023-09-14 11:55:00-04:00,200.22,201.13,200.17,201.06,23671.0,200.527,109
2023-09-14 12:00:00-04:00,201.09,202.0,200.96,201.98,18989.0,201.449,92
2023-09-14 12:05:00-04:00,201.97,201.97,201.43,201.88,17047.0,201.747,122
2023-09-14 12:10:00-04:00,201.92,202.78,201.91,202.62,34879.0,202.17,132
2023-09-14 12:15:00-04:00,202.57,202.63,202.0,202.0,11038.0,202.247,93
2023-09-14 12:20:00-04:00,201.88,201.88,201.35,201.54,7232.0,201.564,63
2023-09-14 12:25:00-04:00,201.45,201.72,201.45,201.62,5841.0,201.581,54
2023-09-14 12:30:00-04:00,201.62,201.85,201.57,201.57,25637.0,201.674,213
2023-09-14 12:35:00-04:00,201.49,201.56,201.22,201.44,6603.0,201.403,54
2023-09-14 12:40:00-04:00,201.44,201.58,201.14,201.14,11655.0,201.345,79
2023-09-14 12:45:00-04:00,201.14,201.3,201.0,201.18,3663.0,201.172,36
2023-09-14 12:50:00-04:00,201.21,201.44,201.13,201.39,3280.0,201.344,31
2023-09-14 12:55:00-04:00,201.46,201.5,201.27,201.4,5974.0,201.427,55
2023-09-14 13:00:00-04:00,201.46,201.83,201.42,201.7,7449.0,201.685,57
2023-09-14 13:05:00-04:00,201.69,201.92,201.59,201.86,9712.0,201.695,81
2023-09-14 13:10:00-04:00,202.02,202.37,202.01,202.07,3478.0,202.244,31
2023-09-14 13:15:00-04:00,202.15,202.56,202.02,202.56,4606.0,202.211,40
2023-09-14 13:20:00-04:00,202.42,202.59,201.98,201.98,4927.0,202.317,43
2023-09-14 13:25:00-04:00,201.97,201.98,201.55,201.56,4080.0,201.794,35
2023-09-14 13:30:00-04:00,201.55,202.08,201.55,202.08,3578.0,201.836,29
2023-09-14 13:35:00-04:00,202.17,202.24,202.06,202.06,1309.0,202.182,13
2023-09-14 13:40:00-04:00,202.11,202.25,202.11,202.21,2862.0,202.18,26
2023-09-14 13:45:00-04:00,202.16,202.45,202.08,202.24,7271.0,202.259,62
2023-09-14 13:50:00-04:00,202.38,202.7,202.33,202.33,9690.0,202.491,58
2023-09-14 13:55:00-04:00,202.37,202.49,202.27,202.41,4127.0,202.382,32
2023-09-14 14:00:00-04:00,202.36,202.62,202.36,202.55,5880.0,202.481,54
2023-09-14 14:05:00-04:00,202.51,202.62,202.48,202.48,4044.0,202.561,23
2023-09-14 14:10:00-04:00,202.58,202.58,202.39,202.44,1656.0,202.492,16
2023-09-14 14:15:00-04:00,202.42,203.01,202.42,202.86,5594.0,202.713,46
2023-09-14 14:20:00-04:00,202.82,202.97,202.72,202.72,3143.0,202.851,31
2023-09-14 14:25:00-04:00,202.78,202.98,202.78,202.88,4448.0,202.86,41
2023-09-14 14:30:00-04:00,202.9,203.19,202.9,203.16,3916.0,203.059,38
2023-09-14 14:35:00-04:00,203.22,203.44,203.01,203.02,13926.0,203.26,117
2023-09-14 14:40:00-04:00,202.96,203.13,202.96,203.12,2852.0,203.055,25
2023-09-14 14:45:00-04:00,203.06,203.22,203.06,203.2,5648.0,203.164,52
2023-09-14 14:50:00-04:00,203.2,203.23,202.95,203.05,6077.0,203.113,53
2023-09-14 14:55:00-04:00,203.11,203.42,202.99,203.11,17423.0,203.216,125
2023-09-14 15:00:00-04:00,203.13,203.25,203.12,203.2,9071.0,203.198,73
2023-09-14 15:05:00-04:00,203.23,203.33,203.13,203.13,3306.0,203.245,31
2023-09-14 15:10:00-04:00,203.15,203.36,203.11,203.11,3586.0,203.284,28
2023-09-14 15:15:00-04:00,203.11,203.17,203.02,203.02,1850.0,203.082,18
2023-09-14 15:20:00-04:00,202.94,202.98,202.78,202.78,5847.0,202.878,54
2023-09-14 15:25:00-04:00,202.76,202.81,202.58,202.63,7345.0,202.691,62
2023-09-14 15:30:00-04:00,202.64,202.86,202.6,202.73,6040.0,202.704,51
2023-09-14 15:35:00-04:00,202.72,202.98,202.51,202.76,13609.0,202.778,115
2023-09-14 15:40:00-04:00,202.72,202.74,202.3,202.34,13637.0,202.495,120
2023-09-14 15:45:00-04:00,202.35,202.44,202.09,202.09,22627.0,202.314,197
2023-09-14 15:50:00-04:00,202.06,202.36,202.06,202.33,28645.0,202.255,249
2023-09-14 15:55:00-04:00,202.33,202.42,201.81,202.03,93825.0,202.03,678
2023-09-15 09:30:00-04:00,201.38,202.87,201.38,202.61,179903.0,202.304,45
2023-09-15 09:35:00-04:00,202.65,203.55,202.01,202.34,17911.0,203.006,131
2023-09-15 09:40:00-04:00,202.24,203.32,202.06,203.0,7146.0,202.797,68
2023-09-15 09:45:00-04:00,203.0,203.51,202.47,203.43,17373.0,202.927,93
2023-09-15 09:50:00-04:00,203.12,203.49,202.95,203.49,2920.0,203.154,23
2023-09-15 09:55:00-04:00,203.56,203.96,203.44,203.96,7843.0,203.618,70
2023-09-15 10:00:00-04:00,204.19,204.62,203.4,203.4,9339.0,204.15,84
2023-09-15 10:05:00-04:00,203.48,203.77,203.1,203.26,4051.0,203.452,37
2023-09-15 10:10:00-04:00,203.36,203.76,203.3,203.76,7850.0,203.57,68
2023-09-15 10:15:00-04:00,203.69,203.7,203.35,203.44,6752.0,203.484,64
2023-09-15 10:20:00-04:00,203.35,203.67,203.34,203.53,3506.0,203.51,32
2023-09-15 10:25:00-04:00,203.49,203.62,203.21,203.3,5597.0,203.376,54
2023-09-15 10:30:00-04:00,203.22,203.22,202.69,203.05,6996.0,202.906,49
2023-09-15 10:35:00-04:00,203.1,203.21,202.81,203.14,3032.0,203.005,27
2023-09-15 10:40:00-04:00,203.26,203.26,202.56,202.59,4366.0,202.897,38
2023-09-15 10:45:00-04:00,202.77,202.96,202.73,202.93,1823.0,202.855,17
2023-09-15 10:50:00-04:00,203.16,203.22,202.52,202.64,7138.0,202.774,55
2023-09-15 10:55:00-04:00,202.7,202.7,202.19,202.25,4375.0,202.329,29
2023-09-15 11:00:00-04:00,202.3,202.37,201.93,201.94,7111.0,202.147,34
2023-09-15 11:05:00-04:00,201.94,201.97,201.41,201.47,17974.0,201.85,78
2023-09-15 11:10:00-04:00,201.51,201.75,201.21,201.36,7183.0,201.53,46
2023-09-15 11:15:00-04:00,201.35,201.5,201.1,201.22,8832.0,201.321,70
2023-09-15 11:20:00-04:00,201.14,201.46,200.98,201.46,4754.0,201.175,33
2023-09-15 11:25:00-04:00,201.48,201.58,201.34,201.34,1200.0,201.441,12
2023-09-15 11:30:00-04:00,201.37,201.51,201.31,201.38,4003.0,201.4,34
2023-09-15 11:35:00-04:00,201.39,201.5,201.16,201.2,2901.0,201.384,29
2023-09-15 11:40:00-04:00,201.22,201.32,201.21,201.32,1800.0,201.26,16
2023-09-15 11:45:00-04:00,201.3,201.3,200.89,201.24,4181.0,201.101,28
2023-09-15 11:50:00-04:00,201.3,201.35,201.04,201.31,3019.0,201.195,17
2023-09-15 11:55:00-04:00,201.3,201.3,201.14,201.15,2001.0,201.241,20
2023-09-15 12:00:00-04:00,201.17,201.17,201.0,201.07,4153.0,201.09,37
2023-09-15 12:05:00-04:00,201.03,201.58,201.02,201.58,1899.0,201.282,17
2023-09-15 12:10:00-04:00,201.58,201.58,201.47,201.55,1225.0,201.527,12
2023-09-15 12:15:00-04:00,201.5,201.6,201.22,201.6,1601.0,201.395,16
2023-09-15 12:20:00-04:00,201.65,201.7,201.41,201.51,2371.0,201.627,12
2023-09-15 12:25:00-04:00,201.59,201.61,201.43,201.44,1424.0,201.513,14
2023-09-15 12:30:00-04:00,201.49,201.9,201.49,201.88,2370.0,201.784,14
2023-09-15 12:35:00-04:00,201.89,202.01,201.85,201.98,1928.0,201.91,19
2023-09-15 12:40:00-04:00,201.97,202.21,201.96,202.15,1018.0,202.079,10
2023-09-15 12:45:00-04:00,202.13,202.23,202.05,202.1,2437.0,202.152,20
2023-09-15 12:50:00-04:00,202.04,202.04,201.84,201.85,1806.0,201.958,17
2023-09-15 12:55:00-04:00,201.85,201.96,201.83,201.91,4375.0,201.908,43
2023-09-15 13:00:00-04:00,201.94,201.94,201.62,201.65,1308.0,201.785,13
2023-09-15 13:05:00-04:00,201.55,201.66,201.37,201.65,2715.0,201.547,26
2023-09-15 13:10:00-04:00,201.59,201.69,201.52,201.68,2500.0,201.602,21
2023-09-15 13:15:00-04:00,201.73,202.09,201.7,202.09,3451.0,201.892,34
2023-09-15 13:20:00-04:00,202.21,202.31,202.01,202.28,6885.0,202.109,55
2023-09-15 13:25:00-04:00,202.28,202.37,202.09,202.16,2433.0,202.242,20
2023-09-15 13:30:00-04:00,201.96,201.96,201.6,201.62,3001.0,201.81,30
2023-09-15 13:35:00-04:00,201.67,201.7,201.44,201.53,5904.0,201.508,56
2023-09-15 13:40:00-04:00,201.55,201.59,201.22,201.22,3408.0,201.423,31
2023-09-15 13:45:00-04:00,201.36,201.46,201.28,201.28,4080.0,201.35,34
2023-09-15 13:50:00-04:00,201.3,201.55,201.28,201.55,4993.0,201.365,49
2023-09-15 13:55:00-04:00,201.52,201.92,201.52,201.69,4313.0,201.748,41
2023-09-15 14:00:00-04:00,201.61,201.84,201.61,201.84,3524.0,201.708,29
2023-09-15 14:05:00-04:00,201.9,201.95,201.67,201.95,6189.0,201.805,37
2023-09-15 14:10:00-04:00,201.88,202.03,201.87,201.98,1402.0,201.955,14
2023-09-15 14:15:00-04:00,201.95,201.98,201.83,201.84,1111.0,201.878,10
2023-09-15 14:20:00-04:00,201.89,201.94,201.75,201.75,1108.0,201.863,11
2023-09-15 14:25:00-04:00,201.69,201.75,201.53,201.6,10351.0,201.55,45
2023-09-15 14:30:00-04:00,201.6,201.79,201.59,201.78,2415.0,201.674,17
2023-09-15 14:35:00-04:00,201.76,201.93,201.74,201.93,1201.0,201.793,12
2023-09-15 14:40:00-04:00,201.96,201.96,201.81,201.92,2385.0,201.901,21
2023-09-15 14:45:00-04:00,202.0,202.05,201.91,201.96,2482.0,201.994,23
2023-09-15 14:50:00-04:00,201.95,202.09,201.92,202.03,3656.0,201.997,34
2023-09-15 14:55:00-04:00,202.12,202.29,202.12,202.29,1896.0,202.218,18
2023-09-15 15:00:00-04:00,202.24,202.26,202.1,202.13,2123.0,202.189,21
2023-09-15 15:05:00-04:00,202.07,202.23,202.01,202.15,1911.0,202.148,17
2023-09-15 15:10:00-04:00,202.1,202.18,202.07,202.17,2500.0,202.133,22
2023-09-15 15:15:00-04:00,202.17,202.38,202.17,202.31,2878.0,202.252,27
2023-09-15 15:20:00-04:00,202.24,202.27,201.9,201.9,3967.0,202.058,35
2023-09-15 15:25:00-04:00,201.97,202.24,201.93,202.17,5008.0,202.075,48
2023-09-15 15:30:00-04:00,202.13,202.18,201.78,201.84,3819.0,201.995,36
2023-09-15 15:35:00-04:00,201.8,201.86,201.69,201.69,7741.0,201.782,71
2023-09-15 15:40:00-04:00,201.75,202.19,201.65,202.11,28905.0,201.921,255
2023-09-15 15:45:00-04:00,202.16,202.64,202.11,202.59,9808.0,202.4,88
2023-09-15 15:50:00-04:00,202.64,202.95,202.5,202.79,26571.0,202.736,226
2023-09-15 15:55:00-04:00,202.81,202.91,202.39,202.5,50693.0,202.599,413
2023-09-18 09:30:00-04:00,202.4,202.4,201.82,202.32,9768.0,202.315,15
2023-09-18 09:35:00-04:00,202.34,202.38,201.63,202.15,7480.0,201.939,53
2023-09-18 09:40:00-04:00,202.05,202.22,201.68,202.2,4124.0,201.895,34
2023-09-18 09:45:00-04:00,202.4,202.92,202.4,202.76,1000.0,202.738,10
2023-09-18 09:50:00-04:00,202.91,203.6,202.91,203.31,3470.0,203.216,34
2023-09-18 09:55:00-04:00,203.22,203.31,202.96,203.17,2167.0,203.134,19
2023-09-18 10:00:00-04:00,203.09,203.63,203.07,203.63,2415.0,203.308,24
2023-09-18 10:05:00-04:00,203.59,203.6,203.28,203.5,2771.0,203.423,24
2023-09-18 10:10:00-04:00,203.54,203.86,203.52,203.65,2012.0,203.692,19
2023-09-18 10:15:00-04:00,203.69,203.69,203.39,203.39,1106.0,203.527,10
2023-09-18 10:20:00-04:00,203.52,203.54,203.19,203.2,4874.0,203.405,43
2023-09-18 10:25:00-04:00,203.31,203.63,203.25,203.59,4043.0,203.392,28
2023-09-18 10:30:00-04:00,203.63,204.03,203.6,203.99,3691.0,203.868,29
2023-09-18 10:35:00-04:00,203.99,204.15,203.58,203.58,5180.0,203.897,48
2023-09-18 10:40:00-04:00,203.77,203.95,203.53,203.9,4216.0,203.779,33
2023-09-18 10:45:00-04:00,203.96,204.15,203.94,204.03,3206.0,204.045,28
2023-09-18 10:50:00-04:00,204.07,204.35,204.03,204.35,5166.0,204.156,36
2023-09-18 10:55:00-04:00,204.37,204.48,204.37,204.4,2425.0,204.424,21
2023-09-18 11:00:00-04:00,204.32,204.43,204.03,204.41,2604.0,204.242,22
2023-09-18 11:05:00-04:00,204.31,204.38,204.18,204.23,3318.0,204.302,28
2023-09-18 11:10:00-04:00,204.28,204.31,204.14,204.26,1900.0,204.215,16
2023-09-18 11:15:00-04:00,204.3,204.32,204.23,204.3,1408.0,204.273,14
2023-09-18 11:20:00-04:00,204.24,204.24,203.91,203.99,10308.0,204.07,93
2023-09-18 11:25:00-04:00,204.02,204.17,203.9,204.11,3181.0,204.061,29
2023-09-18 11:30:00-04:00,204.17,204.96,204.17,204.88,15028.0,204.624,47
2023-09-18 11:35:00-04:00,204.96,205.02,204.64,204.7,4776.0,204.764,28
2023-09-18 11:40:00-04:00,204.93,205.26,204.92,205.2,1050.0,205.113,10
2023-09-18 11:45:00-04:00,205.27,205.35,205.04,205.35,2058.0,205.198,18
2023-09-18 11:50:00-04:00,205.42,205.5,205.24,205.29,3170.0,205.411,25
2023-09-18 11:55:00-04:00,205.33,205.5,205.33,205.4,700.0,205.415,7
2023-09-18 12:00:00-04:00,205.43,205.53,205.06,205.17,20850.0,205.221,46
2023-09-18 12:05:00-04:00,205.09,205.12,205.01,205.01,2787.0,205.078,23
2023-09-18 12:10:00-04:00,205.08,205.08,204.95,204.95,1110.0,205.023,9
2023-09-18 12:15:00-04:00,204.94,205.19,204.94,205.15,2048.0,205.108,15
2023-09-18 12:20:00-04:00,205.19,205.19,204.99,204.99,4452.0,205.073,41
2023-09-18 12:25:00-04:00,205.12,205.17,205.11,205.16,300.0,205.148,3
2023-09-18 12:30:00-04:00,205.25,205.29,205.01,205.12,1710.0,205.179,16
2023-09-18 12:35:00-04:00,205.09,205.09,204.96,205.0,301.0,205.015,3
2023-09-18 12:40:00-04:00,205.01,205.07,204.92,204.94,2323.0,205.0,21
2023-09-18 12:45:00-04:00,204.97,204.97,204.88,204.97,1552.0,204.938,15
2023-09-18 12:50:00-04:00,205.16,205.16,205.05,205.05,1111.0,205.103,10
2023-09-18 12:55:00-04:00,205.03,205.09,204.9,204.9,716.0,204.977,7
2023-09-18 13:00:00-04:00,204.97,204.97,204.78,204.78,1300.0,204.891,12
2023-09-18 13:05:00-04:00,204.8,204.86,204.8,204.86,700.0,204.813,4
2023-09-18 13:10:00-04:00,204.78,204.95,204.72,204.95,1613.0,204.824,13
2023-09-18 13:15:00-04:00,204.9,205.02,204.9,204.98,1258.0,204.941,10
2023-09-18 13:20:00-04:00,205.03,205.13,205.03,205.13,400.0,205.079,3
2023-09-18 13:25:00-04:00,205.14,205.26,205.11,205.12,2396.0,205.186,22
2023-09-18 13:30:00-04:00,205.11,205.12,205.01,205.03,1210.0,205.05,9
2023-09-18 13:35:00-04:00,205.1,205.21,205.03,205.08,2013.0,205.103,18
2023-09-18 13:40:00-04:00,205.15,205.16,204.96,205.09,2517.0,205.024,13
2023-09-18 13:45:00-04:00,205.1,205.16,205.02,205.06,1502.0,205.081,14
2023-09-18 13:50:00-04:00,205.06,205.15,204.89,204.9,2221.0,205.05,20
2023-09-18 13:55:00-04:00,204.94,204.94,204.72,204.72,1515.0,204.801,12
2023-09-18 14:00:00-04:00,204.79,204.9,204.7,204.86,1224.0,204.789,9
2023-09-18 14:05:00-04:00,204.87,204.87,204.35,204.55,8314.0,204.673,63
2023-09-18 14:10:00-04:00,204.54,204.59,204.43,204.43,1114.0,204.529,11
2023-09-18 14:15:00-04:00,204.52,204.54,204.37,204.38,1250.0,204.499,9
2023-09-18 14:20:00-04:00,204.33,204.5,204.33,204.36,2233.0,204.409,11
2023-09-18 14:25:00-04:00,204.46,204.46,204.31,204.36,984.0,204.384,9
2023-09-18 14:30:00-04:00,204.32,204.33,204.23,204.31,3829.0,204.286,29
2023-09-18 14:35:00-04:00,204.34,204.34,204.2,204.22,1804.0,204.252,15
2023-09-18 14:40:00-04:00,204.21,204.37,204.2,204.34,3571.0,204.323,27
2023-09-18 14:45:00-04:00,204.37,204.51,204.32,204.33,2255.0,204.402,20
2023-09-18 14:50:00-04:00,204.36,204.47,204.18,204.18,5374.0,204.377,42
2023-09-18 14:55:00-04:00,204.09,204.26,204.09,204.18,2044.0,204.197,16
2023-09-18 15:00:00-04:00,204.09,204.15,204.03,204.06,3289.0,204.08,31
2023-09-18 15:05:00-04:00,204.06,204.07,203.95,203.98,7232.0,203.995,59
2023-09-18 15:10:00-04:00,203.99,204.2,203.98,204.08,3934.0,204.068,32
2023-09-18 15:15:00-04:00,204.04,204.09,203.93,203.98,1619.0,204.015,16
2023-09-18 15:20:00-04:00,204.03,204.09,203.91,203.91,3620.0,204.001,33
2023-09-18 15:25:00-04:00,203.84,204.06,203.84,204.06,1713.0,203.937,17
2023-09-18 15:30:00-04:00,203.94,204.01,203.87,203.88,5101.0,203.954,43
2023-09-18 15:35:00-04:00,203.89,203.92,203.81,203.84,6241.0,203.866,52
2023-09-18 15:40:00-04:00,203.84,204.05,203.81,203.84,9446.0,203.921,75
2023-09-18 15:45:00-04:00,203.81,203.95,203.74,203.74,8925.0,203.849,71
2023-09-18 15:50:00-04:00,203.71,203.87,203.65,203.66,19142.0,203.765,131
2023-09-18 15:55:00-04:00,203.68,203.85,203.53,203.77,84009.0,203.674,562
2023-09-19 09:30:00-04:00,203.3,203.3,202.14,202.83,18703.0,202.968,69
2023-09-19 09:35:00-04:00,202.85,203.43,202.85,203.43,4760.0,203.078,44
2023-09-19 09:40:00-04:00,203.45,203.78,202.64,202.64,6938.0,203.143,58
2023-09-19 09:45:00-04:00,202.7,203.4,202.69,203.15,2806.0,203.004,27
2023-09-19 09:50:00-04:00,203.35,203.35,202.49,202.49,7158.0,202.967,44
2023-09-19 09:55:00-04:00,202.47,202.51,202.19,202.19,5573.0,202.309,48
2023-09-19 10:00:00-04:00,202.18,202.19,201.81,201.81,1545.0,202.031,13
2023-09-19 10:05:00-04:00,201.92,202.03,201.85,201.89,3468.0,201.924,19
2023-09-19 10:10:00-04:00,201.91,202.43,201.81,202.2,5199.0,202.16,37
2023-09-19 10:15:00-04:00,202.31,202.36,202.0,202.3,971.0,202.172,7
2023-09-19 10:20:00-04:00,202.66,202.75,202.39,202.54,3914.0,202.592,28
2023-09-19 10:25:00-04:00,202.56,202.86,202.5,202.61,3023.0,202.655,27
2023-09-19 10:30:00-04:00,202.64,202.64,202.43,202.47,1310.0,202.542,12
2023-09-19 10:35:00-04:00,202.44,202.51,202.04,202.04,3689.0,202.285,22
2023-09-19 10:40:00-04:00,202.02,202.02,201.65,201.77,6701.0,201.774,38
2023-09-19 10:45:00-04:00,201.77,202.21,201.77,202.15,6164.0,202.011,59
2023-09-19 10:50:00-04:00,202.14,202.25,201.97,202.06,3911.0,202.117,33
2023-09-19 10:55:00-04:00,202.05,202.09,201.85,201.95,4250.0,202.029,24
2023-09-19 11:00:00-04:00,201.78,202.24,201.78,202.18,4198.0,202.06,30
2023-09-19 11:05:00-04:00,202.1,202.1,201.81,201.81,2999.0,202.021,20
2023-09-19 11:10:00-04:00,201.8,202.24,201.8,202.24,3300.0,202.06,24
2023-09-19 11:15:00-04:00,202.25,202.27,202.06,202.09,3918.0,202.102,16
2023-09-19 11:20:00-04:00,202.24,202.36,202.17,202.35,3707.0,202.244,26
2023-09-19 11:25:00-04:00,202.22,202.59,202.22,202.59,2821.0,202.425,25
2023-09-19 11:30:00-04:00,202.55,202.55,202.32,202.32,2926.0,202.411,21
2023-09-19 11:35:00-04:00,202.33,202.48,202.33,202.33,3393.0,202.387,23
2023-09-19 11:40:00-04:00,202.3,202.36,202.14,202.2,2300.0,202.265,23
2023-09-19 11:45:00-04:00,202.26,202.46,202.06,202.46,3589.0,202.232,33
2023-09-19 11:50:00-04:00,202.4,202.5,202.34,202.38,1354.0,202.403,13
2023-09-19 11:55:00-04:00,202.38,202.56,202.27,202.56,3846.0,202.388,25
2023-09-19 12:00:00-04:00,202.47,202.47,202.17,202.17,2963.0,202.298,26
2023-09-19 12:05:00-04:00,202.15,202.17,202.0,202.09,1760.0,202.097,16
2023-09-19 12:10:00-04:00,202.07,202.13,202.01,202.01,3800.0,202.069,28
2023-09-19 12:15:00-04:00,202.12,202.22,201.98,202.02,3599.0,202.129,29
2023-09-19 12:20:00-04:00,202.0,202.09,201.92,201.93,3344.0,201.965,33
2023-09-19 12:25:00-04:00,201.78,201.8,201.75,201.77,1000.0,201.777,10
2023-09-19 12:30:00-04:00,201.76,201.76,201.4,201.61,4108.0,201.589,31
2023-09-19 12:35:00-04:00,201.53,201.6,201.23,201.25,4146.0,201.454,30
2023-09-19 12:40:00-04:00,201.21,201.24,201.04,201.17,3930.0,201.167,34
2023-09-19 12:45:00-04:00,201.07,201.07,200.69,200.69,3017.0,200.898,26
2023-09-19 12:50:00-04:00,200.71,200.85,200.68,200.71,6825.0,200.76,62
2023-09-19 12:55:00-04:00,200.79,200.81,200.7,200.75,2560.0,200.749,24
2023-09-19 13:00:00-04:00,200.71,200.86,200.63,200.84,4114.0,200.766,35
2023-09-19 13:05:00-04:00,200.89,201.16,200.89,201.09,3501.0,201.049,31
2023-09-19 13:10:00-04:00,201.08,201.21,200.93,201.14,2626.0,201.04,24
2023-09-19 13:15:00-04:00,201.19,201.3,201.19,201.2,2836.0,201.245,23
2023-09-19 13:20:00-04:00,201.21,201.22,200.91,200.91,4461.0,201.151,40
2023-09-19 13:25:00-04:00,201.0,201.06,200.81,201.0,4208.0,200.981,41
2023-09-19 13:30:00-04:00,201.07,201.23,201.07,201.23,3710.0,201.158,37
2023-09-19 13:35:00-04:00,201.23,201.36,201.22,201.36,1200.0,201.304,12
2023-09-19 13:40:00-04:00,201.36,201.51,201.33,201.5,4005.0,201.419,34
2023-09-19 13:45:00-04:00,201.51,201.84,201.51,201.8,7253.0,201.695,39
2023-09-19 13:50:00-04:00,201.81,201.88,201.69,201.77,2913.0,201.808,21
2023-09-19 13:55:00-04:00,201.75,201.76,201.56,201.73,4295.0,201.694,33
2023-09-19 14:00:00-04:00,201.72,202.12,201.64,202.03,3110.0,201.922,29
2023-09-19 14:05:00-04:00,201.97,202.1,201.79,201.9,5472.0,201.953,33
2023-09-19 14:10:00-04:00,201.94,201.98,201.91,201.92,3546.0,201.928,22
2023-09-19 14:15:00-04:00,201.99,202.08,201.83,202.03,4698.0,202.01,43
2023-09-19 14:20:00-04:00,202.02,202.03,201.8,201.88,2300.0,201.873,21
2023-09-19 14:25:00-04:00,201.9,202.17,201.82,202.16,4808.0,202.033,44
2023-09-19 14:30:00-04:00,202.18,202.5,202.17,202.5,10736.0,202.337,71
2023-09-19 14:35:00-04:00,202.59,203.02,202.52,202.8,4789.0,202.808,34
2023-09-19 14:40:00-04:00,202.77,202.87,202.7,202.79,4000.0,202.772,28
2023-09-19 14:45:00-04:00,202.89,202.89,202.78,202.78,2184.0,202.835,13
2023-09-19 14:50:00-04:00,202.84,202.84,202.57,202.68,2600.0,202.705,20
2023-09-19 14:55:00-04:00,202.71,202.82,202.53,202.53,10410.0,202.728,87
2023-09-19 15:00:00-04:00,202.46,202.47,202.29,202.43,4947.0,202.408,39
2023-09-19 15:05:00-04:00,202.32,202.36,202.28,202.34,2309.0,202.324,19
2023-09-19 15:10:00-04:00,202.38,202.66,202.38,202.63,5518.0,202.501,51
2023-09-19 15:15:00-04:00,202.61,202.69,202.31,202.46,3910.0,202.517,34
2023-09-19 15:20:00-04:00,202.46,202.87,202.45,202.83,3591.0,202.593,34
2023-09-19 15:25:00-04:00,202.87,203.01,202.73,202.98,8986.0,202.877,63
2023-09-19 15:30:00-04:00,202.99,203.06,202.88,203.0,9958.0,202.989,78
2023-09-19 15:35:00-04:00,202.98,203.21,202.91,203.21,12402.0,203.073,108
2023-09-19 15:40:00-04:00,203.23,203.3,203.02,203.25,10926.0,203.165,85
2023-09-19 15:45:00-04:00,203.25,203.41,203.24,203.36,21335.0,203.329,157
2023-09-19 15:50:00-04:00,203.36,203.36,203.0,203.06,33787.0,203.219,236
2023-09-19 15:55:00-04:00,203.06,203.41,202.87,203.17,88693.0,203.129,524
2023-09-20 09:30:00-04:00,204.48,205.13,204.0,204.37,17151.0,204.459,53
2023-09-20 09:35:00-04:00,204.05,204.24,203.82,203.99,1500.0,204.053,15
2023-09-20 09:40:00-04:00,203.96,204.4,203.69,204.21,3492.0,204.004,32
2023-09-20 09:45:00-04:00,204.17,204.92,204.17,204.65,2495.0,204.62,21
2023-09-20 09:50:00-04:00,204.53,204.63,204.33,204.33,2755.0,204.462,27
2023-09-20 09:55:00-04:00,204.48,204.48,204.23,204.24,2420.0,204.344,22
2023-09-20 10:00:00-04:00,204.29,204.69,204.21,204.34,3429.0,204.381,33
2023-09-20 10:05:00-04:00,204.29,204.29,203.87,203.99,3235.0,204.182,11
2023-09-20 10:10:00-04:00,203.81,203.94,203.8,203.94,483.0,203.911,3
2023-09-20 10:15:00-04:00,203.8,204.03,203.68,203.99,6170.0,203.792,49
2023-09-20 10:20:00-04:00,204.02,204.11,203.77,204.03,2127.0,203.918,12
2023-09-20 10:25:00-04:00,204.05,204.05,203.78,203.96,2183.0,203.879,15
2023-09-20 10:30:00-04:00,203.95,203.95,203.74,203.87,1688.0,203.832,15
2023-09-20 10:35:00-04:00,203.91,204.01,203.78,203.82,1579.0,203.884,15
2023-09-20 10:40:00-04:00,203.73,203.73,203.2,203.21,1836.0,203.502,13
2023-09-20 10:45:00-04:00,203.22,203.39,203.17,203.18,1952.0,203.275,19
2023-09-20 10:50:00-04:00,203.29,203.34,203.24,203.27,1827.0,203.278,16
2023-09-20 10:55:00-04:00,203.27,203.3,203.08,203.25,1413.0,203.185,12
2023-09-20 11:00:00-04:00,203.2,203.29,203.06,203.12,1202.0,203.211,10
2023-09-20 11:05:00-04:00,203.22,203.76,203.21,203.76,9467.0,203.386,28
2023-09-20 11:10:00-04:00,203.77,203.88,203.68,203.76,2714.0,203.759,22
2023-09-20 11:15:00-04:00,203.8,203.8,203.6,203.68,903.0,203.675,9
2023-09-20 11:20:00-04:00,203.67,203.67,203.63,203.63,200.0,203.65,2
2023-09-20 11:25:00-04:00,203.73,203.91,203.71,203.71,1685.0,203.803,16
2023-09-20 11:30:00-04:00,203.65,203.95,203.65,203.89,1613.0,203.737,12
2023-09-20 11:35:00-04:00,203.77,203.77,203.7,203.7,300.0,203.743,3
2023-09-20 11:40:00-04:00,203.5,203.59,203.46,203.47,503.0,203.541,5
2023-09-20 11:45:00-04:00,203.46,203.56,203.44,203.54,600.0,203.505,6
2023-09-20 11:50:00-04:00,203.5,203.65,203.5,203.59,1200.0,203.565,11
2023-09-20 11:55:00-04:00,203.66,203.8,203.6,203.6,1517.0,203.7,15
2023-09-20 12:00:00-04:00,203.73,203.75,203.6,203.61,1391.0,203.688,11
2023-09-20 12:05:00-04:00,203.58,203.82,203.58,203.75,1396.0,203.704,9
2023-09-20 12:10:00-04:00,203.76,203.85,203.71,203.71,1300.0,203.76,13
2023-09-20 12:15:00-04:00,203.83,203.93,203.76,203.93,1018.0,203.836,7
2023-09-20 12:20:00-04:00,204.0,204.04,203.78,203.86,2837.0,203.914,25
2023-09-20 12:25:00-04:00,203.75,203.9,203.72,203.83,3309.0,203.817,30
2023-09-20 12:30:00-04:00,204.0,204.06,203.96,203.96,672.0,203.999,5
2023-09-20 12:35:00-04:00,204.01,204.04,204.0,204.0,600.0,204.021,5
2023-09-20 12:40:00-04:00,204.04,204.04,203.93,203.93,907.0,203.982,9
2023-09-20 12:45:00-04:00,204.04,204.09,203.94,203.95,3740.0,203.997,30
2023-09-20 12:50:00-04:00,203.89,204.0,203.89,204.0,951.0,203.954,8
2023-09-20 12:55:00-04:00,203.97,204.03,203.89,203.96,2582.0,203.967,24
2023-09-20 13:00:00-04:00,203.92,203.92,203.71,203.76,3082.0,203.758,16
2023-09-20 13:05:00-04:00,203.75,203.75,203.47,203.47,1300.0,203.619,10
2023-09-20 13:10:00-04:00,203.33,203.49,203.26,203.49,2825.0,203.375,21
2023-09-20 13:15:00-04:00,203.49,203.61,203.47,203.59,2946.0,203.539,22
2023-09-20 13:20:00-04:00,203.72,203.72,203.53,203.56,1847.0,203.606,15
2023-09-20 13:25:00-04:00,203.53,203.62,203.45,203.45,2101.0,203.528,20
2023-09-20 13:30:00-04:00,203.4,203.4,203.35,203.39,500.0,203.386,5
2023-09-20 13:35:00-04:00,203.42,203.47,203.08,203.08,2514.0,203.298,19
2023-09-20 13:40:00-04:00,203.0,203.17,202.99,203.15,1116.0,203.109,11
2023-09-20 13:45:00-04:00,203.15,203.29,203.1,203.29,2199.0,203.16,18
2023-09-20 13:50:00-04:00,203.2,203.43,203.12,203.43,1811.0,203.249,15
2023-09-20 13:55:00-04:00,203.47,203.49,203.02,203.03,4454.0,203.38,34
2023-09-20 14:00:00-04:00,202.88,202.88,201.99,202.56,3225.0,202.441,27
2023-09-20 14:05:00-04:00,202.43,202.72,202.32,202.45,2619.0,202.532,23
2023-09-20 14:10:00-04:00,202.44,202.86,202.38,202.78,2144.0,202.599,21
2023-09-20 14:15:00-04:00,202.63,202.9,202.53,202.78,2041.0,202.752,19
2023-09-20 14:20:00-04:00,202.82,203.17,202.78,203.17,3588.0,202.994,31
2023-09-20 14:25:00-04:00,203.15,203.15,202.94,203.03,3748.0,203.038,23
2023-09-20 14:30:00-04:00,202.87,203.43,202.82,202.95,9242.0,203.085,50
2023-09-20 14:35:00-04:00,203.06,203.3,203.05,203.15,3053.0,203.207,24
2023-09-20 14:40:00-04:00,203.16,203.16,202.98,203.04,1955.0,203.086,19
2023-09-20 14:45:00-04:00,203.17,203.17,202.65,202.66,3170.0,202.953,28
2023-09-20 14:50:00-04:00,202.56,202.56,202.31,202.35,2414.0,202.409,24
2023-09-20 14:55:00-04:00,202.33,202.63,202.24,202.24,3228.0,202.41,29
2023-09-20 15:00:00-04:00,202.26,202.34,202.08,202.1,942.0,202.189,8
2023-09-20 15:05:00-04:00,202.12,202.18,201.87,201.92,1660.0,202.01,14
2023-09-20 15:10:00-04:00,201.83,202.03,201.67,201.78,4049.0,201.907,35
2023-09-20 15:15:00-04:00,201.78,201.9,201.6,201.6,2200.0,201.737,19
2023-09-20 15:20:00-04:00,201.57,201.82,201.57,201.82,3870.0,201.688,38
2023-09-20 15:25:00-04:00,201.98,202.07,201.78,201.92,4400.0,201.948,40
2023-09-20 15:30:00-04:00,201.91,201.91,201.09,201.17,6400.0,201.528,54
2023-09-20 15:35:00-04:00,201.15,201.21,201.02,201.13,6481.0,201.122,62
2023-09-20 15:40:00-04:00,201.15,201.15,200.9,201.04,9013.0,201.022,78
2023-09-20 15:45:00-04:00,201.07,201.13,200.92,200.94,20747.0,201.017,173
2023-09-20 15:50:00-04:00,200.97,201.07,200.86,201.0,31992.0,200.989,283
2023-09-20 15:55:00-04:00,201.0,201.32,200.93,201.24,57431.0,201.152,372
2023-09-21 09:30:00-04:00,200.48,201.0,200.12,200.52,9512.0,200.742,18
2023-09-21 09:35:00-04:00,200.23,200.23,199.38,199.53,4374.0,199.67,39
2023-09-21 09:40:00-04:00,199.53,199.71,199.28,199.51,10812.0,199.477,90
2023-09-21 09:45:00-04:00,199.4,200.05,199.37,199.7,3859.0,199.713,30
2023-09-21 09:50:00-04:00,199.83,199.92,198.57,198.97,6153.0,199.099,44
2023-09-21 09:55:00-04:00,198.75,198.85,198.56,198.82,3822.0,198.694,15
2023-09-21 10:00:00-04:00,198.77,199.08,198.48,198.48,5904.0,198.856,50
2023-09-21 10:05:00-04:00,198.51,199.1,198.5,199.06,7281.0,198.777,62
2023-09-21 10:10:00-04:00,199.11,199.35,198.96,199.31,4000.0,199.179,38
2023-09-21 10:15:00-04:00,199.4,199.67,199.09,199.33,5682.0,199.391,35
2023-09-21 10:20:00-04:00,199.33,199.99,199.33,199.77,3772.0,199.78,37
2023-09-21 10:25:00-04:00,199.76,199.76,199.45,199.6,4941.0,199.603,44
2023-09-21 10:30:00-04:00,199.56,199.69,199.45,199.5,4100.0,199.598,41
2023-09-21 10:35:00-04:00,199.49,199.99,199.49,199.91,5338.0,199.749,46
2023-09-21 10:40:00-04:00,199.95,199.95,199.52,199.52,3487.0,199.801,28
2023-09-21 10:45:00-04:00,199.6,199.71,199.44,199.69,3617.0,199.584,30
2023-09-21 10:50:00-04:00,199.64,199.67,199.45,199.45,1832.0,199.557,18
2023-09-21 10:55:00-04:00,199.36,199.36,199.07,199.17,4827.0,199.183,38
2023-09-21 11:00:00-04:00,199.18,199.33,199.02,199.18,4305.0,199.198,35
2023-09-21 11:05:00-04:00,199.28,199.39,198.61,198.61,9347.0,198.972,38
2023-09-21 11:10:00-04:00,198.65,198.74,198.55,198.6,4747.0,198.623,40
2023-09-21 11:15:00-04:00,198.61,198.66,198.48,198.61,6494.0,198.59,29
2023-09-21 11:20:00-04:00,198.61,199.18,198.6,199.02,2030.0,198.802,16
2023-09-21 11:25:00-04:00,198.98,199.19,198.98,199.0,11513.0,199.014,34
2023-09-21 11:30:00-04:00,199.07,199.54,199.07,199.52,7470.0,199.379,47
2023-09-21 11:35:00-04:00,199.43,199.44,199.23,199.4,2977.0,199.354,29
2023-09-21 11:40:00-04:00,199.24,199.35,199.1,199.35,1062.0,199.197,10
2023-09-21 11:45:00-04:00,199.26,199.46,199.26,199.34,1617.0,199.343,10
2023-09-21 11:50:00-04:00,199.3,199.43,198.9,198.95,1427.0,199.294,12
2023-09-21 11:55:00-04:00,198.95,199.05,198.69,198.69,4865.0,198.915,44
2023-09-21 12:00:00-04:00,198.64,198.78,198.64,198.77,1468.0,198.712,13
2023-09-21 12:05:00-04:00,198.71,198.89,198.68,198.76,4279.0,198.828,28
2023-09-21 12:10:00-04:00,198.72,198.73,198.41,198.5,3217.0,198.58,20
2023-09-21 12:15:00-04:00,198.56,198.61,198.5,198.52,3606.0,198.558,33
2023-09-21 12:20:00-04:00,198.58,198.73,198.49,198.68,5093.0,198.637,46
2023-09-21 12:25:00-04:00,198.66,198.74,198.59,198.65,3900.0,198.657,33
2023-09-21 12:30:00-04:00,198.6,198.86,198.58,198.79,8642.0,198.723,76
2023-09-21 12:35:00-04:00,198.83,198.86,198.43,198.43,1801.0,198.645,16
2023-09-21 12:40:00-04:00,198.41,198.58,198.41,198.5,2738.0,198.504,21
2023-09-21 12:45:00-04:00,198.52,198.6,198.35,198.37,2617.0,198.494,24
2023-09-21 12:50:00-04:00,198.54,198.58,198.45,198.46,2801.0,198.536,22
2023-09-21 12:55:00-04:00,198.36,198.39,198.36,198.39,200.0,198.375,2
2023-09-21 13:00:00-04:00,198.33,198.53,198.33,198.34,1800.0,198.448,15
2023-09-21 13:05:00-04:00,198.33,198.56,198.33,198.42,3070.0,198.497,23
2023-09-21 13:10:00-04:00,198.5,198.71,198.5,198.71,4688.0,198.58,32
2023-09-21 13:15:00-04:00,198.71,198.9,198.68,198.76,11502.0,198.789,54
2023-09-21 13:20:00-04:00,198.67,198.83,198.63,198.69,6464.0,198.738,55
2023-09-21 13:25:00-04:00,198.7,198.88,198.7,198.73,4929.0,198.8,43
2023-09-21 13:30:00-04:00,198.66,198.71,198.58,198.58,2649.0,198.677,19
2023-09-21 13:35:00-04:00,198.58,198.7,198.57,198.7,4097.0,198.625,35
2023-09-21 13:40:00-04:00,198.69,198.8,198.68,198.72,3936.0,198.745,33
2023-09-21 13:45:00-04:00,198.73,198.92,198.67,198.91,2296.0,198.825,20
2023-09-21 13:50:00-04:00,199.03,199.4,199.03,199.31,2664.0,199.318,26
2023-09-21 13:55:00-04:00,199.28,199.35,199.1,199.25,2295.0,199.224,21
2023-09-21 14:00:00-04:00,199.26,199.48,199.23,199.23,3965.0,199.339,31
2023-09-21 14:05:00-04:00,199.28,199.58,199.28,199.45,1783.0,199.444,15
2023-09-21 14:10:00-04:00,199.52,199.87,199.52,199.87,3280.0,199.724,29
2023-09-21 14:15:00-04:00,199.78,199.81,199.64,199.68,4973.0,199.749,42
2023-09-21 14:20:00-04:00,199.57,199.6,199.47,199.59,3062.0,199.533,24
2023-09-21 14:25:00-04:00,199.59,199.69,199.42,199.42,2592.0,199.563,20
2023-09-21 14:30:00-04:00,199.49,199.5,199.43,199.43,1817.0,199.454,15
2023-09-21 14:35:00-04:00,199.42,199.52,199.27,199.37,4429.0,199.387,39
2023-09-21 14:40:00-04:00,199.44,199.45,199.32,199.45,1206.0,199.363,11
2023-09-21 14:45:00-04:00,199.49,199.49,199.37,199.37,2333.0,199.432,23
2023-09-21 14:50:00-04:00,199.4,199.4,199.14,199.4,5120.0,199.282,51
2023-09-21 14:55:00-04:00,199.33,199.37,199.24,199.24,2304.0,199.316,17
2023-09-21 15:00:00-04:00,199.25,199.3,199.05,199.26,1732.0,199.23,15
2023-09-21 15:05:00-04:00,199.33,199.35,199.2,199.29,2686.0,199.266,23
2023-09-21 15:10:00-04:00,199.32,199.32,198.95,199.0,2300.0,199.077,23
2023-09-21 15:15:00-04:00,198.96,198.96,198.78,198.83,1656.0,198.87,14
2023-09-21 15:20:00-04:00,198.77,198.82,198.64,198.68,5133.0,198.724,36
2023-09-21 15:25:00-04:00,198.7,198.7,198.47,198.63,5840.0,198.586,47
2023-09-21 15:30:00-04:00,198.56,198.61,198.18,198.27,9780.0,198.38,80
2023-09-21 15:35:00-04:00,198.3,198.35,198.18,198.18,8308.0,198.294,76
2023-09-21 15:40:00-04:00,198.21,198.35,198.13,198.22,10684.0,198.208,81
2023-09-21 15:45:00-04:00,198.22,198.38,198.16,198.18,8634.0,198.257,74
2023-09-21 15:50:00-04:00,198.04,198.44,198.04,198.36,15768.0,198.301,139
2023-09-21 15:55:00-04:00,198.4,198.47,197.93,198.05,61889.0,198.131,413
2023-09-22 09:30:00-04:00,198.31,199.11,198.31,198.49,12952.0,198.381,22
2023-09-22 09:35:00-04:00,198.53,199.77,198.5,199.41,8773.0,199.275,57
2023-09-22 09:40:00-04:00,199.31,199.43,198.83,199.38,5113.0,199.169,44
2023-09-22 09:45:00-04:00,199.26,199.97,199.26,199.5,9533.0,199.586,67
2023-09-22 09:50:00-04:00,199.56,199.71,198.73,198.91,2249.0,199.123,21
2023-09-22 09:55:00-04:00,198.91,199.57,198.75,199.39,9611.0,199.048,38
2023-09-22 10:00:00-04:00,199.44,199.58,199.12,199.25,8100.0,199.296,73
2023-09-22 10:05:00-04:00,199.37,199.85,199.3,199.83,3413.0,199.71,31
2023-09-22 10:10:00-04:00,199.75,199.75,199.26,199.26,2291.0,199.564,22
2023-09-22 10:15:00-04:00,199.25,199.62,199.18,199.56,5762.0,199.447,44
2023-09-22 10:20:00-04:00,199.61,199.71,199.45,199.61,6389.0,199.605,47
2023-09-22 10:25:00-04:00,199.68,199.68,199.43,199.59,1900.0,199.498,18
2023-09-22 10:30:00-04:00,199.76,200.21,199.75,200.21,2307.0,199.945,19
2023-09-22 10:35:00-04:00,200.15,200.31,200.0,200.13,7164.0,200.136,50
2023-09-22 10:40:00-04:00,200.03,200.3,199.99,200.2,3293.0,200.101,26
2023-09-22 10:45:00-04:00,200.24,200.29,200.09,200.13,2212.0,200.166,22
2023-09-22 10:50:00-04:00,199.99,200.11,199.84,199.87,2014.0,199.944,17
2023-09-22 10:55:00-04:00,200.14,200.57,200.13,200.41,2300.0,200.37,21
2023-09-22 11:00:00-04:00,200.46,200.62,200.25,200.4,3662.0,200.389,33
2023-09-22 11:05:00-04:00,200.4,200.47,200.34,200.41,4205.0,200.405,36
2023-09-22 11:10:00-04:00,200.37,200.57,200.28,200.52,8381.0,200.361,51
2023-09-22 11:15:00-04:00,200.55,200.77,200.54,200.68,4009.0,200.611,36
2023-09-22 11:20:00-04:00,200.72,200.87,200.67,200.87,1902.0,200.775,14
2023-09-22 11:25:00-04:00,200.85,200.87,200.54,200.55,4824.0,200.758,39
2023-09-22 11:30:00-04:00,200.59,200.75,200.26,200.27,8200.0,200.462,26
2023-09-22 11:35:00-04:00,200.27,200.27,200.03,200.05,4360.0,200.171,35
2023-09-22 11:40:00-04:00,199.96,199.96,199.83,199.83,874.0,199.874,5
2023-09-22 11:45:00-04:00,199.96,200.14,199.96,200.14,700.0,200.056,7
2023-09-22 11:50:00-04:00,200.11,200.11,200.02,200.03,2635.0,200.049,23
2023-09-22 11:55:00-04:00,200.05,200.17,199.87,199.87,3451.0,199.989,32
2023-09-22 12:00:00-04:00,199.79,199.97,199.59,199.96,2725.0,199.814,24
2023-09-22 12:05:00-04:00,199.89,200.11,199.89,200.11,1838.0,199.976,18
2023-09-22 12:10:00-04:00,200.04,200.19,199.92,200.19,3258.0,200.012,20
2023-09-22 12:15:00-04:00,200.36,200.53,200.28,200.44,1500.0,200.444,15
2023-09-22 12:20:00-04:00,200.43,200.7,200.39,200.66,3000.0,200.507,30
2023-09-22 12:25:00-04:00,200.64,200.8,200.64,200.79,1770.0,200.718,15
2023-09-22 12:30:00-04:00,200.81,200.84,200.66,200.73,2477.0,200.754,23
2023-09-22 12:35:00-04:00,200.73,200.92,200.72,200.73,4386.0,200.845,32
2023-09-22 12:40:00-04:00,200.77,200.81,200.67,200.81,1200.0,200.731,12
2023-09-22 12:45:00-04:00,200.75,200.83,200.61,200.79,7722.0,200.688,61
2023-09-22 12:50:00-04:00,200.84,200.84,200.76,200.82,1583.0,200.804,11
2023-09-22 12:55:00-04:00,200.91,201.2,200.91,201.04,7298.0,201.066,49
2023-09-22 13:00:00-04:00,201.08,201.11,200.8,201.04,11589.0,200.959,50
2023-09-22 13:05:00-04:00,201.04,201.13,200.9,201.1,3941.0,201.004,34
2023-09-22 13:10:00-04:00,201.09,201.22,201.04,201.18,1300.0,201.137,13
2023-09-22 13:15:00-04:00,201.2,201.34,201.08,201.09,2222.0,201.213,20
2023-09-22 13:20:00-04:00,200.97,201.12,200.86,200.86,2501.0,200.96,21
2023-09-22 13:25:00-04:00,200.97,201.13,200.85,201.13,1325.0,201.01,13
2023-09-22 13:30:00-04:00,201.02,201.02,200.76,200.81,2171.0,200.888,19
2023-09-22 13:35:00-04:00,200.85,200.86,200.15,200.47,3629.0,200.58,32
2023-09-22 13:40:00-04:00,200.44,200.45,200.19,200.19,1000.0,200.34,10
2023-09-22 13:45:00-04:00,200.42,200.47,199.97,200.38,36605.0,200.006,34
2023-09-22 13:50:00-04:00,200.38,200.69,200.38,200.56,2888.0,200.552,26
2023-09-22 13:55:00-04:00,200.67,200.91,200.67,200.91,800.0,200.828,7
2023-09-22 14:00:00-04:00,200.91,201.0,200.7,200.72,13251.0,200.778,18
2023-09-22 14:05:00-04:00,200.77,200.87,200.66,200.87,3206.0,200.768,26
2023-09-22 14:10:00-04:00,200.9,201.03,200.65,200.66,4496.0,200.844,39
2023-09-22 14:15:00-04:00,200.6,200.72,200.52,200.72,1624.0,200.606,13
2023-09-22 14:20:00-04:00,200.71,200.88,200.7,200.83,2085.0,200.766,19
2023-09-22 14:25:00-04:00,201.06,201.06,200.78,200.87,2300.0,200.915,22
2023-09-22 14:30:00-04:00,200.9,200.91,200.74,200.91,2674.0,200.833,21
2023-09-22 14:35:00-04:00,200.91,200.91,200.74,200.75,1500.0,200.817,14
2023-09-22 14:40:00-04:00,200.63,200.64,200.36,200.38,2219.0,200.553,21
2023-09-22 14:45:00-04:00,200.38,200.52,200.3,200.48,1931.0,200.412,16
2023-09-22 14:50:00-04:00,200.53,200.61,200.49,200.61,1777.0,200.547,17
2023-09-22 14:55:00-04:00,200.56,200.73,200.56,200.56,2268.0,200.648,22
2023-09-22 15:00:00-04:00,200.63,200.91,200.63,200.89,2345.0,200.825,22
2023-09-22 15:05:00-04:00,200.96,201.3,200.94,201.3,1892.0,201.126,17
2023-09-22 15:10:00-04:00,201.34,201.35,201.15,201.19,2218.0,201.241,18
2023-09-22 15:15:00-04:00,201.28,201.47,201.24,201.39,1615.0,201.334,15
2023-09-22 15:20:00-04:00,201.31,201.68,201.31,201.66,1078.0,201.53,8
2023-09-22 15:25:00-04:00,201.67,201.67,201.48,201.52,1728.0,201.579,16
2023-09-22 15:30:00-04:00,201.62,201.75,201.45,201.45,6724.0,201.612,57
2023-09-22 15:35:00-04:00,201.43,201.46,201.33,201.44,1606.0,201.395,15
2023-09-22 15:40:00-04:00,201.35,201.35,201.0,201.0,2762.0,201.208,25
2023-09-22 15:45:00-04:00,200.99,201.11,200.61,200.72,4837.0,200.853,42
2023-09-22 15:50:00-04:00,200.67,200.68,200.47,200.52,12037.0,200.56,92
2023-09-22 15:55:00-04:00,200.57,200.8,200.31,200.49,50342.0,200.55,280
2023-09-25 09:30:00-04:00,199.33,200.7,199.33,200.7,6884.0,200.218,8
2023-09-25 09:35:00-04:00,200.69,201.24,200.0,200.0,2252.0,200.637,19
2023-09-25 09:40:00-04:00,200.41,200.73,200.1,200.44,2099.0,200.395,19
2023-09-25 09:45:00-04:00,200.78,200.93,200.51,200.52,1258.0,200.721,11
2023-09-25 09:50:00-04:00,200.3,200.52,200.03,200.15,1400.0,200.214,14
2023-09-25 09:55:00-04:00,200.26,200.34,199.87,200.12,1425.0,200.041,12
2023-09-25 10:00:00-04:00,199.93,200.11,199.72,199.77,1175.0,199.881,10
2023-09-25 10:05:00-04:00,199.56,199.73,199.55,199.57,864.0,199.641,8
2023-09-25 10:10:00-04:00,199.71,199.97,199.41,199.87,3676.0,199.699,33
2023-09-25 10:15:00-04:00,199.87,200.08,199.79,199.97,1491.0,199.934,11
2023-09-25 10:20:00-04:00,199.95,200.07,199.83,199.88,1641.0,199.962,16
2023-09-25 10:25:00-04:00,199.83,200.11,199.74,199.93,2362.0,199.893,22
2023-09-25 10:30:00-04:00,199.87,200.03,199.81,199.93,793.0,199.907,7
2023-09-25 10:35:00-04:00,200.05,200.05,199.83,199.93,1992.0,199.93,19
2023-09-25 10:40:00-04:00,199.92,200.65,199.86,200.48,9453.0,200.359,81
2023-09-25 10:45:00-04:00,200.47,200.65,200.07,200.14,5343.0,200.408,40
2023-09-25 10:50:00-04:00,200.12,200.16,199.92,200.16,2812.0,200.072,23
2023-09-25 10:55:00-04:00,200.16,200.16,199.82,199.82,1600.0,200.028,16
2023-09-25 11:00:00-04:00,199.78,199.92,199.57,199.61,6047.0,199.62,21
2023-09-25 11:05:00-04:00,199.66,200.33,199.59,200.33,3431.0,199.857,34
2023-09-25 11:10:00-04:00,200.44,200.59,200.44,200.55,832.0,200.497,8
2023-09-25 11:15:00-04:00,200.5,201.03,200.5,201.0,6792.0,200.821,62
2023-09-25 11:20:00-04:00,201.08,201.21,201.08,201.15,3352.0,201.162,32
2023-09-25 11:25:00-04:00,201.24,201.32,200.95,201.0,2665.0,201.143,23
2023-09-25 11:30:00-04:00,200.86,201.23,200.86,201.03,3217.0,200.991,22
2023-09-25 11:35:00-04:00,201.04,201.04,200.73,200.82,1881.0,200.903,17
2023-09-25 11:40:00-04:00,200.79,201.12,200.76,201.11,1800.0,200.923,18
2023-09-25 11:45:00-04:00,201.32,201.35,200.91,201.11,1531.0,201.148,15
2023-09-25 11:50:00-04:00,201.17,201.27,201.1,201.1,1817.0,201.17,16
2023-09-25 11:55:00-04:00,201.08,201.18,200.98,201.11,1955.0,201.106,17
2023-09-25 12:00:00-04:00,201.1,201.18,200.88,200.98,1505.0,201.03,13
2023-09-25 12:05:00-04:00,201.04,201.16,200.86,201.16,2369.0,200.973,17
2023-09-25 12:10:00-04:00,201.1,201.2,201.1,201.2,600.0,201.145,6
2023-09-25 12:15:00-04:00,201.18,201.29,201.12,201.2,1600.0,201.188,16
2023-09-25 12:20:00-04:00,201.11,201.22,201.1,201.19,3792.0,201.155,33
2023-09-25 12:25:00-04:00,201.15,201.24,201.08,201.24,712.0,201.163,7
2023-09-25 12:30:00-04:00,201.2,201.47,201.2,201.36,1500.0,201.35,15
2023-09-25 12:35:00-04:00,201.4,201.44,201.17,201.2,1150.0,201.309,10
2023-09-25 12:40:00-04:00,201.22,201.65,201.21,201.57,1657.0,201.475,15
2023-09-25 12:45:00-04:00,201.51,201.53,201.32,201.47,1582.0,201.43,15
2023-09-25 12:50:00-04:00,201.41,201.41,200.98,201.08,900.0,201.158,9
2023-09-25 12:55:00-04:00,201.13,201.18,201.06,201.18,1386.0,201.13,12
2023-09-25 13:00:00-04:00,201.18,201.18,201.02,201.02,800.0,201.103,8
2023-09-25 13:05:00-04:00,201.07,201.24,201.07,201.09,1119.0,201.17,11
2023-09-25 13:10:00-04:00,201.09,201.31,201.09,201.2,701.0,201.218,7
2023-09-25 13:15:00-04:00,201.24,201.27,201.1,201.23,1120.0,201.189,9
2023-09-25 13:20:00-04:00,201.22,201.26,201.05,201.07,2509.0,201.135,20
2023-09-25 13:25:00-04:00,200.99,200.99,200.74,200.91,1004.0,200.876,8
2023-09-25 13:30:00-04:00,200.85,200.98,200.81,200.98,425.0,200.88,4
2023-09-25 13:35:00-04:00,201.03,201.18,200.95,201.12,1803.0,201.074,15
2023-09-25 13:40:00-04:00,201.12,201.19,200.82,200.98,1508.0,201.089,13
2023-09-25 13:45:00-04:00,200.9,200.9,200.66,200.8,1615.0,200.795,12
2023-09-25 13:50:00-04:00,200.8,200.93,200.7,200.88,1100.0,200.815,11
2023-09-25 13:55:00-04:00,200.95,201.06,200.9,200.9,700.0,200.994,7
2023-09-25 14:00:00-04:00,201.01,201.14,200.89,201.04,1867.0,201.07,17
2023-09-25 14:05:00-04:00,201.05,201.05,200.75,200.75,1120.0,200.904,11
2023-09-25 14:10:00-04:00,200.71,200.77,200.65,200.74,1120.0,200.715,10
2023-09-25 14:15:00-04:00,200.73,200.87,200.71,200.72,1243.0,200.793,11
2023-09-25 14:20:00-04:00,200.81,200.81,200.55,200.55,900.0,200.665,8
2023-09-25 14:25:00-04:00,200.56,200.59,200.42,200.42,1459.0,200.485,14
2023-09-25 14:30:00-04:00,200.41,200.73,200.4,200.67,2318.0,200.604,20
2023-09-25 14:35:00-04:00,200.77,201.01,200.71,200.89,2627.0,200.885,26
2023-09-25 14:40:00-04:00,200.97,201.0,200.81,200.84,2773.0,200.931,24
2023-09-25 14:45:00-04:00,200.92,201.02,200.92,201.02,1502.0,200.978,15
2023-09-25 14:50:00-04:00,201.08,201.25,201.08,201.18,2877.0,201.156,25
2023-09-25 14:55:00-04:00,201.14,201.16,201.04,201.16,2812.0,201.111,21
2023-09-25 15:00:00-04:00,201.1,201.1,200.95,200.97,2735.0,201.029,25
2023-09-25 15:05:00-04:00,200.95,200.97,200.75,200.75,1516.0,200.879,15
2023-09-25 15:10:00-04:00,200.75,201.05,200.75,201.05,2559.0,200.897,25
2023-09-25 15:15:00-04:00,201.05,201.27,201.05,201.24,1788.0,201.176,17
2023-09-25 15:20:00-04:00,201.24,201.26,201.01,201.05,2340.0,201.126,21
2023-09-25 15:25:00-04:00,201.02,201.03,200.82,200.98,3025.0,200.947,29
2023-09-25 15:30:00-04:00,200.95,201.18,200.9,201.04,3371.0,201.079,29
2023-09-25 15:35:00-04:00,201.0,201.19,200.98,201.19,3117.0,201.087,29
2023-09-25 15:40:00-04:00,201.25,201.33,200.97,200.98,4315.0,201.206,41
2023-09-25 15:45:00-04:00,200.99,201.2,200.98,201.14,7516.0,201.101,66
2023-09-25 15:50:00-04:00,201.21,201.29,200.77,200.87,9912.0,201.004,91
2023-09-25 15:55:00-04:00,200.88,201.45,200.87,201.28,41337.0,201.216,273
2023-09-26 09:30:00-04:00,199.82,200.8,198.04,200.21,8620.0,199.879,15
2023-09-26 09:35:00-04:00,200.46,200.81,200.46,200.73,800.0,200.643,8
2023-09-26 09:40:00-04:00,200.56,200.72,200.32,200.33,2100.0,200.517,19
2023-09-26 09:45:00-04:00,200.11,200.19,199.56,199.85,1800.0,199.923,18
2023-09-26 09:50:00-04:00,199.35,199.35,198.71,198.83,5863.0,198.96,38
2023-09-26 09:55:00-04:00,198.89,199.04,198.52,198.52,5948.0,198.743,56
2023-09-26 10:00:00-04:00,198.78,198.86,198.21,198.27,11903.0,198.513,119
2023-09-26 10:05:00-04:00,198.25,198.35,197.79,197.98,12165.0,198.101,113
2023-09-26 10:10:00-04:00,198.03,198.34,197.47,198.0,8127.0,197.937,74
2023-09-26 10:15:00-04:00,198.0,198.1,197.54,197.63,2839.0,197.779,27
2023-09-26 10:20:00-04:00,197.84,197.92,197.42,197.5,4229.0,197.718,41
2023-09-26 10:25:00-04:00,197.63,197.78,197.45,197.78,4653.0,197.635,42
2023-09-26 10:30:00-04:00,197.63,197.74,197.03,197.07,3569.0,197.346,27
2023-09-26 10:35:00-04:00,197.0,197.3,196.64,197.3,3790.0,196.968,32
2023-09-26 10:40:00-04:00,197.46,198.08,197.39,198.08,8594.0,197.835,47
2023-09-26 10:45:00-04:00,198.17,198.76,198.14,198.15,2967.0,198.332,28
2023-09-26 10:50:00-04:00,198.05,198.23,198.04,198.13,3790.0,198.122,35
2023-09-26 10:55:00-04:00,198.23,198.67,198.17,198.52,4286.0,198.358,37
2023-09-26 11:00:00-04:00,198.37,199.1,198.37,198.74,10250.0,198.831,69
2023-09-26 11:05:00-04:00,198.63,198.9,198.39,198.78,13673.0,198.673,102
2023-09-26 11:10:00-04:00,198.67,198.73,198.55,198.67,4096.0,198.634,26
2023-09-26 11:15:00-04:00,198.58,198.68,198.45,198.57,4906.0,198.548,38
2023-09-26 11:20:00-04:00,198.49,198.6,198.33,198.33,2652.0,198.447,23
2023-09-26 11:25:00-04:00,198.29,198.55,198.17,198.53,8226.0,198.258,33
2023-09-26 11:30:00-04:00,198.36,198.63,198.34,198.63,5401.0,198.418,41
2023-09-26 11:35:00-04:00,198.61,198.94,198.6,198.94,2352.0,198.807,22
2023-09-26 11:40:00-04:00,198.8,198.81,198.41,198.43,16906.0,198.724,84
2023-09-26 11:45:00-04:00,198.56,198.71,198.27,198.71,2358.0,198.442,21
2023-09-26 11:50:00-04:00,198.7,198.72,198.5,198.63,4211.0,198.651,34
2023-09-26 11:55:00-04:00,198.62,198.85,198.61,198.78,2402.0,198.672,24
2023-09-26 12:00:00-04:00,198.81,198.82,198.48,198.5,2200.0,198.651,21
2023-09-26 12:05:00-04:00,198.49,198.65,198.48,198.65,1986.0,198.565,18
2023-09-26 12:10:00-04:00,198.73,198.94,198.68,198.68,3140.0,198.771,30
2023-09-26 12:15:00-04:00,198.69,198.86,198.63,198.86,1389.0,198.789,13
2023-09-26 12:20:00-04:00,198.88,199.0,198.87,198.99,2511.0,198.942,20
2023-09-26 12:25:00-04:00,199.09,199.1,198.91,198.97,2152.0,199.004,19
2023-09-26 12:30:00-04:00,198.97,198.98,198.6,198.6,7772.0,198.741,31
2023-09-26 12:35:00-04:00,198.66,198.66,198.44,198.44,1600.0,198.551,14
2023-09-26 12:40:00-04:00,198.48,198.48,198.34,198.34,2253.0,198.41,20
2023-09-26 12:45:00-04:00,198.37,198.44,198.18,198.44,6536.0,198.348,63
2023-09-26 12:50:00-04:00,198.34,198.53,198.34,198.49,3222.0,198.487,32
2023-09-26 12:55:00-04:00,198.47,198.47,198.19,198.19,2223.0,198.308,22
2023-09-26 13:00:00-04:00,198.14,198.26,198.11,198.13,4476.0,198.186,43
2023-09-26 13:05:00-04:00,198.22,198.43,197.99,198.43,3751.0,198.147,33
2023-09-26 13:10:00-04:00,198.41,198.75,198.39,198.64,1700.0,198.589,13
2023-09-26 13:15:00-04:00,198.61,198.76,198.52,198.53,4239.0,198.631,36
2023-09-26 13:20:00-04:00,198.64,199.3,198.64,198.98,11970.0,198.952,108
2023-09-26 13:25:00-04:00,199.01,199.6,198.9,198.95,4787.0,199.277,44
2023-09-26 13:30:00-04:00,199.01,199.2,198.88,198.89,5202.0,199.027,48
2023-09-26 13:35:00-04:00,198.81,198.81,198.19,198.25,4400.0,198.505,43
2023-09-26 13:40:00-04:00,198.36,198.43,198.25,198.38,2300.0,198.332,22
2023-09-26 13:45:00-04:00,198.38,198.39,198.06,198.19,4397.0,198.268,27
2023-09-26 13:50:00-04:00,198.21,198.53,198.21,198.36,2925.0,198.363,26
2023-09-26 13:55:00-04:00,198.33,198.58,198.32,198.57,6924.0,198.402,37
2023-09-26 14:00:00-04:00,198.6,198.65,198.41,198.45,3654.0,198.509,36
2023-09-26 14:05:00-04:00,198.48,198.48,198.29,198.3,2467.0,198.355,21
2023-09-26 14:10:00-04:00,198.21,198.28,197.86,197.86,1342.0,198.125,13
2023-09-26 14:15:00-04:00,197.9,197.93,197.77,197.81,4577.0,197.858,34
2023-09-26 14:20:00-04:00,197.59,197.97,197.56,197.88,6402.0,197.813,62
2023-09-26 14:25:00-04:00,197.92,198.04,197.83,197.85,3950.0,197.918,38
2023-09-26 14:30:00-04:00,197.78,197.85,197.49,197.52,4695.0,197.719,44
2023-09-26 14:35:00-04:00,197.52,197.76,197.4,197.4,5141.0,197.628,39
2023-09-26 14:40:00-04:00,197.5,197.58,197.44,197.48,4645.0,197.505,45
2023-09-26 14:45:00-04:00,197.39,197.43,197.29,197.36,5642.0,197.352,38
2023-09-26 14:50:00-04:00,197.46,197.56,197.42,197.55,3263.0,197.471,26
2023-09-26 14:55:00-04:00,197.61,197.62,197.28,197.51,5855.0,197.427,41
2023-09-26 15:00:00-04:00,197.46,197.69,197.44,197.54,3249.0,197.557,30
2023-09-26 15:05:00-04:00,197.62,197.89,197.53,197.87,2083.0,197.76,18
2023-09-26 15:10:00-04:00,197.86,197.91,197.76,197.76,5572.0,197.821,41
2023-09-26 15:15:00-04:00,197.81,197.84,197.65,197.68,3024.0,197.733,29
2023-09-26 15:20:00-04:00,197.73,197.77,197.61,197.63,5554.0,197.698,46
2023-09-26 15:25:00-04:00,197.58,197.61,197.38,197.39,4298.0,197.489,41
2023-09-26 15:30:00-04:00,197.46,197.69,197.42,197.43,8041.0,197.535,74
2023-09-26 15:35:00-04:00,197.44,197.44,197.17,197.21,6551.0,197.31,54
2023-09-26 15:40:00-04:00,197.22,197.53,197.22,197.51,11694.0,197.36,92
2023-09-26 15:45:00-04:00,197.49,197.49,197.07,197.11,11500.0,197.257,93
2023-09-26 15:50:00-04:00,197.07,197.47,196.86,197.28,26273.0,197.246,219
2023-09-26 15:55:00-04:00,197.34,197.57,197.19,197.3,65807.0,197.379,423
2023-09-27 09:30:00-04:00,199.4,200.12,198.43,199.47,11625.0,199.259,12
2023-09-27 09:35:00-04:00,199.12,199.36,198.27,198.31,3400.0,198.677,28
2023-09-27 09:40:00-04:00,198.28,198.29,197.53,198.04,10978.0,197.973,73
2023-09-27 09:45:00-04:00,198.05,198.5,197.99,198.5,9001.0,198.124,60
2023-09-27 09:50:00-04:00,198.48,198.9,198.39,198.41,12479.0,198.639,82
2023-09-27 09:55:00-04:00,198.39,198.39,197.86,197.88,3820.0,198.134,38
2023-09-27 10:00:00-04:00,198.11,199.03,198.06,198.95,6102.0,198.466,57
2023-09-27 10:05:00-04:00,198.96,199.75,198.95,199.65,7396.0,199.317,66
2023-09-27 10:10:00-04:00,199.72,200.01,199.57,199.57,10018.0,199.815,88
2023-09-27 10:15:00-04:00,199.58,199.84,199.45,199.72,6167.0,199.664,53
2023-09-27 10:20:00-04:00,199.84,200.07,199.79,199.91,27375.0,199.92,238
2023-09-27 10:25:00-04:00,199.91,200.11,199.72,199.73,24932.0,199.917,219
2023-09-27 10:30:00-04:00,199.55,199.75,199.21,199.7,7419.0,199.518,68
2023-09-27 10:35:00-04:00,199.65,199.83,199.49,199.62,15608.0,199.685,141
2023-09-27 10:40:00-04:00,199.61,199.7,199.48,199.48,5479.0,199.576,47
2023-09-27 10:45:00-04:00,199.47,199.54,199.4,199.46,4948.0,199.473,45
2023-09-27 10:50:00-04:00,199.49,199.49,198.62,198.76,11068.0,199.059,68
2023-09-27 10:55:00-04:00,198.81,198.9,198.58,198.72,6004.0,198.732,55
2023-09-27 11:00:00-04:00,198.64,199.1,198.64,199.07,9156.0,198.88,83
2023-09-27 11:05:00-04:00,199.12,199.52,199.1,199.41,12413.0,199.252,117
2023-09-27 11:10:00-04:00,199.34,199.5,199.14,199.43,7447.0,199.287,69
2023-09-27 11:15:00-04:00,199.43,199.43,199.07,199.13,10045.0,199.239,72
2023-09-27 11:20:00-04:00,199.03,199.16,198.9,199.02,8078.0,199.045,66
2023-09-27 11:25:00-04:00,198.92,199.26,198.92,199.21,9619.0,199.14,81
2023-09-27 11:30:00-04:00,199.21,199.8,199.21,199.68,20846.0,199.62,169
2023-09-27 11:35:00-04:00,199.67,199.89,199.56,199.59,7195.0,199.748,63
2023-09-27 11:40:00-04:00,199.47,199.58,199.2,199.21,4827.0,199.468,48
2023-09-27 11:45:00-04:00,199.1,199.14,198.91,199.05,5335.0,199.015,48
2023-09-27 11:50:00-04:00,199.05,199.24,198.93,199.12,6415.0,199.064,55
2023-09-27 11:55:00-04:00,199.1,199.3,199.1,199.18,3095.0,199.19,28
2023-09-27 12:00:00-04:00,199.12,199.17,198.23,198.23,3707.0,198.686,34
2023-09-27 12:05:00-04:00,198.17,198.17,197.77,197.77,6349.0,198.001,50
2023-09-27 12:10:00-04:00,197.72,198.12,197.71,198.12,3592.0,197.924,31
2023-09-27 12:15:00-04:00,198.2,198.24,198.08,198.1,2892.0,198.154,28
2023-09-27 12:20:00-04:00,198.16,198.17,197.98,198.17,4278.0,198.061,36
2023-09-27 12:25:00-04:00,198.2,198.24,198.1,198.24,4801.0,198.164,43
2023-09-27 12:30:00-04:00,198.23,198.34,198.09,198.13,5619.0,198.227,45
2023-09-27 12:35:00-04:00,198.17,198.25,198.05,198.2,7771.0,198.17,69
2023-09-27 12:40:00-04:00,198.2,198.29,198.12,198.16,14152.0,198.191,136
2023-09-27 12:45:00-04:00,198.21,198.8,198.17,198.78,8420.0,198.454,78
2023-09-27 12:50:00-04:00,198.74,198.8,198.67,198.74,6823.0,198.736,35
2023-09-27 12:55:00-04:00,198.78,198.78,198.51,198.6,3500.0,198.598,34
2023-09-27 13:00:00-04:00,198.64,198.83,198.63,198.78,3072.0,198.711,27
2023-09-27 13:05:00-04:00,198.78,198.83,198.59,198.78,6567.0,198.723,60
2023-09-27 13:10:00-04:00,198.78,198.82,198.5,198.53,6022.0,198.663,57
2023-09-27 13:15:00-04:00,198.53,198.6,198.3,198.47,2839.0,198.402,25
2023-09-27 13:20:00-04:00,198.48,198.48,198.14,198.2,2619.0,198.301,24
2023-09-27 13:25:00-04:00,198.22,198.23,198.03,198.09,6554.0,198.128,60
2023-09-27 13:30:00-04:00,197.99,198.18,197.91,197.91,4220.0,198.056,40
2023-09-27 13:35:00-04:00,197.91,198.17,197.81,198.14,5988.0,197.983,48
2023-09-27 13:40:00-04:00,198.1,198.12,197.73,197.89,3218.0,197.917,31
2023-09-27 13:45:00-04:00,197.88,198.1,197.88,198.09,7017.0,198.022,58
2023-09-27 13:50:00-04:00,198.06,198.59,198.06,198.48,6414.0,198.392,58
2023-09-27 13:55:00-04:00,198.48,198.52,198.28,198.47,3856.0,198.409,34
2023-09-27 14:00:00-04:00,198.4,198.48,197.95,197.95,9111.0,198.256,75
2023-09-27 14:05:00-04:00,198.06,198.1,197.84,197.84,3452.0,197.993,31
2023-09-27 14:10:00-04:00,197.79,197.89,197.62,197.67,8056.0,197.753,60
2023-09-27 14:15:00-04:00,197.74,197.74,197.47,197.64,8065.0,197.61,73
2023-09-27 14:20:00-04:00,197.58,198.0,197.55,197.73,9385.0,197.82,86
2023-09-27 14:25:00-04:00,197.8,197.85,197.64,197.72,10625.0,197.751,95
2023-09-27 14:30:00-04:00,197.8,198.24,197.75,198.23,27045.0,197.914,256
2023-09-27 14:35:00-04:00,198.3,198.51,198.26,198.35,9059.0,198.366,81
2023-09-27 14:40:00-04:00,198.35,198.83,198.26,198.63,9009.0,198.479,77
2023-09-27 14:45:00-04:00,198.63,198.79,198.58,198.58,5887.0,198.712,44
2023-09-27 14:50:00-04:00,198.62,198.91,198.57,198.9,7826.0,198.752,65
2023-09-27 14:55:00-04:00,198.91,199.04,198.72,198.98,11351.0,198.856,88
2023-09-27 15:00:00-04:00,198.92,199.68,198.85,199.68,10816.0,199.135,102
2023-09-27 15:05:00-04:00,199.62,200.04,199.52,199.92,13375.0,199.726,100
2023-09-27 15:10:00-04:00,199.95,200.15,199.83,199.83,10838.0,200.028,101
2023-09-27 15:15:00-04:00,199.89,200.01,199.84,199.86,8449.0,199.918,79
2023-09-27 15:20:00-04:00,199.9,200.14,199.88,199.98,10331.0,199.997,97
2023-09-27 15:25:00-04:00,199.95,200.19,199.93,200.0,16836.0,200.005,120
2023-09-27 15:30:00-04:00,200.0,200.22,199.92,200.04,17703.0,200.042,153
2023-09-27 15:35:00-04:00,199.99,200.12,199.94,200.03,53493.0,200.004,405
2023-09-27 15:40:00-04:00,200.05,200.06,199.53,200.02,33060.0,199.897,266
2023-09-27 15:45:00-04:00,199.97,200.04,199.74,200.03,25990.0,199.914,232
2023-09-27 15:50:00-04:00,200.07,200.4,200.04,200.26,28335.0,200.241,230
2023-09-27 15:55:00-04:00,200.31,200.39,199.92,200.07,74188.0,200.124,538
2023-09-28 09:30:00-04:00,200.63,201.53,200.63,201.47,10801.0,200.714,13
2023-09-28 09:35:00-04:00,201.71,202.22,201.07,201.35,23058.0,201.772,87
2023-09-28 09:40:00-04:00,201.42,201.64,200.96,201.14,9430.0,201.302,92
2023-09-28 09:45:00-04:00,201.09,201.7,201.08,201.3,17820.0,201.507,134
2023-09-28 09:50:00-04:00,201.42,202.5,201.4,202.5,3974.0,201.712,33
2023-09-28 09:55:00-04:00,202.55,204.06,202.55,203.91,13619.0,203.261,93
2023-09-28 10:00:00-04:00,203.92,204.58,203.84,204.42,19506.0,204.254,156
2023-09-28 10:05:00-04:00,204.45,204.65,203.99,204.52,40625.0,204.173,68
2023-09-28 10:10:00-04:00,204.39,205.24,204.32,205.24,8932.0,204.872,69
2023-09-28 10:15:00-04:00,205.11,205.84,204.8,205.8,13686.0,205.076,98
2023-09-28 10:20:00-04:00,205.84,206.2,205.43,205.56,14851.0,205.785,125
2023-09-28 10:25:00-04:00,205.56,205.68,205.19,205.19,10343.0,205.461,87
2023-09-28 10:30:00-04:00,205.13,205.17,204.61,204.79,9490.0,204.943,81
2023-09-28 10:35:00-04:00,204.81,205.03,204.55,204.55,5702.0,204.835,53
2023-09-28 10:40:00-04:00,204.51,205.59,204.44,205.58,7902.0,204.864,65
2023-09-28 10:45:00-04:00,205.68,206.05,205.56,205.9,14628.0,205.724,98
2023-09-28 10:50:00-04:00,205.84,205.85,205.59,205.7,18415.0,205.715,160
2023-09-28 10:55:00-04:00,205.67,205.84,205.37,205.65,23538.0,205.679,106
2023-09-28 11:00:00-04:00,205.75,206.11,205.74,205.91,13651.0,205.953,120
2023-09-28 11:05:00-04:00,205.99,206.36,205.74,206.28,7327.0,206.007,65
2023-09-28 11:10:00-04:00,206.29,206.29,205.55,205.79,17921.0,205.984,146
2023-09-28 11:15:00-04:00,205.67,205.7,205.31,205.61,5877.0,205.469,55
2023-09-28 11:20:00-04:00,205.69,206.23,205.62,206.06,22190.0,206.044,165
2023-09-28 11:25:00-04:00,206.06,206.55,206.03,206.32,13350.0,206.216,118
2023-09-28 11:30:00-04:00,206.37,206.75,206.35,206.7,5725.0,206.64,50
2023-09-28 11:35:00-04:00,206.68,206.89,206.61,206.61,6263.0,206.741,59
2023-09-28 11:40:00-04:00,206.58,207.09,206.54,207.06,6344.0,206.814,54
2023-09-28 11:45:00-04:00,207.09,207.15,206.87,207.06,7362.0,207.027,64
2023-09-28 11:50:00-04:00,207.13,207.49,207.07,207.4,5192.0,207.275,47
2023-09-28 11:55:00-04:00,207.4,207.46,207.21,207.34,8746.0,207.315,67
2023-09-28 12:00:00-04:00,207.33,207.61,207.19,207.61,24122.0,207.276,196
2023-09-28 12:05:00-04:00,207.61,207.61,207.31,207.46,12292.0,207.448,97
2023-09-28 12:10:00-04:00,207.55,207.57,207.31,207.32,7578.0,207.4,67
2023-09-28 12:15:00-04:00,207.35,207.43,207.0,207.16,63596.0,207.342,108
2023-09-28 12:20:00-04:00,207.15,207.53,207.04,207.35,10147.0,207.28,83
2023-09-28 12:25:00-04:00,207.32,207.49,207.26,207.47,7196.0,207.37,55
2023-09-28 12:30:00-04:00,207.52,207.81,207.5,207.64,7731.0,207.619,65
2023-09-28 12:35:00-04:00,207.71,208.03,207.69,207.7,8464.0,207.89,63
2023-09-28 12:40:00-04:00,207.68,207.88,207.59,207.84,4133.0,207.742,36
2023-09-28 12:45:00-04:00,207.76,207.76,207.32,207.34,5619.0,207.601,53
2023-09-28 12:50:00-04:00,207.27,207.42,206.91,206.91,8161.0,207.279,63
2023-09-28 12:55:00-04:00,206.89,207.02,206.89,206.91,2641.0,206.962,21
2023-09-28 13:00:00-04:00,207.01,207.01,206.75,206.75,3719.0,206.85,35
2023-09-28 13:05:00-04:00,206.62,206.91,206.53,206.88,5723.0,206.603,30
2023-09-28 13:10:00-04:00,206.98,207.17,206.94,207.15,2439.0,207.016,20
2023-09-28 13:15:00-04:00,207.07,207.07,206.77,206.77,11508.0,206.976,62
2023-09-28 13:20:00-04:00,206.77,206.77,206.48,206.48,3501.0,206.665,32
2023-09-28 13:25:00-04:00,206.46,206.46,206.09,206.09,4335.0,206.269,39
2023-09-28 13:30:00-04:00,205.88,205.88,205.48,205.69,3147.0,205.65,25
2023-09-28 13:35:00-04:00,205.71,206.14,205.71,206.03,3864.0,205.957,35
2023-09-28 13:40:00-04:00,206.08,206.13,205.7,205.73,5504.0,205.911,47
2023-09-28 13:45:00-04:00,205.74,206.0,205.74,205.91,6920.0,205.891,35
2023-09-28 13:50:00-04:00,205.91,205.91,205.65,205.71,2776.0,205.781,24
2023-09-28 13:55:00-04:00,205.65,205.65,205.43,205.48,3755.0,205.557,35
2023-09-28 14:00:00-04:00,205.56,205.59,205.23,205.23,2179.0,205.437,17
2023-09-28 14:05:00-04:00,205.23,205.29,205.13,205.28,3663.0,205.196,30
2023-09-28 14:10:00-04:00,205.29,205.56,205.23,205.53,3237.0,205.376,31
2023-09-28 14:15:00-04:00,205.53,205.61,205.44,205.56,3796.0,205.502,33
2023-09-28 14:20:00-04:00,205.64,205.92,205.6,205.8,6138.0,205.71,57
2023-09-28 14:25:00-04:00,205.8,205.99,205.78,205.9,3747.0,205.856,31
2023-09-28 14:30:00-04:00,205.9,206.02,205.74,205.74,8233.0,205.886,72
2023-09-28 14:35:00-04:00,205.7,205.7,205.32,205.32,4849.0,205.511,43
2023-09-28 14:40:00-04:00,205.32,205.47,205.21,205.28,7630.0,205.342,73
2023-09-28 14:45:00-04:00,205.21,205.34,205.03,205.05,3710.0,205.18,30
2023-09-28 14:50:00-04:00,205.08,205.26,205.02,205.17,8346.0,205.168,73
2023-09-28 14:55:00-04:00,205.2,205.37,205.1,205.37,6920.0,205.228,62
2023-09-28 15:00:00-04:00,205.42,205.66,205.4,205.66,1916.0,205.52,19
2023-09-28 15:05:00-04:00,205.66,205.81,205.59,205.74,6637.0,205.679,52
2023-09-28 15:10:00-04:00,205.92,206.17,205.92,206.17,5426.0,206.018,45
2023-09-28 15:15:00-04:00,206.22,206.23,205.85,205.85,16432.0,206.047,132
2023-09-28 15:20:00-04:00,205.86,206.11,205.77,206.11,7182.0,205.945,51
2023-09-28 15:25:00-04:00,206.11,206.22,206.05,206.05,6349.0,206.131,58
2023-09-28 15:30:00-04:00,206.07,206.07,205.6,205.63,12675.0,205.778,111
2023-09-28 15:35:00-04:00,205.56,205.57,204.46,204.46,11056.0,204.949,95
2023-09-28 15:40:00-04:00,204.49,204.76,204.44,204.75,13858.0,204.641,126
2023-09-28 15:45:00-04:00,204.77,204.9,204.29,204.29,11929.0,204.632,101
2023-09-28 15:50:00-04:00,204.26,204.41,204.09,204.27,24815.0,204.228,205
2023-09-28 15:55:00-04:00,204.22,204.47,204.12,204.27,96935.0,204.285,675
2023-09-29 09:30:00-04:00,205.62,206.04,204.2,204.23,24689.0,205.494,52
2023-09-29 09:35:00-04:00,204.25,204.85,203.76,204.24,7920.0,204.541,74
2023-09-29 09:40:00-04:00,204.17,204.6,203.94,204.44,7583.0,204.353,67
2023-09-29 09:45:00-04:00,204.45,204.45,203.74,204.24,5914.0,204.118,52
2023-09-29 09:50:00-04:00,204.29,204.91,204.19,204.91,5076.0,204.503,42
2023-09-29 09:55:00-04:00,204.75,205.17,204.75,205.17,4905.0,204.99,45
2023-09-29 10:00:00-04:00,205.37,205.59,204.84,204.96,5261.0,205.204,46
2023-09-29 10:05:00-04:00,204.86,204.97,204.72,204.79,7469.0,204.868,66
2023-09-29 10:10:00-04:00,204.79,204.79,204.19,204.19,4477.0,204.672,40
2023-09-29 10:15:00-04:00,204.31,204.31,203.64,203.7,8738.0,203.849,69
2023-09-29 10:20:00-04:00,203.8,203.82,203.27,203.47,5788.0,203.573,55
2023-09-29 10:25:00-04:00,203.43,203.73,203.39,203.62,3413.0,203.528,34
2023-09-29 10:30:00-04:00,203.7,203.79,203.17,203.26,28179.0,203.599,53
2023-09-29 10:35:00-04:00,203.32,203.76,203.26,203.66,4638.0,203.458,42
2023-09-29 10:40:00-04:00,203.8,204.3,203.66,204.25,6930.0,204.009,55
2023-09-29 10:45:00-04:00,204.3,204.72,204.29,204.61,12510.0,204.587,87
2023-09-29 10:50:00-04:00,204.58,204.72,204.1,204.33,6081.0,204.502,57
2023-09-29 10:55:00-04:00,204.4,204.41,204.01,204.23,4505.0,204.239,37
2023-09-29 11:00:00-04:00,204.16,204.16,203.84,203.88,4532.0,204.021,43
2023-09-29 11:05:00-04:00,203.8,204.18,203.77,204.13,1948.0,203.957,19
2023-09-29 11:10:00-04:00,204.06,204.28,203.89,204.06,11889.0,204.058,99
2023-09-29 11:15:00-04:00,204.04,204.09,203.8,204.08,3894.0,203.924,35
2023-09-29 11:20:00-04:00,203.95,204.43,203.94,204.43,4896.0,204.167,45
2023-09-29 11:25:00-04:00,204.35,204.52,204.11,204.11,3365.0,204.314,27
2023-09-29 11:30:00-04:00,203.98,204.31,203.94,204.19,2847.0,204.126,28
2023-09-29 11:35:00-04:00,204.19,204.65,204.16,204.62,3320.0,204.385,30
2023-09-29 11:40:00-04:00,204.62,204.79,204.27,204.27,6385.0,204.573,49
2023-09-29 11:45:00-04:00,204.24,204.31,204.1,204.15,3244.0,204.195,31
2023-09-29 11:50:00-04:00,204.17,204.19,203.95,204.17,14000.0,204.12,85
2023-09-29 11:55:00-04:00,204.06,204.27,203.78,203.78,3926.0,204.028,37
2023-09-29 12:00:00-04:00,203.76,203.76,203.39,203.73,8417.0,203.554,30
2023-09-29 12:05:00-04:00,203.78,204.09,203.78,203.96,2960.0,203.995,20
2023-09-29 12:10:00-04:00,203.96,204.23,203.82,203.93,12274.0,203.976,116
2023-09-29 12:15:00-04:00,203.87,204.1,203.74,203.97,5600.0,203.854,53
2023-09-29 12:20:00-04:00,204.04,204.32,204.04,204.3,5508.0,204.174,48
2023-09-29 12:25:00-04:00,204.23,204.36,203.99,204.05,7707.0,204.189,53
2023-09-29 12:30:00-04:00,204.0,204.36,203.98,204.04,3670.0,204.146,31
2023-09-29 12:35:00-04:00,204.16,204.23,204.07,204.07,1120.0,204.167,11
2023-09-29 12:40:00-04:00,204.05,204.19,203.96,204.03,3358.0,204.063,33
2023-09-29 12:45:00-04:00,203.93,204.05,203.86,203.94,6430.0,203.958,63
2023-09-29 12:50:00-04:00,203.9,204.03,203.74,203.85,14567.0,203.894,140
2023-09-29 12:55:00-04:00,203.77,203.85,203.64,203.85,6582.0,203.743,54
2023-09-29 13:00:00-04:00,203.79,203.79,203.4,203.56,6338.0,203.583,54
2023-09-29 13:05:00-04:00,203.51,203.58,203.28,203.49,11959.0,203.409,104
2023-09-29 13:10:00-04:00,203.58,203.58,203.35,203.53,5356.0,203.432,47
2023-09-29 13:15:00-04:00,203.56,203.57,202.94,203.06,9211.0,203.358,67
2023-09-29 13:20:00-04:00,203.0,203.67,203.0,203.67,7606.0,203.31,72
2023-09-29 13:25:00-04:00,203.76,203.92,203.7,203.73,2817.0,203.783,23
2023-09-29 13:30:00-04:00,203.81,203.95,203.66,203.66,4524.0,203.824,38
2023-09-29 13:35:00-04:00,203.71,203.83,203.71,203.74,2000.0,203.77,20
2023-09-29 13:40:00-04:00,203.64,203.86,203.64,203.85,3525.0,203.738,26
2023-09-29 13:45:00-04:00,203.77,203.92,203.58,203.58,10254.0,203.715,77
2023-09-29 13:50:00-04:00,203.43,203.43,203.11,203.31,4758.0,203.314,43
2023-09-29 13:55:00-04:00,203.33,203.33,203.01,203.02,2777.0,203.183,20
2023-09-29 14:00:00-04:00,203.01,203.07,202.74,203.05,3845.0,202.957,38
2023-09-29 14:05:00-04:00,203.14,203.17,202.91,203.02,5524.0,203.05,45
2023-09-29 14:10:00-04:00,203.02,203.31,202.95,203.23,4007.0,203.158,34
2023-09-29 14:15:00-04:00,203.18,203.18,202.84,202.88,4834.0,203.03,42
2023-09-29 14:20:00-04:00,202.9,203.06,202.9,203.0,3611.0,202.937,32
2023-09-29 14:25:00-04:00,203.05,203.24,202.8,202.8,3606.0,203.057,32
2023-09-29 14:30:00-04:00,202.81,202.99,202.72,202.99,2879.0,202.81,28
2023-09-29 14:35:00-04:00,202.9,203.26,202.9,203.26,5295.0,203.105,52
2023-09-29 14:40:00-04:00,203.29,203.78,203.29,203.77,3200.0,203.517,32
2023-09-29 14:45:00-04:00,203.77,203.77,203.47,203.54,4261.0,203.617,33
2023-09-29 14:50:00-04:00,203.6,203.66,203.53,203.53,3100.0,203.595,31
2023-09-29 14:55:00-04:00,203.61,204.17,203.61,204.1,5083.0,203.969,43
2023-09-29 15:00:00-04:00,204.19,204.3,203.8,203.81,4991.0,204.11,46
2023-09-29 15:05:00-04:00,203.84,204.24,203.84,204.15,5613.0,204.072,51
2023-09-29 15:10:00-04:00,204.17,204.51,204.02,204.25,18662.0,204.333,145
2023-09-29 15:15:00-04:00,204.35,204.45,204.19,204.45,9376.0,204.279,38
2023-09-29 15:20:00-04:00,204.37,204.39,204.18,204.36,7957.0,204.305,60
2023-09-29 15:25:00-04:00,204.36,204.49,204.18,204.45,26334.0,204.311,152
2023-09-29 15:30:00-04:00,204.46,204.46,203.79,203.9,14249.0,204.118,117
2023-09-29 15:35:00-04:00,203.74,203.76,203.43,203.76,15913.0,203.613,145
2023-09-29 15:40:00-04:00,203.77,203.95,203.39,203.48,32800.0,203.79,241
2023-09-29 15:45:00-04:00,203.57,203.72,203.37,203.63,14591.0,203.529,114
2023-09-29 15:50:00-04:00,203.55,204.08,203.29,203.42,28698.0,203.664,233
2023-09-29 15:55:00-04:00,203.49,203.49,202.85,203.05,82157.0,203.026,517
2023-10-02 09:30:00-04:00,202.65,202.65,201.47,201.76,12649.0,202.514,23
2023-10-02 09:35:00-04:00,201.93,203.41,201.93,202.96,4652.0,202.688,44
2023-10-02 09:40:00-04:00,202.57,203.2,202.26,203.2,5392.0,202.704,39
2023-10-02 09:45:00-04:00,202.71,202.99,202.36,202.4,3885.0,202.609,34
2023-10-02 09:50:00-04:00,202.57,202.72,202.08,202.49,4874.0,202.417,43
2023-10-02 09:55:00-04:00,202.49,202.66,201.31,201.31,4588.0,202.174,27
2023-10-02 10:00:00-04:00,201.53,201.97,201.49,201.82,3572.0,201.768,35
2023-10-02 10:05:00-04:00,201.88,201.88,201.24,201.49,6261.0,201.562,55
2023-10-02 10:10:00-04:00,201.41,201.63,201.34,201.42,7652.0,201.476,58
2023-10-02 10:15:00-04:00,201.52,201.92,201.34,201.81,5932.0,201.752,53
2023-10-02 10:20:00-04:00,201.78,202.23,201.65,202.23,5592.0,202.018,54
2023-10-02 10:25:00-04:00,202.35,202.71,202.09,202.09,6753.0,202.492,63
2023-10-02 10:30:00-04:00,202.09,202.09,201.62,201.96,4127.0,201.9,37
2023-10-02 10:35:00-04:00,202.01,202.06,201.71,201.88,10754.0,201.888,82
2023-10-02 10:40:00-04:00,201.99,202.69,201.78,202.69,6476.0,201.985,58
2023-10-02 10:45:00-04:00,202.71,202.88,202.17,202.22,4000.0,202.504,35
2023-10-02 10:50:00-04:00,202.28,202.29,201.75,202.25,9283.0,202.042,73
2023-10-02 10:55:00-04:00,202.17,202.53,202.13,202.37,1866.0,202.331,18
2023-10-02 11:00:00-04:00,202.46,203.01,202.46,202.92,10278.0,202.858,84
2023-10-02 11:05:00-04:00,202.86,203.36,202.7,203.13,11736.0,203.039,108
2023-10-02 11:10:00-04:00,203.07,203.18,202.86,203.09,4588.0,202.998,37
2023-10-02 11:15:00-04:00,203.17,203.57,203.09,203.24,6607.0,203.311,63
2023-10-02 11:20:00-04:00,203.13,203.26,202.93,203.12,4322.0,203.131,41
2023-10-02 11:25:00-04:00,203.0,203.15,202.63,203.12,3719.0,202.874,35
2023-10-02 11:30:00-04:00,203.22,203.22,202.91,202.93,6207.0,203.045,48
2023-10-02 11:35:00-04:00,202.96,202.96,202.38,202.38,2541.0,202.611,25
2023-10-02 11:40:00-04:00,202.49,202.49,201.81,201.81,6032.0,202.162,56
2023-10-02 11:45:00-04:00,201.75,201.75,201.3,201.34,4237.0,201.518,38
2023-10-02 11:50:00-04:00,201.42,201.42,200.74,200.76,7287.0,201.153,61
2023-10-02 11:55:00-04:00,200.6,200.68,200.39,200.59,19034.0,200.559,120
2023-10-02 12:00:00-04:00,200.59,200.63,200.39,200.41,6870.0,200.511,50
2023-10-02 12:05:00-04:00,200.4,200.4,199.58,199.58,9292.0,200.04,78
2023-10-02 12:10:00-04:00,199.46,199.46,199.14,199.26,4535.0,199.292,43
2023-10-02 12:15:00-04:00,199.21,199.41,198.42,198.53,13962.0,198.784,126
2023-10-02 12:20:00-04:00,198.48,199.13,198.44,199.13,7988.0,198.652,67
2023-10-02 12:25:00-04:00,199.14,199.44,198.97,199.12,3771.0,199.181,32
2023-10-02 12:30:00-04:00,199.07,199.25,199.05,199.15,3551.0,199.138,30
2023-10-02 12:35:00-04:00,199.1,199.25,198.72,198.98,3978.0,199.018,37
2023-10-02 12:40:00-04:00,199.01,199.01,198.62,198.71,3397.0,198.853,28
2023-10-02 12:45:00-04:00,198.58,198.64,198.17,198.26,5419.0,198.489,48
2023-10-02 12:50:00-04:00,198.06,198.06,197.79,197.83,6004.0,197.949,49
2023-10-02 12:55:00-04:00,197.84,198.37,197.76,198.32,10007.0,198.035,89
2023-10-02 13:00:00-04:00,198.35,198.87,198.25,198.82,6418.0,198.6,60
2023-10-02 13:05:00-04:00,198.88,199.0,198.38,198.51,4967.0,198.704,42
2023-10-02 13:10:00-04:00,198.57,198.57,197.9,197.92,3967.0,198.18,34
2023-10-02 13:15:00-04:00,197.99,198.8,197.98,198.7,15696.0,198.618,72
2023-10-02 13:20:00-04:00,198.78,198.83,198.67,198.73,4449.0,198.75,38
2023-10-02 13:25:00-04:00,198.66,198.96,198.64,198.72,5006.0,198.733,31
2023-10-02 13:30:00-04:00,198.89,198.92,198.73,198.77,4705.0,198.828,45
2023-10-02 13:35:00-04:00,198.81,199.0,198.77,198.78,5093.0,198.899,42
2023-10-02 13:40:00-04:00,198.87,199.25,198.86,199.12,3263.0,199.112,32
2023-10-02 13:45:00-04:00,199.21,199.22,198.82,198.89,2906.0,198.948,28
2023-10-02 13:50:00-04:00,198.88,199.07,198.8,198.89,3864.0,198.937,37
2023-10-02 13:55:00-04:00,198.96,198.96,198.71,198.77,2917.0,198.841,25
2023-10-02 14:00:00-04:00,198.81,199.01,198.8,198.81,4850.0,198.916,41
2023-10-02 14:05:00-04:00,198.81,199.06,198.77,198.78,5987.0,198.887,55
2023-10-02 14:10:00-04:00,198.84,199.3,198.84,199.29,9673.0,199.054,49
2023-10-02 14:15:00-04:00,199.32,199.32,198.87,198.88,3232.0,199.078,27
2023-10-02 14:20:00-04:00,198.87,198.87,198.42,198.53,3103.0,198.582,30
2023-10-02 14:25:00-04:00,198.55,198.6,198.21,198.21,4543.0,198.486,43
2023-10-02 14:30:00-04:00,198.3,198.46,198.3,198.43,3305.0,198.379,29
2023-10-02 14:35:00-04:00,198.43,198.49,198.28,198.29,4604.0,198.414,43
2023-10-02 14:40:00-04:00,198.27,198.37,198.14,198.14,3407.0,198.278,31
2023-10-02 14:45:00-04:00,198.26,198.53,198.23,198.51,4674.0,198.35,46
2023-10-02 14:50:00-04:00,198.53,198.58,198.25,198.25,7312.0,198.489,58
2023-10-02 14:55:00-04:00,198.3,198.54,198.07,198.42,12182.0,198.28,110
2023-10-02 15:00:00-04:00,198.36,198.36,197.81,197.81,11031.0,198.15,65
2023-10-02 15:05:00-04:00,197.8,198.19,197.8,198.06,7001.0,197.975,52
2023-10-02 15:10:00-04:00,198.05,198.21,197.77,197.78,9818.0,198.019,54
2023-10-02 15:15:00-04:00,197.84,198.06,197.84,197.92,6884.0,197.959,49
2023-10-02 15:20:00-04:00,197.83,198.35,197.78,198.25,8176.0,198.089,75
2023-10-02 15:25:00-04:00,198.21,198.21,197.93,197.95,6809.0,198.021,66
2023-10-02 15:30:00-04:00,197.93,198.2,197.76,198.13,11959.0,198.003,109
2023-10-02 15:35:00-04:00,198.1,198.13,197.98,198.1,11182.0,198.069,98
2023-10-02 15:40:00-04:00,198.08,198.26,197.93,198.13,17308.0,198.068,154
2023-10-02 15:45:00-04:00,198.13,198.37,198.08,198.15,17018.0,198.211,160
2023-10-02 15:50:00-04:00,198.08,198.32,198.0,198.26,48403.0,198.065,434
2023-10-02 15:55:00-04:00,198.26,198.3,197.98,198.07,116250.0,198.078,885
2023-10-03 09:30:00-04:00,198.32,198.73,198.17,198.41,15965.0,198.628,42
2023-10-03 09:35:00-04:00,198.44,199.1,198.25,198.9,5064.0,198.721,41
2023-10-03 09:40:00-04:00,198.94,199.22,198.52,199.2,5593.0,198.8,40
2023-10-03 09:45:00-04:00,199.09,200.0,198.5,200.0,5815.0,199.19,49
2023-10-03 09:50:00-04:00,199.89,200.18,199.63,199.89,4131.0,199.908,34
2023-10-03 09:55:00-04:00,199.88,200.16,199.74,199.85,2200.0,199.88,22
2023-10-03 10:00:00-04:00,199.61,199.61,198.91,198.93,11076.0,199.259,35
2023-10-03 10:05:00-04:00,198.52,198.72,198.19,198.19,4343.0,198.396,37
2023-10-03 10:10:00-04:00,198.24,198.27,197.3,197.3,5964.0,197.944,51
2023-10-03 10:15:00-04:00,197.08,197.08,196.39,196.65,7208.0,196.812,67
2023-10-03 10:20:00-04:00,196.67,197.01,196.23,196.57,9219.0,196.833,72
2023-10-03 10:25:00-04:00,196.39,196.57,195.99,196.06,5758.0,196.35,51
2023-10-03 10:30:00-04:00,195.98,196.65,195.86,196.41,11931.0,196.305,83
2023-10-03 10:35:00-04:00,196.41,196.47,195.8,195.8,15457.0,196.238,120
2023-10-03 10:40:00-04:00,195.88,196.31,195.81,196.12,10028.0,196.051,79
2023-10-03 10:45:00-04:00,196.13,196.19,195.7,195.79,5520.0,195.883,38
2023-10-03 10:50:00-04:00,195.7,195.84,195.38,195.74,7899.0,195.659,73
2023-10-03 10:55:00-04:00,195.65,195.76,195.47,195.62,9672.0,195.626,81
2023-10-03 11:00:00-04:00,195.56,195.57,194.84,195.08,10980.0,195.159,81
2023-10-03 11:05:00-04:00,195.08,195.41,195.08,195.36,6351.0,195.266,59
2023-10-03 11:10:00-04:00,195.34,195.54,195.23,195.43,5458.0,195.398,47
2023-10-03 11:15:00-04:00,195.46,196.12,195.43,196.11,6177.0,195.802,56
2023-10-03 11:20:00-04:00,196.4,196.4,195.84,195.97,3527.0,196.046,26
2023-10-03 11:25:00-04:00,196.03,196.41,195.96,196.41,4291.0,196.235,33
2023-10-03 11:30:00-04:00,196.26,196.6,196.17,196.45,6815.0,196.349,61
2023-10-03 11:35:00-04:00,196.46,196.51,196.38,196.44,2562.0,196.444,24
2023-10-03 11:40:00-04:00,196.47,196.74,196.35,196.44,7343.0,196.602,67
2023-10-03 11:45:00-04:00,196.38,196.54,196.38,196.53,2757.0,196.494,16
2023-10-03 11:50:00-04:00,196.61,196.67,196.3,196.35,6587.0,196.496,46
2023-10-03 11:55:00-04:00,196.31,196.48,196.24,196.4,2579.0,196.322,24
2023-10-03 12:00:00-04:00,196.43,197.16,196.43,196.92,12857.0,196.919,30
2023-10-03 12:05:00-04:00,196.9,197.09,196.85,196.86,17309.0,196.966,65
2023-10-03 12:10:00-04:00,196.81,196.98,196.74,196.88,5761.0,196.856,33
2023-10-03 12:15:00-04:00,196.89,197.2,196.77,196.8,7489.0,196.989,59
2023-10-03 12:20:00-04:00,196.87,196.89,196.72,196.74,600.0,196.787,5
2023-10-03 12:25:00-04:00,196.88,197.04,196.71,197.01,8023.0,196.831,68
2023-10-03 12:30:00-04:00,196.96,197.21,196.82,196.82,3770.0,196.988,25
2023-10-03 12:35:00-04:00,196.68,196.68,196.44,196.45,1905.0,196.562,18
2023-10-03 12:40:00-04:00,196.45,196.68,196.44,196.55,3085.0,196.569,30
2023-10-03 12:45:00-04:00,196.54,196.8,196.52,196.74,1991.0,196.61,19
2023-10-03 12:50:00-04:00,196.69,196.71,196.53,196.62,3316.0,196.621,29
2023-10-03 12:55:00-04:00,196.45,196.77,196.4,196.62,3665.0,196.61,34
2023-10-03 13:00:00-04:00,196.68,196.86,196.65,196.78,3472.0,196.767,31
2023-10-03 13:05:00-04:00,196.79,196.79,196.46,196.47,3853.0,196.671,28
2023-10-03 13:10:00-04:00,196.48,196.52,196.24,196.39,3963.0,196.345,35
2023-10-03 13:15:00-04:00,196.39,196.39,196.15,196.19,3743.0,196.256,35
2023-10-03 13:20:00-04:00,196.18,196.33,196.08,196.27,5476.0,196.206,49
2023-10-03 13:25:00-04:00,196.2,196.36,196.12,196.16,3317.0,196.184,27
2023-10-03 13:30:00-04:00,196.16,196.16,195.97,196.07,1902.0,196.058,16
2023-10-03 13:35:00-04:00,196.03,196.08,195.92,196.08,3087.0,195.991,29
2023-10-03 13:40:00-04:00,196.09,196.15,195.96,195.97,2959.0,196.05,26
2023-10-03 13:45:00-04:00,195.97,195.98,195.6,195.6,3603.0,195.816,31
2023-10-03 13:50:00-04:00,195.64,195.65,195.5,195.59,3134.0,195.582,26
2023-10-03 13:55:00-04:00,195.67,195.7,195.56,195.57,3965.0,195.62,35
2023-10-03 14:00:00-04:00,195.63,195.73,195.33,195.33,3721.0,195.549,33
2023-10-03 14:05:00-04:00,195.33,195.36,195.14,195.3,4143.0,195.263,34
2023-10-03 14:10:00-04:00,195.33,195.47,195.3,195.47,2444.0,195.382,23
2023-10-03 14:15:00-04:00,195.42,195.63,195.41,195.63,615.0,195.539,6
2023-10-03 14:20:00-04:00,195.58,195.62,195.1,195.39,16076.0,195.246,98
2023-10-03 14:25:00-04:00,195.41,195.47,195.12,195.23,3573.0,195.326,35
2023-10-03 14:30:00-04:00,195.31,195.45,195.31,195.45,1720.0,195.376,16
2023-10-03 14:35:00-04:00,195.45,195.51,195.33,195.49,3325.0,195.418,32
2023-10-03 14:40:00-04:00,195.48,195.64,195.48,195.55,2914.0,195.543,29
2023-10-03 14:45:00-04:00,195.55,196.1,195.55,196.08,4651.0,195.897,41
2023-10-03 14:50:00-04:00,196.12,196.24,195.98,196.07,4061.0,196.115,37
2023-10-03 14:55:00-04:00,196.09,196.2,195.98,196.03,4578.0,196.051,44
2023-10-03 15:00:00-04:00,196.12,196.27,196.0,196.22,3086.0,196.137,30
2023-10-03 15:05:00-04:00,196.16,196.16,196.0,196.14,2923.0,196.061,29
2023-10-03 15:10:00-04:00,196.14,196.14,195.84,195.84,2917.0,195.978,28
2023-10-03 15:15:00-04:00,195.87,196.07,195.86,196.01,3616.0,195.961,35
2023-10-03 15:20:00-04:00,196.03,196.29,195.97,196.15,3192.0,196.154,31
2023-10-03 15:25:00-04:00,196.19,196.37,196.06,196.27,5659.0,196.18,51
2023-10-03 15:30:00-04:00,196.31,196.39,196.06,196.33,5570.0,196.215,52
2023-10-03 15:35:00-04:00,196.39,196.61,196.23,196.61,6469.0,196.428,59
2023-10-03 15:40:00-04:00,196.59,196.85,196.46,196.77,13439.0,196.6,116
2023-10-03 15:45:00-04:00,196.77,196.83,196.54,196.56,16614.0,196.654,141
2023-10-03 15:50:00-04:00,196.55,196.73,196.33,196.33,29742.0,196.503,252
2023-10-03 15:55:00-04:00,196.33,196.48,196.04,196.25,85019.0,196.257,616
2023-10-04 09:30:00-04:00,196.96,197.78,196.95,197.03,12845.0,196.98,10
2023-10-04 09:35:00-04:00,197.25,197.25,197.25,197.25,100.0,197.25,1
2023-10-04 09:40:00-04:00,198.05,198.73,198.05,198.31,4517.0,198.357,44
2023-10-04 09:45:00-04:00,198.36,198.51,197.37,197.69,3689.0,197.949,31
2023-10-04 09:50:00-04:00,197.67,198.64,197.41,198.5,25750.0,197.901,94
2023-10-04 09:55:00-04:00,198.34,198.8,198.16,198.16,11854.0,198.498,101
2023-10-04 10:00:00-04:00,198.16,198.16,197.89,198.12,4341.0,198.065,42
2023-10-04 10:05:00-04:00,198.08,198.36,197.99,198.12,5133.0,198.159,41
2023-10-04 10:10:00-04:00,198.22,198.68,198.22,198.58,5178.0,198.464,42
2023-10-04 10:15:00-04:00,198.45,198.48,198.15,198.44,16037.0,198.408,51
2023-10-04 10:20:00-04:00,198.33,198.4,196.73,196.86,14723.0,197.724,42
2023-10-04 10:25:00-04:00,196.81,196.81,196.47,196.64,1224.0,196.643,12
2023-10-04 10:30:00-04:00,196.54,197.02,196.54,197.02,3539.0,196.888,26
2023-10-04 10:35:00-04:00,197.21,197.36,197.05,197.1,3196.0,197.191,30
2023-10-04 10:40:00-04:00,197.1,197.31,196.97,196.98,2141.0,197.172,20
2023-10-04 10:45:00-04:00,197.02,197.02,196.31,196.39,3396.0,196.598,25
2023-10-04 10:50:00-04:00,196.41,196.63,196.23,196.23,2010.0,196.492,18
2023-10-04 10:55:00-04:00,196.33,196.44,196.24,196.4,3137.0,196.342,28
2023-10-04 11:00:00-04:00,196.42,197.26,196.42,197.15,11365.0,196.924,75
2023-10-04 11:05:00-04:00,197.15,197.89,197.06,197.28,21365.0,197.317,179
2023-10-04 11:10:00-04:00,197.31,197.44,197.1,197.28,20303.0,197.349,43
2023-10-04 11:15:00-04:00,197.28,197.62,197.19,197.62,4908.0,197.334,42
2023-10-04 11:20:00-04:00,197.68,197.74,197.15,197.15,7094.0,197.635,35
2023-10-04 11:25:00-04:00,197.42,197.8,197.26,197.72,2000.0,197.594,20
2023-10-04 11:30:00-04:00,197.7,197.79,197.51,197.77,3917.0,197.639,38
2023-10-04 11:35:00-04:00,197.8,197.88,197.46,197.8,3561.0,197.648,28
2023-10-04 11:40:00-04:00,197.64,197.65,197.39,197.47,1782.0,197.529,17
2023-10-04 11:45:00-04:00,197.57,198.4,197.57,198.39,3138.0,197.963,29
2023-10-04 11:50:00-04:00,198.39,198.7,198.23,198.7,2336.0,198.378,21
2023-10-04 11:55:00-04:00,198.67,198.91,198.56,198.88,4171.0,198.735,39
2023-10-04 12:00:00-04:00,198.92,198.92,198.57,198.65,4138.0,198.663,41
2023-10-04 12:05:00-04:00,198.63,198.82,198.63,198.81,1902.0,198.783,13
2023-10-04 12:10:00-04:00,198.9,198.94,198.62,198.71,4657.0,198.795,36
2023-10-04 12:15:00-04:00,198.58,198.99,198.58,198.99,1727.0,198.719,16
2023-10-04 12:20:00-04:00,199.12,199.15,198.8,198.88,5880.0,199.006,45
2023-10-04 12:25:00-04:00,198.86,199.0,198.86,199.0,1752.0,198.963,16
2023-10-04 12:30:00-04:00,199.18,199.52,199.01,199.44,6883.0,199.273,66
2023-10-04 12:35:00-04:00,199.36,199.48,199.21,199.43,2927.0,199.332,25
2023-10-04 12:40:00-04:00,199.36,199.48,199.24,199.37,3331.0,199.342,27
2023-10-04 12:45:00-04:00,199.33,199.46,199.24,199.35,6421.0,199.333,13
2023-10-04 12:50:00-04:00,199.42,199.42,199.14,199.14,2006.0,199.304,20
2023-10-04 12:55:00-04:00,199.23,199.45,199.18,199.43,3900.0,199.312,38
2023-10-04 13:00:00-04:00,199.37,199.37,198.95,198.98,1945.0,199.15,18
2023-10-04 13:05:00-04:00,199.02,199.23,199.02,199.14,3764.0,199.109,16
2023-10-04 13:10:00-04:00,199.15,199.2,198.99,198.99,4444.0,199.107,24
2023-10-04 13:15:00-04:00,198.94,199.08,198.87,198.99,1100.0,198.99,11
2023-10-04 13:20:00-04:00,199.04,199.17,198.96,199.02,1405.0,199.067,14
2023-10-04 13:25:00-04:00,198.91,199.13,198.9,199.1,6562.0,199.107,16
2023-10-04 13:30:00-04:00,199.02,199.17,198.95,199.17,2725.0,199.038,24
2023-10-04 13:35:00-04:00,199.18,199.21,199.12,199.19,1400.0,199.16,13
2023-10-04 13:40:00-04:00,199.25,199.28,199.09,199.18,2540.0,199.17,25
2023-10-04 13:45:00-04:00,199.1,199.2,199.07,199.2,2000.0,199.115,20
2023-10-04 13:50:00-04:00,199.22,199.22,198.91,198.94,2050.0,199.075,19
2023-10-04 13:55:00-04:00,198.86,199.1,198.86,199.08,907.0,198.988,9
2023-10-04 14:00:00-04:00,199.12,199.12,198.83,198.9,1307.0,198.964,13
2023-10-04 14:05:00-04:00,198.99,199.01,198.93,199.0,2961.0,198.986,25
2023-10-04 14:10:00-04:00,199.0,199.09,198.86,199.06,5501.0,198.989,30
2023-10-04 14:15:00-04:00,199.15,199.15,198.9,199.01,2081.0,199.014,19
2023-10-04 14:20:00-04:00,198.92,198.93,198.32,198.32,3306.0,198.803,19
2023-10-04 14:25:00-04:00,198.44,198.64,198.36,198.59,11298.0,198.463,11
2023-10-04 14:30:00-04:00,198.63,198.85,198.53,198.53,4207.0,198.724,35
2023-10-04 14:35:00-04:00,198.51,198.87,198.51,198.86,1442.0,198.698,14
2023-10-04 14:40:00-04:00,198.81,198.95,198.78,198.9,1625.0,198.885,14
2023-10-04 14:45:00-04:00,198.99,199.0,198.88,198.93,1300.0,198.942,13
2023-10-04 14:50:00-04:00,198.87,199.09,198.85,199.02,1816.0,198.99,15
2023-10-04 14:55:00-04:00,199.21,199.45,199.13,199.34,3657.0,199.303,35
2023-10-04 15:00:00-04:00,199.39,199.5,199.33,199.46,3647.0,199.415,35
2023-10-04 15:05:00-04:00,199.47,199.8,199.37,199.8,6496.0,199.521,47
2023-10-04 15:10:00-04:00,199.8,200.04,199.8,200.0,3152.0,199.932,29
2023-10-04 15:15:00-04:00,199.88,200.34,199.86,200.25,8510.0,200.053,70
2023-10-04 15:20:00-04:00,200.18,200.39,200.15,200.38,9049.0,200.267,86
2023-10-04 15:25:00-04:00,200.32,200.46,200.27,200.46,33454.0,200.318,108
2023-10-04 15:30:00-04:00,200.48,200.84,200.48,200.83,16862.0,200.691,153
2023-10-04 15:35:00-04:00,200.84,201.19,200.81,200.91,18798.0,201.051,165
2023-10-04 15:40:00-04:00,200.89,200.92,200.51,200.56,12422.0,200.663,110
2023-10-04 15:45:00-04:00,200.59,200.81,200.52,200.67,12221.0,200.697,113
2023-10-04 15:50:00-04:00,200.67,200.67,200.2,200.59,20736.0,200.484,172
2023-10-04 15:55:00-04:00,200.6,200.64,200.25,200.32,66157.0,200.424,480
2023-10-05 09:30:00-04:00,201.98,202.18,200.76,200.76,18334.0,201.455,19
2023-10-05 09:35:00-04:00,201.1,201.49,200.25,200.25,8462.0,200.827,69
2023-10-05 09:40:00-04:00,200.25,200.3,199.93,200.14,4604.0,200.127,40
2023-10-05 09:45:00-04:00,200.13,200.28,199.74,199.91,7851.0,200.036,65
2023-10-05 09:50:00-04:00,199.95,200.34,199.92,200.25,5789.0,200.188,53
2023-10-05 09:55:00-04:00,200.54,200.66,200.3,200.42,2100.0,200.506,20
2023-10-05 10:00:00-04:00,200.54,200.63,200.02,200.41,14292.0,200.47,46
2023-10-05 10:05:00-04:00,200.29,200.52,200.14,200.36,3386.0,200.307,33
2023-10-05 10:10:00-04:00,200.46,200.76,200.34,200.74,3453.0,200.579,33
2023-10-05 10:15:00-04:00,200.68,201.0,200.14,201.0,3913.0,200.562,36
2023-10-05 10:20:00-04:00,201.07,201.22,200.73,200.75,3658.0,201.047,35
2023-10-05 10:25:00-04:00,200.82,200.96,200.61,200.73,2800.0,200.806,26
2023-10-05 10:30:00-04:00,200.56,201.05,200.56,200.85,3158.0,200.771,29
2023-10-05 10:35:00-04:00,200.74,200.74,200.1,200.11,2008.0,200.442,20
2023-10-05 10:40:00-04:00,200.04,200.04,199.6,199.73,3394.0,199.79,31
2023-10-05 10:45:00-04:00,199.66,199.96,199.61,199.74,2549.0,199.792,25
2023-10-05 10:50:00-04:00,199.78,200.12,199.73,199.92,5085.0,199.935,43
2023-10-05 10:55:00-04:00,199.95,200.06,199.81,200.06,3631.0,199.912,35
2023-10-05 11:00:00-04:00,199.99,200.1,199.82,199.82,2831.0,199.918,27
2023-10-05 11:05:00-04:00,199.82,200.0,199.8,199.9,5545.0,199.842,52
2023-10-05 11:10:00-04:00,199.88,200.0,199.8,199.9,2738.0,199.886,27
2023-10-05 11:15:00-04:00,199.9,199.97,199.43,199.44,37348.0,199.647,325
2023-10-05 11:20:00-04:00,199.44,199.91,199.44,199.86,6929.0,199.74,65
2023-10-05 11:25:00-04:00,199.82,199.89,199.54,199.74,12735.0,199.773,120
2023-10-05 11:30:00-04:00,199.74,200.29,199.73,200.28,6466.0,199.952,63
2023-10-05 11:35:00-04:00,200.31,200.44,200.14,200.42,7511.0,200.288,69
2023-10-05 11:40:00-04:00,200.25,200.33,199.93,199.98,7624.0,200.168,31
2023-10-05 11:45:00-04:00,199.91,200.06,199.76,199.82,2994.0,199.918,27
2023-10-05 11:50:00-04:00,199.82,200.04,199.58,200.0,6226.0,199.845,61
2023-10-05 11:55:00-04:00,200.03,200.05,199.62,199.62,3300.0,199.851,33
2023-10-05 12:00:00-04:00,199.58,200.1,199.58,200.1,3659.0,199.862,30
2023-10-05 12:05:00-04:00,200.12,200.23,199.86,199.94,3433.0,200.058,34
2023-10-05 12:10:00-04:00,199.99,200.21,199.99,200.15,2400.0,200.114,24
2023-10-05 12:15:00-04:00,200.23,200.23,200.0,200.12,4138.0,200.133,41
2023-10-05 12:20:00-04:00,200.16,200.5,200.15,200.45,2650.0,200.369,25
2023-10-05 12:25:00-04:00,200.54,200.94,200.51,200.89,4753.0,200.766,41
2023-10-05 12:30:00-04:00,200.98,201.0,200.76,200.76,3130.0,200.916,26
2023-10-05 12:35:00-04:00,200.73,200.9,200.72,200.72,1823.0,200.763,17
2023-10-05 12:40:00-04:00,200.71,200.74,200.61,200.74,3093.0,200.667,25
2023-10-05 12:45:00-04:00,200.63,200.63,200.43,200.43,1600.0,200.551,16
2023-10-05 12:50:00-04:00,200.51,200.64,200.43,200.49,4485.0,200.532,42
2023-10-05 12:55:00-04:00,200.52,200.52,200.17,200.22,2518.0,200.346,24
2023-10-05 13:00:00-04:00,200.18,200.27,199.95,199.99,2002.0,200.112,20
2023-10-05 13:05:00-04:00,200.03,200.03,199.74,199.74,1889.0,199.913,18
2023-10-05 13:10:00-04:00,199.75,200.3,199.75,200.3,3397.0,199.948,31
2023-10-05 13:15:00-04:00,200.28,200.3,200.06,200.14,2090.0,200.191,20
2023-10-05 13:20:00-04:00,200.04,200.23,200.0,200.12,13410.0,200.028,35
2023-10-05 13:25:00-04:00,200.13,200.32,200.1,200.32,1303.0,200.219,10
2023-10-05 13:30:00-04:00,200.46,200.53,199.96,200.53,5500.0,200.273,51
2023-10-05 13:35:00-04:00,200.6,200.91,200.6,200.76,2013.0,200.786,20
2023-10-05 13:40:00-04:00,200.74,200.86,200.62,200.77,3746.0,200.729,36
2023-10-05 13:45:00-04:00,200.84,200.84,200.5,200.65,3985.0,200.761,37
2023-10-05 13:50:00-04:00,200.65,200.71,200.48,200.49,2736.0,200.615,24
2023-10-05 13:55:00-04:00,200.47,200.77,200.44,200.77,2400.0,200.56,24
2023-10-05 14:00:00-04:00,200.79,201.03,200.78,201.03,4600.0,200.894,46
2023-10-05 14:05:00-04:00,200.99,201.04,200.9,200.94,1600.0,200.955,16
2023-10-05 14:10:00-04:00,200.85,200.87,200.71,200.74,2713.0,200.797,26
2023-10-05 14:15:00-04:00,200.86,200.9,200.8,200.82,932.0,200.861,8
2023-10-05 14:20:00-04:00,200.79,200.8,200.58,200.73,3902.0,200.693,39
2023-10-05 14:25:00-04:00,200.73,200.73,200.58,200.71,2915.0,200.649,29
2023-10-05 14:30:00-04:00,200.78,200.91,200.7,200.8,4181.0,200.792,40
2023-10-05 14:35:00-04:00,200.87,201.12,200.79,201.08,3750.0,200.955,34
2023-10-05 14:40:00-04:00,201.08,201.13,200.87,200.95,3026.0,201.019,30
2023-10-05 14:45:00-04:00,200.88,201.04,200.88,201.0,3648.0,200.964,34
2023-10-05 14:50:00-04:00,201.0,201.14,200.99,201.09,7998.0,201.068,75
2023-10-05 14:55:00-04:00,201.06,201.15,200.98,201.14,5959.0,201.054,55
2023-10-05 15:00:00-04:00,201.08,201.19,200.97,201.05,10598.0,201.047,98
2023-10-05 15:05:00-04:00,201.04,201.16,200.99,201.16,10132.0,201.026,85
2023-10-05 15:10:00-04:00,201.14,201.14,200.95,201.12,13093.0,201.022,121
2023-10-05 15:15:00-04:00,201.09,201.2,200.97,201.08,7211.0,201.063,71
2023-10-05 15:20:00-04:00,201.05,201.09,200.98,201.09,10608.0,201.02,92
2023-10-05 15:25:00-04:00,201.12,201.31,201.02,201.09,9312.0,201.182,83
2023-10-05 15:30:00-04:00,201.14,201.18,200.99,201.03,8549.0,201.088,82
2023-10-05 15:35:00-04:00,201.0,201.17,200.98,201.07,12990.0,201.033,124
2023-10-05 15:40:00-04:00,201.04,201.16,201.03,201.13,9801.0,201.101,94
2023-10-05 15:45:00-04:00,201.09,201.39,200.99,201.27,17762.0,201.194,169
2023-10-05 15:50:00-04:00,201.36,201.56,200.96,200.97,28250.0,201.056,228
2023-10-05 15:55:00-04:00,200.97,201.15,200.68,200.91,67612.0,200.922,503
2023-10-06 09:30:00-04:00,198.72,199.93,198.72,199.43,18992.0,198.834,30
2023-10-06 09:35:00-04:00,199.21,199.8,199.0,199.33,5137.0,199.461,48
2023-10-06 09:40:00-04:00,198.8,199.66,198.58,199.23,4592.0,199.17,42
2023-10-06 09:45:00-04:00,199.42,200.12,198.97,198.97,4149.0,199.619,40
2023-10-06 09:50:00-04:00,198.97,199.96,198.8,199.88,8494.0,199.568,70
2023-10-06 09:55:00-04:00,199.89,199.92,199.07,199.88,7520.0,199.512,63
2023-10-06 10:00:00-04:00,199.57,199.57,198.93,199.43,12047.0,199.156,98
2023-10-06 10:05:00-04:00,199.33,199.51,198.89,199.13,7815.0,199.19,63
2023-10-06 10:10:00-04:00,199.13,199.47,199.1,199.34,11188.0,199.238,53
2023-10-06 10:15:00-04:00,199.2,199.41,199.12,199.26,4043.0,199.226,32
2023-10-06 10:20:00-04:00,199.14,200.35,198.98,200.32,9868.0,199.657,85
2023-10-06 10:25:00-04:00,200.47,200.74,200.4,200.72,6809.0,200.533,61
2023-10-06 10:30:00-04:00,200.89,201.13,200.77,201.0,15006.0,200.95,85
2023-10-06 10:35:00-04:00,201.11,202.02,201.07,201.9,21196.0,201.441,177
2023-10-06 10:40:00-04:00,201.99,202.03,201.39,201.69,4673.0,201.731,41
2023-10-06 10:45:00-04:00,201.5,202.08,201.5,201.91,6566.0,201.824,46
2023-10-06 10:50:00-04:00,201.86,201.93,201.44,201.45,3367.0,201.723,31
2023-10-06 10:55:00-04:00,201.48,201.7,201.31,201.7,5882.0,201.441,49
2023-10-06 11:00:00-04:00,201.66,201.75,201.43,201.73,4655.0,201.576,37
2023-10-06 11:05:00-04:00,201.84,201.92,201.52,201.92,4095.0,201.739,33
2023-10-06 11:10:00-04:00,201.85,202.13,201.73,201.76,4583.0,201.929,43
2023-10-06 11:15:00-04:00,201.77,201.81,201.45,201.73,5743.0,201.646,47
2023-10-06 11:20:00-04:00,201.57,201.99,201.5,201.96,4136.0,201.727,38
2023-10-06 11:25:00-04:00,201.96,202.55,201.85,202.35,3115.0,202.174,30
2023-10-06 11:30:00-04:00,202.48,202.89,202.48,202.79,1878.0,202.621,18
2023-10-06 11:35:00-04:00,202.82,203.07,202.72,203.06,3934.0,202.967,19
2023-10-06 11:40:00-04:00,203.03,203.68,203.03,203.48,3887.0,203.443,28
2023-10-06 11:45:00-04:00,203.38,203.77,203.16,203.77,5414.0,203.456,48
2023-10-06 11:50:00-04:00,203.54,203.84,203.53,203.84,1500.0,203.68,13
2023-10-06 11:55:00-04:00,203.95,204.32,203.93,204.28,2208.0,204.172,22
2023-10-06 12:00:00-04:00,204.35,204.35,203.93,203.98,5511.0,204.187,53
2023-10-06 12:05:00-04:00,203.94,204.19,203.75,204.03,4945.0,203.995,46
2023-10-06 12:10:00-04:00,204.03,204.03,203.71,203.82,2186.0,203.858,17
2023-10-06 12:15:00-04:00,203.74,203.9,203.74,203.83,1328.0,203.843,12
2023-10-06 12:20:00-04:00,203.84,203.84,203.46,203.56,5060.0,203.607,45
2023-10-06 12:25:00-04:00,203.5,203.75,203.5,203.66,2015.0,203.624,17
2023-10-06 12:30:00-04:00,203.5,203.56,203.25,203.26,1947.0,203.435,18
2023-10-06 12:35:00-04:00,203.38,203.4,203.25,203.4,900.0,203.356,9
2023-10-06 12:40:00-04:00,203.38,203.62,203.2,203.62,3586.0,203.449,31
2023-10-06 12:45:00-04:00,203.65,203.65,203.48,203.54,1202.0,203.533,12
2023-10-06 12:50:00-04:00,203.47,203.51,203.11,203.11,4589.0,203.284,16
2023-10-06 12:55:00-04:00,203.32,203.38,203.2,203.31,1843.0,203.303,18
2023-10-06 13:00:00-04:00,203.36,203.36,203.1,203.2,2771.0,203.229,25
2023-10-06 13:05:00-04:00,203.26,203.37,203.17,203.37,3774.0,203.247,27
2023-10-06 13:10:00-04:00,203.24,203.79,203.24,203.79,7174.0,203.45,63
2023-10-06 13:15:00-04:00,203.77,204.07,203.76,204.06,2863.0,203.935,26
2023-10-06 13:20:00-04:00,204.19,204.33,204.06,204.09,7862.0,204.161,72
2023-10-06 13:25:00-04:00,204.13,204.2,204.06,204.17,4317.0,204.139,40
2023-10-06 13:30:00-04:00,204.2,204.49,204.19,204.49,3037.0,204.343,28
2023-10-06 13:35:00-04:00,204.47,204.71,204.39,204.71,23465.0,204.469,42
2023-10-06 13:40:00-04:00,204.71,205.16,204.71,205.09,26365.0,204.903,219
2023-10-06 13:45:00-04:00,205.05,205.3,205.05,205.22,11110.0,205.178,66
2023-10-06 13:50:00-04:00,205.27,205.42,205.12,205.38,5696.0,205.261,46
2023-10-06 13:55:00-04:00,205.24,205.43,205.2,205.38,3784.0,205.3,36
2023-10-06 14:00:00-04:00,205.37,205.43,205.03,205.3,7757.0,205.297,47
2023-10-06 14:05:00-04:00,205.08,205.22,204.91,205.22,4634.0,205.033,37
2023-10-06 14:10:00-04:00,205.17,205.26,204.96,204.96,3539.0,205.148,35
2023-10-06 14:15:00-04:00,204.94,205.13,204.88,205.13,6687.0,204.987,45
2023-10-06 14:20:00-04:00,205.09,205.47,205.08,205.46,7297.0,205.279,64
2023-10-06 14:25:00-04:00,205.46,205.73,205.45,205.52,6394.0,205.628,60
2023-10-06 14:30:00-04:00,205.58,205.67,205.46,205.54,4868.0,205.539,46
2023-10-06 14:35:00-04:00,205.56,205.78,205.46,205.67,3035.0,205.642,29
2023-10-06 14:40:00-04:00,205.62,205.81,205.61,205.63,2776.0,205.709,25
2023-10-06 14:45:00-04:00,205.71,205.84,205.61,205.62,2021.0,205.713,18
2023-10-06 14:50:00-04:00,205.48,205.58,205.33,205.49,2014.0,205.496,19
2023-10-06 14:55:00-04:00,205.45,205.46,205.27,205.28,4387.0,205.373,32
2023-10-06 15:00:00-04:00,205.31,205.31,204.91,205.0,1400.0,205.062,14
2023-10-06 15:05:00-04:00,204.99,205.45,204.99,205.4,3729.0,205.264,36
2023-10-06 15:10:00-04:00,205.29,205.41,205.04,205.09,2487.0,205.204,19
2023-10-06 15:15:00-04:00,205.17,205.19,204.74,204.79,7137.0,204.977,41
2023-10-06 15:20:00-04:00,204.77,205.2,204.76,205.2,33181.0,204.987,80
2023-10-06 15:25:00-04:00,205.05,205.16,204.97,205.05,2506.0,205.082,23
2023-10-06 15:30:00-04:00,205.04,205.14,204.85,204.86,8146.0,205.0,73
2023-10-06 15:35:00-04:00,204.86,205.35,204.86,205.35,20482.0,205.171,150
2023-10-06 15:40:00-04:00,205.39,205.39,204.97,204.97,5707.0,205.118,50
2023-10-06 15:45:00-04:00,205.0,205.06,204.57,204.62,8122.0,204.814,70
2023-10-06 15:50:00-04:00,204.57,204.82,204.13,204.16,22959.0,204.338,200
2023-10-06 15:55:00-04:00,204.11,204.4,204.11,204.29,51257.0,204.285,417
2023-10-09 09:30:00-04:00,203.3,203.3,201.87,201.87,10224.0,203.213,11
2023-10-09 09:35:00-04:00,201.91,202.87,201.91,202.57,1940.0,202.305,19
2023-10-09 09:40:00-04:00,202.44,202.51,201.96,202.31,1725.0,202.338,15
2023-10-10 09:30:00-04:00,204.84,204.94,204.84,204.92,6558.0,204.846,4
2023-10-10 09:35:00-04:00,204.92,206.61,204.56,206.61,9604.0,205.761,75
2023-10-10 09:40:00-04:00,206.3,206.31,205.32,205.52,9866.0,205.96,62
2023-10-10 09:45:00-04:00,205.5,206.33,205.48,206.33,1800.0,205.785,18
2023-10-10 09:50:00-04:00,206.36,206.55,206.04,206.35,2690.0,206.324,25
2023-10-10 09:55:00-04:00,206.4,207.34,206.19,207.31,4210.0,206.716,35
2023-10-10 10:00:00-04:00,207.16,207.35,206.61,207.0,11918.0,207.11,48
2023-10-10 10:05:00-04:00,207.13,207.28,206.97,207.24,7705.0,207.158,24
2023-10-10 10:10:00-04:00,207.32,207.69,207.2,207.59,3729.0,207.388,31
2023-10-10 10:15:00-04:00,207.74,207.91,207.65,207.69,6923.0,207.779,51
2023-10-10 10:20:00-04:00,207.82,208.0,207.6,207.64,4839.0,207.802,40
2023-10-10 10:25:00-04:00,207.76,207.9,207.63,207.78,1706.0,207.75,16
2023-10-10 10:30:00-04:00,207.8,207.98,207.63,207.98,2864.0,207.727,19
2023-10-10 10:35:00-04:00,207.82,207.93,207.65,207.92,2854.0,207.796,25
2023-10-10 10:40:00-04:00,207.82,207.94,207.17,207.18,3486.0,207.669,30
2023-10-10 10:45:00-04:00,207.18,207.44,207.06,207.36,2300.0,207.278,21
2023-10-10 10:50:00-04:00,207.37,207.42,206.93,206.94,3813.0,207.28,29
2023-10-10 10:55:00-04:00,206.93,207.09,206.6,207.09,12037.0,206.853,90
2023-10-10 11:00:00-04:00,206.99,207.1,206.88,207.0,2667.0,206.986,21
2023-10-10 11:05:00-04:00,207.0,207.25,206.89,207.03,11086.0,207.031,71
2023-10-10 11:10:00-04:00,207.12,207.32,207.12,207.24,3100.0,207.228,31
2023-10-10 11:15:00-04:00,207.24,207.49,207.23,207.46,8761.0,207.36,73
2023-10-10 11:20:00-04:00,207.36,207.38,207.14,207.37,4814.0,207.264,39
2023-10-10 11:25:00-04:00,207.41,207.87,207.25,207.83,27628.0,207.31,33
2023-10-10 11:30:00-04:00,207.84,208.0,207.66,208.0,9298.0,207.802,69
2023-10-10 11:35:00-04:00,207.91,208.2,207.9,208.02,3421.0,208.04,31
2023-10-10 11:40:00-04:00,207.99,208.13,207.76,207.76,3366.0,207.985,25
2023-10-10 11:45:00-04:00,207.8,208.37,207.77,208.37,5755.0,208.041,54
2023-10-10 11:50:00-04:00,208.28,208.59,208.18,208.37,7030.0,208.288,47
2023-10-10 11:55:00-04:00,208.34,208.53,208.34,208.53,2628.0,208.408,21
2023-10-10 12:00:00-04:00,208.51,208.8,208.45,208.46,7784.0,208.641,53
2023-10-10 12:05:00-04:00,208.52,208.66,208.42,208.61,6014.0,208.547,26
2023-10-10 12:10:00-04:00,208.65,208.65,208.52,208.52,2014.0,208.586,20
2023-10-10 12:15:00-04:00,208.51,208.66,208.49,208.61,2200.0,208.588,21
2023-10-10 12:20:00-04:00,208.66,208.66,208.53,208.56,5044.0,208.577,38
2023-10-10 12:25:00-04:00,208.52,208.7,208.47,208.7,2304.0,208.57,23
2023-10-10 12:30:00-04:00,208.74,208.84,208.73,208.74,800.0,208.774,8
2023-10-10 12:35:00-04:00,208.76,208.78,208.49,208.55,1700.0,208.598,17
2023-10-10 12:40:00-04:00,208.45,208.67,208.44,208.67,2517.0,208.533,25
2023-10-10 12:45:00-04:00,208.64,208.87,208.61,208.78,4471.0,208.738,31
2023-10-10 12:50:00-04:00,208.84,208.87,208.74,208.84,3389.0,208.804,29
2023-10-10 12:55:00-04:00,208.81,209.01,208.79,209.01,3902.0,208.911,32
2023-10-10 13:00:00-04:00,209.01,209.07,208.41,208.41,6785.0,208.813,64
2023-10-10 13:05:00-04:00,208.43,208.66,208.32,208.36,13206.0,208.494,92
2023-10-10 13:10:00-04:00,208.46,208.56,208.2,208.28,12957.0,208.357,101
2023-10-10 13:15:00-04:00,208.23,208.42,208.11,208.27,8990.0,208.278,83
2023-10-10 13:20:00-04:00,208.36,208.6,208.36,208.56,5485.0,208.473,49
2023-10-10 13:25:00-04:00,208.64,208.72,208.6,208.72,2188.0,208.636,18
2023-10-10 13:30:00-04:00,208.78,208.83,208.58,208.83,8258.0,208.665,54
2023-10-10 13:35:00-04:00,208.74,208.74,208.49,208.6,6123.0,208.57,37
2023-10-10 13:40:00-04:00,208.63,208.84,208.55,208.81,2477.0,208.723,21
2023-10-10 13:45:00-04:00,208.7,208.89,208.63,208.83,3847.0,208.759,32
2023-10-10 13:50:00-04:00,208.67,208.87,208.62,208.83,5562.0,208.758,34
2023-10-10 13:55:00-04:00,208.85,209.05,208.85,208.94,3057.0,208.946,27
2023-10-10 14:00:00-04:00,208.94,209.07,208.86,208.94,4205.0,208.959,40
2023-10-10 14:05:00-04:00,208.86,208.94,208.75,208.75,3302.0,208.829,32
2023-10-10 14:10:00-04:00,208.71,209.2,208.71,208.82,17219.0,208.984,156
2023-10-10 14:15:00-04:00,208.75,208.77,208.45,208.74,6795.0,208.525,50
2023-10-10 14:20:00-04:00,208.75,208.85,208.62,208.75,2320.0,208.736,23
2023-10-10 14:25:00-04:00,208.61,209.02,208.53,208.83,8573.0,208.831,53
2023-10-10 14:30:00-04:00,208.76,208.96,208.76,208.85,2200.0,208.882,22
2023-10-10 14:35:00-04:00,208.89,208.96,208.68,208.84,4820.0,208.812,44
2023-10-10 14:40:00-04:00,208.77,208.83,208.71,208.75,2823.0,208.762,24
2023-10-10 14:45:00-04:00,208.85,209.04,208.81,208.81,7207.0,208.902,57
2023-10-10 14:50:00-04:00,208.59,208.6,208.18,208.32,7501.0,208.438,69
2023-10-10 14:55:00-04:00,208.17,208.36,208.11,208.18,8457.0,208.277,68
2023-10-10 15:00:00-04:00,208.18,208.49,208.18,208.49,6639.0,208.284,48
2023-10-10 15:05:00-04:00,208.41,208.61,208.41,208.55,4400.0,208.509,41
2023-10-10 15:10:00-04:00,208.51,208.6,208.41,208.42,11987.0,208.486,113
2023-10-10 15:15:00-04:00,208.45,208.53,208.27,208.28,17057.0,208.42,145
2023-10-10 15:20:00-04:00,208.26,208.36,208.18,208.27,15444.0,208.308,123
2023-10-10 15:25:00-04:00,208.36,208.55,208.26,208.52,7235.0,208.438,60
2023-10-10 15:30:00-04:00,208.47,208.62,208.45,208.58,5933.0,208.558,51
2023-10-10 15:35:00-04:00,208.59,208.64,208.47,208.58,12351.0,208.537,99
2023-10-10 15:40:00-04:00,208.59,208.63,208.45,208.57,12528.0,208.56,96
2023-10-10 15:45:00-04:00,208.62,208.66,208.48,208.61,8976.0,208.574,79
2023-10-10 15:50:00-04:00,208.65,208.67,208.48,208.52,33450.0,208.544,261
2023-10-10 15:55:00-04:00,208.57,208.69,208.48,208.63,82036.0,208.553,573
2023-10-11 09:30:00-04:00,208.3,209.4,208.3,209.31,10423.0,208.494,30
2023-10-11 09:35:00-04:00,209.28,209.78,209.12,209.62,3451.0,209.466,34
2023-10-11 09:40:00-04:00,209.72,209.72,209.01,209.47,2722.0,209.322,25
2023-10-11 09:45:00-04:00,209.42,209.6,209.09,209.09,4921.0,209.28,22
2023-10-11 09:50:00-04:00,209.1,209.35,208.89,209.1,3136.0,209.093,31
2023-10-11 09:55:00-04:00,209.09,209.22,208.83,208.95,14581.0,208.948,52
2023-10-11 10:00:00-04:00,208.97,208.97,208.47,208.92,13327.0,208.697,35
2023-10-11 10:05:00-04:00,208.95,209.0,208.7,208.84,2317.0,208.878,19
2023-10-11 10:10:00-04:00,208.95,208.97,208.62,208.83,6984.0,208.76,29
2023-10-11 10:15:00-04:00,208.82,208.91,208.61,208.81,3865.0,208.788,37
2023-10-11 10:20:00-04:00,208.8,209.04,208.72,208.72,5602.0,208.91,51
2023-10-11 10:25:00-04:00,208.75,208.96,208.55,208.78,31289.0,208.868,96
2023-10-11 10:30:00-04:00,208.78,209.15,208.7,209.05,2651.0,208.959,24
2023-10-11 10:35:00-04:00,208.88,209.01,208.68,208.68,1868.0,208.884,18
2023-10-11 10:40:00-04:00,208.81,209.07,208.81,208.9,3898.0,208.949,37
2023-10-11 10:45:00-04:00,208.9,209.02,208.78,208.85,1812.0,208.89,18
2023-10-11 10:50:00-04:00,208.89,209.1,208.88,209.07,3987.0,209.026,39
2023-10-11 10:55:00-04:00,209.1,209.39,209.02,209.33,2411.0,209.182,23
2023-10-11 11:00:00-04:00,209.39,209.61,209.32,209.32,2600.0,209.522,26
2023-10-11 11:05:00-04:00,209.32,209.36,209.17,209.27,3380.0,209.28,30
2023-10-11 11:10:00-04:00,209.33,209.33,208.91,208.91,1500.0,209.13,15
2023-10-11 11:15:00-04:00,208.82,209.03,208.76,208.84,6452.0,208.902,46
2023-10-11 11:20:00-04:00,208.84,209.28,208.77,209.28,7307.0,209.013,52
2023-10-11 11:25:00-04:00,209.25,209.85,209.18,209.74,24347.0,209.502,125
2023-10-11 11:30:00-04:00,209.71,210.12,209.71,209.88,10896.0,209.948,51
2023-10-11 11:35:00-04:00,209.91,210.03,209.65,209.65,1000.0,209.914,10
2023-10-11 11:40:00-04:00,209.78,209.78,209.41,209.41,1656.0,209.675,12
2023-10-11 11:45:00-04:00,209.62,209.84,209.62,209.62,3486.0,209.794,15
2023-10-11 11:50:00-04:00,209.71,209.75,209.57,209.58,800.0,209.683,8
2023-10-11 11:55:00-04:00,209.56,209.72,209.45,209.46,2900.0,209.614,25
2023-10-11 12:00:00-04:00,209.33,209.56,209.33,209.56,2522.0,209.488,15
2023-10-11 12:05:00-04:00,209.41,209.7,209.41,209.5,2746.0,209.539,15
2023-10-11 12:10:00-04:00,209.65,209.69,209.53,209.61,2442.0,209.637,20
2023-10-11 12:15:00-04:00,209.62,209.62,209.37,209.52,1902.0,209.488,18
2023-10-11 12:20:00-04:00,209.52,209.52,209.2,209.24,1501.0,209.322,15
2023-10-11 12:25:00-04:00,209.17,209.34,208.98,209.34,3962.0,209.188,36
2023-10-11 12:30:00-04:00,209.19,209.35,209.18,209.22,1305.0,209.246,9
2023-10-11 12:35:00-04:00,209.31,209.32,209.09,209.31,815.0,209.265,8
2023-10-11 12:40:00-04:00,209.21,209.33,209.17,209.24,9847.0,209.229,25
2023-10-11 12:45:00-04:00,209.24,209.57,209.23,209.51,2866.0,209.38,26
2023-10-11 12:50:00-04:00,209.6,209.63,209.54,209.56,1469.0,209.581,14
2023-10-11 12:55:00-04:00,209.54,209.83,209.48,209.77,1460.0,209.643,14
2023-10-11 13:00:00-04:00,209.74,209.75,209.52,209.74,2822.0,209.671,27
2023-10-11 13:05:00-04:00,209.75,209.81,209.6,209.75,2528.0,209.725,24
2023-10-11 13:10:00-04:00,209.8,209.86,209.76,209.86,1646.0,209.81,14
2023-10-11 13:15:00-04:00,209.73,209.81,209.45,209.47,1500.0,209.626,15
2023-10-11 13:20:00-04:00,209.34,209.44,209.18,209.27,16000.0,209.26,47
2023-10-11 13:25:00-04:00,209.06,209.37,209.05,209.24,13035.0,209.167,70
2023-10-11 13:30:00-04:00,209.15,209.3,209.15,209.24,1325.0,209.227,12
2023-10-11 13:35:00-04:00,209.24,209.36,209.09,209.09,9742.0,209.2,36
2023-10-11 13:40:00-04:00,209.21,209.34,209.21,209.29,2000.0,209.271,20
2023-10-11 13:45:00-04:00,209.23,209.4,209.21,209.4,1800.0,209.293,18
2023-10-11 13:50:00-04:00,209.43,209.57,209.28,209.57,4116.0,209.421,38
2023-10-11 13:55:00-04:00,209.56,209.83,209.47,209.8,3300.0,209.706,28
2023-10-11 14:00:00-04:00,209.83,210.02,209.83,209.88,2290.0,209.928,22
2023-10-11 14:05:00-04:00,209.78,210.13,209.76,210.03,12583.0,209.874,58
2023-10-11 14:10:00-04:00,210.03,210.03,209.79,210.03,3934.0,209.966,31
2023-10-11 14:15:00-04:00,209.99,210.08,209.96,210.07,1400.0,210.026,14
2023-10-11 14:20:00-04:00,209.87,210.26,209.85,210.26,3285.0,209.963,15
2023-10-11 14:25:00-04:00,210.16,210.31,209.87,209.91,3419.0,210.086,26
2023-10-11 14:30:00-04:00,209.88,210.16,209.82,209.99,5398.0,210.023,35
2023-10-11 14:35:00-04:00,210.12,210.24,210.09,210.24,1844.0,210.155,14
2023-10-11 14:40:00-04:00,210.24,210.24,210.1,210.13,3368.0,210.175,15
2023-10-11 14:45:00-04:00,210.05,210.21,209.97,210.21,2367.0,210.097,22
2023-10-11 14:50:00-04:00,210.11,210.26,209.97,210.26,6294.0,210.119,38
2023-10-11 14:55:00-04:00,210.39,210.39,210.19,210.33,2422.0,210.258,23
2023-10-11 15:00:00-04:00,210.37,210.54,210.28,210.35,2623.0,210.364,24
2023-10-11 15:05:00-04:00,210.37,210.4,210.23,210.4,1902.0,210.336,17
2023-10-11 15:10:00-04:00,210.43,210.43,210.25,210.25,837.0,210.375,3
2023-10-11 15:15:00-04:00,210.28,210.56,210.21,210.35,20439.0,210.501,81
2023-10-11 15:20:00-04:00,210.39,210.48,210.28,210.47,1239.0,210.352,11
2023-10-11 15:25:00-04:00,210.54,210.64,210.41,210.5,3975.0,210.523,34
2023-10-11 15:30:00-04:00,210.56,210.63,210.49,210.54,2087.0,210.561,19
2023-10-11 15:35:00-04:00,210.48,210.94,210.46,210.86,7456.0,210.665,71
2023-10-11 15:40:00-04:00,210.9,210.98,210.79,210.95,4883.0,210.89,45
2023-10-11 15:45:00-04:00,211.01,211.16,210.93,211.03,6246.0,211.074,47
2023-10-11 15:50:00-04:00,211.05,211.22,210.99,211.16,12694.0,211.122,107
2023-10-11 15:55:00-04:00,211.15,211.4,211.13,211.23,79699.0,211.255,466
2023-10-12 09:30:00-04:00,211.71,211.71,209.1,209.5,17668.0,209.71,26
2023-10-12 09:35:00-04:00,209.61,210.19,209.02,210.03,9302.0,209.692,81
2023-10-12 09:40:00-04:00,210.06,210.22,209.07,209.07,11436.0,209.859,96
2023-10-12 09:45:00-04:00,209.08,209.23,208.62,208.77,11616.0,208.978,101
2023-10-12 09:50:00-04:00,208.75,208.91,208.45,208.62,7662.0,208.636,69
2023-10-12 09:55:00-04:00,208.47,208.47,207.7,208.27,11894.0,208.171,101
2023-10-12 10:00:00-04:00,208.01,208.1,207.42,207.76,8788.0,207.723,73
2023-10-12 10:05:00-04:00,207.68,208.18,207.68,208.14,7528.0,207.902,65
2023-10-12 10:10:00-04:00,208.14,208.7,207.89,208.54,9024.0,208.198,81
2023-10-12 10:15:00-04:00,208.65,208.97,208.48,208.76,6485.0,208.724,58
2023-10-12 10:20:00-04:00,208.85,209.33,208.8,208.85,7450.0,208.991,66
2023-10-12 10:25:00-04:00,208.92,209.03,208.73,208.88,9044.0,208.884,73
2023-10-12 10:30:00-04:00,208.68,208.91,208.46,208.77,7936.0,208.676,66
2023-10-12 10:35:00-04:00,208.84,208.84,208.27,208.27,4509.0,208.525,39
2023-10-12 10:40:00-04:00,208.2,208.28,207.91,207.91,5701.0,208.138,53
2023-10-12 10:45:00-04:00,207.89,208.41,207.86,208.25,5666.0,208.207,53
2023-10-12 10:50:00-04:00,208.21,208.24,207.72,207.79,3534.0,208.0,29
2023-10-12 10:55:00-04:00,207.76,208.09,207.69,208.06,8073.0,207.884,70
2023-10-12 11:00:00-04:00,208.07,208.24,207.8,208.21,9204.0,207.983,64
2023-10-12 11:05:00-04:00,208.3,208.48,208.22,208.36,6584.0,208.345,52
2023-10-12 11:10:00-04:00,208.33,208.57,208.26,208.56,6327.0,208.428,57
2023-10-12 11:15:00-04:00,208.56,208.72,208.37,208.7,7743.0,208.57,69
2023-10-12 11:20:00-04:00,208.64,208.92,208.42,208.63,6345.0,208.598,57
2023-10-12 11:25:00-04:00,208.61,208.68,208.29,208.31,5134.0,208.49,44
2023-10-12 11:30:00-04:00,208.19,208.65,208.18,208.53,7861.0,208.393,65
2023-10-12 11:35:00-04:00,208.5,208.51,208.07,208.24,4788.0,208.304,42
2023-10-12 11:40:00-04:00,208.25,208.49,208.24,208.44,6648.0,208.387,51
2023-10-12 11:45:00-04:00,208.44,208.61,208.26,208.28,5440.0,208.459,47
2023-10-12 11:50:00-04:00,208.27,208.27,207.99,208.19,5611.0,208.153,48
2023-10-12 11:55:00-04:00,208.23,208.23,207.85,208.08,7201.0,208.044,62
2023-10-12 12:00:00-04:00,208.14,208.41,207.73,207.73,8136.0,208.083,72
2023-10-12 12:05:00-04:00,207.74,208.04,207.73,207.8,5488.0,207.848,45
2023-10-12 12:10:00-04:00,207.72,208.0,207.71,207.74,5445.0,207.853,48
2023-10-12 12:15:00-04:00,207.78,208.04,207.78,207.97,6354.0,207.944,54
2023-10-12 12:20:00-04:00,207.93,208.25,207.81,208.09,17503.0,208.179,58
2023-10-12 12:25:00-04:00,208.0,208.31,207.96,208.31,5073.0,208.158,41
2023-10-12 12:30:00-04:00,208.41,208.93,208.37,208.75,8231.0,208.678,70
2023-10-12 12:35:00-04:00,208.84,208.9,208.7,208.84,4112.0,208.797,34
2023-10-12 12:40:00-04:00,208.84,209.51,208.83,209.33,11013.0,209.098,88
2023-10-12 12:45:00-04:00,209.29,209.29,208.83,208.89,9584.0,209.0,89
2023-10-12 12:50:00-04:00,208.89,208.89,208.18,208.19,6515.0,208.465,58
2023-10-12 12:55:00-04:00,208.34,208.37,207.71,207.96,7454.0,207.983,67
2023-10-12 13:00:00-04:00,207.92,207.92,207.15,207.2,7083.0,207.614,51
2023-10-12 13:05:00-04:00,207.17,207.44,207.05,207.22,9306.0,207.234,83
2023-10-12 13:10:00-04:00,207.22,207.22,206.85,206.86,5019.0,206.992,39
2023-10-12 13:15:00-04:00,206.79,206.82,206.5,206.6,3159.0,206.669,27
2023-10-12 13:20:00-04:00,206.66,206.7,206.43,206.48,6565.0,206.531,55
2023-10-12 13:25:00-04:00,206.4,206.41,205.88,205.96,4055.0,206.11,33
2023-10-12 13:30:00-04:00,205.89,206.28,205.75,206.26,6156.0,206.052,56
2023-10-12 13:35:00-04:00,206.28,206.36,206.04,206.09,8626.0,206.198,63
2023-10-12 13:40:00-04:00,206.06,206.17,205.93,206.01,5347.0,206.057,45
2023-10-12 13:45:00-04:00,205.92,206.11,205.62,205.76,6724.0,205.893,53
2023-10-12 13:50:00-04:00,205.78,206.11,205.52,205.93,24615.0,205.941,190
2023-10-12 13:55:00-04:00,205.96,206.27,205.73,205.73,4636.0,206.03,46
2023-10-12 14:00:00-04:00,205.73,205.73,205.24,205.24,3105.0,205.474,28
2023-10-12 14:05:00-04:00,205.14,205.39,205.0,205.08,6344.0,205.18,43
2023-10-12 14:10:00-04:00,205.05,205.25,204.98,205.22,6642.0,205.084,59
2023-10-12 14:15:00-04:00,205.22,205.37,204.94,204.95,2969.0,205.067,28
2023-10-12 14:20:00-04:00,205.04,205.71,205.03,205.71,10664.0,205.461,71
2023-10-12 14:25:00-04:00,205.66,205.94,205.64,205.75,22589.0,205.674,32
2023-10-12 14:30:00-04:00,205.65,205.82,205.6,205.8,4251.0,205.712,42
2023-10-12 14:35:00-04:00,205.85,206.34,205.79,206.34,9097.0,206.074,58
2023-10-12 14:40:00-04:00,206.3,206.65,206.24,206.65,9346.0,206.397,71
2023-10-12 14:45:00-04:00,206.63,206.83,206.55,206.71,4802.0,206.659,44
2023-10-12 14:50:00-04:00,206.71,206.74,206.57,206.68,3854.0,206.66,33
2023-10-12 14:55:00-04:00,206.7,206.72,206.5,206.58,3296.0,206.582,32
2023-10-12 15:00:00-04:00,206.6,207.13,206.58,207.02,6702.0,206.854,62
2023-10-12 15:05:00-04:00,206.96,207.04,206.75,207.03,3927.0,206.911,36
2023-10-12 15:10:00-04:00,206.99,207.29,206.88,207.21,8075.0,207.103,72
2023-10-12 15:15:00-04:00,207.19,207.21,206.97,207.02,5473.0,207.079,48
2023-10-12 15:20:00-04:00,207.02,207.16,206.91,206.97,7453.0,207.052,70
2023-10-12 15:25:00-04:00,206.97,206.97,206.77,206.83,5074.0,206.821,49
2023-10-12 15:30:00-04:00,206.9,207.11,206.78,206.89,10935.0,206.924,102
2023-10-12 15:35:00-04:00,206.93,207.11,206.9,207.08,10394.0,206.967,100
2023-10-12 15:40:00-04:00,207.08,207.15,206.74,206.74,21260.0,207.016,147
2023-10-12 15:45:00-04:00,206.67,206.95,206.64,206.87,18644.0,206.841,172
2023-10-12 15:50:00-04:00,206.8,207.29,206.75,206.95,31863.0,207.093,270
2023-10-12 15:55:00-04:00,206.93,207.06,206.73,206.82,73116.0,206.926,579
2023-10-13 09:30:00-04:00,208.0,208.25,207.55,207.95,6769.0,207.625,8
2023-10-13 09:35:00-04:00,207.65,208.14,207.37,208.14,3900.0,207.611,18
2023-10-13 09:40:00-04:00,208.43,209.0,208.15,209.0,6973.0,208.682,44
2023-10-13 09:45:00-04:00,209.23,209.23,208.65,208.76,4670.0,208.81,42
2023-10-13 09:50:00-04:00,208.63,208.63,208.14,208.49,3984.0,208.53,31
2023-10-13 09:55:00-04:00,208.67,208.83,207.95,207.95,4969.0,208.481,46
2023-10-13 10:00:00-04:00,207.94,208.26,207.03,207.81,13104.0,207.835,81
2023-10-13 10:05:00-04:00,207.9,207.9,207.57,207.73,1500.0,207.713,15
2023-10-13 10:10:00-04:00,207.72,207.72,206.85,206.95,3207.0,207.293,31
2023-10-13 10:15:00-04:00,207.0,207.71,206.83,207.59,11810.0,207.332,74
2023-10-13 10:20:00-04:00,207.65,207.94,207.45,207.45,11768.0,207.715,53
2023-10-13 10:25:00-04:00,207.5,207.89,207.47,207.76,2511.0,207.686,20
2023-10-13 10:30:00-04:00,207.75,208.33,207.75,208.26,3662.0,208.122,30
2023-10-13 10:35:00-04:00,208.29,208.29,207.67,207.7,3810.0,207.85,25
2023-10-13 10:40:00-04:00,207.64,207.66,207.43,207.6,4900.0,207.548,26
2023-10-13 10:45:00-04:00,207.51,207.62,206.73,206.74,5685.0,207.432,48
2023-10-13 10:50:00-04:00,206.84,206.84,206.11,206.11,8800.0,206.346,43
2023-10-13 10:55:00-04:00,206.24,206.24,205.89,206.01,1804.0,206.049,17
2023-10-13 11:00:00-04:00,206.01,206.05,205.28,205.28,6278.0,205.728,37
2023-10-13 11:05:00-04:00,205.2,205.2,204.85,205.08,2730.0,205.096,26
2023-10-13 11:10:00-04:00,205.05,205.24,205.05,205.13,3061.0,205.133,25
2023-10-13 11:15:00-04:00,205.16,205.43,205.12,205.33,2635.0,205.3,26
2023-10-13 11:20:00-04:00,205.31,205.55,205.14,205.14,4116.0,205.398,41
2023-10-13 11:25:00-04:00,205.26,205.26,204.87,205.04,2241.0,205.008,22
2023-10-13 11:30:00-04:00,204.98,205.18,204.97,205.16,3818.0,205.084,36
2023-10-13 11:35:00-04:00,205.26,205.39,205.23,205.39,2020.0,205.31,18
2023-10-13 11:40:00-04:00,205.39,205.74,205.38,205.52,7520.0,205.571,70
2023-10-13 11:45:00-04:00,205.42,205.55,205.39,205.39,2447.0,205.465,24
2023-10-13 11:50:00-04:00,205.33,205.33,204.65,204.66,2402.0,204.995,24
2023-10-13 11:55:00-04:00,204.63,204.71,204.18,204.33,15413.0,204.439,108
2023-10-13 12:00:00-04:00,204.31,204.64,204.26,204.38,11114.0,204.433,71
2023-10-13 12:05:00-04:00,204.37,204.47,204.29,204.33,2805.0,204.394,27
2023-10-13 12:10:00-04:00,204.29,204.67,204.29,204.67,2415.0,204.438,24
2023-10-13 12:15:00-04:00,204.63,205.14,204.6,205.14,4808.0,204.913,41
2023-10-13 12:20:00-04:00,205.11,205.58,205.1,205.58,19412.0,205.472,124
2023-10-13 12:25:00-04:00,205.61,206.0,205.55,206.0,5668.0,205.73,46
2023-10-13 12:30:00-04:00,206.06,206.5,205.98,206.4,5699.0,206.193,51
2023-10-13 12:35:00-04:00,206.45,206.49,205.94,205.96,1773.0,206.13,17
2023-10-13 12:40:00-04:00,205.99,206.05,205.74,205.74,1800.0,205.952,17
2023-10-13 12:45:00-04:00,205.73,205.93,205.71,205.71,3541.0,205.824,32
2023-10-13 12:50:00-04:00,205.66,205.66,205.12,205.13,4033.0,205.278,39
2023-10-13 12:55:00-04:00,205.31,205.34,205.2,205.2,728.0,205.266,6
2023-10-13 13:00:00-04:00,205.17,205.23,205.0,205.0,1200.0,205.098,12
2023-10-13 13:05:00-04:00,205.06,205.06,204.27,204.39,2951.0,204.575,29
2023-10-13 13:10:00-04:00,204.26,204.55,204.08,204.09,3298.0,204.344,26
2023-10-13 13:15:00-04:00,204.15,204.15,204.01,204.11,860.0,204.083,8
2023-10-13 13:20:00-04:00,204.11,204.22,203.99,204.16,3248.0,204.104,32
2023-10-13 13:25:00-04:00,204.27,204.27,203.4,203.48,4848.0,203.701,40
2023-10-13 13:30:00-04:00,203.5,203.55,203.22,203.55,5489.0,203.331,37
2023-10-13 13:35:00-04:00,203.54,203.56,203.05,203.06,5481.0,203.36,49
2023-10-13 13:40:00-04:00,203.13,204.15,202.81,203.56,12839.0,203.304,107
2023-10-13 13:45:00-04:00,203.9,203.99,203.85,203.94,820.0,203.931,7
2023-10-13 13:50:00-04:00,203.98,204.02,203.72,203.81,3610.0,203.893,34
2023-10-13 13:55:00-04:00,203.87,204.07,203.81,203.81,1876.0,203.942,18
2023-10-13 14:00:00-04:00,203.77,203.77,203.6,203.67,1618.0,203.695,16
2023-10-13 14:05:00-04:00,203.77,203.99,203.76,203.89,3508.0,203.839,30
2023-10-13 14:10:00-04:00,203.9,204.13,203.89,203.95,1503.0,203.972,15
2023-10-13 14:15:00-04:00,203.93,204.11,203.83,204.02,7047.0,203.971,57
2023-10-13 14:20:00-04:00,204.04,204.23,203.91,203.94,4587.0,204.095,41
2023-10-13 14:25:00-04:00,203.83,204.0,203.8,203.97,4555.0,203.897,35
2023-10-13 14:30:00-04:00,203.92,204.06,203.88,204.02,2235.0,203.975,19
2023-10-13 14:35:00-04:00,204.06,204.06,203.62,203.75,7441.0,203.732,67
2023-10-13 14:40:00-04:00,203.68,203.83,203.28,203.28,24836.0,203.668,163
2023-10-13 14:45:00-04:00,203.23,203.79,203.18,203.69,17810.0,203.43,88
2023-10-13 14:50:00-04:00,203.69,204.02,203.63,203.97,4963.0,203.832,41
2023-10-13 14:55:00-04:00,203.89,203.97,203.78,203.94,3261.0,203.899,31
2023-10-13 15:00:00-04:00,203.89,204.14,203.84,204.03,2099.0,203.994,20
2023-10-13 15:05:00-04:00,203.97,204.05,203.65,204.05,4584.0,203.787,37
2023-10-13 15:10:00-04:00,203.9,204.34,203.9,204.21,2140.0,204.133,21
2023-10-13 15:15:00-04:00,204.15,204.28,204.06,204.16,2483.0,204.165,22
2023-10-13 15:20:00-04:00,204.18,204.22,204.0,204.2,3359.0,204.125,30
2023-10-13 15:25:00-04:00,204.25,204.27,204.06,204.06,5575.0,204.169,46
2023-10-13 15:30:00-04:00,204.12,204.42,204.06,204.06,18915.0,204.273,115
2023-10-13 15:35:00-04:00,204.06,204.08,203.79,203.91,8233.0,203.951,74
2023-10-13 15:40:00-04:00,203.91,204.04,203.57,203.66,6334.0,203.77,59
2023-10-13 15:45:00-04:00,203.66,204.14,203.66,204.12,8788.0,203.907,77
2023-10-13 15:50:00-04:00,204.06,204.63,203.89,204.63,22819.0,204.291,194
2023-10-13 15:55:00-04:00,204.59,204.72,204.25,204.64,70858.0,204.444,449
2023-10-16 09:30:00-04:00,207.78,208.85,207.78,208.84,15488.0,207.852,21
2023-10-16 09:35:00-04:00,208.11,209.58,208.11,208.26,8220.0,208.904,73
2023-10-16 09:40:00-04:00,208.47,208.68,207.65,208.14,20648.0,208.046,151
2023-10-16 09:45:00-04:00,207.95,208.19,207.77,207.89,16342.0,207.941,121
2023-10-16 09:50:00-04:00,207.89,208.16,207.68,208.12,18338.0,207.877,157
2023-10-16 09:55:00-04:00,208.23,208.45,207.99,208.44,5423.0,208.177,54
2023-10-16 10:00:00-04:00,208.51,208.61,208.07,208.44,8742.0,208.347,66
2023-10-16 10:05:00-04:00,208.44,208.44,208.0,208.13,6917.0,208.157,56
2023-10-16 10:10:00-04:00,207.95,208.5,207.85,208.39,4904.0,208.214,43
2023-10-16 10:15:00-04:00,208.51,209.05,208.43,208.43,5783.0,208.828,47
2023-10-16 10:20:00-04:00,208.52,208.73,208.32,208.53,5091.0,208.539,45
2023-10-16 10:25:00-04:00,208.53,209.25,208.46,209.21,3459.0,208.829,32
2023-10-16 10:30:00-04:00,209.35,209.47,209.01,209.24,8018.0,209.259,70
2023-10-16 10:35:00-04:00,209.1,209.54,209.1,209.44,4562.0,209.399,39
2023-10-16 10:40:00-04:00,209.44,209.52,209.02,209.38,5976.0,209.287,52
2023-10-16 10:45:00-04:00,209.36,209.62,209.36,209.43,4048.0,209.497,37
2023-10-16 10:50:00-04:00,209.7,209.93,209.55,209.71,5018.0,209.725,29
2023-10-16 10:55:00-04:00,209.65,209.98,209.6,209.91,3974.0,209.775,35
2023-10-16 11:00:00-04:00,210.0,210.27,209.91,209.99,12725.0,210.115,89
2023-10-16 11:05:00-04:00,209.83,210.0,209.75,209.76,7915.0,209.88,70
2023-10-16 11:10:00-04:00,209.83,209.83,209.27,209.43,10171.0,209.524,100
2023-10-16 11:15:00-04:00,209.39,209.66,209.18,209.18,16882.0,209.499,137
2023-10-16 11:20:00-04:00,209.16,209.45,209.07,209.31,4200.0,209.198,39
2023-10-16 11:25:00-04:00,209.28,209.34,209.03,209.16,7915.0,209.152,67
2023-10-16 11:30:00-04:00,209.22,209.34,209.17,209.31,2109.0,209.242,20
2023-10-16 11:35:00-04:00,209.31,209.31,208.29,208.44,3302.0,208.87,32
2023-10-16 11:40:00-04:00,208.37,208.43,208.16,208.38,7016.0,208.307,69
2023-10-16 11:45:00-04:00,208.44,208.51,208.11,208.44,3314.0,208.28,32
2023-10-16 11:50:00-04:00,208.5,208.54,208.07,208.1,2727.0,208.332,26
2023-10-16 11:55:00-04:00,208.1,208.46,208.08,208.46,11123.0,208.249,93
2023-10-16 12:00:00-04:00,208.42,208.42,207.98,208.03,4914.0,208.134,45
2023-10-16 12:05:00-04:00,208.03,208.12,207.93,208.03,6970.0,208.027,64
2023-10-16 12:10:00-04:00,208.14,208.15,207.59,207.67,6876.0,207.844,59
2023-10-16 12:15:00-04:00,207.67,207.85,207.55,207.62,7187.0,207.73,68
2023-10-16 12:20:00-04:00,207.5,207.59,207.34,207.43,5367.0,207.476,48
2023-10-16 12:25:00-04:00,207.43,207.48,207.32,207.48,3407.0,207.424,27
2023-10-16 12:30:00-04:00,207.47,207.62,207.43,207.54,6303.0,207.523,60
2023-10-16 12:35:00-04:00,207.51,207.54,207.39,207.4,4050.0,207.45,36
2023-10-16 12:40:00-04:00,207.4,207.53,207.21,207.3,6949.0,207.358,63
2023-10-16 12:45:00-04:00,207.39,207.49,207.3,207.38,2665.0,207.437,25
2023-10-16 12:50:00-04:00,207.37,207.47,207.32,207.46,2198.0,207.418,15
2023-10-16 12:55:00-04:00,207.3,207.37,207.0,207.34,6757.0,207.187,54
2023-10-16 13:00:00-04:00,207.36,207.7,207.36,207.7,3510.0,207.508,26
2023-10-16 13:05:00-04:00,207.72,208.0,207.72,208.0,6169.0,207.833,52
2023-10-16 13:10:00-04:00,208.02,208.08,207.99,208.07,1142.0,208.035,11
2023-10-16 13:15:00-04:00,208.05,208.1,207.9,207.9,2912.0,208.003,24
2023-10-16 13:20:00-04:00,207.84,207.84,207.14,207.14,3520.0,207.362,32
2023-10-16 13:25:00-04:00,207.01,207.95,206.66,207.68,12888.0,207.353,90
2023-10-16 13:30:00-04:00,207.76,207.76,207.53,207.61,2077.0,207.642,20
2023-10-16 13:35:00-04:00,207.51,208.05,207.51,208.05,3636.0,207.765,35
2023-10-16 13:40:00-04:00,208.13,208.58,208.07,208.58,5251.0,208.309,22
2023-10-16 13:45:00-04:00,208.55,208.57,208.4,208.5,7190.0,208.478,52
2023-10-16 13:50:00-04:00,208.49,208.51,208.38,208.45,1927.0,208.42,18
2023-10-16 13:55:00-04:00,208.47,208.48,208.12,208.24,8744.0,208.36,44
2023-10-16 14:00:00-04:00,208.23,208.23,207.91,208.03,3700.0,208.034,35
2023-10-16 14:05:00-04:00,207.92,207.99,207.73,207.81,5855.0,207.891,54
2023-10-16 14:10:00-04:00,207.81,207.94,207.68,207.73,3848.0,207.809,33
2023-10-16 14:15:00-04:00,207.7,207.89,207.64,207.84,4382.0,207.739,43
2023-10-16 14:20:00-04:00,207.87,207.87,207.51,207.64,5433.0,207.665,50
2023-10-16 14:25:00-04:00,207.63,207.73,207.45,207.46,11439.0,207.655,24
2023-10-16 14:30:00-04:00,207.31,207.53,207.25,207.49,5744.0,207.422,54
2023-10-16 14:35:00-04:00,207.51,207.59,207.38,207.5,3972.0,207.47,35
2023-10-16 14:40:00-04:00,207.45,207.47,207.32,207.43,3126.0,207.4,26
2023-10-16 14:45:00-04:00,207.38,207.48,207.31,207.31,3830.0,207.416,32
2023-10-16 14:50:00-04:00,207.28,207.58,207.27,207.48,5051.0,207.436,47
2023-10-16 14:55:00-04:00,207.53,207.7,207.48,207.61,6232.0,207.599,40
2023-10-16 15:00:00-04:00,207.67,207.69,207.53,207.68,2408.0,207.634,21
2023-10-16 15:05:00-04:00,207.74,207.9,207.74,207.77,3838.0,207.795,27
2023-10-16 15:10:00-04:00,207.76,207.92,207.64,207.64,3099.0,207.802,28
2023-10-16 15:15:00-04:00,207.71,208.05,207.69,207.82,22369.0,207.939,79
2023-10-16 15:20:00-04:00,207.9,208.12,207.9,208.12,2993.0,207.999,26
2023-10-16 15:25:00-04:00,208.07,208.15,207.93,208.08,8461.0,208.039,62
2023-10-16 15:30:00-04:00,208.11,208.13,207.94,207.97,7171.0,208.024,60
2023-10-16 15:35:00-04:00,207.97,208.0,207.84,207.84,10074.0,207.906,85
2023-10-16 15:40:00-04:00,207.85,208.2,207.82,208.19,7931.0,208.021,76
2023-10-16 15:45:00-04:00,208.15,208.15,207.96,208.01,17524.0,208.036,112
2023-10-16 15:50:00-04:00,207.99,208.39,207.99,208.31,23719.0,208.255,202
2023-10-16 15:55:00-04:00,208.35,208.52,208.0,208.03,76377.0,208.3,550
2023-10-17 09:30:00-04:00,207.46,207.46,206.58,206.59,13747.0,207.284,32
2023-10-17 09:35:00-04:00,205.79,207.28,205.79,207.28,3575.0,206.446,30
2023-10-17 09:40:00-04:00,207.33,208.48,207.33,208.11,7298.0,208.061,64
2023-10-17 09:45:00-04:00,208.02,208.22,207.35,207.56,7414.0,207.904,69
2023-10-17 09:50:00-04:00,207.41,207.79,207.37,207.6,4347.0,207.591,36
2023-10-17 09:55:00-04:00,207.67,208.02,207.52,207.87,6549.0,207.815,30
2023-10-17 10:00:00-04:00,207.87,208.08,207.2,207.3,7851.0,207.766,70
2023-10-17 10:05:00-04:00,207.4,208.68,207.39,208.68,9985.0,208.048,78
2023-10-17 10:10:00-04:00,208.98,209.43,208.68,208.69,6942.0,209.111,61
2023-10-17 10:15:00-04:00,208.65,209.27,208.65,209.16,4592.0,208.971,43
2023-10-17 10:20:00-04:00,209.16,209.41,208.85,209.03,4600.0,209.136,41
2023-10-17 10:25:00-04:00,209.04,209.05,208.65,208.65,3836.0,208.881,33
2023-10-17 10:30:00-04:00,208.55,208.95,208.45,208.59,8755.0,208.699,78
2023-10-17 10:35:00-04:00,208.61,209.04,208.52,208.95,2592.0,208.823,24
2023-10-17 10:40:00-04:00,209.04,209.04,208.48,208.59,2900.0,208.776,29
2023-10-17 10:45:00-04:00,208.59,208.87,208.19,208.38,30764.0,208.532,90
2023-10-17 10:50:00-04:00,208.36,208.5,208.18,208.49,6697.0,208.413,58
2023-10-17 10:55:00-04:00,208.44,208.64,208.43,208.47,3401.0,208.52,29
2023-10-17 11:00:00-04:00,208.47,208.47,207.95,208.33,2375.0,208.293,22
2023-10-17 11:05:00-04:00,208.28,208.97,208.28,208.63,13719.0,208.723,130
2023-10-17 11:10:00-04:00,208.69,208.81,208.47,208.74,6196.0,208.652,57
2023-10-17 11:15:00-04:00,208.68,208.88,208.34,208.65,5052.0,208.572,40
2023-10-17 11:20:00-04:00,208.73,209.16,208.54,209.08,7510.0,208.836,67
2023-10-17 11:25:00-04:00,209.09,209.62,209.01,209.5,11701.0,209.216,108
2023-10-17 11:30:00-04:00,209.5,209.84,209.32,209.77,11933.0,209.664,106
2023-10-17 11:35:00-04:00,209.77,210.0,209.64,209.96,6039.0,209.827,57
2023-10-17 11:40:00-04:00,209.95,210.21,209.91,210.08,5100.0,210.007,50
2023-10-17 11:45:00-04:00,210.01,210.18,209.69,210.17,15179.0,209.976,110
2023-10-17 11:50:00-04:00,210.2,210.29,209.79,209.9,5864.0,210.001,57
2023-10-17 11:55:00-04:00,209.92,210.26,209.89,210.26,3901.0,210.097,37
2023-10-17 12:00:00-04:00,210.32,210.68,210.28,210.28,5325.0,210.443,49
2023-10-17 12:05:00-04:00,210.3,210.3,210.08,210.18,6734.0,210.193,51
2023-10-17 12:10:00-04:00,210.22,210.52,210.17,210.4,4862.0,210.314,46
2023-10-17 12:15:00-04:00,210.45,210.52,210.23,210.33,2152.0,210.336,21
2023-10-17 12:20:00-04:00,210.31,210.5,210.23,210.47,4100.0,210.373,40
2023-10-17 12:25:00-04:00,210.62,210.71,210.57,210.69,3333.0,210.651,28
2023-10-17 12:30:00-04:00,210.76,210.85,210.37,210.72,11229.0,210.618,104
2023-10-17 12:35:00-04:00,210.63,210.63,210.37,210.63,4265.0,210.488,37
2023-10-17 12:40:00-04:00,210.61,210.74,210.12,210.23,11252.0,210.424,67
2023-10-17 12:45:00-04:00,210.15,210.15,209.67,209.68,3408.0,209.875,31
2023-10-17 12:50:00-04:00,209.64,209.92,209.38,209.82,5225.0,209.636,47
2023-10-17 12:55:00-04:00,209.8,209.94,209.58,209.7,2451.0,209.736,23
2023-10-17 13:00:00-04:00,209.7,209.7,209.35,209.35,2625.0,209.569,23
2023-10-17 13:05:00-04:00,209.41,209.5,209.3,209.32,5160.0,209.388,47
2023-10-17 13:10:00-04:00,209.37,209.62,209.34,209.49,2820.0,209.513,24
2023-10-17 13:15:00-04:00,209.49,209.57,209.48,209.53,1000.0,209.518,10
2023-10-17 13:20:00-04:00,209.54,209.64,209.29,209.34,8408.0,209.518,73
2023-10-17 13:25:00-04:00,209.3,209.72,209.29,209.72,6681.0,209.501,61
2023-10-17 13:30:00-04:00,209.72,209.72,209.19,209.57,4741.0,209.417,41
2023-10-17 13:35:00-04:00,209.56,209.57,209.45,209.51,1968.0,209.516,18
2023-10-17 13:40:00-04:00,209.53,209.8,209.53,209.64,6759.0,209.668,62
2023-10-17 13:45:00-04:00,209.65,209.93,209.63,209.86,3588.0,209.754,32
2023-10-17 13:50:00-04:00,209.93,209.93,209.02,209.13,5027.0,209.572,46
2023-10-17 13:55:00-04:00,209.25,209.42,209.25,209.42,2741.0,209.332,19
2023-10-17 14:00:00-04:00,209.34,209.43,209.2,209.34,5344.0,209.322,47
2023-10-17 14:05:00-04:00,209.34,209.46,209.21,209.46,3700.0,209.332,30
2023-10-17 14:10:00-04:00,209.41,209.51,209.22,209.51,11412.0,209.349,74
2023-10-17 14:15:00-04:00,209.48,209.77,209.44,209.57,3715.0,209.586,37
2023-10-17 14:20:00-04:00,209.6,209.73,209.34,209.46,3707.0,209.552,29
2023-10-17 14:25:00-04:00,209.44,209.62,209.24,209.62,4093.0,209.439,34
2023-10-17 14:30:00-04:00,209.58,209.74,209.47,209.59,6377.0,209.581,57
2023-10-17 14:35:00-04:00,209.67,209.88,209.53,209.88,5134.0,209.698,48
2023-10-17 14:40:00-04:00,209.89,209.98,209.75,209.87,6065.0,209.878,54
2023-10-17 14:45:00-04:00,209.88,210.38,209.82,210.27,10403.0,210.142,77
2023-10-17 14:50:00-04:00,210.19,210.27,209.71,209.71,5758.0,210.045,55
2023-10-17 14:55:00-04:00,209.72,209.86,209.61,209.74,3511.0,209.699,31
2023-10-17 15:00:00-04:00,209.56,209.71,209.4,209.46,3854.0,209.53,37
2023-10-17 15:05:00-04:00,209.51,210.03,209.4,209.94,5341.0,209.636,47
2023-10-17 15:10:00-04:00,210.02,210.05,209.82,209.89,6197.0,209.958,58
2023-10-17 15:15:00-04:00,209.94,210.08,209.73,209.81,5722.0,209.896,53
2023-10-17 15:20:00-04:00,209.9,210.02,209.85,209.85,3308.0,209.931,32
2023-10-17 15:25:00-04:00,209.9,210.1,209.87,210.0,5987.0,209.955,49
2023-10-17 15:30:00-04:00,210.02,210.03,209.71,209.78,6275.0,209.826,58
2023-10-17 15:35:00-04:00,209.84,209.85,209.6,209.63,8144.0,209.701,74
2023-10-17 15:40:00-04:00,209.68,209.92,209.68,209.71,9375.0,209.809,87
2023-10-17 15:45:00-04:00,209.75,209.75,209.43,209.53,9140.0,209.611,83
2023-10-17 15:50:00-04:00,209.52,209.75,209.35,209.63,18252.0,209.612,152
2023-10-17 15:55:00-04:00,209.58,209.58,209.17,209.2,69359.0,209.341,479
2023-10-18 09:30:00-04:00,206.9,206.9,204.05,205.39,20806.0,206.161,74
2023-10-18 09:35:00-04:00,205.35,205.42,202.76,203.39,16615.0,204.078,130
2023-10-18 09:40:00-04:00,203.57,203.57,200.87,201.44,28159.0,201.925,210
2023-10-18 09:45:00-04:00,201.36,202.22,201.28,201.85,8146.0,201.779,75
2023-10-18 09:50:00-04:00,201.75,201.75,200.33,200.77,21176.0,200.911,146
2023-10-18 09:55:00-04:00,200.77,201.06,200.02,200.83,13141.0,200.585,116
2023-10-18 10:00:00-04:00,200.85,200.88,198.99,199.18,27694.0,200.295,163
2023-10-18 10:05:00-04:00,199.36,199.86,199.01,199.52,18064.0,199.515,133
2023-10-18 10:10:00-04:00,199.45,200.33,199.43,200.12,17538.0,199.923,104
2023-10-18 10:15:00-04:00,200.07,200.42,199.87,200.4,40506.0,200.137,310
2023-10-18 10:20:00-04:00,200.65,200.73,200.15,200.15,21178.0,200.557,164
2023-10-18 10:25:00-04:00,200.15,200.2,198.8,198.83,49871.0,199.189,244
2023-10-18 10:30:00-04:00,198.77,198.84,197.89,198.01,34114.0,198.312,232
2023-10-18 10:35:00-04:00,198.04,198.78,197.7,198.56,13814.0,198.127,113
2023-10-18 10:40:00-04:00,198.52,199.33,198.3,199.23,20763.0,198.723,133
2023-10-18 10:45:00-04:00,199.29,199.43,199.2,199.27,6828.0,199.295,56
2023-10-18 10:50:00-04:00,199.27,199.37,198.57,198.69,29829.0,198.86,131
2023-10-18 10:55:00-04:00,198.72,199.1,198.5,199.08,10521.0,198.795,92
2023-10-18 11:00:00-04:00,199.12,199.45,198.9,199.3,7909.0,199.168,73
2023-10-18 11:05:00-04:00,199.23,199.42,198.88,199.42,11003.0,199.094,99
2023-10-18 11:10:00-04:00,199.43,199.83,199.31,199.83,10265.0,199.589,79
2023-10-18 11:15:00-04:00,199.83,200.16,199.4,199.4,8333.0,199.821,70
2023-10-18 11:20:00-04:00,199.41,199.77,199.3,199.57,8518.0,199.461,73
2023-10-18 11:25:00-04:00,199.56,199.82,199.01,199.05,6759.0,199.459,63
2023-10-18 11:30:00-04:00,199.05,199.57,198.84,198.84,9662.0,199.232,84
2023-10-18 11:35:00-04:00,198.83,198.83,198.26,198.3,8112.0,198.56,69
2023-10-18 11:40:00-04:00,198.25,198.56,198.11,198.25,11974.0,198.375,110
2023-10-18 11:45:00-04:00,198.32,198.34,198.04,198.12,3878.0,198.187,35
2023-10-18 11:50:00-04:00,198.13,198.21,197.94,197.94,4919.0,198.109,42
2023-10-18 11:55:00-04:00,197.84,198.87,197.84,198.87,11242.0,198.421,86
2023-10-18 12:00:00-04:00,198.9,199.28,198.42,199.22,7927.0,198.832,63
2023-10-18 12:05:00-04:00,199.1,199.1,198.68,198.9,6106.0,198.867,48
2023-10-18 12:10:00-04:00,198.96,199.13,198.71,198.74,9102.0,198.951,80
2023-10-18 12:15:00-04:00,198.83,198.84,198.09,198.22,4261.0,198.449,37
2023-10-18 12:20:00-04:00,198.2,198.21,197.81,198.01,3194.0,198.028,30
2023-10-18 12:25:00-04:00,197.93,198.09,197.8,198.0,2986.0,197.972,26
2023-10-18 12:30:00-04:00,197.96,198.15,197.95,197.97,1974.0,198.031,19
2023-10-18 12:35:00-04:00,197.93,198.0,197.85,197.85,940.0,197.942,9
2023-10-18 12:40:00-04:00,197.86,198.23,197.86,198.04,6045.0,198.06,55
2023-10-18 12:45:00-04:00,198.04,198.06,197.89,197.98,3954.0,197.971,33
2023-10-18 12:50:00-04:00,197.98,197.98,197.58,197.89,7765.0,197.786,52
2023-10-18 12:55:00-04:00,197.81,197.85,197.6,197.62,5100.0,197.678,31
2023-10-18 13:00:00-04:00,197.64,198.43,197.2,198.43,14068.0,197.743,111
2023-10-18 13:05:00-04:00,198.55,198.87,198.43,198.81,5573.0,198.552,40
2023-10-18 13:10:00-04:00,198.81,199.23,198.74,199.07,6359.0,199.015,59
2023-10-18 13:15:00-04:00,199.07,199.25,198.66,198.71,4620.0,198.919,38
2023-10-18 13:20:00-04:00,198.83,198.85,198.44,198.7,6238.0,198.664,46
2023-10-18 13:25:00-04:00,198.71,198.88,198.66,198.88,5858.0,198.762,52
2023-10-18 13:30:00-04:00,198.8,198.87,198.42,198.42,10645.0,198.64,101
2023-10-18 13:35:00-04:00,198.41,198.49,198.15,198.32,11260.0,198.356,104
2023-10-18 13:40:00-04:00,198.28,198.29,197.99,198.0,5038.0,198.178,43
2023-10-18 13:45:00-04:00,198.01,198.08,197.64,198.08,8162.0,197.888,73
2023-10-18 13:50:00-04:00,198.17,198.5,198.17,198.37,6278.0,198.366,61
2023-10-18 13:55:00-04:00,198.36,198.66,198.29,198.6,4391.0,198.471,38
2023-10-18 14:00:00-04:00,198.59,198.67,198.26,198.53,6162.0,198.454,52
2023-10-18 14:05:00-04:00,198.53,199.11,198.36,198.71,6544.0,198.699,60
2023-10-18 14:10:00-04:00,198.71,199.12,198.61,199.1,15571.0,198.855,108
2023-10-18 14:15:00-04:00,198.96,199.05,198.45,198.53,13688.0,198.804,121
2023-10-18 14:20:00-04:00,198.46,198.56,198.16,198.26,8541.0,198.31,71
2023-10-18 14:25:00-04:00,198.21,198.24,198.08,198.1,2008.0,198.165,17
2023-10-18 14:30:00-04:00,198.15,198.69,198.09,198.49,5723.0,198.463,50
2023-10-18 14:35:00-04:00,198.43,198.43,198.0,198.1,8415.0,198.149,76
2023-10-18 14:40:00-04:00,198.17,198.17,197.73,197.73,5194.0,197.888,43
2023-10-18 14:45:00-04:00,197.79,198.09,197.79,198.06,6307.0,197.91,58
2023-10-18 14:50:00-04:00,198.08,198.16,197.92,198.12,7255.0,198.046,63
2023-10-18 14:55:00-04:00,198.11,198.31,197.89,198.0,4054.0,198.088,37
2023-10-18 15:00:00-04:00,197.93,197.99,197.31,197.42,6611.0,197.651,56
2023-10-18 15:05:00-04:00,197.35,197.35,196.88,196.88,4485.0,197.127,37
2023-10-18 15:10:00-04:00,196.97,197.22,196.97,197.13,8320.0,197.085,72
2023-10-18 15:15:00-04:00,197.09,197.09,196.72,196.84,6305.0,196.923,60
2023-10-18 15:20:00-04:00,196.89,197.22,196.88,197.17,11469.0,197.045,86
2023-10-18 15:25:00-04:00,197.19,197.24,196.75,197.06,8428.0,196.938,77
2023-10-18 15:30:00-04:00,197.1,197.22,196.83,196.95,9828.0,197.011,92
2023-10-18 15:35:00-04:00,196.96,197.03,196.63,196.64,10629.0,196.902,99
2023-10-18 15:40:00-04:00,196.7,196.73,196.35,196.39,15464.0,196.526,141
2023-10-18 15:45:00-04:00,196.32,196.32,195.8,196.16,21004.0,196.034,189
2023-10-18 15:50:00-04:00,196.19,196.36,196.11,196.28,33819.0,196.246,286
2023-10-18 15:55:00-04:00,196.23,196.43,195.94,196.02,97150.0,196.188,694
2023-10-19 09:30:00-04:00,194.99,195.8,194.15,195.43,17855.0,195.435,12
2023-10-19 09:35:00-04:00,195.43,195.7,194.8,195.0,1650.0,195.131,16
2023-10-19 09:40:00-04:00,194.79,195.44,194.71,195.44,2714.0,195.098,25
2023-10-19 09:45:00-04:00,195.44,195.44,194.78,194.92,1826.0,195.073,17
2023-10-19 09:50:00-04:00,194.79,195.53,194.1,195.52,10567.0,194.876,82
2023-10-19 09:55:00-04:00,195.53,195.62,195.08,195.48,8006.0,195.408,61
2023-10-19 10:00:00-04:00,195.38,195.48,194.95,195.28,14063.0,195.255,109
2023-10-19 10:05:00-04:00,195.2,195.68,195.17,195.6,23944.0,195.391,167
2023-10-19 10:10:00-04:00,195.47,197.17,195.47,197.04,6203.0,196.232,44
2023-10-19 10:15:00-04:00,197.01,197.09,196.34,196.5,7857.0,196.663,69
2023-10-19 10:20:00-04:00,196.43,196.94,196.43,196.91,5368.0,196.622,46
2023-10-19 10:25:00-04:00,196.86,196.86,195.85,195.91,7783.0,196.441,69
2023-10-19 10:30:00-04:00,195.77,195.77,195.03,195.34,4230.0,195.469,40
2023-10-19 10:35:00-04:00,195.44,195.67,195.23,195.38,5287.0,195.493,47
2023-10-19 10:40:00-04:00,195.31,195.44,194.88,194.88,6418.0,195.246,50
2023-10-19 10:45:00-04:00,194.75,194.94,194.62,194.62,6965.0,194.77,41
2023-10-19 10:50:00-04:00,194.63,194.64,194.1,194.15,9064.0,194.411,80
2023-10-19 10:55:00-04:00,194.2,194.5,193.99,194.14,19485.0,194.162,135
2023-10-19 11:00:00-04:00,194.14,194.64,194.03,194.56,14317.0,194.449,93
2023-10-19 11:05:00-04:00,194.63,195.18,194.6,194.85,6114.0,194.819,57
2023-10-19 11:10:00-04:00,194.9,195.0,194.7,194.81,3317.0,194.847,31
2023-10-19 11:15:00-04:00,194.72,194.76,194.46,194.76,2974.0,194.629,29
2023-10-19 11:20:00-04:00,194.54,194.89,194.54,194.87,2800.0,194.717,27
2023-10-19 11:25:00-04:00,194.99,195.21,194.84,195.04,13625.0,195.0,125
2023-10-19 11:30:00-04:00,195.06,195.31,194.73,195.31,7505.0,194.996,65
2023-10-19 11:35:00-04:00,195.28,195.44,194.98,194.98,3546.0,195.322,29
2023-10-19 11:40:00-04:00,195.14,195.42,195.09,195.31,5800.0,195.243,48
2023-10-19 11:45:00-04:00,195.5,195.52,195.05,195.05,5063.0,195.324,46
2023-10-19 11:50:00-04:00,194.92,194.92,194.4,194.54,3010.0,194.674,30
2023-10-19 11:55:00-04:00,194.54,194.78,194.39,194.54,4679.0,194.634,45
2023-10-19 12:00:00-04:00,194.59,196.29,194.19,195.84,12615.0,194.902,115
2023-10-19 12:05:00-04:00,195.9,195.9,195.2,195.26,3269.0,195.535,25
2023-10-19 12:10:00-04:00,195.24,195.59,195.08,195.39,11892.0,195.298,49
2023-10-19 12:15:00-04:00,195.43,195.98,195.42,195.84,6120.0,195.631,55
2023-10-19 12:20:00-04:00,195.86,196.61,195.86,196.26,3228.0,196.376,29
2023-10-19 12:25:00-04:00,196.19,196.19,194.71,194.82,5201.0,195.304,46
2023-10-19 12:30:00-04:00,194.75,194.9,193.76,193.82,5098.0,194.576,45
2023-10-19 12:35:00-04:00,193.8,193.88,193.5,193.68,13618.0,193.578,98
2023-10-19 12:40:00-04:00,193.79,194.38,193.71,193.84,9639.0,193.991,90
2023-10-19 12:45:00-04:00,194.01,195.09,194.01,195.09,5924.0,194.584,50
2023-10-19 12:50:00-04:00,195.06,195.42,194.94,195.32,3800.0,195.168,33
2023-10-19 12:55:00-04:00,195.42,195.63,195.24,195.59,13656.0,195.366,91
2023-10-19 13:00:00-04:00,195.66,196.22,195.54,195.71,12653.0,195.888,87
2023-10-19 13:05:00-04:00,195.77,196.47,195.77,196.21,10650.0,196.169,63
2023-10-19 13:10:00-04:00,196.39,196.47,195.63,195.63,5107.0,196.153,50
2023-10-19 13:15:00-04:00,195.55,195.74,195.06,195.27,6012.0,195.505,55
2023-10-19 13:20:00-04:00,195.28,195.28,194.6,194.8,7059.0,194.99,58
2023-10-19 13:25:00-04:00,194.74,194.91,194.48,194.7,6948.0,194.656,64
2023-10-19 13:30:00-04:00,194.79,194.88,194.11,194.11,4247.0,194.601,40
2023-10-19 13:35:00-04:00,194.0,194.0,193.5,193.5,4745.0,193.722,41
2023-10-19 13:40:00-04:00,193.67,193.73,193.29,193.35,7778.0,193.535,73
2023-10-19 13:45:00-04:00,193.33,193.56,193.3,193.49,5319.0,193.438,45
2023-10-19 13:50:00-04:00,193.49,193.56,193.2,193.48,7068.0,193.403,65
2023-10-19 13:55:00-04:00,193.51,193.67,193.41,193.47,6927.0,193.555,66
2023-10-19 14:00:00-04:00,193.39,193.5,192.97,193.04,15545.0,193.183,148
2023-10-19 14:05:00-04:00,193.04,193.29,192.83,193.18,6321.0,193.094,61
2023-10-19 14:10:00-04:00,193.08,193.32,193.07,193.2,1897.0,193.165,18
2023-10-19 14:15:00-04:00,193.08,193.28,192.81,192.92,8636.0,193.093,74
2023-10-19 14:20:00-04:00,192.92,193.15,192.45,192.77,12823.0,192.757,108
2023-10-19 14:25:00-04:00,192.83,192.89,192.59,192.79,6254.0,192.796,52
2023-10-19 14:30:00-04:00,192.75,192.75,192.01,192.17,16716.0,192.263,129
2023-10-19 14:35:00-04:00,192.12,192.12,191.56,191.73,11748.0,191.781,111
2023-10-19 14:40:00-04:00,191.7,191.7,191.29,191.32,13465.0,191.465,119
2023-10-19 14:45:00-04:00,191.37,191.6,191.3,191.36,25978.0,191.43,221
2023-10-19 14:50:00-04:00,191.47,191.48,191.11,191.11,14869.0,191.318,127
2023-10-19 14:55:00-04:00,191.13,191.62,191.11,191.2,16493.0,191.349,97
2023-10-19 15:00:00-04:00,191.18,191.27,191.0,191.21,15275.0,191.127,146
2023-10-19 15:05:00-04:00,191.17,191.31,190.97,191.06,13209.0,191.169,116
2023-10-19 15:10:00-04:00,190.91,191.0,190.72,190.72,11904.0,190.89,94
2023-10-19 15:15:00-04:00,190.59,190.79,190.26,190.7,11875.0,190.538,98
2023-10-19 15:20:00-04:00,190.71,190.76,190.27,190.37,12903.0,190.498,110
2023-10-19 15:25:00-04:00,190.38,190.46,190.02,190.41,26054.0,190.265,202
2023-10-19 15:30:00-04:00,190.44,190.93,190.39,190.93,15186.0,190.689,131
2023-10-19 15:35:00-04:00,190.85,190.99,190.44,190.44,15564.0,190.758,140
2023-10-19 15:40:00-04:00,190.39,190.43,189.81,189.89,22522.0,190.052,192
2023-10-19 15:45:00-04:00,189.84,190.5,189.74,190.46,28386.0,189.989,229
2023-10-19 15:50:00-04:00,190.49,191.3,190.48,191.28,98094.0,190.933,749
2023-10-19 15:55:00-04:00,191.26,191.45,190.99,191.33,289586.0,191.282,1904
2023-10-20 09:30:00-04:00,190.29,191.35,188.0,189.46,88392.0,190.275,150
2023-10-20 09:35:00-04:00,189.45,190.21,188.34,189.26,14837.0,189.318,134
2023-10-20 09:40:00-04:00,189.13,189.97,188.9,189.64,16834.0,189.415,154
2023-10-20 09:45:00-04:00,189.64,190.55,189.16,190.42,16361.0,189.725,152
2023-10-20 09:50:00-04:00,190.31,190.44,189.46,189.9,9446.0,189.81,90
2023-10-20 09:55:00-04:00,190.14,190.28,189.41,189.53,18063.0,189.757,151
2023-10-20 10:00:00-04:00,189.51,190.11,189.23,190.0,9730.0,189.879,93
2023-10-20 10:05:00-04:00,189.99,190.09,189.38,189.66,16391.0,189.73,150
2023-10-20 10:10:00-04:00,189.62,189.62,189.08,189.17,9130.0,189.324,79
2023-10-20 10:15:00-04:00,189.05,189.21,188.73,188.85,10900.0,188.987,104
2023-10-20 10:20:00-04:00,188.85,188.97,188.49,188.55,10108.0,188.729,94
2023-10-20 10:25:00-04:00,188.47,188.54,187.66,188.0,26117.0,188.062,194
2023-10-20 10:30:00-04:00,187.88,188.23,187.77,188.23,15509.0,187.968,101
2023-10-20 10:35:00-04:00,188.33,188.47,187.91,188.1,5622.0,188.129,53
2023-10-20 10:40:00-04:00,187.99,188.26,187.86,187.86,4538.0,188.094,43
2023-10-20 10:45:00-04:00,187.85,188.25,187.73,187.87,7276.0,187.958,67
2023-10-20 10:50:00-04:00,187.76,187.89,187.32,187.32,6677.0,187.65,58
2023-10-20 10:55:00-04:00,187.38,187.38,186.73,187.23,33578.0,187.06,282
2023-10-20 11:00:00-04:00,187.19,187.5,187.08,187.26,16205.0,187.246,142
2023-10-20 11:05:00-04:00,187.25,187.57,187.16,187.49,12596.0,187.352,101
2023-10-20 11:10:00-04:00,187.36,187.65,187.14,187.23,7893.0,187.403,74
2023-10-20 11:15:00-04:00,187.22,187.29,186.75,186.81,13274.0,186.857,109
2023-10-20 11:20:00-04:00,186.89,187.0,186.56,186.64,9733.0,186.764,79
2023-10-20 11:25:00-04:00,186.64,187.06,186.64,186.97,10899.0,186.871,96
2023-10-20 11:30:00-04:00,186.84,186.89,186.64,186.65,6021.0,186.772,56
2023-10-20 11:35:00-04:00,186.72,187.52,186.58,187.52,11825.0,186.958,106
2023-10-20 11:40:00-04:00,187.48,187.48,187.18,187.43,7625.0,187.334,72
2023-10-20 11:45:00-04:00,187.49,187.79,187.48,187.7,5250.0,187.592,47
2023-10-20 11:50:00-04:00,187.86,187.86,187.53,187.55,4041.0,187.735,37
2023-10-20 11:55:00-04:00,187.61,188.28,187.6,187.96,28391.0,188.009,100
2023-10-20 12:00:00-04:00,187.84,187.94,187.48,187.64,4905.0,187.68,47
2023-10-20 12:05:00-04:00,187.59,187.6,187.13,187.16,6469.0,187.348,63
2023-10-20 12:10:00-04:00,187.17,187.37,187.03,187.37,4845.0,187.211,45
2023-10-20 12:15:00-04:00,187.28,187.6,187.28,187.51,4639.0,187.49,43
2023-10-20 12:20:00-04:00,187.46,187.9,187.44,187.81,14345.0,187.679,138
2023-10-20 12:25:00-04:00,187.84,187.84,187.44,187.45,11424.0,187.566,98
2023-10-20 12:30:00-04:00,187.49,188.21,187.46,188.21,6749.0,187.847,64
2023-10-20 12:35:00-04:00,188.25,188.68,188.15,188.53,4201.0,188.353,40
2023-10-20 12:40:00-04:00,188.42,188.61,188.42,188.47,2512.0,188.491,25
2023-10-20 12:45:00-04:00,188.48,189.32,188.47,189.17,27411.0,189.112,121
2023-10-20 12:50:00-04:00,189.17,189.17,188.76,189.13,12794.0,188.989,103
2023-10-20 12:55:00-04:00,189.12,189.69,189.12,189.61,5843.0,189.422,56
2023-10-20 13:00:00-04:00,189.6,189.66,189.02,189.06,6687.0,189.37,62
2023-10-20 13:05:00-04:00,189.09,189.25,188.82,188.82,7017.0,189.081,64
2023-10-20 13:10:00-04:00,188.82,188.82,188.53,188.53,4764.0,188.713,43
2023-10-20 13:15:00-04:00,188.55,189.96,188.5,189.89,18133.0,189.165,145
2023-10-20 13:20:00-04:00,189.92,190.15,189.76,189.99,10280.0,189.948,90
2023-10-20 13:25:00-04:00,189.97,190.01,189.68,189.76,16011.0,189.855,147
2023-10-20 13:30:00-04:00,189.75,189.86,189.49,189.55,9752.0,189.68,88
2023-10-20 13:35:00-04:00,189.5,189.51,189.28,189.31,6682.0,189.373,66
2023-10-20 13:40:00-04:00,189.37,189.67,189.29,189.29,15250.0,189.505,141
2023-10-20 13:45:00-04:00,189.24,189.34,189.17,189.21,4537.0,189.261,42
2023-10-20 13:50:00-04:00,189.22,189.29,188.99,189.21,10801.0,189.16,98
2023-10-20 13:55:00-04:00,189.21,189.35,189.08,189.16,5813.0,189.206,57
2023-10-20 14:00:00-04:00,189.21,189.37,189.12,189.22,17346.0,189.25,136
2023-10-20 14:05:00-04:00,189.23,189.28,188.98,189.1,6529.0,189.13,63
2023-10-20 14:10:00-04:00,189.16,189.23,188.71,188.75,3427.0,188.906,31
2023-10-20 14:15:00-04:00,188.72,188.78,188.45,188.52,11578.0,188.557,111
2023-10-20 14:20:00-04:00,188.53,188.56,188.41,188.52,4555.0,188.514,44
2023-10-20 14:25:00-04:00,188.47,188.53,188.19,188.31,9048.0,188.438,86
2023-10-20 14:30:00-04:00,188.3,188.41,188.13,188.41,6679.0,188.257,64
2023-10-20 14:35:00-04:00,188.37,188.63,188.16,188.22,7846.0,188.426,76
2023-10-20 14:40:00-04:00,188.21,188.35,188.04,188.33,7126.0,188.207,69
2023-10-20 14:45:00-04:00,188.32,188.41,188.15,188.4,6201.0,188.28,58
2023-10-20 14:50:00-04:00,188.35,188.7,188.28,188.7,3084.0,188.539,29
2023-10-20 14:55:00-04:00,188.73,188.77,188.44,188.46,2842.0,188.583,28
2023-10-20 15:00:00-04:00,188.45,188.76,188.45,188.48,6116.0,188.625,55
2023-10-20 15:05:00-04:00,188.48,188.65,188.28,188.28,7324.0,188.515,69
2023-10-20 15:10:00-04:00,188.27,188.33,187.91,188.2,13049.0,188.097,125
2023-10-20 15:15:00-04:00,188.22,188.68,188.2,188.68,6179.0,188.366,53
2023-10-20 15:20:00-04:00,188.64,188.68,188.05,188.05,7677.0,188.362,62
2023-10-20 15:25:00-04:00,188.11,188.31,187.81,188.22,10200.0,188.112,87
2023-10-20 15:30:00-04:00,188.27,188.31,187.91,188.06,14224.0,188.053,123
2023-10-20 15:35:00-04:00,188.06,188.15,187.82,187.93,14683.0,187.984,113
2023-10-20 15:40:00-04:00,187.91,187.91,187.67,187.82,18167.0,187.781,159
2023-10-20 15:45:00-04:00,187.79,188.03,187.64,187.9,23130.0,187.8,204
2023-10-20 15:50:00-04:00,187.84,187.84,187.31,187.41,39988.0,187.558,340
2023-10-20 15:55:00-04:00,187.41,187.64,187.18,187.32,90074.0,187.369,626
2023-10-23 09:30:00-04:00,187.63,188.05,187.28,187.99,16603.0,187.701,42
2023-10-23 09:35:00-04:00,187.98,187.98,186.28,186.49,6579.0,187.093,54
2023-10-23 09:40:00-04:00,186.59,187.59,186.59,187.03,28759.0,187.125,158
2023-10-23 09:45:00-04:00,187.06,187.74,187.05,187.74,8362.0,187.324,72
2023-10-23 09:50:00-04:00,187.98,188.07,187.35,187.64,6476.0,187.556,63
2023-10-23 09:55:00-04:00,187.73,188.11,187.54,188.01,8725.0,187.902,62
2023-10-23 10:00:00-04:00,188.3,188.43,187.92,188.11,8500.0,188.156,40
2023-10-23 10:05:00-04:00,188.19,188.4,188.08,188.22,6770.0,188.229,42
2023-10-23 10:10:00-04:00,188.2,188.48,187.93,188.47,6283.0,188.231,47
2023-10-23 10:15:00-04:00,188.38,189.24,188.3,189.24,10971.0,188.563,62
2023-10-23 10:20:00-04:00,189.36,189.61,189.27,189.27,12474.0,189.47,84
2023-10-23 10:25:00-04:00,189.33,189.68,189.1,189.55,21435.0,189.434,167
2023-10-23 10:30:00-04:00,189.61,189.61,188.8,188.9,10091.0,189.184,84
2023-10-23 10:35:00-04:00,188.85,189.24,188.53,188.97,6005.0,188.86,47
2023-10-23 10:40:00-04:00,188.86,189.05,188.18,188.26,33831.0,188.561,248
2023-10-23 10:45:00-04:00,188.27,188.56,188.26,188.42,8406.0,188.398,61
2023-10-23 10:50:00-04:00,188.41,188.72,188.28,188.42,22842.0,188.506,146
2023-10-23 10:55:00-04:00,188.35,188.53,188.25,188.41,3773.0,188.387,27
2023-10-23 11:00:00-04:00,188.43,188.43,188.16,188.31,4462.0,188.299,33
2023-10-23 11:05:00-04:00,188.38,188.61,188.27,188.36,8654.0,188.48,64
2023-10-23 11:10:00-04:00,188.4,188.83,188.4,188.83,6125.0,188.651,32
2023-10-23 11:15:00-04:00,188.84,188.93,188.59,188.86,9952.0,188.747,88
2023-10-23 11:20:00-04:00,188.91,189.23,188.91,189.09,8280.0,189.048,51
2023-10-23 11:25:00-04:00,189.14,189.37,188.96,189.17,8007.0,189.115,59
2023-10-23 11:30:00-04:00,189.05,189.64,189.01,189.44,10047.0,189.22,78
2023-10-23 11:35:00-04:00,189.44,189.65,189.39,189.53,3925.0,189.504,32
2023-10-23 11:40:00-04:00,189.56,189.72,189.39,189.46,21144.0,189.532,122
2023-10-23 11:45:00-04:00,189.4,189.58,189.25,189.56,5977.0,189.423,56
2023-10-23 11:50:00-04:00,189.53,189.76,189.5,189.69,4611.0,189.605,45
2023-10-23 11:55:00-04:00,189.75,189.79,189.53,189.65,2900.0,189.621,26
2023-10-23 12:00:00-04:00,189.64,189.66,189.33,189.53,5223.0,189.493,46
2023-10-23 12:05:00-04:00,189.53,189.71,189.48,189.62,4246.0,189.585,39
2023-10-23 12:10:00-04:00,189.67,189.67,188.99,189.01,8089.0,189.296,77
2023-10-23 12:15:00-04:00,188.95,189.05,188.81,188.81,4673.0,188.933,40
2023-10-23 12:20:00-04:00,188.77,189.57,188.66,189.5,5115.0,189.203,45
2023-10-23 12:25:00-04:00,189.59,189.59,189.15,189.34,5575.0,189.341,46
2023-10-23 12:30:00-04:00,189.34,189.58,189.33,189.55,2836.0,189.464,28
2023-10-23 12:35:00-04:00,189.55,189.84,189.53,189.84,2571.0,189.594,20
2023-10-23 12:40:00-04:00,189.69,189.69,189.54,189.68,2183.0,189.607,19
2023-10-23 12:45:00-04:00,189.66,189.75,189.47,189.64,4652.0,189.591,40
2023-10-23 12:50:00-04:00,189.72,189.8,189.52,189.61,2500.0,189.655,22
2023-10-23 12:55:00-04:00,189.7,190.29,189.69,190.29,4342.0,190.068,41
2023-10-23 13:00:00-04:00,190.4,190.4,189.86,189.87,7968.0,190.277,54
2023-10-23 13:05:00-04:00,190.0,190.05,189.83,189.83,2000.0,189.935,15
2023-10-23 13:10:00-04:00,189.76,189.94,189.47,189.73,4419.0,189.718,35
2023-10-23 13:15:00-04:00,189.71,189.85,189.6,189.6,3748.0,189.722,36
2023-10-23 13:20:00-04:00,189.62,190.01,189.61,189.86,5218.0,189.811,45
2023-10-23 13:25:00-04:00,189.72,190.06,189.71,190.06,3727.0,189.859,33
2023-10-23 13:30:00-04:00,190.05,190.05,189.75,189.98,5559.0,189.897,45
2023-10-23 13:35:00-04:00,189.98,190.25,189.88,189.95,5583.0,189.98,53
2023-10-23 13:40:00-04:00,189.97,190.25,189.79,190.1,6395.0,190.081,50
2023-10-23 13:45:00-04:00,190.05,190.16,189.86,190.09,6976.0,189.991,45
2023-10-23 13:50:00-04:00,190.09,190.09,189.3,189.37,3866.0,189.653,34
2023-10-23 13:55:00-04:00,189.37,189.37,188.92,189.06,8104.0,189.144,57
2023-10-23 14:00:00-04:00,189.04,189.11,188.94,189.11,1779.0,189.02,16
2023-10-23 14:05:00-04:00,189.15,189.4,189.06,189.31,8290.0,189.237,49
2023-10-23 14:10:00-04:00,189.21,189.21,188.87,188.89,6185.0,188.964,42
2023-10-23 14:15:00-04:00,188.94,188.95,188.59,188.65,5033.0,188.778,35
2023-10-23 14:20:00-04:00,188.69,188.82,188.41,188.49,6829.0,188.618,57
2023-10-23 14:25:00-04:00,188.41,188.76,188.41,188.75,4974.0,188.701,27
2023-10-23 14:30:00-04:00,188.75,188.75,188.5,188.55,4516.0,188.615,32
2023-10-23 14:35:00-04:00,188.52,188.91,188.52,188.81,3191.0,188.743,20
2023-10-23 14:40:00-04:00,189.02,189.2,188.73,188.79,7463.0,189.073,38
2023-10-23 14:45:00-04:00,188.89,189.25,188.78,189.08,3233.0,188.93,31
2023-10-23 14:50:00-04:00,189.06,189.21,189.03,189.17,5000.0,189.083,30
2023-10-23 14:55:00-04:00,189.2,189.2,188.99,189.14,8974.0,189.1,72
2023-10-23 15:00:00-04:00,189.19,189.28,189.02,189.13,5594.0,189.147,53
2023-10-23 15:05:00-04:00,189.25,189.25,188.99,189.0,9701.0,189.131,87
2023-10-23 15:10:00-04:00,189.01,189.03,188.59,188.66,12524.0,188.826,111
2023-10-23 15:15:00-04:00,188.67,188.87,188.61,188.86,3546.0,188.75,33
2023-10-23 15:20:00-04:00,188.78,188.9,188.33,188.42,11045.0,188.656,76
2023-10-23 15:25:00-04:00,188.29,188.46,188.07,188.07,17357.0,188.223,115
2023-10-23 15:30:00-04:00,188.04,188.18,187.88,187.92,7640.0,188.019,60
2023-10-23 15:35:00-04:00,187.97,188.18,187.84,188.17,11552.0,187.983,80
2023-10-23 15:40:00-04:00,188.16,188.49,188.16,188.49,13295.0,188.349,118
2023-10-23 15:45:00-04:00,188.43,188.67,188.38,188.55,14978.0,188.528,139
2023-10-23 15:50:00-04:00,188.52,188.52,188.15,188.19,28356.0,188.326,211
2023-10-23 15:55:00-04:00,188.23,188.23,187.66,187.82,96304.0,187.861,628
2023-10-24 09:30:00-04:00,189.82,189.82,187.31,187.31,34901.0,188.213,193
2023-10-24 09:35:00-04:00,187.25,187.67,186.26,187.19,5540.0,186.998,49
2023-10-24 09:40:00-04:00,187.19,187.61,185.84,187.61,4802.0,186.478,46
2023-10-24 09:45:00-04:00,187.61,187.79,186.95,187.58,2379.0,187.284,17
2023-10-24 09:50:00-04:00,187.49,187.63,187.12,187.24,2844.0,187.312,28
2023-10-24 09:55:00-04:00,187.1,188.35,186.89,188.35,2297.0,187.639,20
2023-10-24 10:00:00-04:00,188.18,188.2,187.5,187.96,4709.0,187.855,45
2023-10-24 10:05:00-04:00,188.04,188.84,187.81,188.78,3378.0,188.296,32
2023-10-24 10:10:00-04:00,188.74,188.9,188.47,188.83,8209.0,188.65,78
2023-10-24 10:15:00-04:00,188.68,189.16,188.48,188.8,4961.0,188.757,48
2023-10-24 10:20:00-04:00,188.87,189.2,188.8,188.88,7168.0,188.99,65
2023-10-24 10:25:00-04:00,188.81,189.73,188.58,189.56,14427.0,189.101,92
2023-10-24 10:30:00-04:00,189.49,189.49,188.83,188.97,4245.0,189.022,32
2023-10-24 10:35:00-04:00,188.89,189.1,188.5,189.0,3503.0,188.696,33
2023-10-24 10:40:00-04:00,188.93,188.96,188.58,188.58,3164.0,188.723,13
2023-10-24 10:45:00-04:00,188.5,189.1,188.47,189.03,4499.0,188.712,43
2023-10-24 10:50:00-04:00,189.02,189.08,188.65,188.67,4767.0,188.905,32
2023-10-24 10:55:00-04:00,188.68,188.68,188.49,188.5,2000.0,188.628,19
2023-10-24 11:00:00-04:00,188.5,188.6,188.41,188.57,9533.0,188.512,89
2023-10-24 11:05:00-04:00,188.49,188.71,188.39,188.53,8184.0,188.55,75
2023-10-24 11:10:00-04:00,188.55,188.83,188.47,188.83,4282.0,188.609,42
2023-10-24 11:15:00-04:00,188.73,188.89,188.55,188.77,5409.0,188.704,43
2023-10-24 11:20:00-04:00,188.87,188.98,188.31,188.72,11861.0,188.679,109
2023-10-24 11:25:00-04:00,188.39,188.49,187.88,187.88,6019.0,188.156,52
2023-10-24 11:30:00-04:00,187.93,188.18,187.87,187.92,1440.0,187.966,13
2023-10-24 11:35:00-04:00,187.61,187.63,187.41,187.46,3051.0,187.552,29
2023-10-24 11:40:00-04:00,187.37,187.55,187.32,187.55,2400.0,187.441,23
2023-10-24 11:45:00-04:00,187.52,187.52,187.08,187.08,3051.0,187.316,30
2023-10-24 11:50:00-04:00,187.08,187.4,186.88,187.24,4516.0,187.075,35
2023-10-24 11:55:00-04:00,187.23,187.41,187.16,187.41,2957.0,187.215,19
2023-10-24 12:00:00-04:00,187.45,187.7,187.38,187.6,3815.0,187.531,37
2023-10-24 12:05:00-04:00,187.68,187.8,187.5,187.7,4956.0,187.594,49
2023-10-24 12:10:00-04:00,187.73,187.78,187.47,187.69,2406.0,187.627,24
2023-10-24 12:15:00-04:00,187.61,187.81,187.32,187.33,2204.0,187.611,21
2023-10-24 12:20:00-04:00,187.12,187.25,186.89,186.9,5385.0,187.122,44
2023-10-24 12:25:00-04:00,186.84,187.21,186.75,186.75,5614.0,187.007,46
2023-10-24 12:30:00-04:00,186.83,186.94,186.44,186.48,8553.0,186.734,80
2023-10-24 12:35:00-04:00,186.59,186.87,186.37,186.82,4008.0,186.696,39
2023-10-24 12:40:00-04:00,186.81,186.9,186.73,186.84,4701.0,186.847,39
2023-10-24 12:45:00-04:00,186.77,186.87,186.46,186.57,7306.0,186.686,61
2023-10-24 12:50:00-04:00,186.62,186.68,186.46,186.48,1647.0,186.586,12
2023-10-24 12:55:00-04:00,186.49,186.62,186.41,186.54,6105.0,186.525,54
2023-10-24 13:00:00-04:00,186.55,187.25,186.54,186.85,5531.0,186.903,50
2023-10-24 13:05:00-04:00,186.9,187.14,186.9,186.97,3583.0,187.024,33
2023-10-24 13:10:00-04:00,186.87,186.87,186.51,186.51,3342.0,186.702,30
2023-10-24 13:15:00-04:00,186.61,186.87,186.43,186.81,4507.0,186.702,34
2023-10-24 13:20:00-04:00,186.81,186.91,186.63,186.64,2879.0,186.74,23
2023-10-24 13:25:00-04:00,186.63,186.75,186.48,186.61,5224.0,186.633,49
2023-10-24 13:30:00-04:00,186.62,186.82,186.51,186.52,6110.0,186.705,58
2023-10-24 13:35:00-04:00,186.56,186.6,186.36,186.53,4009.0,186.507,37
2023-10-24 13:40:00-04:00,186.39,186.57,186.25,186.49,3400.0,186.412,34
2023-10-24 13:45:00-04:00,186.49,186.58,186.31,186.36,3904.0,186.442,37
2023-10-24 13:50:00-04:00,186.4,186.47,186.28,186.36,5787.0,186.383,48
2023-10-24 13:55:00-04:00,186.37,186.38,185.9,185.97,9908.0,186.069,87
2023-10-24 14:00:00-04:00,185.91,186.4,185.91,186.26,9549.0,186.093,81
2023-10-24 14:05:00-04:00,186.2,186.46,186.19,186.33,4346.0,186.332,40
2023-10-24 14:10:00-04:00,186.47,186.58,186.35,186.52,7851.0,186.444,53
2023-10-24 14:15:00-04:00,186.59,186.63,186.19,186.26,3979.0,186.379,38
2023-10-24 14:20:00-04:00,186.27,186.53,186.24,186.42,5901.0,186.377,56
2023-10-24 14:25:00-04:00,186.36,186.53,186.31,186.46,5646.0,186.448,49
2023-10-24 14:30:00-04:00,186.55,187.02,186.55,186.74,8938.0,186.699,75
2023-10-24 14:35:00-04:00,186.81,186.91,186.77,186.81,6438.0,186.85,59
2023-10-24 14:40:00-04:00,186.9,186.9,186.71,186.86,2172.0,186.823,19
2023-10-24 14:45:00-04:00,186.96,187.08,186.78,187.02,6183.0,186.942,50
2023-10-24 14:50:00-04:00,187.04,187.13,186.89,187.13,2435.0,187.007,22
2023-10-24 14:55:00-04:00,187.13,187.19,186.96,187.02,2743.0,187.065,25
2023-10-24 15:00:00-04:00,187.02,187.22,186.97,186.98,3622.0,187.076,34
2023-10-24 15:05:00-04:00,186.9,186.98,186.73,186.86,5734.0,186.849,47
2023-10-24 15:10:00-04:00,186.84,187.11,186.82,187.11,5059.0,186.961,27
2023-10-24 15:15:00-04:00,187.15,187.27,187.03,187.03,4128.0,187.176,34
2023-10-24 15:20:00-04:00,187.0,187.13,186.77,186.81,6249.0,186.924,55
2023-10-24 15:25:00-04:00,186.8,186.9,186.7,186.83,5028.0,186.797,46
2023-10-24 15:30:00-04:00,186.89,186.92,186.69,186.74,7986.0,186.777,69
2023-10-24 15:35:00-04:00,186.69,186.79,186.67,186.73,14086.0,186.745,121
2023-10-24 15:40:00-04:00,186.76,187.02,186.76,186.9,10309.0,186.913,90
2023-10-24 15:45:00-04:00,186.91,186.91,186.63,186.67,15547.0,186.797,135
2023-10-24 15:50:00-04:00,186.67,186.84,186.41,186.53,27747.0,186.637,224
2023-10-24 15:55:00-04:00,186.49,186.77,186.46,186.51,76078.0,186.61,510
2023-10-25 09:30:00-04:00,185.48,185.48,185.48,185.48,100.0,185.48,1
2023-10-25 09:35:00-04:00,185.56,185.56,184.54,184.9,14351.0,185.335,50
2023-10-25 09:40:00-04:00,184.68,184.87,184.33,184.33,4277.0,184.639,35
2023-10-25 09:45:00-04:00,184.27,184.97,184.02,184.97,3383.0,184.459,31
2023-10-25 09:50:00-04:00,184.78,185.09,184.7,184.86,3456.0,184.866,34
2023-10-25 09:55:00-04:00,184.87,184.99,184.38,184.84,17667.0,184.581,76
2023-10-25 10:00:00-04:00,184.88,185.19,184.88,185.17,8333.0,185.07,61
2023-10-25 10:05:00-04:00,185.07,185.53,185.07,185.53,5581.0,185.334,47
2023-10-25 10:10:00-04:00,185.58,185.6,185.1,185.36,10561.0,185.344,101
2023-10-25 10:15:00-04:00,185.44,185.48,185.16,185.45,5180.0,185.335,48
2023-10-25 10:20:00-04:00,185.53,186.59,185.42,186.59,15004.0,185.742,85
2023-10-25 10:25:00-04:00,186.61,186.94,186.25,186.36,20195.0,186.657,180
2023-10-25 10:30:00-04:00,186.41,186.74,185.99,186.45,8324.0,186.34,82
2023-10-25 10:35:00-04:00,186.36,186.97,186.08,186.83,12174.0,186.34,102
2023-10-25 10:40:00-04:00,186.81,186.83,186.34,186.66,11682.0,186.55,88
2023-10-25 10:45:00-04:00,186.66,187.03,186.66,186.9,9255.0,186.864,71
2023-10-25 10:50:00-04:00,186.9,187.22,186.57,187.02,9769.0,186.83,92
2023-10-25 10:55:00-04:00,186.89,187.31,186.87,187.31,9497.0,187.147,84
2023-10-25 11:00:00-04:00,187.32,188.0,187.26,187.87,14389.0,187.578,115
2023-10-25 11:05:00-04:00,187.93,188.07,187.63,187.78,12479.0,187.834,105
2023-10-25 11:10:00-04:00,187.64,187.93,187.53,187.74,7935.0,187.696,71
2023-10-25 11:15:00-04:00,187.63,187.78,187.49,187.78,6229.0,187.601,56
2023-10-25 11:20:00-04:00,187.84,187.97,187.54,187.6,6141.0,187.726,53
2023-10-25 11:25:00-04:00,187.59,188.54,187.48,187.87,7780.0,187.902,68
2023-10-25 11:30:00-04:00,187.87,187.87,187.27,187.43,8791.0,187.466,81
2023-10-25 11:35:00-04:00,187.44,187.67,187.35,187.66,4943.0,187.463,46
2023-10-25 11:40:00-04:00,187.54,187.54,186.77,187.06,14198.0,187.318,128
2023-10-25 11:45:00-04:00,187.15,187.15,186.61,187.08,8771.0,186.878,75
2023-10-25 11:50:00-04:00,187.08,187.09,186.36,186.63,8013.0,186.794,68
2023-10-25 11:55:00-04:00,186.63,186.99,186.61,186.99,5000.0,186.854,40
2023-10-25 12:00:00-04:00,186.89,187.13,186.71,186.71,12516.0,186.945,122
2023-10-25 12:05:00-04:00,186.69,186.73,186.3,186.5,5167.0,186.507,45
2023-10-25 12:10:00-04:00,186.47,186.65,186.16,186.65,5830.0,186.381,56
2023-10-25 12:15:00-04:00,186.71,186.88,186.57,186.81,2878.0,186.777,23
2023-10-25 12:20:00-04:00,186.84,187.12,186.84,186.97,5841.0,186.962,42
2023-10-25 12:25:00-04:00,186.96,187.08,186.81,186.82,6549.0,186.953,58
2023-10-25 12:30:00-04:00,186.76,187.31,186.76,187.15,5361.0,187.046,51
2023-10-25 12:35:00-04:00,187.08,187.14,186.7,186.98,4809.0,186.965,41
2023-10-25 12:40:00-04:00,186.91,187.19,186.85,187.09,6471.0,186.966,60
2023-10-25 12:45:00-04:00,187.06,187.09,186.68,186.87,4215.0,186.88,39
2023-10-25 12:50:00-04:00,186.79,186.81,186.46,186.75,4813.0,186.691,31
2023-10-25 12:55:00-04:00,186.54,186.86,186.45,186.7,3923.0,186.653,33
2023-10-25 13:00:00-04:00,186.7,186.79,186.39,186.52,8586.0,186.489,37
2023-10-25 13:05:00-04:00,186.52,186.52,186.2,186.28,4820.0,186.333,45
2023-10-25 13:10:00-04:00,186.21,186.52,186.11,186.52,7744.0,186.273,66
2023-10-25 13:15:00-04:00,186.52,186.6,186.27,186.59,3217.0,186.425,29
2023-10-25 13:20:00-04:00,186.52,186.75,186.46,186.74,3179.0,186.586,28
2023-10-25 13:25:00-04:00,186.81,186.92,186.51,186.73,3989.0,186.726,28
2023-10-25 13:30:00-04:00,186.55,186.57,186.18,186.32,3354.0,186.367,32
2023-10-25 13:35:00-04:00,186.31,186.31,185.86,185.86,8951.0,186.028,67
2023-10-25 13:40:00-04:00,185.78,186.15,185.78,186.02,15873.0,185.931,96
2023-10-25 13:45:00-04:00,185.96,186.02,185.85,185.92,5743.0,185.906,46
2023-10-25 13:50:00-04:00,185.86,186.04,185.59,186.04,12727.0,185.814,116
2023-10-25 13:55:00-04:00,186.04,186.24,186.04,186.24,4095.0,186.143,38
2023-10-25 14:00:00-04:00,186.11,186.25,185.82,185.84,8066.0,186.062,54
2023-10-25 14:05:00-04:00,185.84,185.84,185.5,185.67,4804.0,185.708,46
2023-10-25 14:10:00-04:00,185.67,185.97,185.53,185.92,11968.0,185.659,83
2023-10-25 14:15:00-04:00,185.89,185.99,185.73,185.96,4999.0,185.862,38
2023-10-25 14:20:00-04:00,185.96,186.18,185.84,186.12,5772.0,185.999,52
2023-10-25 14:25:00-04:00,186.05,186.05,185.83,185.98,4360.0,185.932,41
2023-10-25 14:30:00-04:00,186.04,186.2,185.99,186.04,4641.0,186.111,35
2023-10-25 14:35:00-04:00,186.0,186.0,185.72,185.85,7635.0,185.847,64
2023-10-25 14:40:00-04:00,185.79,185.79,185.5,185.5,5313.0,185.627,49
2023-10-25 14:45:00-04:00,185.6,185.69,185.48,185.48,3741.0,185.589,30
2023-10-25 14:50:00-04:00,185.5,185.76,185.28,185.73,5884.0,185.42,51
2023-10-25 14:55:00-04:00,185.84,185.85,185.29,185.3,8639.0,185.589,73
2023-10-25 15:00:00-04:00,185.3,185.3,185.05,185.1,7151.0,185.171,63
2023-10-25 15:05:00-04:00,185.08,185.14,184.84,184.99,11572.0,185.007,98
2023-10-25 15:10:00-04:00,185.0,185.03,184.62,184.62,12424.0,184.861,108
2023-10-25 15:15:00-04:00,184.61,185.12,184.57,184.84,18950.0,184.814,139
2023-10-25 15:20:00-04:00,184.79,185.15,184.78,184.92,13064.0,184.942,113
2023-10-25 15:25:00-04:00,184.97,185.09,184.86,184.96,13496.0,184.989,119
2023-10-25 15:30:00-04:00,185.02,185.09,184.75,184.88,18551.0,184.939,170
2023-10-25 15:35:00-04:00,184.88,185.09,184.72,184.74,15256.0,184.936,140
2023-10-25 15:40:00-04:00,184.79,184.79,184.32,184.5,24386.0,184.537,217
2023-10-25 15:45:00-04:00,184.45,184.8,184.29,184.8,27369.0,184.539,231
2023-10-25 15:50:00-04:00,184.77,184.87,184.46,184.57,58824.0,184.633,478
2023-10-25 15:55:00-04:00,184.61,184.69,184.14,184.34,150513.0,184.337,878
2023-10-26 09:30:00-04:00,187.33,187.51,187.33,187.33,12804.0,187.331,3
2023-10-26 09:35:00-04:00,187.41,188.62,187.15,187.45,18428.0,187.909,158
2023-10-26 09:40:00-04:00,186.87,188.37,186.87,187.68,18514.0,187.723,128
2023-10-26 09:45:00-04:00,187.8,188.05,187.53,188.05,19299.0,187.805,145
2023-10-26 09:50:00-04:00,188.05,189.04,188.05,188.53,7310.0,188.616,60
2023-10-26 09:55:00-04:00,188.84,189.13,187.48,188.71,31513.0,187.987,213
2023-10-26 10:00:00-04:00,188.54,188.93,188.29,188.41,7147.0,188.599,64
2023-10-26 10:05:00-04:00,188.36,188.96,188.31,188.59,7870.0,188.57,74
2023-10-26 10:10:00-04:00,188.7,189.01,188.67,188.7,6793.0,188.817,59
2023-10-26 10:15:00-04:00,188.91,189.09,188.57,188.86,8423.0,188.852,79
2023-10-26 10:20:00-04:00,188.77,189.42,188.77,189.16,7348.0,189.157,71
2023-10-26 10:25:00-04:00,189.29,190.0,189.1,189.94,15635.0,189.523,148
2023-10-26 10:30:00-04:00,189.98,190.01,189.12,189.21,17641.0,189.672,152
2023-10-26 10:35:00-04:00,189.28,189.3,188.92,189.29,29556.0,189.044,207
2023-10-26 10:40:00-04:00,189.28,189.51,188.93,189.38,29063.0,189.214,180
2023-10-26 10:45:00-04:00,189.6,190.08,189.6,190.08,6501.0,189.801,62
2023-10-26 10:50:00-04:00,190.11,190.82,190.04,190.82,8644.0,190.413,83
2023-10-26 10:55:00-04:00,190.67,190.82,190.33,190.37,16169.0,190.59,146
2023-10-26 11:00:00-04:00,190.43,190.85,190.33,190.58,19358.0,190.524,118
2023-10-26 11:05:00-04:00,190.58,190.69,189.89,190.01,20600.0,190.318,124
2023-10-26 11:10:00-04:00,190.17,190.27,189.53,189.59,8060.0,189.863,68
2023-10-26 11:15:00-04:00,189.47,189.54,189.15,189.5,6689.0,189.377,57
2023-10-26 11:20:00-04:00,189.66,189.92,189.46,189.55,8072.0,189.694,72
2023-10-26 11:25:00-04:00,189.58,189.85,189.27,189.55,13529.0,189.629,64
2023-10-26 11:30:00-04:00,189.63,189.88,189.58,189.59,4702.0,189.658,27
2023-10-26 11:35:00-04:00,189.58,190.05,189.41,189.77,32722.0,189.651,96
2023-10-26 11:40:00-04:00,189.71,189.72,189.26,189.44,12905.0,189.464,125
2023-10-26 11:45:00-04:00,189.55,189.83,189.4,189.41,4757.0,189.599,45
2023-10-26 11:50:00-04:00,189.42,189.61,189.03,189.03,9636.0,189.331,85
2023-10-26 11:55:00-04:00,189.03,189.19,188.81,189.03,10981.0,189.006,86
2023-10-26 12:00:00-04:00,189.01,189.3,188.89,189.1,7816.0,189.094,75
2023-10-26 12:05:00-04:00,189.03,189.06,188.59,188.68,16908.0,188.896,144
2023-10-26 12:10:00-04:00,188.66,188.8,188.48,188.74,4439.0,188.641,42
2023-10-26 12:15:00-04:00,188.88,188.94,188.45,188.5,15515.0,188.68,132
2023-10-26 12:20:00-04:00,188.48,188.93,188.14,188.14,15108.0,188.607,142
2023-10-26 12:25:00-04:00,188.3,188.88,188.23,188.88,2805.0,188.401,28
2023-10-26 12:30:00-04:00,188.87,189.07,188.74,188.76,4857.0,188.868,47
2023-10-26 12:35:00-04:00,188.78,188.78,188.23,188.37,4585.0,188.515,43
2023-10-26 12:40:00-04:00,188.32,188.68,188.24,188.25,12607.0,188.311,49
2023-10-26 12:45:00-04:00,188.25,188.31,188.08,188.24,3755.0,188.182,34
2023-10-26 12:50:00-04:00,188.17,188.41,187.96,188.0,3452.0,188.176,31
2023-10-26 12:55:00-04:00,187.92,188.46,187.92,188.29,3800.0,188.239,37
2023-10-26 13:00:00-04:00,188.19,188.84,188.14,188.52,6318.0,188.537,54
2023-10-26 13:05:00-04:00,188.33,188.39,188.02,188.19,2508.0,188.188,21
2023-10-26 13:10:00-04:00,188.28,188.92,188.14,188.92,6085.0,188.557,59
2023-10-26 13:15:00-04:00,189.0,189.31,188.92,189.22,9736.0,189.15,87
2023-10-26 13:20:00-04:00,189.21,189.21,188.56,188.74,6864.0,188.849,67
2023-10-26 13:25:00-04:00,188.74,188.78,188.55,188.78,8664.0,188.689,65
2023-10-26 13:30:00-04:00,188.72,188.79,188.44,188.67,7277.0,188.668,47
2023-10-26 13:35:00-04:00,188.65,188.72,188.42,188.52,3744.0,188.61,28
2023-10-26 13:40:00-04:00,188.5,188.69,188.4,188.69,4453.0,188.573,34
2023-10-26 13:45:00-04:00,188.72,189.11,188.72,188.94,10022.0,188.884,69
2023-10-26 13:50:00-04:00,188.88,189.02,188.71,188.98,5043.0,188.891,44
2023-10-26 13:55:00-04:00,189.02,189.24,188.78,189.12,11531.0,189.072,84
2023-10-26 14:00:00-04:00,189.19,189.38,189.14,189.23,20368.0,189.247,182
2023-10-26 14:05:00-04:00,189.29,189.48,189.21,189.46,5880.0,189.336,53
2023-10-26 14:10:00-04:00,189.47,189.82,189.45,189.75,6222.0,189.695,55
2023-10-26 14:15:00-04:00,189.81,189.86,189.58,189.65,6858.0,189.746,62
2023-10-26 14:20:00-04:00,189.73,189.76,189.53,189.53,10697.0,189.646,91
2023-10-26 14:25:00-04:00,189.57,189.59,189.22,189.58,5765.0,189.423,54
2023-10-26 14:30:00-04:00,189.63,190.15,189.45,189.83,8290.0,189.771,70
2023-10-26 14:35:00-04:00,189.75,189.75,189.53,189.62,4372.0,189.696,34
2023-10-26 14:40:00-04:00,189.62,189.97,189.51,189.68,8015.0,189.744,63
2023-10-26 14:45:00-04:00,189.64,189.75,189.63,189.64,3466.0,189.689,26
2023-10-26 14:50:00-04:00,189.64,189.91,189.57,189.75,5876.0,189.703,49
2023-10-26 14:55:00-04:00,189.7,189.87,189.62,189.69,10821.0,189.737,83
2023-10-26 15:00:00-04:00,189.63,189.98,189.62,189.81,7203.0,189.811,63
2023-10-26 15:05:00-04:00,189.88,189.93,189.66,189.77,6245.0,189.734,50
2023-10-26 15:10:00-04:00,189.8,189.8,189.39,189.54,6652.0,189.593,58
2023-10-26 15:15:00-04:00,189.49,189.91,189.47,189.78,11090.0,189.73,86
2023-10-26 15:20:00-04:00,189.77,189.88,189.42,189.53,6074.0,189.636,51
2023-10-26 15:25:00-04:00,189.53,189.57,189.0,189.0,11862.0,189.329,94
2023-10-26 15:30:00-04:00,188.99,189.04,188.51,188.52,20279.0,188.813,170
2023-10-26 15:35:00-04:00,188.51,188.65,188.32,188.35,16370.0,188.485,129
2023-10-26 15:40:00-04:00,188.28,188.28,187.66,187.89,17937.0,187.898,140
2023-10-26 15:45:00-04:00,187.95,188.05,187.61,187.7,25473.0,187.883,198
2023-10-26 15:50:00-04:00,187.7,188.07,187.59,187.62,37585.0,187.847,258
2023-10-26 15:55:00-04:00,187.69,187.86,187.37,187.43,91579.0,187.619,533
2023-10-27 09:30:00-04:00,187.25,188.24,187.09,187.52,9352.0,187.299,6
2023-10-27 09:35:00-04:00,187.57,187.66,186.72,186.79,3761.0,187.217,36
2023-10-27 09:40:00-04:00,186.89,186.89,186.11,186.17,2247.0,186.327,22
2023-10-27 09:45:00-04:00,186.17,186.19,185.64,185.64,7346.0,185.948,47
2023-10-27 09:50:00-04:00,185.3,186.53,185.1,186.53,13469.0,185.779,119
2023-10-27 09:55:00-04:00,186.53,186.83,185.72,186.74,7563.0,186.23,67
2023-10-27 10:00:00-04:00,186.69,186.74,185.82,186.74,11848.0,186.362,104
2023-10-27 10:05:00-04:00,186.69,186.8,186.1,186.14,4723.0,186.506,41
2023-10-27 10:10:00-04:00,186.33,186.47,186.07,186.24,6788.0,186.295,66
2023-10-27 10:15:00-04:00,186.24,186.28,185.27,185.32,11311.0,185.876,109
2023-10-27 10:20:00-04:00,185.32,186.2,185.32,185.7,11779.0,185.542,102
2023-10-27 10:25:00-04:00,185.79,186.01,185.71,185.89,6076.0,185.864,53
2023-10-27 10:30:00-04:00,185.85,186.36,185.67,186.33,7258.0,186.099,61
2023-10-27 10:35:00-04:00,186.36,186.45,186.11,186.25,9764.0,186.32,81
2023-10-27 10:40:00-04:00,186.24,186.46,185.89,186.24,6993.0,186.156,57
2023-10-27 10:45:00-04:00,186.34,186.68,186.16,186.25,12342.0,186.385,86
2023-10-27 10:50:00-04:00,186.24,186.65,186.04,186.61,20243.0,186.367,161
2023-10-27 10:55:00-04:00,186.61,186.66,186.35,186.39,15435.0,186.486,111
2023-10-27 11:00:00-04:00,186.43,186.56,186.25,186.51,10313.0,186.464,87
2023-10-27 11:05:00-04:00,186.45,186.81,186.42,186.73,13084.0,186.565,104
2023-10-27 11:10:00-04:00,186.65,187.21,186.65,187.06,12035.0,186.845,97
2023-10-27 11:15:00-04:00,187.3,187.34,187.08,187.09,4160.0,187.228,36
2023-10-27 11:20:00-04:00,187.16,187.26,186.95,187.09,4614.0,187.136,40
2023-10-27 11:25:00-04:00,187.14,187.38,186.95,187.24,6808.0,187.226,50
2023-10-27 11:30:00-04:00,187.19,187.3,186.91,186.96,8911.0,187.125,82
2023-10-27 11:35:00-04:00,186.87,187.2,186.84,186.87,6795.0,187.007,61
2023-10-27 11:40:00-04:00,186.96,187.05,186.84,186.87,4867.0,186.976,44
2023-10-27 11:45:00-04:00,186.94,186.94,186.61,186.66,8736.0,186.743,76
2023-10-27 11:50:00-04:00,186.64,186.67,186.5,186.52,5484.0,186.591,42
2023-10-27 11:55:00-04:00,186.46,186.8,186.4,186.8,7899.0,186.554,64
2023-10-27 12:00:00-04:00,186.73,186.74,186.16,186.18,6732.0,186.473,51
2023-10-27 12:05:00-04:00,186.23,186.48,186.06,186.48,8411.0,186.243,70
2023-10-27 12:10:00-04:00,186.46,186.46,185.97,186.0,3918.0,186.217,38
2023-10-27 12:15:00-04:00,185.92,186.47,185.91,186.47,3384.0,186.22,28
2023-10-27 12:20:00-04:00,186.39,186.39,185.97,186.04,3000.0,186.174,28
2023-10-27 12:25:00-04:00,186.07,186.19,185.85,186.12,4317.0,186.01,42
2023-10-27 12:30:00-04:00,186.07,186.14,185.87,185.94,3602.0,186.02,30
2023-10-27 12:35:00-04:00,185.95,186.35,185.9,186.22,4492.0,186.158,40
2023-10-27 12:40:00-04:00,186.3,186.3,186.09,186.14,2750.0,186.141,23
2023-10-27 12:45:00-04:00,186.17,186.17,185.89,186.03,7480.0,186.04,68
2023-10-27 12:50:00-04:00,186.01,186.1,185.77,185.9,3187.0,185.915,28
2023-10-27 12:55:00-04:00,185.9,185.93,185.64,185.64,3502.0,185.811,31
2023-10-27 13:00:00-04:00,185.77,186.18,185.76,186.18,10716.0,186.0,94
2023-10-27 13:05:00-04:00,186.1,186.19,185.49,185.6,10735.0,185.964,95
2023-10-27 13:10:00-04:00,185.69,185.76,185.4,185.47,4535.0,185.629,34
2023-10-27 13:15:00-04:00,185.51,185.61,185.2,185.45,9820.0,185.347,79
2023-10-27 13:20:00-04:00,185.44,185.58,185.3,185.54,3050.0,185.452,26
2023-10-27 13:25:00-04:00,185.62,185.71,185.35,185.35,3420.0,185.566,31
2023-10-27 13:30:00-04:00,185.21,185.4,185.13,185.39,1905.0,185.341,15
2023-10-27 13:35:00-04:00,185.36,185.48,185.23,185.3,9823.0,185.365,87
2023-10-27 13:40:00-04:00,185.26,185.51,185.12,185.18,4342.0,185.287,43
2023-10-27 13:45:00-04:00,185.12,185.15,184.89,185.04,2166.0,185.05,19
2023-10-27 13:50:00-04:00,185.1,185.37,185.02,185.02,3216.0,185.161,29
2023-10-27 13:55:00-04:00,184.94,185.35,184.94,185.28,6283.0,185.136,54
2023-10-27 14:00:00-04:00,185.37,185.37,185.05,185.13,14045.0,185.278,36
2023-10-27 14:05:00-04:00,185.05,185.37,184.77,185.37,15729.0,185.148,77
2023-10-27 14:10:00-04:00,185.37,185.37,185.1,185.15,4729.0,185.235,41
2023-10-27 14:15:00-04:00,185.23,185.23,184.95,185.0,6444.0,185.101,58
2023-10-27 14:20:00-04:00,184.91,184.98,184.74,184.98,4837.0,184.857,44
2023-10-27 14:25:00-04:00,184.95,184.97,184.66,184.72,3435.0,184.821,29
2023-10-27 14:30:00-04:00,184.74,185.09,184.72,185.02,17364.0,184.95,160
2023-10-27 14:35:00-04:00,185.0,185.36,184.8,185.33,29679.0,185.029,235
2023-10-27 14:40:00-04:00,185.36,185.41,185.06,185.2,20474.0,185.195,126
2023-10-27 14:45:00-04:00,185.22,185.38,184.91,184.97,12353.0,185.188,109
2023-10-27 14:50:00-04:00,184.97,184.97,184.59,184.74,11398.0,184.75,91
2023-10-27 14:55:00-04:00,184.74,184.92,184.56,184.78,16424.0,184.751,121
2023-10-27 15:00:00-04:00,184.85,184.95,184.63,184.77,9203.0,184.812,69
2023-10-27 15:05:00-04:00,184.71,184.88,184.56,184.71,6290.0,184.732,56
2023-10-27 15:10:00-04:00,184.68,184.75,184.51,184.67,12954.0,184.614,110
2023-10-27 15:15:00-04:00,184.67,184.9,184.6,184.78,9086.0,184.732,75
2023-10-27 15:20:00-04:00,184.84,184.95,184.3,184.36,16615.0,184.539,146
2023-10-27 15:25:00-04:00,184.36,184.93,184.24,184.93,33999.0,184.441,243
2023-10-27 15:30:00-04:00,184.91,185.07,184.63,184.63,18063.0,184.922,143
2023-10-27 15:35:00-04:00,184.58,184.73,184.3,184.47,11924.0,184.497,90
2023-10-27 15:40:00-04:00,184.42,184.63,184.27,184.4,18718.0,184.497,147
2023-10-27 15:45:00-04:00,184.42,184.79,184.39,184.78,25884.0,184.592,206
2023-10-27 15:50:00-04:00,184.83,184.88,184.47,184.62,34034.0,184.664,279
2023-10-27 15:55:00-04:00,184.62,184.77,184.47,184.7,121984.0,184.631,795
2023-10-30 09:30:00-04:00,187.34,187.86,186.83,187.82,8931.0,186.867,5
2023-10-30 09:35:00-04:00,186.91,187.21,186.39,187.01,813.0,186.866,8
2023-10-30 09:40:00-04:00,186.62,186.86,186.44,186.75,963.0,186.623,9
2023-10-30 09:45:00-04:00,186.74,186.86,186.72,186.86,869.0,186.758,5
2023-10-30 09:50:00-04:00,186.68,186.68,186.04,186.06,2127.0,186.271,19
2023-10-30 09:55:00-04:00,186.13,186.26,185.75,186.13,5101.0,185.902,24
2023-10-30 10:00:00-04:00,186.16,186.61,186.08,186.61,1859.0,186.269,17
2023-10-30 10:05:00-04:00,186.33,186.53,186.18,186.53,1281.0,186.371,12
2023-10-30 10:10:00-04:00,186.61,186.61,185.98,186.22,2237.0,186.198,20
2023-10-30 10:15:00-04:00,186.22,186.36,185.93,186.24,3300.0,186.154,33
2023-10-30 10:20:00-04:00,186.31,186.32,185.85,186.14,2547.0,186.075,20
2023-10-30 10:25:00-04:00,186.2,186.51,185.98,186.51,4209.0,186.154,39
2023-10-30 10:30:00-04:00,186.52,186.52,186.13,186.27,2252.0,186.328,21
2023-10-30 10:35:00-04:00,186.27,186.46,186.09,186.31,3468.0,186.303,33
2023-10-30 10:40:00-04:00,186.31,186.54,186.21,186.21,5887.0,186.335,58
2023-10-30 10:45:00-04:00,186.17,186.76,186.17,186.64,3827.0,186.506,35
2023-10-30 10:50:00-04:00,186.64,186.99,186.5,186.95,4436.0,186.644,32
2023-10-30 10:55:00-04:00,186.83,187.0,186.72,187.0,2141.0,186.857,21
2023-10-30 11:00:00-04:00,187.12,187.21,187.03,187.21,1200.0,187.108,12
2023-10-30 11:05:00-04:00,187.16,187.25,187.12,187.18,3646.0,187.173,31
2023-10-30 11:10:00-04:00,187.18,187.46,187.18,187.32,2935.0,187.288,19
2023-10-30 11:15:00-04:00,187.41,187.51,187.3,187.43,7786.0,187.396,48
2023-10-30 11:20:00-04:00,187.45,187.57,187.18,187.48,12993.0,187.336,84
2023-10-30 11:25:00-04:00,187.56,187.64,187.25,187.63,5623.0,187.464,36
2023-10-30 11:30:00-04:00,187.61,188.01,187.52,188.01,6179.0,187.736,50
2023-10-30 11:35:00-04:00,188.16,188.32,188.05,188.13,4687.0,188.168,31
2023-10-30 11:40:00-04:00,188.08,188.41,188.05,188.39,5961.0,188.188,29
2023-10-30 11:45:00-04:00,188.32,188.4,187.74,187.74,2644.0,188.138,23
2023-10-30 11:50:00-04:00,187.72,188.0,187.71,188.0,1806.0,187.879,18
2023-10-30 11:55:00-04:00,188.0,188.18,188.0,188.16,1548.0,188.127,15
2023-10-30 12:00:00-04:00,188.16,188.21,187.98,188.08,2951.0,188.14,26
2023-10-30 12:05:00-04:00,188.22,188.22,188.02,188.02,4084.0,188.116,36
2023-10-30 12:10:00-04:00,188.16,188.36,188.0,188.0,12826.0,188.143,49
2023-10-30 12:15:00-04:00,188.01,188.03,187.83,187.94,3226.0,187.921,32
2023-10-30 12:20:00-04:00,187.86,188.0,187.78,188.0,8363.0,187.947,43
2023-10-30 12:25:00-04:00,188.0,188.0,187.67,187.67,3705.0,187.832,34
2023-10-30 12:30:00-04:00,187.73,188.01,187.7,187.95,2128.0,187.857,21
2023-10-30 12:35:00-04:00,188.0,188.03,187.94,187.99,2502.0,187.984,24
2023-10-30 12:40:00-04:00,188.0,188.07,187.93,188.03,4074.0,187.996,40
2023-10-30 12:45:00-04:00,187.83,187.94,187.71,187.92,3977.0,187.825,36
2023-10-30 12:50:00-04:00,187.95,188.04,187.85,187.92,3259.0,187.963,28
2023-10-30 12:55:00-04:00,187.92,188.05,187.84,188.05,4616.0,187.944,43
2023-10-30 13:00:00-04:00,188.07,188.51,187.98,188.51,4339.0,188.173,38
2023-10-30 13:05:00-04:00,188.41,188.48,188.25,188.4,2911.0,188.381,26
2023-10-30 13:10:00-04:00,188.3,188.39,188.16,188.27,2190.0,188.306,19
2023-10-30 13:15:00-04:00,188.36,188.38,188.13,188.13,2447.0,188.263,21
2023-10-30 13:20:00-04:00,188.23,188.79,188.21,188.79,4289.0,188.427,31
2023-10-30 13:25:00-04:00,188.62,189.1,188.62,188.97,4350.0,188.839,37
2023-10-30 13:30:00-04:00,189.0,189.11,188.79,188.97,1950.0,188.957,19
2023-10-30 13:35:00-04:00,188.94,188.97,188.68,188.91,3942.0,188.854,37
2023-10-30 13:40:00-04:00,188.9,189.05,188.87,188.89,1785.0,188.958,14
2023-10-30 13:45:00-04:00,189.1,189.26,188.92,189.1,3929.0,189.156,33
2023-10-30 13:50:00-04:00,189.09,189.19,188.9,189.05,3029.0,189.084,27
2023-10-30 13:55:00-04:00,189.05,189.09,188.89,189.0,2755.0,189.012,20
2023-10-30 14:00:00-04:00,188.99,189.03,188.82,188.92,3870.0,188.895,31
2023-10-30 14:05:00-04:00,188.88,188.88,188.66,188.67,3237.0,188.739,27
2023-10-30 14:10:00-04:00,188.72,188.76,188.61,188.62,2596.0,188.673,20
2023-10-30 14:15:00-04:00,188.52,188.58,188.4,188.4,5545.0,188.493,46
2023-10-30 14:20:00-04:00,188.39,188.49,188.32,188.48,6157.0,188.423,51
2023-10-30 14:25:00-04:00,188.48,188.65,188.36,188.56,3894.0,188.546,35
2023-10-30 14:30:00-04:00,188.58,188.65,188.52,188.58,4172.0,188.609,29
2023-10-30 14:35:00-04:00,188.65,188.9,188.58,188.86,5965.0,188.728,53
2023-10-30 14:40:00-04:00,188.79,188.81,188.6,188.64,5295.0,188.728,44
2023-10-30 14:45:00-04:00,188.64,188.83,188.6,188.82,3999.0,188.724,32
2023-10-30 14:50:00-04:00,188.8,188.88,188.44,188.47,7647.0,188.704,65
2023-10-30 14:55:00-04:00,188.47,188.49,188.26,188.31,6075.0,188.41,54
2023-10-30 15:00:00-04:00,188.39,188.62,188.2,188.6,3909.0,188.454,36
2023-10-30 15:05:00-04:00,188.56,188.8,188.56,188.73,4323.0,188.694,38
2023-10-30 15:10:00-04:00,188.71,189.09,188.7,188.87,8055.0,188.896,70
2023-10-30 15:15:00-04:00,188.94,188.94,188.62,188.89,7097.0,188.813,59
2023-10-30 15:20:00-04:00,188.92,189.0,188.73,188.95,5868.0,188.89,49
2023-10-30 15:25:00-04:00,188.95,189.03,188.61,188.73,3862.0,188.808,36
2023-10-30 15:30:00-04:00,188.74,188.77,188.56,188.64,7759.0,188.664,69
2023-10-30 15:35:00-04:00,188.62,188.86,188.53,188.84,9919.0,188.678,90
2023-10-30 15:40:00-04:00,188.84,188.94,188.67,188.73,9237.0,188.77,82
2023-10-30 15:45:00-04:00,188.73,188.76,188.37,188.55,14712.0,188.591,115
2023-10-30 15:50:00-04:00,188.58,188.63,188.21,188.29,25395.0,188.397,200
2023-10-30 15:55:00-04:00,188.26,188.44,187.94,188.08,92668.0,188.213,683
2023-10-31 09:30:00-04:00,187.05,189.79,186.24,189.32,21100.0,187.445,50
2023-10-31 09:35:00-04:00,189.31,189.65,188.57,188.57,11132.0,188.928,74
2023-10-31 09:40:00-04:00,188.85,189.65,188.56,189.33,11007.0,189.132,78
2023-10-31 09:45:00-04:00,189.12,189.53,188.88,189.5,31272.0,189.004,94
2023-10-31 09:50:00-04:00,189.56,190.16,189.5,189.92,16993.0,189.695,141
2023-10-31 09:55:00-04:00,189.92,190.37,189.84,190.28,15263.0,190.106,103
2023-10-31 10:00:00-04:00,190.31,190.56,189.93,190.3,25109.0,190.208,197
2023-10-31 10:05:00-04:00,190.21,190.3,189.58,189.84,23774.0,189.92,186
2023-10-31 10:10:00-04:00,189.94,190.9,189.93,190.63,10809.0,190.405,88
2023-10-31 10:15:00-04:00,190.63,190.88,190.39,190.5,16741.0,190.603,146
2023-10-31 10:20:00-04:00,190.4,190.54,189.88,189.93,22633.0,190.336,199
2023-10-31 10:25:00-04:00,189.84,189.95,189.63,189.95,15470.0,189.822,144
2023-10-31 10:30:00-04:00,190.02,190.07,189.4,189.45,27740.0,189.832,238
2023-10-31 10:35:00-04:00,189.38,189.89,189.27,189.78,13828.0,189.597,126
2023-10-31 10:40:00-04:00,189.78,190.1,189.58,190.1,32584.0,189.769,224
2023-10-31 10:45:00-04:00,190.14,190.17,189.81,189.9,27015.0,189.995,101
2023-10-31 10:50:00-04:00,189.91,190.24,189.87,190.24,5320.0,190.009,45
2023-10-31 10:55:00-04:00,190.21,190.29,189.93,190.2,6278.0,190.043,58
2023-10-31 11:00:00-04:00,190.21,190.28,189.55,189.57,21241.0,189.815,86
2023-10-31 11:05:00-04:00,189.51,189.79,189.5,189.78,6505.0,189.661,48
2023-10-31 11:10:00-04:00,189.74,190.01,189.73,189.88,5040.0,189.829,45
2023-10-31 11:15:00-04:00,189.99,189.99,189.36,189.88,17799.0,189.761,162
2023-10-31 11:20:00-04:00,189.93,189.93,189.47,189.83,11506.0,189.789,90
2023-10-31 11:25:00-04:00,189.91,190.36,189.91,190.18,5854.0,190.127,50
2023-10-31 11:30:00-04:00,190.18,190.19,190.05,190.06,3189.0,190.168,28
2023-10-31 11:35:00-04:00,190.06,190.33,190.05,190.23,3628.0,190.187,29
2023-10-31 11:40:00-04:00,190.23,190.25,190.02,190.13,1510.0,190.143,14
2023-10-31 11:45:00-04:00,190.02,190.1,189.92,189.92,2030.0,190.008,19
2023-10-31 11:50:00-04:00,189.79,189.81,189.45,189.7,3128.0,189.7,30
2023-10-31 11:55:00-04:00,189.7,190.63,189.7,190.44,7974.0,190.226,73
2023-10-31 12:00:00-04:00,190.44,190.49,190.27,190.49,4506.0,190.439,30
2023-10-31 12:05:00-04:00,190.35,190.86,190.35,190.86,2227.0,190.667,19
2023-10-31 12:10:00-04:00,190.69,190.69,190.02,190.04,33115.0,190.498,61
2023-10-31 12:15:00-04:00,190.0,190.31,189.91,189.93,4014.0,190.07,30
2023-10-31 12:20:00-04:00,189.84,189.92,189.7,189.92,2132.0,189.848,20
2023-10-31 12:25:00-04:00,189.9,190.25,189.9,190.16,3538.0,190.125,30
2023-10-31 12:30:00-04:00,190.09,190.72,190.08,190.4,5643.0,190.447,50
2023-10-31 12:35:00-04:00,190.35,190.55,189.82,190.53,4201.0,190.195,32
2023-10-31 12:40:00-04:00,190.42,190.5,190.27,190.46,3321.0,190.45,25
2023-10-31 12:45:00-04:00,190.5,190.65,190.38,190.52,1899.0,190.512,17
2023-10-31 12:50:00-04:00,190.53,190.7,190.22,190.39,3058.0,190.503,27
2023-10-31 12:55:00-04:00,190.39,190.46,190.18,190.35,3000.0,190.326,26
2023-10-31 13:00:00-04:00,190.48,190.51,190.42,190.42,1053.0,190.462,9
2023-10-31 13:05:00-04:00,190.23,190.6,190.23,190.6,2198.0,190.441,19
2023-10-31 13:10:00-04:00,190.46,190.46,190.12,190.26,3825.0,190.275,35
2023-10-31 13:15:00-04:00,190.22,190.35,190.15,190.34,6980.0,190.243,32
2023-10-31 13:20:00-04:00,190.22,190.42,190.21,190.41,2870.0,190.325,24
2023-10-31 13:25:00-04:00,190.41,190.56,190.19,190.26,4800.0,190.366,36
2023-10-31 13:30:00-04:00,190.28,190.33,190.13,190.33,8835.0,190.217,71
2023-10-31 13:35:00-04:00,190.31,190.45,190.22,190.3,4916.0,190.333,45
2023-10-31 13:40:00-04:00,190.26,190.55,190.21,190.52,5388.0,190.363,50
2023-10-31 13:45:00-04:00,190.5,190.56,190.38,190.5,9441.0,190.491,68
2023-10-31 13:50:00-04:00,190.55,190.79,190.44,190.76,6435.0,190.601,50
2023-10-31 13:55:00-04:00,190.71,190.77,190.64,190.68,3477.0,190.713,26
2023-10-31 14:00:00-04:00,190.68,190.85,190.62,190.73,12327.0,190.714,57
2023-10-31 14:05:00-04:00,190.7,190.82,190.52,190.52,4930.0,190.667,43
2023-10-31 14:10:00-04:00,190.47,190.59,190.46,190.56,3281.0,190.534,29
2023-10-31 14:15:00-04:00,190.52,190.63,190.48,190.57,18265.0,190.522,161
2023-10-31 14:20:00-04:00,190.57,190.64,190.3,190.41,14270.0,190.494,82
2023-10-31 14:25:00-04:00,190.36,190.41,190.19,190.19,47528.0,190.356,106
2023-10-31 14:30:00-04:00,190.2,190.26,189.96,190.13,85058.0,190.064,231
2023-10-31 14:35:00-04:00,190.13,190.44,190.11,190.31,4766.0,190.256,44
2023-10-31 14:40:00-04:00,190.39,190.72,190.32,190.64,10217.0,190.447,85
2023-10-31 14:45:00-04:00,190.71,190.84,190.55,190.71,6540.0,190.677,53
2023-10-31 14:50:00-04:00,190.7,190.75,190.51,190.69,7055.0,190.624,57
2023-10-31 14:55:00-04:00,190.74,190.93,190.74,190.88,5959.0,190.827,46
2023-10-31 15:00:00-04:00,190.94,191.03,190.82,190.94,8089.0,190.918,63
2023-10-31 15:05:00-04:00,190.94,190.94,190.7,190.86,14355.0,190.793,78
2023-10-31 15:10:00-04:00,190.79,190.89,190.74,190.81,5420.0,190.816,48
2023-10-31 15:15:00-04:00,190.81,190.94,190.7,190.89,7899.0,190.805,61
2023-10-31 15:20:00-04:00,190.94,191.0,190.74,190.77,5223.0,190.905,49
2023-10-31 15:25:00-04:00,190.81,191.0,190.68,190.72,36109.0,190.82,56
2023-10-31 15:30:00-04:00,190.65,190.65,190.12,190.15,40168.0,190.355,60
2023-10-31 15:35:00-04:00,190.11,190.15,190.0,190.03,15042.0,190.062,129
2023-10-31 15:40:00-04:00,190.0,190.16,190.0,190.08,32881.0,190.037,242
2023-10-31 15:45:00-04:00,190.08,190.48,190.0,190.48,26074.0,190.116,219
2023-10-31 15:50:00-04:00,190.41,190.55,190.05,190.09,21891.0,190.306,166
2023-10-31 15:55:00-04:00,190.14,190.36,189.79,190.22,91781.0,190.058,575
2023-11-01 09:30:00-04:00,200.57,208.63,200.0,202.65,149363.0,202.666,324
2023-11-01 09:35:00-04:00,203.44,206.4,201.83,205.28,56762.0,204.202,372
2023-11-01 09:40:00-04:00,204.08,204.74,201.31,204.31,130262.0,203.05,568
2023-11-01 09:45:00-04:00,204.03,206.34,203.28,206.12,50358.0,205.067,319
2023-11-01 09:50:00-04:00,206.12,207.53,205.81,206.64,61079.0,206.369,320
2023-11-01 09:55:00-04:00,206.64,207.9,206.38,207.59,31324.0,206.942,201
2023-11-01 10:00:00-04:00,207.99,208.94,206.63,208.94,50800.0,207.752,371
2023-11-01 10:05:00-04:00,208.88,209.58,207.9,208.12,38934.0,208.621,206
2023-11-01 10:10:00-04:00,208.11,208.71,208.03,208.25,7571.0,208.327,52
2023-11-01 10:15:00-04:00,208.25,209.32,208.02,209.15,82295.0,208.793,321
2023-11-01 10:20:00-04:00,209.26,210.78,209.07,210.23,68017.0,210.071,498
2023-11-01 10:25:00-04:00,210.29,211.29,210.29,210.96,17128.0,210.964,137
2023-11-01 10:30:00-04:00,211.0,211.62,210.85,211.2,27284.0,211.249,170
2023-11-01 10:35:00-04:00,211.19,211.36,209.11,209.26,65817.0,210.535,397
2023-11-01 10:40:00-04:00,209.44,210.15,209.09,209.9,25226.0,209.611,161
2023-11-01 10:45:00-04:00,209.66,209.87,208.95,209.31,32479.0,209.325,176
2023-11-01 10:50:00-04:00,209.52,209.69,207.57,208.48,23258.0,208.648,177
2023-11-01 10:55:00-04:00,208.48,209.54,207.49,209.22,30104.0,208.216,218
2023-11-01 11:00:00-04:00,209.22,209.96,209.15,209.39,26203.0,209.463,175
2023-11-01 11:05:00-04:00,209.39,209.44,208.75,208.75,8182.0,209.115,55
2023-11-01 11:10:00-04:00,208.68,208.7,207.35,207.94,23548.0,208.014,124
2023-11-01 11:15:00-04:00,208.01,208.47,207.43,208.02,30560.0,207.908,159
2023-11-01 11:20:00-04:00,207.82,208.16,207.74,207.95,23247.0,207.992,171
2023-11-01 11:25:00-04:00,207.9,209.0,207.84,208.79,23894.0,208.134,191
2023-11-01 11:30:00-04:00,208.98,209.7,208.76,209.47,20411.0,209.2,152
2023-11-01 11:35:00-04:00,209.37,209.46,208.55,208.55,13287.0,208.986,115
2023-11-01 11:40:00-04:00,208.39,209.29,208.39,209.25,11392.0,208.767,76
2023-11-01 11:45:00-04:00,209.4,209.58,209.13,209.22,7847.0,209.324,67
2023-11-01 11:50:00-04:00,209.31,209.41,208.89,209.17,11332.0,209.142,108
2023-11-01 11:55:00-04:00,209.25,209.92,208.95,208.98,27566.0,209.252,173
2023-11-01 12:00:00-04:00,208.88,209.62,208.88,209.22,28247.0,209.349,141
2023-11-01 12:05:00-04:00,209.05,209.31,208.84,209.15,8221.0,209.055,73
2023-11-01 12:10:00-04:00,209.18,209.87,209.07,209.33,9899.0,209.556,79
2023-11-01 12:15:00-04:00,209.31,209.31,208.95,209.13,8676.0,209.107,74
2023-11-01 12:20:00-04:00,209.04,209.19,208.85,209.09,17230.0,209.058,129
2023-11-01 12:25:00-04:00,209.15,209.3,208.15,208.93,21530.0,208.702,194
2023-11-01 12:30:00-04:00,209.14,209.34,208.87,209.03,8167.0,209.146,76
2023-11-01 12:35:00-04:00,209.14,209.67,208.95,209.07,7344.0,209.312,61
2023-11-01 12:40:00-04:00,208.87,209.0,208.73,209.0,8172.0,208.89,56
2023-11-01 12:45:00-04:00,208.96,209.35,208.95,209.35,17283.0,209.132,60
2023-11-01 12:50:00-04:00,209.35,209.74,209.32,209.69,6571.0,209.498,55
2023-11-01 12:55:00-04:00,209.73,210.0,209.36,210.0,11731.0,209.742,82
2023-11-01 13:00:00-04:00,210.02,210.28,209.84,210.12,8569.0,210.09,61
2023-11-01 13:05:00-04:00,210.1,210.2,209.88,209.95,11756.0,210.097,87
2023-11-01 13:10:00-04:00,210.06,210.75,209.98,210.59,11879.0,210.402,74
2023-11-01 13:15:00-04:00,210.66,210.88,210.57,210.72,9906.0,210.756,87
2023-11-01 13:20:00-04:00,210.83,210.83,209.95,210.06,5427.0,210.431,45
2023-11-01 13:25:00-04:00,209.94,210.29,209.69,210.08,29288.0,209.934,108
2023-11-01 13:30:00-04:00,210.01,210.28,209.67,210.13,12520.0,209.907,90
2023-11-01 13:35:00-04:00,210.32,210.39,209.86,210.0,46789.0,210.249,162
2023-11-01 13:40:00-04:00,209.89,210.98,209.65,210.9,22197.0,210.072,160
2023-11-01 13:45:00-04:00,210.9,210.99,210.59,210.98,16867.0,210.753,123
2023-11-01 13:50:00-04:00,211.05,211.35,210.88,211.14,16927.0,211.147,109
2023-11-01 13:55:00-04:00,211.06,211.25,210.76,211.07,9039.0,211.037,71
2023-11-01 14:00:00-04:00,210.91,211.63,210.91,211.38,14278.0,211.369,118
2023-11-01 14:05:00-04:00,211.42,211.8,211.42,211.58,8385.0,211.567,57
2023-11-01 14:10:00-04:00,211.79,211.8,211.3,211.34,37462.0,211.517,200
2023-11-01 14:15:00-04:00,211.37,211.78,211.24,211.35,18748.0,211.458,142
2023-11-01 14:20:00-04:00,211.35,212.06,210.81,212.06,34109.0,211.652,227
2023-11-01 14:25:00-04:00,211.93,211.98,211.3,211.31,11097.0,211.645,91
2023-11-01 14:30:00-04:00,211.35,211.85,211.21,211.85,17779.0,211.594,148
2023-11-01 14:35:00-04:00,211.86,212.01,210.68,210.96,24083.0,211.518,197
2023-11-01 14:40:00-04:00,210.92,211.61,210.72,211.27,23806.0,211.136,198
2023-11-01 14:45:00-04:00,211.21,211.57,210.87,211.46,15385.0,211.194,137
2023-11-01 14:50:00-04:00,211.47,212.0,211.34,211.67,14594.0,211.56,94
2023-11-01 14:55:00-04:00,211.53,212.06,211.53,211.79,15785.0,211.859,124
2023-11-01 15:00:00-04:00,211.84,212.77,211.79,212.55,20468.0,212.376,151
2023-11-01 15:05:00-04:00,212.55,213.17,212.42,213.06,18860.0,212.797,150
2023-11-01 15:10:00-04:00,213.13,213.21,212.71,212.81,13328.0,212.947,122
2023-11-01 15:15:00-04:00,212.72,213.05,212.42,212.7,30281.0,212.78,204
2023-11-01 15:20:00-04:00,212.6,213.37,212.44,213.34,18829.0,212.906,152
2023-11-01 15:25:00-04:00,213.36,213.43,212.82,213.28,60269.0,213.048,241
2023-11-01 15:30:00-04:00,213.19,213.52,213.04,213.39,37180.0,213.291,268
2023-11-01 15:35:00-04:00,213.4,214.62,213.32,214.44,67766.0,213.996,409
2023-11-01 15:40:00-04:00,214.43,214.78,214.1,214.48,74731.0,214.483,476
2023-11-01 15:45:00-04:00,214.4,214.64,213.99,214.49,50171.0,214.3,398
2023-11-01 15:50:00-04:00,214.44,214.5,213.81,213.92,122666.0,214.036,910
2023-11-01 15:55:00-04:00,213.85,213.92,213.26,213.5,176325.0,213.536,1189
2023-11-02 09:30:00-04:00,215.5,216.71,215.0,215.54,55898.0,215.371,70
2023-11-02 09:35:00-04:00,215.54,215.54,213.49,214.25,20812.0,214.687,119
2023-11-02 09:40:00-04:00,214.06,214.06,211.38,211.56,27827.0,213.079,129
2023-11-02 09:45:00-04:00,211.87,213.35,211.31,212.73,23020.0,212.445,155
2023-11-02 09:50:00-04:00,213.06,213.15,212.62,212.66,10172.0,212.915,88
2023-11-02 09:55:00-04:00,212.81,213.03,211.72,212.09,24200.0,212.515,153
2023-11-02 10:00:00-04:00,212.14,212.85,211.6,212.55,20857.0,212.235,174
2023-11-02 10:05:00-04:00,212.62,212.74,211.55,211.76,14191.0,212.231,119
2023-11-02 10:10:00-04:00,211.93,212.33,211.72,211.99,7391.0,212.1,66
2023-11-02 10:15:00-04:00,212.0,213.46,211.98,213.46,8171.0,212.439,74
2023-11-02 10:20:00-04:00,213.43,213.54,213.2,213.47,9449.0,213.371,68
2023-11-02 10:25:00-04:00,213.46,214.02,213.23,214.02,16373.0,213.521,141
2023-11-02 10:30:00-04:00,214.01,214.74,213.66,214.51,25692.0,214.241,205
2023-11-02 10:35:00-04:00,214.46,214.77,214.17,214.71,15450.0,214.551,115
2023-11-02 10:40:00-04:00,214.45,214.84,214.21,214.47,17722.0,214.571,141
2023-11-02 10:45:00-04:00,214.57,215.09,214.41,215.09,15382.0,214.875,119
2023-11-02 10:50:00-04:00,215.1,215.34,214.75,214.95,12702.0,215.05,104
2023-11-02 10:55:00-04:00,214.93,215.52,214.78,215.46,21551.0,215.261,173
2023-11-02 11:00:00-04:00,215.44,215.62,214.72,214.73,36831.0,215.371,217
2023-11-02 11:05:00-04:00,214.81,214.85,213.87,214.04,6561.0,214.556,55
2023-11-02 11:10:00-04:00,214.02,214.27,213.62,213.68,15435.0,213.925,104
2023-11-02 11:15:00-04:00,213.67,213.85,213.25,213.77,12964.0,213.482,82
2023-11-02 11:20:00-04:00,213.77,214.23,213.76,214.11,14004.0,213.906,112
2023-11-02 11:25:00-04:00,214.12,214.23,213.98,214.05,10975.0,214.081,79
2023-11-02 11:30:00-04:00,213.99,214.05,213.46,213.57,6723.0,213.856,60
2023-11-02 11:35:00-04:00,213.54,213.81,213.16,213.24,7140.0,213.547,53
2023-11-02 11:40:00-04:00,213.16,213.23,212.33,212.54,6484.0,212.731,57
2023-11-02 11:45:00-04:00,212.61,213.17,212.61,212.99,14574.0,212.933,118
2023-11-02 11:50:00-04:00,213.0,213.14,212.47,212.7,13155.0,212.874,115
2023-11-02 11:55:00-04:00,212.69,212.92,212.46,212.5,12663.0,212.704,90
2023-11-02 12:00:00-04:00,212.45,213.12,212.35,212.96,6563.0,212.688,57
2023-11-02 12:05:00-04:00,212.91,213.4,212.78,212.9,6516.0,212.959,46
2023-11-02 12:10:00-04:00,212.75,213.25,212.54,213.25,4801.0,212.817,44
2023-11-02 12:15:00-04:00,213.18,213.93,213.14,213.66,10411.0,213.601,83
2023-11-02 12:20:00-04:00,213.6,213.93,213.57,213.73,6381.0,213.707,48
2023-11-02 12:25:00-04:00,213.68,213.86,213.44,213.86,10356.0,213.638,82
2023-11-02 12:30:00-04:00,213.86,214.14,213.8,214.0,6827.0,213.923,52
2023-11-02 12:35:00-04:00,214.09,214.31,213.95,214.31,3315.0,214.115,21
2023-11-02 12:40:00-04:00,214.39,214.52,214.32,214.42,8268.0,214.388,65
2023-11-02 12:45:00-04:00,214.45,214.6,214.24,214.42,10898.0,214.424,94
2023-11-02 12:50:00-04:00,214.4,214.53,214.24,214.25,7105.0,214.379,54
2023-11-02 12:55:00-04:00,214.22,214.3,213.51,213.95,9760.0,213.942,69
2023-11-02 13:00:00-04:00,213.88,214.14,213.84,213.93,4401.0,213.965,32
2023-11-02 13:05:00-04:00,214.02,214.54,214.01,214.44,4399.0,214.307,39
2023-11-02 13:10:00-04:00,214.44,214.82,214.38,214.78,7044.0,214.628,52
2023-11-02 13:15:00-04:00,214.81,214.82,214.62,214.78,3059.0,214.744,28
2023-11-02 13:20:00-04:00,214.78,214.9,214.69,214.87,6159.0,214.785,41
2023-11-02 13:25:00-04:00,214.78,214.96,214.52,214.61,9660.0,214.709,57
2023-11-02 13:30:00-04:00,214.6,214.84,214.52,214.66,5861.0,214.669,52
2023-11-02 13:35:00-04:00,214.57,214.73,214.27,214.27,5371.0,214.555,49
2023-11-02 13:40:00-04:00,214.31,214.38,213.94,214.18,5941.0,214.078,57
2023-11-02 13:45:00-04:00,214.18,214.87,213.97,214.69,9579.0,214.487,77
2023-11-02 13:50:00-04:00,214.68,215.26,214.62,215.07,6848.0,214.968,61
2023-11-02 13:55:00-04:00,214.96,215.29,214.9,215.1,5469.0,215.086,48
2023-11-02 14:00:00-04:00,214.98,215.19,214.91,215.14,3741.0,215.062,35
2023-11-02 14:05:00-04:00,215.13,215.29,214.98,215.29,3933.0,215.134,35
2023-11-02 14:10:00-04:00,215.25,215.25,214.79,215.17,8188.0,215.068,76
2023-11-02 14:15:00-04:00,215.18,215.31,214.9,214.9,1600.0,215.051,16
2023-11-02 14:20:00-04:00,215.05,215.05,214.8,214.93,2669.0,214.945,23
2023-11-02 14:25:00-04:00,214.88,215.01,214.78,214.83,3917.0,214.885,38
2023-11-02 14:30:00-04:00,214.9,215.3,214.76,214.98,8721.0,215.092,71
2023-11-02 14:35:00-04:00,215.15,215.39,215.07,215.21,7660.0,215.199,59
2023-11-02 14:40:00-04:00,215.4,215.75,215.39,215.62,5594.0,215.6,54
2023-11-02 14:45:00-04:00,215.73,215.79,215.3,215.36,9766.0,215.587,73
2023-11-02 14:50:00-04:00,215.38,215.62,215.31,215.48,10059.0,215.494,89
2023-11-02 14:55:00-04:00,215.5,215.61,215.29,215.53,8025.0,215.447,74
2023-11-02 15:00:00-04:00,215.53,215.55,215.18,215.33,5808.0,215.331,49
2023-11-02 15:05:00-04:00,215.28,215.43,215.18,215.34,6199.0,215.311,53
2023-11-02 15:10:00-04:00,215.31,215.32,215.02,215.06,8086.0,215.169,73
2023-11-02 15:15:00-04:00,214.97,214.98,214.08,214.32,9577.0,214.482,78
2023-11-02 15:20:00-04:00,214.17,214.17,213.58,213.72,21827.0,213.873,116
2023-11-02 15:25:00-04:00,213.79,214.41,213.75,214.08,10543.0,214.029,87
2023-11-02 15:30:00-04:00,214.08,214.08,212.81,212.85,12658.0,213.4,105
2023-11-02 15:35:00-04:00,212.95,212.98,212.58,212.87,19594.0,212.784,140
2023-11-02 15:40:00-04:00,212.88,213.41,212.85,213.28,27727.0,213.176,191
2023-11-02 15:45:00-04:00,213.27,213.29,212.73,212.73,27567.0,213.13,228
2023-11-02 15:50:00-04:00,212.72,213.06,212.56,212.84,47161.0,212.88,367
2023-11-02 15:55:00-04:00,212.85,213.15,212.65,213.13,133410.0,212.888,982
2023-11-03 09:30:00-04:00,217.5,217.51,217.2,217.51,18431.0,217.364,10
2023-11-03 09:35:00-04:00,217.52,217.52,215.52,216.18,27215.0,216.304,198
2023-11-03 09:40:00-04:00,216.59,216.59,215.82,216.29,14327.0,216.114,117
2023-11-03 09:45:00-04:00,216.35,217.59,216.21,216.6,17541.0,216.904,122
2023-11-03 09:50:00-04:00,216.61,217.47,215.99,217.47,12863.0,216.505,94
2023-11-03 09:55:00-04:00,217.37,218.62,217.35,218.28,26001.0,218.098,186
2023-11-03 10:00:00-04:00,218.39,219.07,218.07,218.19,24819.0,218.464,198
2023-11-03 10:05:00-04:00,218.2,219.23,218.12,218.4,19126.0,218.725,172
2023-11-03 10:10:00-04:00,218.37,219.12,218.09,218.99,22359.0,218.419,158
2023-11-03 10:15:00-04:00,218.94,219.25,218.32,218.66,16111.0,218.887,146
2023-11-03 10:20:00-04:00,218.82,218.95,218.45,218.49,16542.0,218.666,147
2023-11-03 10:25:00-04:00,218.6,218.62,218.09,218.54,14956.0,218.352,107
2023-11-03 10:30:00-04:00,218.45,218.46,218.04,218.29,14115.0,218.224,116
2023-11-03 10:35:00-04:00,218.04,218.4,217.67,218.03,13280.0,217.991,99
2023-11-03 10:40:00-04:00,218.03,218.04,216.82,217.09,19074.0,217.297,145
2023-11-03 10:45:00-04:00,217.08,217.29,216.81,216.91,10106.0,217.028,78
2023-11-03 10:50:00-04:00,216.88,216.91,216.12,216.88,10128.0,216.568,88
2023-11-03 10:55:00-04:00,216.88,217.75,216.72,217.55,8505.0,217.356,63
2023-11-03 11:00:00-04:00,217.56,218.12,217.46,218.12,8564.0,217.742,76
2023-11-03 11:05:00-04:00,218.03,218.13,217.39,217.47,12223.0,217.825,116
2023-11-03 11:10:00-04:00,217.35,217.89,217.35,217.84,9568.0,217.639,80
2023-11-03 11:15:00-04:00,217.62,217.91,217.27,217.5,15904.0,217.499,117
2023-11-03 11:20:00-04:00,217.64,218.34,217.61,218.34,9112.0,217.932,70
2023-11-03 11:25:00-04:00,218.33,218.9,218.29,218.39,25704.0,218.643,210
2023-11-03 11:30:00-04:00,218.46,218.71,218.36,218.48,8767.0,218.519,81
2023-11-03 11:35:00-04:00,218.48,218.76,218.44,218.55,6868.0,218.627,65
2023-11-03 11:40:00-04:00,218.59,218.86,218.32,218.86,18867.0,218.545,141
2023-11-03 11:45:00-04:00,218.87,218.96,218.34,218.43,18035.0,218.554,131
2023-11-03 11:50:00-04:00,218.51,219.09,218.43,218.81,10298.0,218.677,66
2023-11-03 11:55:00-04:00,218.93,219.18,218.86,218.99,20864.0,219.022,123
2023-11-03 12:00:00-04:00,218.92,219.23,218.89,219.09,9362.0,219.035,74
2023-11-03 12:05:00-04:00,219.11,219.29,218.96,219.01,20331.0,219.164,116
2023-11-03 12:10:00-04:00,219.01,219.45,218.81,219.45,14702.0,218.977,138
2023-11-03 12:15:00-04:00,219.46,219.48,219.27,219.41,11567.0,219.366,99
2023-11-03 12:20:00-04:00,219.48,219.48,219.09,219.14,16084.0,219.254,150
2023-11-03 12:25:00-04:00,219.14,219.42,219.12,219.22,9288.0,219.272,86
2023-11-03 12:30:00-04:00,219.2,219.5,219.19,219.38,5799.0,219.381,56
2023-11-03 12:35:00-04:00,219.46,219.46,218.89,219.03,9605.0,219.208,90
2023-11-03 12:40:00-04:00,218.98,218.98,218.45,218.53,18039.0,218.677,137
2023-11-03 12:45:00-04:00,218.44,219.06,218.36,218.9,5394.0,218.745,48
2023-11-03 12:50:00-04:00,218.78,218.84,218.46,218.51,5555.0,218.627,51
2023-11-03 12:55:00-04:00,218.33,218.52,218.16,218.19,5037.0,218.299,46
2023-11-03 13:00:00-04:00,218.17,218.38,218.1,218.38,4367.0,218.262,39
2023-11-03 13:05:00-04:00,218.39,218.48,218.05,218.05,7412.0,218.312,73
2023-11-03 13:10:00-04:00,218.09,218.24,218.03,218.1,4909.0,218.139,44
2023-11-03 13:15:00-04:00,218.05,218.36,218.04,218.31,5087.0,218.254,35
2023-11-03 13:20:00-04:00,218.32,218.49,218.22,218.44,4710.0,218.378,45
2023-11-03 13:25:00-04:00,218.39,218.39,217.87,217.87,14273.0,218.065,74
2023-11-03 13:30:00-04:00,217.87,218.26,217.84,218.09,5646.0,218.066,51
2023-11-03 13:35:00-04:00,218.13,218.53,217.88,218.51,4963.0,218.231,44
2023-11-03 13:40:00-04:00,218.53,218.66,218.31,218.62,3417.0,218.508,34
2023-11-03 13:45:00-04:00,218.53,218.64,218.29,218.34,8724.0,218.491,64
2023-11-03 13:50:00-04:00,218.26,218.53,218.0,218.53,5364.0,218.217,48
2023-11-03 13:55:00-04:00,218.62,218.82,218.56,218.68,6944.0,218.679,67
2023-11-03 14:00:00-04:00,218.54,218.7,218.34,218.67,6209.0,218.495,53
2023-11-03 14:05:00-04:00,218.72,218.74,218.47,218.53,5494.0,218.573,52
2023-11-03 14:10:00-04:00,218.55,218.61,218.25,218.34,8506.0,218.427,50
2023-11-03 14:15:00-04:00,218.3,218.52,218.3,218.42,3467.0,218.382,32
2023-11-03 14:20:00-04:00,218.42,218.46,218.28,218.28,3147.0,218.378,31
2023-11-03 14:25:00-04:00,218.35,218.81,218.35,218.61,10835.0,218.601,83
2023-11-03 14:30:00-04:00,218.62,218.64,218.41,218.56,7542.0,218.525,43
2023-11-03 14:35:00-04:00,218.49,218.81,218.49,218.77,6195.0,218.649,59
2023-11-03 14:40:00-04:00,218.84,218.94,218.73,218.8,7490.0,218.859,67
2023-11-03 14:45:00-04:00,218.8,219.04,218.74,218.97,6028.0,218.919,55
2023-11-03 14:50:00-04:00,218.94,218.94,218.75,218.84,3268.0,218.819,30
2023-11-03 14:55:00-04:00,218.78,218.79,218.43,218.57,5766.0,218.62,55
2023-11-03 15:00:00-04:00,218.56,218.98,218.56,218.98,9807.0,218.746,89
2023-11-03 15:05:00-04:00,218.93,219.06,218.92,218.92,14040.0,218.994,83
2023-11-03 15:10:00-04:00,218.94,219.1,218.72,219.05,12191.0,218.942,76
2023-11-03 15:15:00-04:00,219.05,219.05,218.63,218.8,6638.0,218.772,52
2023-11-03 15:20:00-04:00,218.75,218.93,218.57,218.91,14668.0,218.723,121
2023-11-03 15:25:00-04:00,218.91,219.1,218.68,218.86,11471.0,218.912,99
2023-11-03 15:30:00-04:00,218.85,218.87,218.69,218.73,15334.0,218.788,122
2023-11-03 15:35:00-04:00,218.62,219.07,218.52,218.98,17843.0,218.821,141
2023-11-03 15:40:00-04:00,218.96,219.0,218.72,218.9,17336.0,218.867,141
2023-11-03 15:45:00-04:00,218.85,218.85,218.42,218.42,32702.0,218.564,251
2023-11-03 15:50:00-04:00,218.48,218.67,217.97,217.97,54553.0,218.449,415
2023-11-03 15:55:00-04:00,218.03,218.31,217.88,218.03,153212.0,218.138,921
2023-11-06 09:30:00-05:00,217.73,218.74,217.49,217.49,14067.0,217.806,18
2023-11-06 09:35:00-05:00,217.76,218.09,216.65,216.65,5327.0,217.548,29
2023-11-06 09:40:00-05:00,216.73,217.16,216.52,216.89,14249.0,216.851,74
2023-11-06 09:45:00-05:00,216.68,217.1,216.63,216.94,11467.0,216.763,61
2023-11-06 09:50:00-05:00,217.04,217.45,217.03,217.28,6760.0,217.224,57
2023-11-06 09:55:00-05:00,217.33,217.64,217.18,217.53,10526.0,217.427,91
2023-11-06 10:00:00-05:00,217.51,217.66,216.91,217.11,14372.0,217.37,71
2023-11-06 10:05:00-05:00,217.2,217.21,216.66,216.89,5325.0,216.922,41
2023-11-06 10:10:00-05:00,216.82,216.83,215.93,215.93,9668.0,216.454,63
2023-11-06 10:15:00-05:00,216.16,217.15,216.03,217.15,8398.0,216.677,64
2023-11-06 10:20:00-05:00,217.19,217.53,217.1,217.33,3758.0,217.292,29
2023-11-06 10:25:00-05:00,217.49,217.5,217.14,217.16,3954.0,217.283,37
2023-11-06 10:30:00-05:00,217.09,217.09,216.8,216.87,3726.0,216.933,32
2023-11-06 10:35:00-05:00,217.01,217.25,216.91,217.13,4549.0,217.096,42
2023-11-06 10:40:00-05:00,217.21,217.41,216.86,216.87,5755.0,217.233,41
2023-11-06 10:45:00-05:00,216.91,217.04,216.74,216.74,4920.0,216.948,45
2023-11-06 10:50:00-05:00,216.7,216.93,216.62,216.84,3900.0,216.809,29
2023-11-06 10:55:00-05:00,216.84,217.12,216.84,216.94,3943.0,216.991,38
2023-11-06 11:00:00-05:00,216.95,217.17,216.76,217.05,6971.0,216.968,61
2023-11-06 11:05:00-05:00,216.96,217.19,216.94,216.94,3986.0,217.056,33
2023-11-06 11:10:00-05:00,216.94,217.09,216.92,217.06,3749.0,217.005,33
2023-11-06 11:15:00-05:00,217.11,217.46,217.09,217.43,4700.0,217.268,47
2023-11-06 11:20:00-05:00,217.35,217.43,216.91,217.01,6382.0,217.129,37
2023-11-06 11:25:00-05:00,217.01,217.06,216.73,216.73,3147.0,216.924,29
2023-11-06 11:30:00-05:00,216.71,217.15,216.61,217.15,7741.0,216.831,67
2023-11-06 11:35:00-05:00,217.16,217.24,216.72,216.92,10976.0,216.975,90
2023-11-06 11:40:00-05:00,216.93,217.15,216.64,216.66,13034.0,216.917,89
2023-11-06 11:45:00-05:00,216.75,216.9,216.56,216.75,5886.0,216.767,37
2023-11-06 11:50:00-05:00,216.77,216.88,216.71,216.87,4951.0,216.794,48
2023-11-06 11:55:00-05:00,216.91,216.91,216.57,216.74,2550.0,216.746,25
2023-11-06 12:00:00-05:00,216.72,216.78,216.6,216.6,4365.0,216.711,34
2023-11-06 12:05:00-05:00,216.64,216.64,216.31,216.31,2399.0,216.447,20
2023-11-06 12:10:00-05:00,216.29,217.03,216.2,216.66,14309.0,216.693,113
2023-11-06 12:15:00-05:00,216.71,216.74,216.35,216.4,2015.0,216.534,18
2023-11-06 12:20:00-05:00,216.35,216.69,216.34,216.66,6579.0,216.564,31
2023-11-06 12:25:00-05:00,216.68,216.73,216.58,216.66,3989.0,216.671,37
2023-11-06 12:30:00-05:00,216.62,216.62,216.19,216.19,3678.0,216.515,32
2023-11-06 12:35:00-05:00,216.08,216.32,215.84,215.96,2101.0,215.991,21
2023-11-06 12:40:00-05:00,215.96,215.96,215.49,215.49,2047.0,215.664,17
2023-11-06 12:45:00-05:00,215.38,215.96,215.36,215.96,5243.0,215.671,48
2023-11-06 12:50:00-05:00,215.96,216.04,215.94,215.99,5178.0,215.999,44
2023-11-06 12:55:00-05:00,216.09,216.28,216.09,216.17,4208.0,216.197,33
2023-11-06 13:00:00-05:00,216.15,216.15,215.9,215.9,4730.0,216.053,44
2023-11-06 13:05:00-05:00,215.99,215.99,215.66,215.71,1448.0,215.82,13
2023-11-06 13:10:00-05:00,215.59,215.67,215.56,215.6,1100.0,215.615,11
2023-11-06 13:15:00-05:00,215.66,215.94,215.65,215.74,4567.0,215.779,40
2023-11-06 13:20:00-05:00,215.71,216.1,215.5,216.09,9336.0,215.794,77
2023-11-06 13:25:00-05:00,216.1,216.2,215.96,216.2,3780.0,216.083,34
2023-11-06 13:30:00-05:00,216.2,216.24,215.81,215.98,6820.0,216.049,56
2023-11-06 13:35:00-05:00,215.92,216.57,215.92,216.56,6023.0,216.263,53
2023-11-06 13:40:00-05:00,216.56,216.84,216.56,216.84,5519.0,216.681,41
2023-11-06 13:45:00-05:00,216.8,216.83,216.66,216.68,5157.0,216.722,44
2023-11-06 13:50:00-05:00,216.68,216.72,216.56,216.66,7063.0,216.633,57
2023-11-06 13:55:00-05:00,216.64,216.67,216.34,216.39,4342.0,216.564,36
2023-11-06 14:00:00-05:00,216.4,216.63,216.29,216.63,7867.0,216.451,65
2023-11-06 14:05:00-05:00,216.58,216.63,216.19,216.24,4093.0,216.435,34
2023-11-06 14:10:00-05:00,216.17,216.27,215.97,215.98,2601.0,216.14,24
2023-11-06 14:15:00-05:00,215.95,216.25,215.95,216.15,5550.0,216.111,49
2023-11-06 14:20:00-05:00,216.24,216.24,215.97,216.07,4031.0,216.073,35
2023-11-06 14:25:00-05:00,216.03,216.09,215.77,215.88,2904.0,215.917,25
2023-11-06 14:30:00-05:00,215.85,216.14,215.83,216.05,5486.0,215.943,36
2023-11-06 14:35:00-05:00,216.05,216.15,215.87,215.87,7208.0,216.073,48
2023-11-06 14:40:00-05:00,215.91,216.34,215.77,216.31,10387.0,216.122,62
2023-11-06 14:45:00-05:00,216.3,216.35,215.87,215.91,2885.0,216.038,27
2023-11-06 14:50:00-05:00,215.97,216.23,215.96,216.16,3262.0,216.092,31
2023-11-06 14:55:00-05:00,216.23,216.65,216.2,216.65,4560.0,216.405,43
2023-11-06 15:00:00-05:00,216.65,216.78,216.6,216.67,6972.0,216.69,61
2023-11-06 15:05:00-05:00,216.65,216.88,216.6,216.78,8097.0,216.738,70
2023-11-06 15:10:00-05:00,216.79,216.84,216.54,216.54,7176.0,216.731,62
2023-11-06 15:15:00-05:00,216.51,216.58,216.35,216.43,7266.0,216.469,57
2023-11-06 15:20:00-05:00,216.43,216.43,216.19,216.26,6986.0,216.327,65
2023-11-06 15:25:00-05:00,216.2,216.48,216.14,216.46,8538.0,216.321,62
2023-11-06 15:30:00-05:00,216.48,216.48,216.27,216.36,8641.0,216.359,60
2023-11-06 15:35:00-05:00,216.36,216.41,216.22,216.26,10326.0,216.347,88
2023-11-06 15:40:00-05:00,216.28,216.35,215.9,216.12,12186.0,216.098,97
2023-11-06 15:45:00-05:00,215.99,216.3,215.97,216.28,9682.0,216.101,86
2023-11-06 15:50:00-05:00,216.28,216.55,216.23,216.55,22495.0,216.4,181
2023-11-06 15:55:00-05:00,216.57,217.18,216.53,217.15,80106.0,216.929,669
2023-11-07 09:30:00-05:00,216.02,216.02,214.35,215.63,33277.0,214.937,25
2023-11-07 09:35:00-05:00,215.28,216.97,214.54,215.86,5088.0,216.224,46
2023-11-07 09:40:00-05:00,215.78,216.22,215.19,216.01,2225.0,215.727,16
2023-11-07 09:45:00-05:00,216.37,216.52,215.98,216.5,900.0,216.346,7
2023-11-07 09:50:00-05:00,216.47,216.91,216.26,216.34,5530.0,216.505,43
2023-11-07 09:55:00-05:00,216.26,217.28,216.26,217.28,2352.0,216.773,20
2023-11-07 10:00:00-05:00,217.27,217.89,217.16,217.17,10830.0,217.577,90
2023-11-07 10:05:00-05:00,217.35,217.64,216.96,217.25,4617.0,217.3,34
2023-11-07 10:10:00-05:00,217.04,217.69,217.04,217.56,3419.0,217.462,33
2023-11-07 10:15:00-05:00,217.51,218.0,217.22,217.92,4195.0,217.71,38
2023-11-07 10:20:00-05:00,217.97,218.05,217.39,218.01,12439.0,217.842,80
2023-11-07 10:25:00-05:00,218.24,218.43,217.98,218.23,12350.0,218.165,106
2023-11-07 10:30:00-05:00,218.18,218.4,218.15,218.24,1700.0,218.227,15
2023-11-07 10:35:00-05:00,218.33,218.81,218.33,218.8,3909.0,218.59,34
2023-11-07 10:40:00-05:00,218.86,218.86,218.6,218.82,4911.0,218.727,46
2023-11-07 10:45:00-05:00,218.69,219.51,218.63,219.51,15503.0,219.135,143
2023-11-07 10:50:00-05:00,219.43,219.73,219.39,219.39,9049.0,219.53,73
2023-11-07 10:55:00-05:00,219.55,219.58,219.09,219.15,4680.0,219.383,42
2023-11-07 11:00:00-05:00,219.1,219.1,218.66,218.9,8470.0,218.906,76
2023-11-07 11:05:00-05:00,218.96,219.02,218.75,218.75,7147.0,218.906,63
2023-11-07 11:10:00-05:00,218.83,218.86,218.41,218.41,14264.0,218.649,90
2023-11-07 11:15:00-05:00,218.37,218.9,218.37,218.6,3075.0,218.694,28
2023-11-07 11:20:00-05:00,218.68,218.92,218.6,218.83,2405.0,218.738,23
2023-11-07 11:25:00-05:00,218.84,219.06,218.61,218.88,5602.0,218.826,45
2023-11-07 11:30:00-05:00,218.96,219.17,218.78,219.02,3218.0,219.047,29
2023-11-07 11:35:00-05:00,218.91,218.93,218.67,218.67,1662.0,218.802,13
2023-11-07 11:40:00-05:00,218.73,218.73,218.54,218.54,502.0,218.623,5
2023-11-07 11:45:00-05:00,218.53,218.72,218.43,218.5,2966.0,218.56,26
2023-11-07 11:50:00-05:00,218.55,218.58,218.43,218.58,1291.0,218.491,11
2023-11-07 11:55:00-05:00,218.56,218.98,218.52,218.9,5774.0,218.746,44
2023-11-07 12:00:00-05:00,218.83,218.98,218.56,218.63,11490.0,218.779,84
2023-11-07 12:05:00-05:00,218.66,218.66,218.39,218.49,4329.0,218.544,39
2023-11-07 12:10:00-05:00,218.48,218.65,218.44,218.51,2526.0,218.504,23
2023-11-07 12:15:00-05:00,218.47,218.57,218.38,218.56,4827.0,218.475,39
2023-11-07 12:20:00-05:00,218.46,218.47,218.37,218.4,3917.0,218.406,18
2023-11-07 12:25:00-05:00,218.43,218.63,218.37,218.51,3837.0,218.496,26
2023-11-07 12:30:00-05:00,218.38,218.47,218.2,218.34,4393.0,218.31,27
2023-11-07 12:35:00-05:00,218.35,218.53,218.3,218.51,1964.0,218.428,18
2023-11-07 12:40:00-05:00,218.48,218.59,218.41,218.55,1437.0,218.49,12
2023-11-07 12:45:00-05:00,218.72,218.94,218.72,218.73,4732.0,218.819,33
2023-11-07 12:50:00-05:00,218.9,219.36,218.88,219.3,5879.0,219.115,53
2023-11-07 12:55:00-05:00,219.25,219.33,219.1,219.33,3693.0,219.213,34
2023-11-07 13:00:00-05:00,219.33,219.53,219.33,219.45,3859.0,219.432,33
2023-11-07 13:05:00-05:00,219.48,219.59,219.41,219.53,3106.0,219.495,27
2023-11-07 13:10:00-05:00,219.56,219.77,219.44,219.77,3831.0,219.56,38
2023-11-07 13:15:00-05:00,219.69,219.87,219.61,219.63,5219.0,219.74,45
2023-11-07 13:20:00-05:00,219.66,219.67,219.34,219.34,2503.0,219.536,23
2023-11-07 13:25:00-05:00,219.29,219.39,219.12,219.12,3542.0,219.284,20
2023-11-07 13:30:00-05:00,219.13,219.16,219.09,219.1,1742.0,219.111,13
2023-11-07 13:35:00-05:00,219.18,219.4,219.11,219.4,4061.0,219.194,38
2023-11-07 13:40:00-05:00,219.27,219.38,219.2,219.27,4840.0,219.276,27
2023-11-07 13:45:00-05:00,219.27,219.41,219.21,219.21,4665.0,219.299,36
2023-11-07 13:50:00-05:00,219.24,219.31,219.16,219.29,5673.0,219.229,52
2023-11-07 13:55:00-05:00,219.26,219.33,219.12,219.28,3333.0,219.249,31
2023-11-07 14:00:00-05:00,219.13,219.31,219.12,219.31,2509.0,219.211,22
2023-11-07 14:05:00-05:00,219.24,219.42,219.21,219.36,2758.0,219.315,26
2023-11-07 14:10:00-05:00,219.42,219.49,219.39,219.44,4887.0,219.433,40
2023-11-07 14:15:00-05:00,219.47,219.58,219.44,219.46,4277.0,219.493,36
2023-11-07 14:20:00-05:00,219.58,219.65,219.43,219.61,3725.0,219.514,37
2023-11-07 14:25:00-05:00,219.58,219.68,219.55,219.68,900.0,219.62,9
2023-11-07 14:30:00-05:00,219.55,219.63,219.55,219.57,3091.0,219.575,19
2023-11-07 14:35:00-05:00,219.68,219.68,219.47,219.48,3001.0,219.586,22
2023-11-07 14:40:00-05:00,219.46,219.75,219.45,219.71,2797.0,219.574,26
2023-11-07 14:45:00-05:00,219.75,219.98,219.69,219.77,12072.0,219.822,111
2023-11-07 14:50:00-05:00,219.79,219.92,219.64,219.92,12968.0,219.75,97
2023-11-07 14:55:00-05:00,219.87,220.0,219.87,220.0,11822.0,219.956,77
2023-11-07 15:00:00-05:00,219.95,220.03,219.83,219.83,52482.0,219.933,139
2023-11-07 15:05:00-05:00,219.84,219.89,219.52,219.61,7576.0,219.754,50
2023-11-07 15:10:00-05:00,219.55,219.77,219.47,219.7,7020.0,219.585,67
2023-11-07 15:15:00-05:00,219.64,219.9,219.58,219.86,10449.0,219.746,91
2023-11-07 15:20:00-05:00,219.84,220.06,219.74,220.01,13411.0,219.933,118
2023-11-07 15:25:00-05:00,220.02,220.03,219.86,219.97,11907.0,219.967,108
2023-11-07 15:30:00-05:00,219.99,220.0,219.8,219.82,24630.0,219.909,152
2023-11-07 15:35:00-05:00,219.79,219.99,219.72,219.99,6537.0,219.841,62
2023-11-07 15:40:00-05:00,220.07,220.1,219.96,220.09,7136.0,220.036,57
2023-11-07 15:45:00-05:00,220.07,220.17,219.87,220.0,12563.0,220.021,108
2023-11-07 15:50:00-05:00,219.98,220.02,219.58,219.61,19353.0,219.78,149
2023-11-07 15:55:00-05:00,219.62,219.8,219.31,219.71,61967.0,219.55,469
2023-11-08 09:30:00-05:00,220.07,220.87,219.94,220.05,9853.0,220.097,9
2023-11-08 09:35:00-05:00,220.05,220.9,219.97,220.32,5720.0,220.47,17
2023-11-08 09:40:00-05:00,219.97,221.26,219.68,220.98,4330.0,220.631,29
2023-11-09 09:30:00-05:00,221.98,221.98,220.68,221.33,14759.0,221.958,3
2023-11-09 09:35:00-05:00,221.4,222.48,221.29,221.64,3946.0,222.018,37
2023-11-09 09:40:00-05:00,221.79,222.87,221.79,222.64,9055.0,222.629,55
2023-11-09 09:45:00-05:00,222.91,222.95,222.04,222.29,6088.0,222.491,54
2023-11-09 09:50:00-05:00,222.28,222.73,222.28,222.67,1714.0,222.624,14
2023-11-09 09:55:00-05:00,222.66,222.82,222.54,222.61,2779.0,222.685,20
2023-11-09 10:00:00-05:00,222.8,223.24,222.77,222.82,4176.0,222.998,34
2023-11-09 10:05:00-05:00,222.76,222.77,222.04,222.3,9928.0,222.324,80
2023-11-09 10:10:00-05:00,222.3,222.59,221.99,222.59,2106.0,222.314,17
2023-11-09 10:15:00-05:00,222.61,222.61,222.28,222.29,4254.0,222.489,38
2023-11-09 10:20:00-05:00,222.28,222.36,222.05,222.33,2614.0,222.235,23
2023-11-09 10:25:00-05:00,222.33,222.33,221.93,221.93,2490.0,222.082,22
2023-11-09 10:30:00-05:00,222.01,222.01,221.41,221.56,7506.0,221.691,42
2023-11-09 10:35:00-05:00,221.57,221.58,221.45,221.46,8637.0,221.552,28
2023-11-09 10:40:00-05:00,221.46,221.65,221.3,221.45,3000.0,221.484,28
2023-11-09 10:45:00-05:00,221.44,221.92,221.37,221.8,3066.0,221.679,29
2023-11-09 10:50:00-05:00,221.8,222.27,221.77,222.04,3709.0,222.061,29
2023-11-09 10:55:00-05:00,222.05,222.1,221.74,221.74,2246.0,221.945,22
2023-11-09 11:00:00-05:00,221.74,222.32,221.74,222.26,4315.0,222.086,32
2023-11-09 11:05:00-05:00,222.42,222.95,222.42,222.89,2329.0,222.692,20
2023-11-09 11:10:00-05:00,222.89,222.9,222.72,222.9,1005.0,222.827,9
2023-11-09 11:15:00-05:00,222.91,223.0,222.83,222.87,2683.0,222.892,15
2023-11-09 11:20:00-05:00,222.79,223.25,222.78,223.25,5752.0,222.966,53
2023-11-09 11:25:00-05:00,223.15,223.3,223.14,223.28,6517.0,223.204,48
2023-11-09 11:30:00-05:00,223.29,223.3,222.99,223.3,10129.0,223.174,67
2023-11-09 11:35:00-05:00,223.33,223.35,222.86,222.93,3983.0,223.117,36
2023-11-09 11:40:00-05:00,222.89,223.02,222.89,223.01,2200.0,222.984,20
2023-11-09 11:45:00-05:00,223.05,223.45,223.04,223.44,6364.0,223.277,53
2023-11-09 11:50:00-05:00,223.37,223.51,223.25,223.46,6554.0,223.38,63
2023-11-09 11:55:00-05:00,223.46,223.48,223.16,223.48,5708.0,223.357,43
2023-11-09 12:00:00-05:00,223.46,223.51,223.27,223.46,3853.0,223.392,31
2023-11-09 12:05:00-05:00,223.44,223.46,223.08,223.31,4555.0,223.285,42
2023-11-09 12:10:00-05:00,223.28,223.44,223.22,223.35,5857.0,223.319,57
2023-11-09 12:15:00-05:00,223.39,223.63,223.35,223.57,4438.0,223.462,40
2023-11-09 12:20:00-05:00,223.56,223.56,223.4,223.42,6980.0,223.467,54
2023-11-09 12:25:00-05:00,223.36,223.37,223.18,223.27,4265.0,223.264,32
2023-11-09 12:30:00-05:00,223.22,223.36,223.14,223.15,3245.0,223.274,29
2023-11-09 12:35:00-05:00,223.2,223.21,222.95,222.99,3504.0,223.09,33
2023-11-09 12:40:00-05:00,222.92,223.03,222.82,222.93,1400.0,222.953,14
2023-11-09 12:45:00-05:00,222.85,222.96,222.78,222.93,3142.0,222.872,29
2023-11-09 12:50:00-05:00,223.0,223.13,223.0,223.09,2499.0,223.04,14
2023-11-09 12:55:00-05:00,223.03,223.11,222.82,223.11,3327.0,222.988,29
2023-11-09 13:00:00-05:00,223.17,223.21,222.09,222.53,15917.0,222.762,153
2023-11-09 13:05:00-05:00,222.57,222.69,221.98,222.03,7716.0,222.481,61
2023-11-09 13:10:00-05:00,222.05,223.01,222.0,223.01,6573.0,222.401,60
2023-11-09 13:15:00-05:00,222.95,222.95,222.61,222.8,7916.0,222.775,69
2023-11-09 13:20:00-05:00,222.9,222.96,222.73,222.96,5943.0,222.862,49
2023-11-09 13:25:00-05:00,222.92,222.94,222.65,222.89,3322.0,222.789,29
2023-11-09 13:30:00-05:00,222.89,222.9,222.55,222.79,9540.0,222.731,53
2023-11-09 13:35:00-05:00,222.84,223.07,222.73,222.82,2227.0,222.874,20
2023-11-09 13:40:00-05:00,222.84,222.84,222.42,222.56,1606.0,222.548,15
2023-11-09 13:45:00-05:00,222.55,222.69,222.27,222.48,8247.0,222.5,63
2023-11-09 13:50:00-05:00,222.42,222.49,222.19,222.28,5043.0,222.28,44
2023-11-09 13:55:00-05:00,222.3,222.48,221.98,222.15,6996.0,222.321,40
2023-11-09 14:00:00-05:00,222.09,222.09,221.63,221.73,6997.0,221.848,55
2023-11-09 14:05:00-05:00,221.8,221.96,221.51,221.86,8515.0,221.709,71
2023-11-09 14:10:00-05:00,221.89,221.91,221.46,221.57,4885.0,221.711,38
2023-11-09 14:15:00-05:00,221.54,221.69,221.48,221.56,5120.0,221.596,46
2023-11-09 14:20:00-05:00,221.68,221.85,221.64,221.79,3477.0,221.749,31
2023-11-09 14:25:00-05:00,221.8,222.0,221.64,221.91,2484.0,221.826,18
2023-11-09 14:30:00-05:00,221.76,221.97,221.68,221.73,7663.0,221.842,59
2023-11-09 14:35:00-05:00,221.69,221.74,221.32,221.53,5349.0,221.527,50
2023-11-09 14:40:00-05:00,221.47,221.48,221.11,221.27,8797.0,221.281,79
2023-11-09 14:45:00-05:00,221.3,221.53,221.18,221.36,4759.0,221.335,39
2023-11-09 14:50:00-05:00,221.31,221.45,220.98,221.12,3908.0,221.146,38
2023-11-09 14:55:00-05:00,221.05,221.11,220.86,220.94,5581.0,220.99,51
2023-11-09 15:00:00-05:00,220.84,221.01,220.7,220.97,7513.0,220.857,44
2023-11-09 15:05:00-05:00,220.89,221.25,220.89,221.14,5224.0,221.113,48
2023-11-09 15:10:00-05:00,221.16,221.25,220.99,221.06,2209.0,221.136,21
2023-11-09 15:15:00-05:00,220.97,221.19,220.93,221.05,6888.0,221.025,44
2023-11-09 15:20:00-05:00,221.0,221.08,220.67,220.94,11807.0,220.827,66
2023-11-09 15:25:00-05:00,221.0,221.05,220.77,220.82,5351.0,220.917,43
2023-11-09 15:30:00-05:00,220.82,220.98,220.76,220.98,11067.0,220.867,59
2023-11-09 15:35:00-05:00,220.98,221.06,220.71,220.81,6185.0,220.959,52
2023-11-09 15:40:00-05:00,220.8,220.92,220.62,220.68,9061.0,220.839,43
2023-11-09 15:45:00-05:00,220.64,221.1,220.64,220.89,16389.0,220.922,133
2023-11-09 15:50:00-05:00,220.93,221.4,220.93,221.17,24644.0,221.173,206
2023-11-09 15:55:00-05:00,221.21,221.31,220.89,221.1,78356.0,221.079,504
2023-11-10 09:30:00-05:00,221.98,223.37,221.98,222.6,12822.0,222.855,5
2023-11-10 09:35:00-05:00,222.23,223.69,221.91,223.37,7113.0,222.703,54
2023-11-10 09:40:00-05:00,223.54,223.73,222.97,223.29,6794.0,223.376,58
2023-11-10 09:45:00-05:00,223.14,223.72,223.06,223.52,13258.0,223.587,38
2023-11-10 09:50:00-05:00,223.75,223.78,223.11,223.46,7340.0,223.41,66
2023-11-10 09:55:00-05:00,223.35,223.46,222.53,223.28,5426.0,223.053,50
2023-11-10 10:00:00-05:00,223.01,223.7,222.9,223.56,8208.0,223.171,72
2023-11-10 10:05:00-05:00,223.45,223.6,222.95,222.97,5553.0,223.38,49
2023-11-10 10:10:00-05:00,222.95,223.22,222.59,222.59,3263.0,222.982,29
2023-11-10 10:15:00-05:00,222.72,222.95,222.68,222.95,3018.0,222.79,26
2023-11-10 10:20:00-05:00,222.9,223.46,222.86,223.16,6535.0,223.244,43
2023-11-10 10:25:00-05:00,223.19,223.47,222.44,222.45,8463.0,222.906,72
2023-11-10 10:30:00-05:00,222.31,222.58,222.06,222.27,5772.0,222.287,46
2023-11-10 10:35:00-05:00,222.25,222.51,222.07,222.33,2621.0,222.264,21
2023-11-10 10:40:00-05:00,222.19,222.3,221.98,221.98,3586.0,222.156,28
2023-11-10 10:45:00-05:00,221.97,222.5,221.94,222.29,6653.0,222.254,62
2023-11-10 10:50:00-05:00,222.26,222.27,222.03,222.07,2538.0,222.195,23
2023-11-10 10:55:00-05:00,222.03,222.37,221.85,222.37,2966.0,222.151,27
2023-11-10 11:00:00-05:00,222.4,222.78,222.4,222.63,5576.0,222.602,52
2023-11-10 11:05:00-05:00,222.77,223.14,222.77,223.11,2928.0,222.94,26
2023-11-10 11:10:00-05:00,223.09,223.27,222.99,223.23,4478.0,223.119,41
2023-11-10 11:15:00-05:00,223.22,223.29,222.99,223.0,3237.0,223.151,31
2023-11-10 11:20:00-05:00,223.08,223.6,223.01,223.51,12737.0,223.363,98
2023-11-10 11:25:00-05:00,223.58,223.84,223.13,223.17,7050.0,223.479,63
2023-11-10 11:30:00-05:00,223.27,223.6,223.16,223.55,3696.0,223.365,32
2023-11-10 11:35:00-05:00,223.7,223.93,223.4,223.74,9105.0,223.743,69
2023-11-10 11:40:00-05:00,223.84,223.91,223.65,223.72,4589.0,223.765,43
2023-11-10 11:45:00-05:00,223.89,224.18,223.71,224.05,7269.0,223.929,63
2023-11-10 11:50:00-05:00,224.09,224.35,224.09,224.35,23797.0,224.249,218
2023-11-10 11:55:00-05:00,224.4,224.45,223.77,223.78,6505.0,224.259,56
2023-11-10 12:00:00-05:00,223.75,224.16,223.66,223.77,4870.0,223.859,40
2023-11-10 12:05:00-05:00,223.78,223.88,223.68,223.78,2006.0,223.817,15
2023-11-10 12:10:00-05:00,223.85,223.88,223.5,223.73,6086.0,223.736,43
2023-11-10 12:15:00-05:00,223.76,223.86,223.65,223.86,3365.0,223.766,31
2023-11-10 12:20:00-05:00,223.85,224.02,223.72,223.72,2155.0,223.843,19
2023-11-10 12:25:00-05:00,223.86,223.86,223.65,223.65,1604.0,223.769,14
2023-11-10 12:30:00-05:00,223.78,224.28,223.78,224.22,3239.0,224.035,28
2023-11-10 12:35:00-05:00,224.39,224.58,224.23,224.31,3370.0,224.419,25
2023-11-10 12:40:00-05:00,224.25,224.33,224.1,224.2,3942.0,224.219,32
2023-11-10 12:45:00-05:00,224.18,224.34,224.1,224.13,3073.0,224.206,22
2023-11-10 12:50:00-05:00,224.12,224.4,224.1,224.39,3756.0,224.221,25
2023-11-10 12:55:00-05:00,224.42,224.5,223.8,223.93,7773.0,224.176,56
2023-11-10 13:00:00-05:00,223.93,224.27,223.8,224.2,7637.0,224.01,69
2023-11-10 13:05:00-05:00,224.3,224.3,224.07,224.08,2449.0,224.168,24
2023-11-10 13:10:00-05:00,224.09,224.21,223.85,223.88,3467.0,224.101,33
2023-11-10 13:15:00-05:00,223.76,224.37,223.73,224.37,12228.0,224.09,89
2023-11-10 13:20:00-05:00,224.35,224.63,224.06,224.63,7324.0,224.324,59
2023-11-10 13:25:00-05:00,224.68,224.96,224.64,224.83,4453.0,224.747,27
2023-11-10 13:30:00-05:00,224.77,224.92,224.7,224.78,3245.0,224.79,22
2023-11-10 13:35:00-05:00,224.76,224.96,224.64,224.96,5426.0,224.823,39
2023-11-10 13:40:00-05:00,224.92,225.3,224.91,225.21,17824.0,225.045,91
2023-11-10 13:45:00-05:00,225.3,225.39,224.82,224.82,7629.0,225.214,53
2023-11-10 13:50:00-05:00,224.82,225.03,224.82,225.03,1501.0,224.935,13
2023-11-10 13:55:00-05:00,224.96,225.29,224.88,225.28,6778.0,225.154,65
2023-11-10 14:00:00-05:00,225.25,225.45,225.21,225.42,10979.0,225.339,93
2023-11-10 14:05:00-05:00,225.44,225.48,225.31,225.37,5776.0,225.413,49
2023-11-10 14:10:00-05:00,225.48,225.56,225.23,225.39,5239.0,225.388,45
2023-11-10 14:15:00-05:00,225.16,225.39,225.16,225.3,600.0,225.292,5
2023-11-10 14:20:00-05:00,225.3,225.49,225.14,225.25,7833.0,225.346,31
2023-11-10 14:25:00-05:00,225.21,225.39,225.14,225.3,1964.0,225.284,17
2023-11-10 14:30:00-05:00,225.34,225.34,225.08,225.1,4621.0,225.194,35
2023-11-10 14:35:00-05:00,225.08,225.11,224.85,224.91,5134.0,224.979,44
2023-11-10 14:40:00-05:00,224.87,225.0,224.81,224.87,4494.0,224.893,38
2023-11-10 14:45:00-05:00,224.87,224.95,224.5,224.95,27194.0,224.747,185
2023-11-10 14:50:00-05:00,224.95,224.96,224.55,224.7,12239.0,224.853,81
2023-11-10 14:55:00-05:00,224.7,224.87,224.54,224.87,9600.0,224.79,21
2023-11-10 15:00:00-05:00,224.95,225.2,224.94,225.08,3735.0,225.051,28
2023-11-10 15:05:00-05:00,225.1,225.23,225.1,225.23,2701.0,225.212,13
2023-11-10 15:10:00-05:00,225.29,225.37,225.15,225.31,6017.0,225.252,48
2023-11-10 15:15:00-05:00,225.24,225.4,225.12,225.4,11243.0,225.271,54
2023-11-10 15:20:00-05:00,225.39,225.61,225.22,225.43,14245.0,225.437,125
2023-11-10 15:25:00-05:00,225.43,225.65,225.31,225.62,5363.0,225.409,34
2023-11-10 15:30:00-05:00,225.56,225.73,225.45,225.54,7342.0,225.563,59
2023-11-10 15:35:00-05:00,225.65,225.81,225.62,225.62,6166.0,225.712,57
2023-11-10 15:40:00-05:00,225.61,225.87,225.61,225.87,6169.0,225.77,46
2023-11-10 15:45:00-05:00,225.88,226.16,225.67,225.76,18041.0,225.915,157
2023-11-10 15:50:00-05:00,225.72,226.05,225.72,225.88,32977.0,225.893,248
2023-11-10 15:55:00-05:00,225.8,225.84,225.36,225.56,74926.0,225.549,531
2023-11-13 09:30:00-05:00,224.52,225.59,224.32,225.59,12781.0,224.433,20
2023-11-13 09:35:00-05:00,225.62,226.29,225.23,225.42,4557.0,225.807,37
2023-11-13 09:40:00-05:00,225.34,225.54,224.77,224.77,3809.0,225.239,31
2023-11-13 09:45:00-05:00,224.79,225.23,224.42,224.76,2838.0,224.843,22
2023-11-13 09:50:00-05:00,224.64,224.65,224.05,224.3,6236.0,224.411,38
2023-11-13 09:55:00-05:00,224.31,224.71,224.16,224.34,3210.0,224.402,26
2023-11-13 10:00:00-05:00,224.26,224.31,223.59,224.23,5545.0,223.951,41
2023-11-13 10:05:00-05:00,224.27,224.45,224.09,224.29,2436.0,224.185,22
2023-11-13 10:10:00-05:00,224.01,224.36,223.53,224.36,7249.0,223.954,37
2023-11-13 10:15:00-05:00,223.9,224.27,223.82,223.88,2206.0,223.953,19
2023-11-13 10:20:00-05:00,223.94,223.97,223.52,223.59,6341.0,223.753,45
2023-11-13 10:25:00-05:00,223.68,223.75,223.24,223.58,19737.0,223.5,114
2023-11-13 10:30:00-05:00,223.46,223.97,223.44,223.87,4116.0,223.662,29
2023-11-13 10:35:00-05:00,223.99,223.99,223.6,223.82,1300.0,223.771,13
2023-11-13 10:40:00-05:00,223.83,224.04,223.68,223.68,4036.0,223.891,29
2023-11-13 10:45:00-05:00,223.68,224.06,223.68,223.88,3425.0,223.872,30
2023-11-13 10:50:00-05:00,223.84,224.3,223.84,224.24,3585.0,224.188,31
2023-11-13 10:55:00-05:00,224.15,224.27,224.13,224.22,2597.0,224.171,22
2023-11-13 11:00:00-05:00,224.22,224.28,223.9,223.9,3076.0,224.104,25
2023-11-13 11:05:00-05:00,224.01,224.06,223.88,223.97,2553.0,223.989,19
2023-11-13 11:10:00-05:00,224.03,224.03,223.39,223.49,2757.0,223.738,21
2023-11-13 11:15:00-05:00,223.79,223.79,223.3,223.52,5401.0,223.536,45
2023-11-13 11:20:00-05:00,223.56,224.02,223.55,223.78,3900.0,223.849,36
2023-11-13 11:25:00-05:00,223.85,224.18,223.76,224.03,7402.0,223.974,72
2023-11-13 11:30:00-05:00,223.97,224.19,223.9,223.91,7422.0,224.023,65
2023-11-13 11:35:00-05:00,223.91,224.35,223.9,224.07,5124.0,224.102,35
2023-11-13 11:40:00-05:00,224.03,224.22,223.84,224.18,2776.0,224.027,25
2023-11-13 11:45:00-05:00,224.22,224.67,224.2,224.4,6089.0,224.364,58
2023-11-13 11:50:00-05:00,224.4,224.58,224.39,224.58,2806.0,224.452,23
2023-11-13 11:55:00-05:00,224.53,224.69,224.44,224.45,3635.0,224.568,32
2023-11-13 12:00:00-05:00,224.52,224.57,224.39,224.41,3437.0,224.459,23
2023-11-13 12:05:00-05:00,224.36,224.7,224.26,224.66,6487.0,224.418,46
2023-11-13 12:10:00-05:00,224.61,224.72,224.25,224.47,3222.0,224.512,30
2023-11-13 12:15:00-05:00,224.54,224.54,224.16,224.28,3426.0,224.258,33
2023-11-13 12:20:00-05:00,224.28,224.52,224.13,224.51,3650.0,224.254,34
2023-11-13 12:25:00-05:00,224.52,224.63,224.47,224.63,800.0,224.561,8
2023-11-13 12:30:00-05:00,224.62,224.7,224.49,224.63,4896.0,224.583,44
2023-11-13 12:35:00-05:00,224.65,224.71,224.32,224.32,2855.0,224.508,27
2023-11-13 12:40:00-05:00,224.43,224.45,224.29,224.29,800.0,224.404,8
2023-11-13 12:45:00-05:00,224.28,224.58,224.27,224.51,3942.0,224.415,37
2023-11-13 12:50:00-05:00,224.52,224.52,224.24,224.42,3602.0,224.373,34
2023-11-13 12:55:00-05:00,224.41,224.73,224.4,224.73,1700.0,224.52,17
2023-11-13 13:00:00-05:00,224.63,224.79,224.63,224.65,12333.0,224.709,65
2023-11-13 13:05:00-05:00,224.69,224.76,224.43,224.53,7699.0,224.576,70
2023-11-13 13:10:00-05:00,224.57,224.77,224.48,224.53,4300.0,224.617,39
2023-11-13 13:15:00-05:00,224.68,224.77,224.57,224.59,3605.0,224.662,32
2023-11-13 13:20:00-05:00,224.56,224.63,224.36,224.56,2504.0,224.513,25
2023-11-13 13:25:00-05:00,224.56,224.6,224.09,224.16,3903.0,224.34,36
2023-11-13 13:30:00-05:00,224.09,224.14,223.94,224.05,3119.0,224.058,25
2023-11-13 13:35:00-05:00,224.03,224.11,223.97,224.01,1863.0,224.052,18
2023-11-13 13:40:00-05:00,224.23,224.45,224.23,224.26,3003.0,224.32,27
2023-11-13 13:45:00-05:00,224.26,224.33,224.17,224.17,4117.0,224.263,35
2023-11-13 13:50:00-05:00,224.17,224.23,224.07,224.1,3344.0,224.162,16
2023-11-13 13:55:00-05:00,224.08,224.31,224.07,224.21,8412.0,224.162,64
2023-11-13 14:00:00-05:00,224.23,224.28,224.13,224.18,2922.0,224.196,29
2023-11-13 14:05:00-05:00,224.18,224.38,224.09,224.38,4378.0,224.215,36
2023-11-13 14:10:00-05:00,224.36,224.52,224.31,224.43,4923.0,224.446,40
2023-11-13 14:15:00-05:00,224.49,224.52,224.34,224.52,6509.0,224.466,36
2023-11-13 14:20:00-05:00,224.47,224.96,224.47,224.93,5232.0,224.658,49
2023-11-13 14:25:00-05:00,224.93,225.09,224.87,224.91,3073.0,224.972,28
2023-11-13 14:30:00-05:00,224.91,225.04,224.91,225.03,3807.0,224.963,35
2023-11-13 14:35:00-05:00,225.03,225.2,225.03,225.1,8177.0,225.14,64
2023-11-13 14:40:00-05:00,225.11,225.26,225.1,225.11,3428.0,225.154,29
2023-11-13 14:45:00-05:00,225.06,225.2,225.06,225.15,1580.0,225.132,15
2023-11-13 14:50:00-05:00,225.14,225.19,224.91,225.05,3837.0,225.054,38
2023-11-13 14:55:00-05:00,225.01,225.1,224.86,224.91,7736.0,224.995,71
2023-11-13 15:00:00-05:00,224.86,224.94,224.77,224.84,4365.0,224.841,33
2023-11-13 15:05:00-05:00,224.79,225.0,224.68,224.99,7838.0,224.827,53
2023-11-13 15:10:00-05:00,224.98,225.14,224.92,225.14,4490.0,225.015,43
2023-11-13 15:15:00-05:00,225.07,225.08,224.89,224.99,4655.0,224.991,44
2023-11-13 15:20:00-05:00,225.0,225.08,224.94,225.08,2758.0,225.009,26
2023-11-13 15:25:00-05:00,225.07,225.21,225.07,225.12,2946.0,225.15,23
2023-11-13 15:30:00-05:00,225.1,225.16,224.96,224.96,4626.0,225.079,41
2023-11-13 15:35:00-05:00,224.96,224.96,224.61,224.61,4935.0,224.77,46
2023-11-13 15:40:00-05:00,224.63,224.75,224.57,224.67,7194.0,224.659,61
2023-11-13 15:45:00-05:00,224.66,224.74,224.44,224.51,9119.0,224.57,84
2023-11-13 15:50:00-05:00,224.41,224.5,224.23,224.32,15092.0,224.388,132
2023-11-13 15:55:00-05:00,224.36,224.42,224.19,224.33,41762.0,224.305,343
2023-11-14 09:30:00-05:00,228.21,228.81,227.26,227.3,13903.0,228.195,15
2023-11-14 09:35:00-05:00,227.56,228.22,226.81,227.17,4518.0,227.622,39
2023-11-14 09:40:00-05:00,227.58,227.58,226.49,227.15,4072.0,226.907,34
2023-11-14 09:45:00-05:00,227.0,228.22,226.93,228.06,7227.0,227.438,61
2023-11-14 09:50:00-05:00,228.04,228.25,227.91,228.03,7273.0,228.035,25
2023-11-14 09:55:00-05:00,228.19,228.19,227.57,227.97,4712.0,227.793,40
2023-11-14 10:00:00-05:00,227.81,228.63,227.81,228.2,2794.0,228.316,22
2023-11-14 10:05:00-05:00,228.36,228.5,228.02,228.33,5389.0,228.229,48
2023-11-14 10:10:00-05:00,228.1,228.27,227.71,227.77,2283.0,228.077,18
2023-11-14 10:15:00-05:00,227.81,227.99,227.67,227.95,2803.0,227.85,24
2023-11-14 10:20:00-05:00,227.85,228.36,227.84,228.24,2560.0,228.111,25
2023-11-14 10:25:00-05:00,228.25,228.58,228.25,228.58,1627.0,228.369,15
2023-11-14 10:30:00-05:00,228.8,229.38,228.77,229.06,2503.0,229.087,17
2023-11-14 10:35:00-05:00,228.99,229.48,228.99,229.25,3538.0,229.186,22
2023-11-14 10:40:00-05:00,229.36,229.44,229.05,229.25,2479.0,229.268,22
2023-11-14 10:45:00-05:00,229.07,229.45,229.03,229.06,2032.0,229.266,17
2023-11-14 10:50:00-05:00,229.03,229.12,228.79,228.88,2200.0,228.893,22
2023-11-14 10:55:00-05:00,228.81,229.07,228.69,229.07,6489.0,228.864,38
2023-11-14 11:00:00-05:00,229.08,229.25,228.81,229.17,2394.0,229.063,22
2023-11-14 11:05:00-05:00,229.06,229.18,228.83,229.18,2578.0,229.028,22
2023-11-14 11:10:00-05:00,229.2,229.53,229.2,229.53,2073.0,229.415,19
2023-11-14 11:15:00-05:00,229.4,229.52,229.18,229.34,15400.0,229.254,59
2023-11-14 11:20:00-05:00,229.33,229.55,229.19,229.55,2576.0,229.327,20
2023-11-14 11:25:00-05:00,229.66,229.73,229.4,229.66,1953.0,229.611,17
2023-11-14 11:30:00-05:00,229.6,229.82,229.6,229.79,1740.0,229.717,17
2023-11-14 11:35:00-05:00,229.81,229.89,229.5,229.54,4819.0,229.682,31
2023-11-14 11:40:00-05:00,229.42,229.44,229.13,229.27,2605.0,229.26,23
2023-11-14 11:45:00-05:00,229.19,229.24,228.85,228.91,4198.0,229.069,26
2023-11-14 11:50:00-05:00,228.88,229.23,228.86,229.19,1650.0,229.017,11
2023-11-14 11:55:00-05:00,229.02,229.06,228.97,229.0,600.0,229.002,6
2023-11-14 12:00:00-05:00,229.1,229.35,229.02,229.35,2780.0,229.097,24
2023-11-14 12:05:00-05:00,229.22,229.22,228.98,228.98,4233.0,229.095,41
2023-11-14 12:10:00-05:00,229.03,229.12,228.98,229.12,3367.0,229.033,16
2023-11-14 12:15:00-05:00,229.21,229.24,228.91,228.91,1537.0,229.151,14
2023-11-14 12:20:00-05:00,228.78,229.17,228.73,228.91,2368.0,228.929,23
2023-11-14 12:25:00-05:00,228.96,229.1,228.95,229.03,1783.0,229.037,17
2023-11-14 12:30:00-05:00,229.08,229.12,228.95,229.06,3029.0,229.046,23
2023-11-14 12:35:00-05:00,228.96,229.4,228.94,229.4,1488.0,229.107,14
2023-11-14 12:40:00-05:00,229.42,229.51,229.19,229.25,1343.0,229.35,13
2023-11-14 12:45:00-05:00,229.26,229.53,229.26,229.45,3739.0,229.407,34
2023-11-14 12:50:00-05:00,229.42,229.73,229.34,229.73,4862.0,229.504,41
2023-11-14 12:55:00-05:00,229.64,229.75,229.64,229.68,700.0,229.68,6
2023-11-14 13:00:00-05:00,229.78,229.8,229.66,229.72,3508.0,229.751,21
2023-11-14 13:05:00-05:00,229.65,229.7,229.56,229.56,2535.0,229.631,18
2023-11-14 13:10:00-05:00,229.58,229.79,229.5,229.58,20308.0,229.678,50
2023-11-14 13:15:00-05:00,229.53,229.69,229.46,229.69,2780.0,229.584,23
2023-11-14 13:20:00-05:00,229.71,229.72,229.62,229.63,1754.0,229.661,14
2023-11-14 13:25:00-05:00,229.62,229.72,229.49,229.57,5146.0,229.633,25
2023-11-14 13:30:00-05:00,229.61,229.65,229.32,229.4,6154.0,229.518,31
2023-11-14 13:35:00-05:00,229.33,229.62,229.33,229.62,1833.0,229.472,17
2023-11-14 13:40:00-05:00,229.61,229.61,229.31,229.34,6070.0,229.409,38
2023-11-14 13:45:00-05:00,229.2,229.27,229.11,229.27,9436.0,229.2,80
2023-11-14 13:50:00-05:00,229.19,229.38,229.11,229.29,5126.0,229.234,41
2023-11-14 13:55:00-05:00,229.38,229.44,229.13,229.26,17417.0,229.274,111
2023-11-14 14:00:00-05:00,229.26,229.28,229.08,229.15,10740.0,229.192,79
2023-11-14 14:05:00-05:00,229.11,229.17,228.83,228.89,10391.0,228.999,98
2023-11-14 14:10:00-05:00,228.93,228.94,228.73,228.87,14592.0,228.875,107
2023-11-14 14:15:00-05:00,228.87,228.93,228.79,228.93,3033.0,228.87,29
2023-11-14 14:20:00-05:00,228.96,229.23,228.9,229.22,8545.0,229.019,72
2023-11-14 14:25:00-05:00,229.27,229.53,229.26,229.53,1211.0,229.406,12
2023-11-14 14:30:00-05:00,229.57,229.94,229.49,229.54,17266.0,229.739,101
2023-11-14 14:35:00-05:00,229.57,229.65,229.48,229.59,7632.0,229.573,44
2023-11-14 14:40:00-05:00,229.58,229.77,229.55,229.72,5849.0,229.641,50
2023-11-14 14:45:00-05:00,229.81,229.91,229.58,229.58,3414.0,229.75,32
2023-11-14 14:50:00-05:00,229.62,229.74,229.61,229.69,1339.0,229.677,12
2023-11-14 14:55:00-05:00,229.62,229.83,229.62,229.72,5203.0,229.74,43
2023-11-14 15:00:00-05:00,229.72,229.72,229.55,229.57,3481.0,229.62,30
2023-11-14 15:05:00-05:00,229.55,229.62,229.5,229.56,2385.0,229.559,23
2023-11-14 15:10:00-05:00,229.56,229.71,229.56,229.61,4240.0,229.639,36
2023-11-14 15:15:00-05:00,229.67,229.67,229.49,229.58,2508.0,229.56,22
2023-11-14 15:20:00-05:00,229.55,229.71,229.39,229.5,11778.0,229.502,104
2023-11-14 15:25:00-05:00,229.46,229.63,229.45,229.59,6681.0,229.577,62
2023-11-14 15:30:00-05:00,229.58,229.58,229.45,229.45,13303.0,229.507,124
2023-11-14 15:35:00-05:00,229.45,229.5,229.21,229.34,13868.0,229.346,127
2023-11-14 15:40:00-05:00,229.32,229.4,229.16,229.2,14185.0,229.29,127
2023-11-14 15:45:00-05:00,229.22,229.39,228.95,228.95,29032.0,229.202,236
2023-11-14 15:50:00-05:00,228.88,229.03,228.82,229.01,45319.0,228.922,342
2023-11-14 15:55:00-05:00,229.0,229.2,228.89,229.05,99356.0,229.058,709
2023-11-15 09:30:00-05:00,228.64,229.78,228.56,229.74,27816.0,228.787,49
2023-11-15 09:35:00-05:00,229.2,229.32,228.18,228.27,30519.0,228.624,132
2023-11-15 09:40:00-05:00,228.41,228.41,227.04,227.15,14306.0,227.591,123
2023-11-15 09:45:00-05:00,227.31,227.53,226.71,227.06,101244.0,227.051,275
2023-11-15 09:50:00-05:00,227.2,227.2,226.33,226.76,20536.0,226.857,163
2023-11-15 09:55:00-05:00,226.72,227.49,226.61,227.37,28820.0,227.001,96
2023-11-15 10:00:00-05:00,227.24,227.75,227.22,227.48,12007.0,227.519,101
2023-11-15 10:05:00-05:00,227.6,227.81,227.35,227.61,7393.0,227.656,65
2023-11-15 10:10:00-05:00,227.71,227.85,227.53,227.73,9274.0,227.702,79
2023-11-15 10:15:00-05:00,227.76,228.0,227.52,228.0,11477.0,227.819,96
2023-11-15 10:20:00-05:00,228.11,228.48,228.03,228.06,8527.0,228.238,73
2023-11-15 10:25:00-05:00,228.09,228.2,227.91,228.06,5031.0,228.066,43
2023-11-15 10:30:00-05:00,228.05,228.12,227.82,228.12,15164.0,227.976,137
2023-11-15 10:35:00-05:00,228.1,228.43,227.87,228.43,8824.0,228.185,80
2023-11-15 10:40:00-05:00,228.51,228.54,227.7,227.85,8208.0,228.265,73
2023-11-15 10:45:00-05:00,227.78,227.87,227.38,227.52,10785.0,227.664,84
2023-11-15 10:50:00-05:00,227.64,228.48,227.57,228.32,15761.0,227.862,122
2023-11-15 10:55:00-05:00,228.32,228.32,227.71,227.81,13606.0,228.018,109
2023-11-15 11:00:00-05:00,227.76,228.51,227.76,228.32,22762.0,228.218,201
2023-11-15 11:05:00-05:00,228.31,228.53,228.29,228.39,12784.0,228.387,112
2023-11-15 11:10:00-05:00,228.43,228.45,227.59,227.59,33403.0,228.075,273
2023-11-15 11:15:00-05:00,227.57,227.67,227.29,227.55,19138.0,227.487,167
2023-11-15 11:20:00-05:00,227.56,228.08,227.4,228.08,17677.0,227.56,130
2023-11-15 11:25:00-05:00,227.95,228.63,227.94,228.55,15254.0,228.316,106
2023-11-15 11:30:00-05:00,228.54,228.89,228.37,228.89,11776.0,228.546,68
2023-11-15 11:35:00-05:00,228.72,228.82,228.17,228.3,10994.0,228.515,99
2023-11-15 11:40:00-05:00,228.3,228.34,227.76,228.05,7848.0,228.079,67
2023-11-15 11:45:00-05:00,228.04,228.18,227.82,227.98,4251.0,227.976,36
2023-11-15 11:50:00-05:00,227.95,228.09,227.66,228.09,4959.0,227.917,33
2023-11-15 11:55:00-05:00,228.09,228.31,227.97,228.0,4720.0,228.126,41
2023-11-15 12:00:00-05:00,227.93,228.12,227.84,228.03,11346.0,227.983,78
2023-11-15 12:05:00-05:00,228.01,228.32,227.92,228.02,10173.0,228.067,77
2023-11-15 12:10:00-05:00,228.02,228.04,227.79,227.92,6218.0,227.967,61
2023-11-15 12:15:00-05:00,227.96,227.96,227.85,227.88,1443.0,227.906,14
2023-11-15 12:20:00-05:00,227.89,228.15,227.81,228.06,7609.0,227.972,65
2023-11-15 12:25:00-05:00,228.09,228.18,227.93,227.99,6425.0,228.05,43
2023-11-15 12:30:00-05:00,228.0,228.28,227.87,228.27,7417.0,228.034,48
2023-11-15 12:35:00-05:00,228.33,228.61,228.33,228.52,13867.0,228.471,21
2023-11-15 12:40:00-05:00,228.72,228.72,228.48,228.48,1234.0,228.585,9
2023-11-15 12:45:00-05:00,228.58,228.59,228.1,228.17,3317.0,228.327,29
2023-11-15 12:50:00-05:00,228.01,228.11,227.89,227.89,2415.0,228.049,21
2023-11-15 12:55:00-05:00,227.86,228.18,227.86,228.12,6758.0,228.059,59
2023-11-15 13:00:00-05:00,228.07,228.08,227.5,227.95,15638.0,227.722,95
2023-11-15 13:05:00-05:00,227.95,227.97,227.0,227.01,15046.0,227.835,42
2023-11-15 13:10:00-05:00,227.17,227.22,226.86,226.97,39188.0,227.012,125
2023-11-15 13:15:00-05:00,226.97,227.08,226.86,227.0,5136.0,227.003,44
2023-11-15 13:20:00-05:00,227.11,227.22,227.02,227.19,6140.0,227.122,55
2023-11-15 13:25:00-05:00,227.22,227.35,227.17,227.33,2786.0,227.242,26
2023-11-15 13:30:00-05:00,227.28,227.61,227.21,227.61,4069.0,227.347,32
2023-11-15 13:35:00-05:00,227.65,227.76,227.62,227.75,4329.0,227.692,34
2023-11-15 13:40:00-05:00,227.76,227.82,227.63,227.75,4097.0,227.768,34
2023-11-15 13:45:00-05:00,227.69,227.69,227.46,227.49,2827.0,227.53,23
2023-11-15 13:50:00-05:00,227.42,227.62,227.24,227.25,4773.0,227.485,39
2023-11-15 13:55:00-05:00,227.25,227.4,227.2,227.33,4813.0,227.32,41
2023-11-15 14:00:00-05:00,227.29,227.66,227.2,227.65,13986.0,227.376,71
2023-11-15 14:05:00-05:00,227.7,227.7,227.28,227.28,3040.0,227.483,27
2023-11-15 14:10:00-05:00,227.31,227.76,227.28,227.63,17706.0,227.376,45
2023-11-15 14:15:00-05:00,227.62,227.62,227.01,227.15,17596.0,227.372,45
2023-11-15 14:20:00-05:00,227.16,227.41,227.07,227.37,4870.0,227.222,45
2023-11-15 14:25:00-05:00,227.44,227.63,227.44,227.55,2938.0,227.534,24
2023-11-15 14:30:00-05:00,227.63,227.71,227.46,227.66,4162.0,227.572,30
2023-11-15 14:35:00-05:00,227.62,227.62,227.46,227.52,3978.0,227.559,29
2023-11-15 14:40:00-05:00,227.49,227.59,227.33,227.39,5579.0,227.48,49
2023-11-15 14:45:00-05:00,227.36,227.36,227.01,227.13,8225.0,227.177,73
2023-11-15 14:50:00-05:00,227.11,227.24,227.03,227.03,19890.0,227.097,68
2023-11-15 14:55:00-05:00,226.99,227.3,226.99,227.21,9508.0,227.176,65
2023-11-15 15:00:00-05:00,227.21,227.26,226.97,226.99,7794.0,227.111,71
2023-11-15 15:05:00-05:00,226.97,227.35,226.96,226.99,12377.0,227.063,60
2023-11-15 15:10:00-05:00,227.0,227.2,226.95,227.18,5287.0,227.078,47
2023-11-15 15:15:00-05:00,227.22,227.33,227.05,227.31,6733.0,227.195,60
2023-11-15 15:20:00-05:00,227.26,227.53,227.26,227.43,7627.0,227.421,62
2023-11-15 15:25:00-05:00,227.39,227.39,226.99,227.11,7356.0,227.109,67
2023-11-15 15:30:00-05:00,227.09,227.1,226.64,226.7,32658.0,226.916,136
2023-11-15 15:35:00-05:00,226.68,226.99,226.67,226.97,12171.0,226.815,106
2023-11-15 15:40:00-05:00,227.05,227.05,226.73,226.77,7303.0,226.888,66
2023-11-15 15:45:00-05:00,226.69,226.7,225.98,225.98,7110.0,226.488,66
2023-11-15 15:50:00-05:00,225.98,226.22,225.74,225.74,23304.0,226.01,201
2023-11-15 15:55:00-05:00,225.78,226.19,225.42,225.7,125120.0,225.769,851
2023-11-16 09:30:00-05:00,226.99,227.54,226.99,227.54,300.0,227.173,2
2023-11-16 09:35:00-05:00,226.34,227.27,226.32,227.27,13270.0,226.487,34
2023-11-16 09:40:00-05:00,226.74,228.35,226.74,227.76,4934.0,227.695,46
2023-11-16 09:45:00-05:00,227.75,228.86,227.74,228.44,5132.0,228.308,47
2023-11-16 09:50:00-05:00,228.42,228.8,228.3,228.57,2500.0,228.557,23
2023-11-16 09:55:00-05:00,228.39,228.63,228.29,228.48,2383.0,228.425,22
2023-11-16 10:00:00-05:00,228.64,229.23,228.33,228.87,8680.0,228.663,75
2023-11-16 10:05:00-05:00,228.81,229.21,228.67,229.15,10712.0,228.91,94
2023-11-16 10:10:00-05:00,229.28,229.4,228.81,228.81,16653.0,229.125,80
2023-11-16 10:15:00-05:00,228.81,229.0,228.64,228.74,11113.0,228.805,99
2023-11-16 10:20:00-05:00,228.84,228.84,228.47,228.49,5081.0,228.634,44
2023-11-16 10:25:00-05:00,228.51,228.79,228.41,228.79,6643.0,228.571,58
2023-11-16 10:30:00-05:00,228.73,229.14,228.55,228.55,6912.0,228.888,56
2023-11-16 10:35:00-05:00,228.54,228.62,227.81,227.87,10164.0,228.323,59
2023-11-16 10:40:00-05:00,227.75,227.88,227.21,227.47,10083.0,227.513,85
2023-11-16 10:45:00-05:00,227.46,227.71,227.43,227.7,9727.0,227.573,75
2023-11-16 10:50:00-05:00,227.8,227.91,227.59,227.59,5954.0,227.787,53
2023-11-16 10:55:00-05:00,227.56,227.75,227.54,227.56,8102.0,227.645,60
2023-11-16 11:00:00-05:00,227.56,227.96,227.19,227.67,14534.0,227.528,120
2023-11-16 11:05:00-05:00,227.79,227.79,227.29,227.31,1649.0,227.513,16
2023-11-16 11:10:00-05:00,227.18,227.29,226.93,227.23,7566.0,227.156,61
2023-11-16 11:15:00-05:00,227.23,227.23,226.66,226.73,2200.0,226.85,19
2023-11-16 11:20:00-05:00,226.73,226.89,226.69,226.87,10509.0,226.796,84
2023-11-16 11:25:00-05:00,226.81,226.93,226.66,226.71,2788.0,226.77,22
2023-11-16 11:30:00-05:00,226.7,227.13,226.68,227.03,15470.0,226.832,135
2023-11-16 11:35:00-05:00,227.03,227.21,226.93,227.05,3949.0,227.061,36
2023-11-16 11:40:00-05:00,227.07,227.21,226.87,227.21,1817.0,227.003,16
2023-11-16 11:45:00-05:00,227.23,227.33,227.18,227.24,4404.0,227.23,22
2023-11-16 11:50:00-05:00,227.16,227.17,226.68,226.75,5365.0,226.974,38
2023-11-16 11:55:00-05:00,226.79,227.07,226.73,226.98,6066.0,226.893,44
2023-11-16 12:00:00-05:00,226.9,227.18,226.89,226.93,3333.0,227.014,28
2023-11-16 12:05:00-05:00,226.92,227.23,226.92,227.15,8543.0,227.097,66
2023-11-16 12:10:00-05:00,227.17,227.41,227.08,227.39,8691.0,227.257,72
2023-11-16 12:15:00-05:00,227.36,227.55,227.32,227.41,4945.0,227.427,44
2023-11-16 12:20:00-05:00,227.53,227.68,227.46,227.5,5341.0,227.553,42
2023-11-16 12:25:00-05:00,227.58,227.79,227.51,227.63,5890.0,227.653,54
2023-11-16 12:30:00-05:00,227.63,227.66,227.52,227.54,2166.0,227.6,20
2023-11-16 12:35:00-05:00,227.62,227.62,227.47,227.58,2165.0,227.549,16
2023-11-16 12:40:00-05:00,227.54,228.01,227.41,227.75,10301.0,227.636,91
2023-11-16 12:45:00-05:00,227.83,228.03,227.73,227.86,4932.0,227.899,36
2023-11-16 12:50:00-05:00,227.79,227.82,227.58,227.72,7113.0,227.644,26
2023-11-16 12:55:00-05:00,227.76,227.94,227.68,227.87,6152.0,227.853,40
2023-11-16 13:00:00-05:00,227.93,227.98,227.76,227.82,6213.0,227.868,59
2023-11-16 13:05:00-05:00,227.67,227.73,227.67,227.73,700.0,227.716,7
2023-11-16 13:10:00-05:00,227.74,227.74,227.41,227.41,1425.0,227.571,12
2023-11-16 13:15:00-05:00,227.53,227.59,227.22,227.32,7877.0,227.47,56
2023-11-16 13:20:00-05:00,227.21,227.41,227.12,227.19,32485.0,227.315,126
2023-11-16 13:25:00-05:00,227.16,227.39,227.15,227.25,5712.0,227.276,49
2023-11-16 13:30:00-05:00,227.25,227.25,226.84,226.91,1847.0,227.119,16
2023-11-16 13:35:00-05:00,226.86,227.21,226.82,227.06,7193.0,226.998,50
2023-11-16 13:40:00-05:00,226.99,227.04,226.79,226.9,11360.0,226.92,76
2023-11-16 13:45:00-05:00,226.87,227.08,226.65,226.77,11292.0,226.919,82
2023-11-16 13:50:00-05:00,226.71,226.77,226.61,226.76,5943.0,226.705,43
2023-11-16 13:55:00-05:00,226.83,226.84,226.6,226.83,8525.0,226.757,64
2023-11-16 14:00:00-05:00,226.88,227.23,226.88,227.23,1507.0,227.056,13
2023-11-16 14:05:00-05:00,227.31,227.36,227.18,227.23,3414.0,227.272,26
2023-11-16 14:10:00-05:00,227.23,227.3,227.05,227.09,2954.0,227.173,23
2023-11-16 14:15:00-05:00,227.09,227.14,227.03,227.09,1831.0,227.068,16
2023-11-16 14:20:00-05:00,227.08,227.09,226.94,226.98,4598.0,227.019,41
2023-11-16 14:25:00-05:00,226.95,227.03,226.71,226.89,7280.0,226.886,58
2023-11-16 14:30:00-05:00,226.8,226.92,226.69,226.7,7107.0,226.819,52
2023-11-16 14:35:00-05:00,226.69,227.05,226.68,226.96,4951.0,226.878,42
2023-11-16 14:40:00-05:00,227.12,227.42,227.12,227.33,1320.0,227.253,11
2023-11-16 14:45:00-05:00,227.4,227.4,227.19,227.19,2407.0,227.311,21
2023-11-16 14:50:00-05:00,227.25,227.34,226.93,226.93,3928.0,227.187,37
2023-11-16 14:55:00-05:00,226.93,227.09,226.89,227.08,4410.0,227.009,40
2023-11-16 15:00:00-05:00,226.99,227.04,226.87,227.01,3374.0,226.961,30
2023-11-16 15:05:00-05:00,226.94,227.14,226.92,227.05,6086.0,227.074,54
2023-11-16 15:10:00-05:00,227.11,227.12,226.86,226.92,10788.0,227.052,65
2023-11-16 15:15:00-05:00,226.92,227.07,226.86,226.94,12197.0,226.973,109
2023-11-16 15:20:00-05:00,226.96,227.08,226.83,226.98,8824.0,226.986,71
2023-11-16 15:25:00-05:00,226.93,226.93,226.59,226.64,3942.0,226.781,33
2023-11-16 15:30:00-05:00,226.62,226.8,226.57,226.63,10274.0,226.699,86
2023-11-16 15:35:00-05:00,226.78,226.78,226.58,226.69,8260.0,226.678,70
2023-11-16 15:40:00-05:00,226.72,226.77,226.54,226.77,11528.0,226.679,89
2023-11-16 15:45:00-05:00,226.77,227.01,226.77,226.99,16293.0,226.908,150
2023-11-16 15:50:00-05:00,227.0,227.05,226.78,226.82,39779.0,226.886,317
2023-11-16 15:55:00-05:00,226.8,226.89,226.37,226.54,118432.0,226.615,801
2023-11-17 09:30:00-05:00,228.0,228.0,227.17,227.34,42650.0,227.621,6
2023-11-17 09:35:00-05:00,227.47,228.13,226.86,227.54,8416.0,227.609,48
2023-11-17 09:40:00-05:00,227.66,227.78,226.6,227.12,5067.0,227.169,43
2023-11-17 09:45:00-05:00,227.3,227.39,226.47,226.53,2171.0,227.12,18
2023-11-17 09:50:00-05:00,226.86,226.92,226.43,226.72,5703.0,226.704,51
2023-11-17 09:55:00-05:00,226.72,227.33,226.72,227.33,7029.0,227.095,52
2023-11-17 10:00:00-05:00,227.33,227.61,226.9,227.11,8679.0,227.26,46
2023-11-17 10:05:00-05:00,227.27,227.36,226.85,226.97,5355.0,227.062,31
2023-11-17 10:10:00-05:00,227.27,227.32,226.95,227.28,3916.0,227.133,36
2023-11-17 10:15:00-05:00,227.37,227.77,227.3,227.77,5571.0,227.454,26
2023-11-17 10:20:00-05:00,227.56,227.69,227.4,227.42,4535.0,227.544,28
2023-11-17 10:25:00-05:00,227.48,227.66,227.17,227.66,8766.0,227.317,37
2023-11-17 10:30:00-05:00,227.72,228.0,227.54,227.55,5707.0,227.771,46
2023-11-17 10:35:00-05:00,227.45,227.79,227.41,227.73,3500.0,227.677,11
2023-11-17 10:40:00-05:00,227.54,227.71,227.52,227.62,3026.0,227.569,27
2023-11-17 10:45:00-05:00,227.7,228.0,227.56,227.65,8742.0,227.743,65
2023-11-17 10:50:00-05:00,227.56,227.92,227.54,227.91,6039.0,227.779,39
2023-11-17 10:55:00-05:00,227.77,227.9,227.36,227.56,6737.0,227.577,53
2023-11-17 11:00:00-05:00,227.38,227.41,226.9,227.15,3810.0,227.177,33
2023-11-17 11:05:00-05:00,227.02,227.43,226.98,227.43,4377.0,227.156,37
2023-11-17 11:10:00-05:00,227.46,227.62,227.43,227.54,2066.0,227.525,19
2023-11-17 11:15:00-05:00,227.56,227.75,227.5,227.6,4385.0,227.592,35
2023-11-17 11:20:00-05:00,227.6,227.75,227.53,227.64,4077.0,227.646,35
2023-11-17 11:25:00-05:00,227.63,227.63,227.07,227.09,14397.0,227.356,105
2023-11-17 11:30:00-05:00,227.14,227.4,226.91,227.38,9066.0,227.161,84
2023-11-17 11:35:00-05:00,227.33,227.54,227.02,227.06,4269.0,227.241,38
2023-11-17 11:40:00-05:00,227.14,227.16,227.02,227.13,2125.0,227.093,19
2023-11-17 11:45:00-05:00,227.32,227.36,227.22,227.27,3446.0,227.281,30
2023-11-17 11:50:00-05:00,227.27,227.44,227.16,227.2,12241.0,227.311,100
2023-11-17 11:55:00-05:00,227.13,227.29,227.12,227.14,2246.0,227.201,20
2023-11-17 12:00:00-05:00,227.13,227.5,227.13,227.23,7499.0,227.265,54
2023-11-17 12:05:00-05:00,227.21,227.48,227.15,227.38,5959.0,227.278,39
2023-11-17 12:10:00-05:00,227.4,227.61,227.23,227.47,5378.0,227.441,46
2023-11-17 12:15:00-05:00,227.53,227.53,227.39,227.45,1514.0,227.421,14
2023-11-17 12:20:00-05:00,227.39,227.53,227.36,227.42,3420.0,227.417,33
2023-11-17 12:25:00-05:00,227.55,227.56,227.25,227.25,2050.0,227.333,15
2023-11-17 12:30:00-05:00,227.22,227.31,227.1,227.11,5494.0,227.209,48
2023-11-17 12:35:00-05:00,227.05,227.2,227.01,227.07,7683.0,227.089,70
2023-11-17 12:40:00-05:00,227.11,227.25,227.11,227.17,6103.0,227.182,57
2023-11-17 12:45:00-05:00,227.16,227.17,227.07,227.12,3783.0,227.124,36
2023-11-17 12:50:00-05:00,227.17,227.27,227.01,227.17,10718.0,227.158,88
2023-11-17 12:55:00-05:00,227.29,227.29,227.05,227.05,1039.0,227.168,10
2023-11-17 13:00:00-05:00,227.17,227.19,226.88,226.9,11722.0,227.033,31
2023-11-17 13:05:00-05:00,226.86,227.26,226.85,227.26,1061.0,227.04,9
2023-11-17 13:10:00-05:00,227.26,227.26,227.06,227.06,3367.0,227.15,32
2023-11-17 13:15:00-05:00,227.11,227.36,227.11,227.3,4049.0,227.265,32
2023-11-17 13:20:00-05:00,227.32,227.41,227.28,227.39,1369.0,227.332,13
2023-11-17 13:25:00-05:00,227.49,227.62,227.49,227.62,850.0,227.514,7
2023-11-17 13:30:00-05:00,227.6,227.71,227.52,227.53,3487.0,227.609,32
2023-11-17 13:35:00-05:00,227.47,227.68,227.44,227.6,4685.0,227.562,30
2023-11-17 13:40:00-05:00,227.62,227.94,227.62,227.78,4578.0,227.702,25
2023-11-17 13:45:00-05:00,227.83,227.91,227.73,227.78,3209.0,227.807,30
2023-11-17 13:50:00-05:00,227.77,227.92,227.6,227.92,1701.0,227.797,15
2023-11-17 13:55:00-05:00,228.02,228.15,227.94,228.08,2600.0,228.019,26
2023-11-17 14:00:00-05:00,228.2,228.21,228.11,228.13,1551.0,228.157,14
2023-11-17 14:05:00-05:00,228.1,228.15,227.93,228.15,3144.0,228.03,29
2023-11-17 14:10:00-05:00,228.21,228.22,228.01,228.09,1880.0,228.08,18
2023-11-17 14:15:00-05:00,228.02,228.15,228.01,228.15,6358.0,228.069,39
2023-11-17 14:20:00-05:00,228.04,228.04,227.89,227.89,1706.0,227.97,16
2023-11-17 14:25:00-05:00,227.86,227.93,227.78,227.83,2605.0,227.857,23
2023-11-17 14:30:00-05:00,227.84,228.12,227.82,228.08,2934.0,227.975,29
2023-11-17 14:35:00-05:00,228.14,228.24,228.13,228.22,2547.0,228.174,24
2023-11-17 14:40:00-05:00,228.19,228.51,228.19,228.36,9984.0,228.324,91
2023-11-17 14:45:00-05:00,228.43,228.44,228.3,228.4,5219.0,228.359,38
2023-11-17 14:50:00-05:00,228.39,228.39,228.02,228.16,5235.0,228.226,47
2023-11-17 14:55:00-05:00,228.25,228.36,228.17,228.26,15316.0,228.276,69
2023-11-17 15:00:00-05:00,228.26,228.26,228.0,228.09,4101.0,228.1,39
2023-11-17 15:05:00-05:00,228.12,228.12,227.92,227.95,3051.0,228.004,25
2023-11-17 15:10:00-05:00,227.95,228.0,227.85,227.89,3764.0,227.922,26
2023-11-17 15:15:00-05:00,227.89,227.9,227.75,227.87,4433.0,227.839,40
2023-11-17 15:20:00-05:00,227.88,227.93,227.8,227.91,5406.0,227.862,52
2023-11-17 15:25:00-05:00,227.89,228.43,227.89,228.43,4469.0,228.163,41
2023-11-17 15:30:00-05:00,228.46,228.6,227.75,228.04,9212.0,228.164,61
2023-11-17 15:35:00-05:00,228.07,228.15,227.9,228.06,7155.0,228.022,60
2023-11-17 15:40:00-05:00,228.0,228.34,227.95,228.28,14540.0,228.181,94
2023-11-17 15:45:00-05:00,228.26,228.43,228.13,228.34,41436.0,228.24,212
2023-11-17 15:50:00-05:00,228.54,228.77,228.29,228.59,16575.0,228.559,130
2023-11-17 15:55:00-05:00,228.63,228.89,228.53,228.75,46555.0,228.744,356
2023-11-20 09:30:00-05:00,228.5,228.95,226.94,226.94,17364.0,228.642,25
2023-11-20 09:35:00-05:00,226.94,227.02,225.87,226.34,7390.0,226.575,57
2023-11-20 09:40:00-05:00,226.17,226.56,226.13,226.16,5382.0,226.316,37
2023-11-20 09:45:00-05:00,226.23,226.77,225.9,226.35,6123.0,226.189,43
2023-11-20 09:50:00-05:00,225.88,226.23,225.51,226.21,15331.0,226.017,112
2023-11-20 09:55:00-05:00,226.21,227.06,226.21,226.93,4693.0,226.542,35
2023-11-20 10:00:00-05:00,226.85,227.58,226.81,227.0,44255.0,227.049,198
2023-11-20 10:05:00-05:00,227.02,227.28,226.92,227.12,12151.0,227.067,97
2023-11-20 10:10:00-05:00,227.26,227.28,226.83,226.97,16122.0,227.038,94
2023-11-20 10:15:00-05:00,227.07,227.69,227.06,227.69,6142.0,227.279,47
2023-11-20 10:20:00-05:00,227.62,227.73,227.51,227.71,8318.0,227.584,75
2023-11-20 10:25:00-05:00,227.47,227.71,227.38,227.51,3086.0,227.544,20
2023-11-20 10:30:00-05:00,227.56,227.66,227.41,227.53,6994.0,227.522,60
2023-11-20 10:35:00-05:00,227.63,227.68,227.44,227.67,4491.0,227.583,35
2023-11-20 10:40:00-05:00,227.6,227.87,227.58,227.77,8532.0,227.679,74
2023-11-20 10:45:00-05:00,227.73,227.97,227.73,227.95,800.0,227.892,8
2023-11-20 10:50:00-05:00,228.02,228.08,227.39,227.4,25899.0,227.645,103
2023-11-20 10:55:00-05:00,227.49,227.51,227.22,227.44,6309.0,227.391,50
2023-11-20 11:00:00-05:00,227.31,227.39,227.1,227.16,5677.0,227.242,49
2023-11-20 11:05:00-05:00,227.15,227.15,226.87,226.95,6594.0,227.017,46
2023-11-20 11:10:00-05:00,226.88,227.25,226.78,226.86,8451.0,226.944,45
2023-11-20 11:15:00-05:00,226.86,227.0,226.64,226.79,4594.0,226.836,29
2023-11-20 11:20:00-05:00,226.74,226.8,226.41,226.62,9349.0,226.7,77
2023-11-20 11:25:00-05:00,226.61,226.61,226.25,226.46,4460.0,226.475,40
2023-11-20 11:30:00-05:00,226.56,227.07,226.52,227.07,2131.0,226.85,13
2023-11-20 11:35:00-05:00,227.13,227.16,226.68,226.92,1434.0,226.917,14
2023-11-20 11:40:00-05:00,226.72,226.92,226.56,226.9,3093.0,226.744,28
2023-11-20 11:45:00-05:00,226.79,227.07,226.69,226.92,6387.0,226.867,47
2023-11-20 11:50:00-05:00,226.89,227.33,226.89,227.04,6526.0,227.138,43
2023-11-20 11:55:00-05:00,226.98,227.09,226.94,227.03,2892.0,227.036,19
2023-11-20 12:00:00-05:00,227.08,227.08,226.79,227.04,2834.0,226.932,17
2023-11-20 12:05:00-05:00,227.06,227.23,227.03,227.23,1037.0,227.09,10
2023-11-20 12:10:00-05:00,227.32,227.33,227.06,227.07,2163.0,227.192,17
2023-11-20 12:15:00-05:00,227.11,227.11,226.76,226.76,1736.0,226.922,13
2023-11-20 12:20:00-05:00,226.55,227.12,226.54,227.0,4593.0,226.789,35
2023-11-20 12:25:00-05:00,227.11,227.11,226.94,227.05,5070.0,227.006,38
2023-11-20 12:30:00-05:00,227.11,227.3,227.06,227.18,9117.0,227.164,61
2023-11-20 12:35:00-05:00,227.16,227.44,227.15,227.3,3403.0,227.263,22
2023-11-20 12:40:00-05:00,227.31,227.39,227.12,227.16,2806.0,227.23,21
2023-11-20 12:45:00-05:00,227.14,227.33,227.14,227.21,7063.0,227.205,31
2023-11-20 12:50:00-05:00,227.17,227.28,227.06,227.28,1545.0,227.159,14
2023-11-20 12:55:00-05:00,227.23,227.25,227.06,227.14,5804.0,227.168,27
2023-11-20 13:00:00-05:00,227.16,227.42,227.05,227.34,12002.0,227.215,105
2023-11-20 13:05:00-05:00,227.25,227.51,227.22,227.51,2737.0,227.387,26
2023-11-20 13:10:00-05:00,227.46,227.64,227.46,227.47,5394.0,227.512,50
2023-11-20 13:15:00-05:00,227.49,227.52,227.33,227.42,9413.0,227.423,67
2023-11-20 13:20:00-05:00,227.49,227.64,227.45,227.56,20135.0,227.547,81
2023-11-20 13:25:00-05:00,227.53,227.66,227.35,227.39,5324.0,227.55,37
2023-11-20 13:30:00-05:00,227.35,227.46,227.32,227.44,2108.0,227.404,20
2023-11-20 13:35:00-05:00,227.42,227.44,227.15,227.3,4834.0,227.304,41
2023-11-20 13:40:00-05:00,227.28,227.38,227.24,227.28,1711.0,227.308,16
2023-11-20 13:45:00-05:00,227.21,227.28,227.05,227.07,6803.0,227.177,53
2023-11-20 13:50:00-05:00,227.06,227.31,227.04,227.24,5160.0,227.155,48
2023-11-20 13:55:00-05:00,227.24,227.27,227.02,227.04,2371.0,227.192,17
2023-11-20 14:00:00-05:00,227.12,227.23,227.09,227.18,4250.0,227.153,30
2023-11-20 14:05:00-05:00,227.18,227.18,227.07,227.07,3734.0,227.132,25
2023-11-20 14:10:00-05:00,227.06,227.06,226.85,226.86,2330.0,226.922,19
2023-11-20 14:15:00-05:00,226.89,227.01,226.69,226.73,2393.0,226.807,22
2023-11-20 14:20:00-05:00,226.87,226.87,226.76,226.87,1294.0,226.853,11
2023-11-20 14:25:00-05:00,226.88,226.89,226.76,226.84,1544.0,226.828,14
2023-11-20 14:30:00-05:00,226.88,226.9,226.79,226.79,2486.0,226.871,18
2023-11-20 14:35:00-05:00,226.88,226.9,226.78,226.79,1440.0,226.813,10
2023-11-20 14:40:00-05:00,226.83,227.21,226.83,227.21,1599.0,226.918,15
2023-11-20 14:45:00-05:00,227.23,227.4,227.23,227.28,1963.0,227.303,15
2023-11-20 14:50:00-05:00,227.3,227.3,226.96,226.98,3410.0,227.091,26
2023-11-20 14:55:00-05:00,226.98,227.16,226.84,227.09,7685.0,227.021,37
2023-11-20 15:00:00-05:00,227.08,227.26,227.07,227.21,2591.0,227.213,18
2023-11-20 15:05:00-05:00,227.15,227.25,227.08,227.22,3232.0,227.163,31
2023-11-20 15:10:00-05:00,227.2,227.23,227.12,227.23,3376.0,227.177,28
2023-11-20 15:15:00-05:00,227.18,227.25,227.12,227.24,1085.0,227.2,8
2023-11-20 15:20:00-05:00,227.2,227.25,227.12,227.12,3682.0,227.193,28
2023-11-20 15:25:00-05:00,227.1,227.64,227.1,227.64,3268.0,227.337,30
2023-11-20 15:30:00-05:00,227.72,227.76,227.55,227.65,6991.0,227.634,60
2023-11-20 15:35:00-05:00,227.6,227.72,227.51,227.53,5827.0,227.628,49
2023-11-20 15:40:00-05:00,227.6,227.63,227.52,227.53,4801.0,227.567,44
2023-11-20 15:45:00-05:00,227.58,227.59,227.02,227.04,13594.0,227.345,88
2023-11-20 15:50:00-05:00,227.04,227.12,226.8,226.8,18791.0,226.989,155
2023-11-20 15:55:00-05:00,226.84,227.05,226.77,226.95,51974.0,226.931,381
2023-11-21 09:30:00-05:00,226.41,227.26,225.97,226.19,13165.0,226.493,25
2023-11-21 09:35:00-05:00,226.22,227.21,226.2,227.05,6363.0,226.823,43
2023-11-21 09:40:00-05:00,227.06,227.53,227.06,227.47,2701.0,227.284,26
2023-11-21 09:45:00-05:00,227.55,227.57,227.02,227.4,10625.0,227.287,64
2023-11-21 09:50:00-05:00,227.13,227.63,227.13,227.53,3495.0,227.42,26
2023-11-21 09:55:00-05:00,227.55,227.88,227.21,227.55,4689.0,227.517,38
2023-11-21 10:00:00-05:00,227.65,228.08,227.46,227.72,7156.0,227.779,54
2023-11-21 10:05:00-05:00,227.9,228.23,227.82,228.04,7139.0,227.978,50
2023-11-21 10:10:00-05:00,228.0,228.24,227.89,227.98,12505.0,228.125,82
2023-11-21 10:15:00-05:00,227.96,228.31,227.89,228.04,8801.0,228.073,58
2023-11-21 10:20:00-05:00,228.11,228.11,227.76,227.88,2351.0,227.873,21
2023-11-21 10:25:00-05:00,227.79,227.9,227.29,227.3,3164.0,227.618,27
2023-11-21 10:30:00-05:00,227.41,227.42,226.9,227.13,3279.0,227.121,29
2023-11-21 10:35:00-05:00,227.12,227.2,227.11,227.14,1472.0,227.15,12
2023-11-21 10:40:00-05:00,227.17,227.58,227.17,227.44,6645.0,227.342,61
2023-11-21 10:45:00-05:00,227.56,227.56,227.17,227.3,3803.0,227.363,33
2023-11-21 10:50:00-05:00,227.18,227.38,227.17,227.38,1532.0,227.281,11
2023-11-21 10:55:00-05:00,227.27,227.33,227.08,227.24,10711.0,227.241,66
2023-11-21 11:00:00-05:00,227.17,227.44,227.16,227.36,2691.0,227.311,22
2023-11-21 11:05:00-05:00,227.27,227.34,227.13,227.18,2875.0,227.198,26
2023-11-21 11:10:00-05:00,227.14,227.14,226.83,227.0,2696.0,226.973,26
2023-11-21 11:15:00-05:00,227.01,227.01,226.84,226.91,14286.0,227.004,16
2023-11-21 11:20:00-05:00,226.91,227.24,226.91,227.24,4278.0,227.059,39
2023-11-21 11:25:00-05:00,227.24,227.47,227.12,227.37,1501.0,227.257,15
2023-11-21 11:30:00-05:00,227.39,227.41,227.3,227.38,5678.0,227.35,51
2023-11-21 11:35:00-05:00,227.4,227.69,227.25,227.69,17949.0,227.483,149
2023-11-21 11:40:00-05:00,227.7,227.83,227.54,227.74,8065.0,227.7,46
2023-11-21 11:45:00-05:00,227.83,228.02,227.83,227.92,3738.0,227.899,16
2023-11-21 11:50:00-05:00,227.92,228.02,227.71,227.72,4210.0,227.871,26
2023-11-21 11:55:00-05:00,227.74,227.84,227.74,227.78,6728.0,227.794,47
2023-11-21 12:00:00-05:00,227.78,227.79,227.57,227.68,8601.0,227.724,77
2023-11-21 12:05:00-05:00,227.69,227.79,227.6,227.73,7108.0,227.717,66
2023-11-21 12:10:00-05:00,227.73,228.14,227.66,228.08,8585.0,227.796,69
2023-11-21 12:15:00-05:00,228.09,228.16,227.94,228.02,9464.0,228.032,45
2023-11-21 12:20:00-05:00,228.02,228.13,228.0,228.11,4850.0,228.053,37
2023-11-21 12:25:00-05:00,228.08,228.36,228.02,228.25,4587.0,228.182,35
2023-11-21 12:30:00-05:00,228.35,228.74,228.35,228.63,14523.0,228.571,81
2023-11-21 12:35:00-05:00,228.55,228.56,228.21,228.22,2815.0,228.459,25
2023-11-21 12:40:00-05:00,228.21,228.36,228.13,228.36,5337.0,228.234,40
2023-11-21 12:45:00-05:00,228.36,228.41,228.36,228.41,1400.0,228.404,14
2023-11-21 12:50:00-05:00,228.41,228.42,228.36,228.42,5144.0,228.386,18
2023-11-21 12:55:00-05:00,228.42,228.55,228.31,228.35,9608.0,228.433,74
2023-11-21 13:00:00-05:00,228.21,228.23,228.11,228.13,4709.0,228.168,36
2023-11-21 13:05:00-05:00,228.17,228.22,228.13,228.18,1399.0,228.166,11
2023-11-21 13:10:00-05:00,228.18,228.18,228.03,228.03,2654.0,228.116,22
2023-11-21 13:15:00-05:00,228.02,228.09,227.95,227.96,3071.0,228.023,24
2023-11-21 13:20:00-05:00,227.9,227.9,227.6,227.6,3317.0,227.718,29
2023-11-21 13:25:00-05:00,227.62,227.72,227.55,227.63,5452.0,227.621,42
2023-11-21 13:30:00-05:00,227.64,227.73,227.63,227.69,5630.0,227.694,48
2023-11-21 13:35:00-05:00,227.63,227.8,227.6,227.6,4553.0,227.706,41
2023-11-21 13:40:00-05:00,227.7,227.73,227.56,227.69,1750.0,227.651,17
2023-11-21 13:45:00-05:00,227.67,227.74,227.57,227.68,4310.0,227.683,32
2023-11-21 13:50:00-05:00,227.72,227.8,227.7,227.75,3649.0,227.742,34
2023-11-21 13:55:00-05:00,227.76,227.76,227.54,227.58,1618.0,227.664,15
2023-11-21 14:00:00-05:00,227.53,227.54,227.19,227.19,3899.0,227.346,32
2023-11-21 14:05:00-05:00,227.17,227.34,227.17,227.22,4920.0,227.283,47
2023-11-21 14:10:00-05:00,227.24,227.47,227.21,227.41,9511.0,227.313,78
2023-11-21 14:15:00-05:00,227.48,227.5,227.19,227.19,2333.0,227.33,21
2023-11-21 14:20:00-05:00,227.16,227.2,227.1,227.18,2230.0,227.133,9
2023-11-21 14:25:00-05:00,227.08,227.22,227.03,227.16,10144.0,227.125,46
2023-11-21 14:30:00-05:00,227.16,227.16,226.94,227.06,1765.0,227.029,17
2023-11-21 14:35:00-05:00,227.13,227.13,226.87,226.95,3076.0,227.044,28
2023-11-21 14:40:00-05:00,227.04,227.21,226.99,227.21,3675.0,227.098,35
2023-11-21 14:45:00-05:00,227.21,227.26,227.08,227.15,3953.0,227.195,33
2023-11-21 14:50:00-05:00,227.16,227.16,227.03,227.07,2881.0,227.107,24
2023-11-21 14:55:00-05:00,227.11,227.24,227.0,227.24,3921.0,227.13,33
2023-11-21 15:00:00-05:00,227.28,227.37,227.13,227.14,5003.0,227.226,35
2023-11-21 15:05:00-05:00,227.16,227.39,227.16,227.29,2827.0,227.239,25
2023-11-21 15:10:00-05:00,227.31,227.34,227.03,227.09,4535.0,227.242,40
2023-11-21 15:15:00-05:00,227.04,227.09,226.93,226.98,7975.0,227.004,64
2023-11-21 15:20:00-05:00,226.95,226.96,226.8,226.84,4150.0,226.861,34
2023-11-21 15:25:00-05:00,226.82,226.93,226.76,226.81,11342.0,226.832,101
2023-11-21 15:30:00-05:00,226.76,226.81,226.58,226.65,10471.0,226.693,89
2023-11-21 15:35:00-05:00,226.62,226.7,226.38,226.54,10789.0,226.543,92
2023-11-21 15:40:00-05:00,226.51,226.7,226.44,226.69,25021.0,226.581,162
2023-11-21 15:45:00-05:00,226.7,226.7,226.46,226.55,13039.0,226.556,102
2023-11-21 15:50:00-05:00,226.53,226.62,226.15,226.32,37023.0,226.351,282
2023-11-21 15:55:00-05:00,226.29,226.34,225.9,225.97,78502.0,226.079,575
2023-11-22 09:30:00-05:00,227.17,227.17,225.59,225.7,13745.0,226.795,51
2023-11-22 09:35:00-05:00,225.68,227.55,225.68,227.55,1830.0,226.409,17
2023-11-22 09:40:00-05:00,227.73,227.75,227.0,227.35,3078.0,227.46,23
2023-11-22 09:45:00-05:00,227.29,227.29,226.08,226.21,2347.0,226.626,20
2023-11-22 09:50:00-05:00,226.5,226.6,225.86,226.26,3947.0,226.402,37
2023-11-22 09:55:00-05:00,226.21,226.45,225.74,226.44,9450.0,226.112,80
2023-11-22 10:00:00-05:00,226.89,226.89,226.4,226.69,7477.0,226.604,57
2023-11-22 10:05:00-05:00,226.71,226.93,226.57,226.71,4203.0,226.699,37
2023-11-22 10:10:00-05:00,226.7,226.81,226.34,226.73,3550.0,226.625,34
2023-11-22 10:15:00-05:00,226.91,227.06,226.56,226.66,1600.0,226.813,14
2023-11-22 10:20:00-05:00,226.63,226.84,226.48,226.78,5533.0,226.605,36
2023-11-22 10:25:00-05:00,227.0,227.17,226.88,227.16,2639.0,226.984,22
2023-11-22 10:30:00-05:00,227.41,227.51,227.37,227.37,1358.0,227.425,6
2023-11-22 10:35:00-05:00,227.3,227.58,227.3,227.47,1228.0,227.466,10
2023-11-22 10:40:00-05:00,227.39,227.45,227.03,227.22,10610.0,227.232,89
2023-11-22 10:45:00-05:00,227.24,227.45,227.07,227.21,3746.0,227.253,32
2023-11-22 10:50:00-05:00,227.21,227.51,227.05,227.19,10366.0,227.251,97
2023-11-22 10:55:00-05:00,227.08,227.39,227.08,227.23,3592.0,227.235,33
2023-11-22 11:00:00-05:00,227.24,227.39,227.1,227.39,1063.0,227.252,8
2023-11-22 11:05:00-05:00,227.3,227.66,227.29,227.64,1300.0,227.518,13
2023-11-22 11:10:00-05:00,227.57,227.9,227.54,227.9,1704.0,227.665,13
2023-11-22 11:15:00-05:00,227.81,228.08,227.8,227.89,8966.0,227.919,43
2023-11-22 11:20:00-05:00,227.84,227.84,227.42,227.77,2408.0,227.716,23
2023-11-22 11:25:00-05:00,227.8,228.04,227.79,228.04,1135.0,227.904,9
2023-11-22 11:30:00-05:00,228.13,228.55,228.13,228.36,7819.0,228.375,42
2023-11-22 11:35:00-05:00,228.51,228.6,228.36,228.39,5786.0,228.451,55
2023-11-22 11:40:00-05:00,228.45,228.62,228.33,228.54,5637.0,228.483,53
2023-11-22 11:45:00-05:00,228.4,228.56,228.39,228.5,1200.0,228.489,11
2023-11-22 11:50:00-05:00,228.52,228.52,228.04,228.23,3386.0,228.231,32
2023-11-22 11:55:00-05:00,228.2,228.64,228.2,228.57,2849.0,228.432,27
2023-11-22 12:00:00-05:00,228.59,228.81,228.59,228.66,3065.0,228.67,16
2023-11-22 12:05:00-05:00,228.72,228.78,228.57,228.6,1800.0,228.695,18
2023-11-22 12:10:00-05:00,228.63,228.64,228.26,228.26,4373.0,228.496,37
2023-11-22 12:15:00-05:00,228.0,228.19,227.97,228.19,1605.0,228.072,15
2023-11-22 12:20:00-05:00,228.29,228.32,228.13,228.14,979.0,228.232,9
2023-11-22 12:25:00-05:00,227.84,227.9,227.56,227.59,2312.0,227.703,20
2023-11-22 12:30:00-05:00,227.61,227.76,227.48,227.62,1994.0,227.584,19
2023-11-22 12:35:00-05:00,227.65,227.75,227.6,227.73,2118.0,227.682,17
2023-11-22 12:40:00-05:00,227.61,227.62,227.39,227.5,1600.0,227.496,14
2023-11-22 12:45:00-05:00,227.55,227.57,227.36,227.37,1845.0,227.403,16
2023-11-22 12:50:00-05:00,227.4,227.77,227.39,227.67,2154.0,227.62,20
2023-11-22 12:55:00-05:00,227.57,227.8,227.55,227.76,934.0,227.65,9
2023-11-22 13:00:00-05:00,227.76,227.93,227.75,227.83,2200.0,227.83,21
2023-11-22 13:05:00-05:00,227.87,228.09,227.86,227.97,1800.0,227.969,18
2023-11-22 13:10:00-05:00,227.97,228.04,227.84,227.94,1532.0,227.933,15
2023-11-22 13:15:00-05:00,228.09,228.09,227.9,227.9,894.0,227.965,7
2023-11-22 13:20:00-05:00,227.9,228.13,227.9,228.11,3472.0,228.059,25
2023-11-22 13:25:00-05:00,227.96,228.01,227.84,227.98,1552.0,227.92,13
2023-11-22 13:30:00-05:00,228.15,228.15,227.8,228.08,1234.0,227.981,12
2023-11-22 13:35:00-05:00,228.15,228.17,227.91,228.0,2674.0,228.027,26
2023-11-22 13:40:00-05:00,228.1,228.11,227.57,227.57,3816.0,227.853,36
2023-11-22 13:45:00-05:00,227.73,227.82,227.42,227.42,3386.0,227.643,28
2023-11-22 13:50:00-05:00,227.43,227.55,227.27,227.27,3620.0,227.44,36
2023-11-22 13:55:00-05:00,227.33,227.53,227.27,227.28,4382.0,227.396,29
2023-11-22 14:00:00-05:00,227.33,227.47,227.23,227.34,2706.0,227.334,26
2023-11-22 14:05:00-05:00,227.33,227.43,227.22,227.23,3148.0,227.323,30
2023-11-22 14:10:00-05:00,227.3,227.39,227.22,227.29,3539.0,227.292,31
2023-11-22 14:15:00-05:00,227.39,227.48,227.24,227.26,6593.0,227.359,61
2023-11-22 14:20:00-05:00,227.28,227.39,227.1,227.15,2810.0,227.221,25
2023-11-22 14:25:00-05:00,227.26,227.65,227.26,227.65,1925.0,227.478,19
2023-11-22 14:30:00-05:00,227.68,227.76,227.49,227.63,3450.0,227.64,33
2023-11-22 14:35:00-05:00,227.53,227.65,227.08,227.09,2103.0,227.438,21
2023-11-22 14:40:00-05:00,227.16,227.59,227.15,227.59,901.0,227.398,9
2023-11-22 14:45:00-05:00,227.5,227.61,227.4,227.48,800.0,227.471,8
2023-11-22 14:50:00-05:00,227.63,227.89,227.63,227.77,1123.0,227.811,7
2023-11-22 14:55:00-05:00,228.0,228.09,227.8,227.83,5346.0,227.946,53
2023-11-22 15:00:00-05:00,227.73,227.81,227.6,227.81,2861.0,227.717,27
2023-11-22 15:05:00-05:00,227.82,228.03,227.7,227.76,3158.0,227.787,29
2023-11-22 15:10:00-05:00,227.78,227.81,227.74,227.81,1248.0,227.773,11
2023-11-22 15:15:00-05:00,227.8,228.02,227.79,228.0,2992.0,227.969,25
2023-11-22 15:20:00-05:00,227.94,227.96,227.64,227.77,3969.0,227.82,37
2023-11-22 15:25:00-05:00,227.81,227.86,227.76,227.85,1730.0,227.806,16
2023-11-22 15:30:00-05:00,227.97,228.02,227.89,227.98,5344.0,227.961,51
2023-11-22 15:35:00-05:00,227.99,228.04,227.88,228.0,5300.0,227.968,50
2023-11-22 15:40:00-05:00,228.0,228.3,227.98,228.24,5325.0,228.143,45
2023-11-22 15:45:00-05:00,228.24,228.24,228.07,228.16,6515.0,228.135,51
2023-11-22 15:50:00-05:00,228.2,228.2,227.85,228.02,12516.0,227.986,109
2023-11-22 15:55:00-05:00,227.97,228.03,227.43,227.46,41806.0,227.689,303
2023-11-24 09:30:00-05:00,226.52,227.04,225.67,225.67,17503.0,226.514,4
2023-11-24 09:35:00-05:00,227.5,227.51,227.5,227.51,210.0,227.504,2
2023-11-24 09:40:00-05:00,227.89,227.89,227.51,227.52,1100.0,227.613,11
2023-11-24 09:45:00-05:00,227.54,228.3,227.54,228.07,2416.0,227.979,22
2023-11-24 09:50:00-05:00,228.23,228.29,228.05,228.28,640.0,228.19,4
2023-11-24 09:55:00-05:00,228.38,228.38,227.85,227.99,3715.0,228.087,27
2023-11-24 10:00:00-05:00,227.87,228.3,227.87,228.04,4308.0,228.116,33
2023-11-24 10:05:00-05:00,228.28,228.58,228.28,228.48,1933.0,228.464,18
2023-11-24 10:10:00-05:00,228.45,228.47,227.92,228.02,2791.0,228.256,21
2023-11-24 10:15:00-05:00,227.89,227.94,227.67,227.84,846.0,227.851,7
2023-11-24 10:20:00-05:00,228.11,228.35,227.98,227.98,4056.0,228.158,38
2023-11-24 10:25:00-05:00,228.23,228.55,228.2,228.2,2618.0,228.269,18
2023-11-24 10:30:00-05:00,228.31,228.4,228.13,228.31,1360.0,228.303,10
2023-11-24 10:35:00-05:00,228.36,228.45,228.11,228.11,5460.0,228.232,41
2023-11-24 10:40:00-05:00,228.1,228.33,228.1,228.28,1862.0,228.234,17
2023-11-24 10:45:00-05:00,228.35,228.35,228.08,228.19,1556.0,228.174,7
2023-11-24 10:50:00-05:00,228.12,228.35,228.05,228.35,1450.0,228.162,10
2023-11-24 10:55:00-05:00,228.34,228.49,228.31,228.31,1907.0,228.428,19
2023-11-24 11:00:00-05:00,228.24,228.31,228.04,228.05,624.0,228.198,6
2023-11-24 11:05:00-05:00,228.05,228.05,228.0,228.01,200.0,228.028,2
2023-11-24 11:10:00-05:00,228.08,228.34,227.93,228.0,2483.0,228.083,24
2023-11-24 11:15:00-05:00,227.83,228.05,227.81,227.88,1291.0,227.927,11
2023-11-24 11:20:00-05:00,227.95,227.95,227.85,227.88,1068.0,227.913,7
2023-11-24 11:25:00-05:00,228.08,228.36,227.91,228.1,1600.0,228.134,16
2023-11-24 11:30:00-05:00,228.13,228.14,227.84,227.91,1000.0,228.026,10
2023-11-24 11:35:00-05:00,227.86,227.86,227.68,227.79,1637.0,227.788,7
2023-11-24 11:40:00-05:00,227.86,227.86,227.76,227.81,508.0,227.816,5
2023-11-24 11:45:00-05:00,227.66,227.78,227.66,227.78,343.0,227.717,3
2023-11-24 11:50:00-05:00,227.86,227.92,227.85,227.92,300.0,227.887,3
2023-11-24 11:55:00-05:00,227.93,227.93,227.86,227.86,484.0,227.892,4
2023-11-24 12:00:00-05:00,227.98,228.17,227.85,227.85,1500.0,227.986,14
2023-11-24 12:05:00-05:00,227.81,227.95,227.72,227.95,645.0,227.838,6
2023-11-24 12:10:00-05:00,227.86,228.08,227.85,228.08,701.0,227.974,7
2023-11-24 12:15:00-05:00,227.99,228.07,227.96,227.97,683.0,228.004,5
2023-11-24 12:20:00-05:00,227.89,227.89,227.71,227.71,600.0,227.773,6
2023-11-24 12:25:00-05:00,227.74,227.74,227.46,227.46,500.0,227.601,5
2023-11-24 12:30:00-05:00,227.38,227.73,227.38,227.7,3400.0,227.628,34
2023-11-24 12:35:00-05:00,227.86,227.93,227.75,227.86,1305.0,227.814,12
2023-11-24 12:40:00-05:00,227.77,228.02,227.75,228.02,2110.0,227.868,15
2023-11-24 12:45:00-05:00,227.96,228.04,227.94,227.94,1000.0,227.996,10
2023-11-24 12:50:00-05:00,227.87,227.99,227.78,227.99,4338.0,227.909,35
2023-11-24 12:55:00-05:00,227.99,228.49,227.99,228.49,6558.0,228.298,54
2023-11-27 09:30:00-05:00,227.72,228.4,226.32,226.84,10559.0,227.432,25
2023-11-27 09:35:00-05:00,226.49,227.77,226.49,227.13,8081.0,227.127,69
2023-11-27 09:40:00-05:00,227.19,227.43,226.92,227.2,3814.0,227.223,35
2023-11-27 09:45:00-05:00,227.2,227.21,226.87,226.92,1424.0,227.021,14
2023-11-27 09:50:00-05:00,226.97,226.97,226.17,226.23,9058.0,226.603,75
2023-11-27 09:55:00-05:00,226.5,226.55,225.94,226.01,12030.0,226.32,92
2023-11-27 10:00:00-05:00,225.95,226.05,225.57,225.72,21285.0,225.887,165
2023-11-27 10:05:00-05:00,225.71,226.19,225.66,225.89,16339.0,225.942,141
2023-11-27 10:10:00-05:00,226.01,226.17,225.53,225.75,13012.0,225.863,104
2023-11-27 10:15:00-05:00,225.83,225.91,225.4,225.41,3508.0,225.693,29
2023-11-27 10:20:00-05:00,225.52,225.97,225.4,225.88,6077.0,225.812,54
2023-11-27 10:25:00-05:00,225.81,226.0,225.5,225.75,4813.0,225.807,45
2023-11-27 10:30:00-05:00,225.68,225.88,225.58,225.71,5510.0,225.745,50
2023-11-27 10:35:00-05:00,225.83,225.84,225.57,225.58,6151.0,225.698,48
2023-11-27 10:40:00-05:00,225.56,225.94,225.55,225.85,5240.0,225.774,51
2023-11-27 10:45:00-05:00,225.85,226.36,225.72,226.31,16123.0,226.068,63
2023-11-27 10:50:00-05:00,226.33,226.43,226.19,226.27,10975.0,226.276,76
2023-11-27 10:55:00-05:00,226.29,226.4,226.26,226.3,1609.0,226.312,12
2023-11-27 11:00:00-05:00,226.21,226.23,225.9,225.9,5081.0,226.096,41
2023-11-27 11:05:00-05:00,226.04,226.26,225.91,226.25,12112.0,226.179,63
2023-11-27 11:10:00-05:00,226.18,226.41,226.05,226.1,19459.0,226.273,74
2023-11-27 11:15:00-05:00,226.03,226.55,226.02,226.31,5305.0,226.322,42
2023-11-27 11:20:00-05:00,226.3,226.88,226.29,226.88,3553.0,226.588,35
2023-11-27 11:25:00-05:00,226.86,227.02,226.68,227.01,1992.0,226.84,18
2023-11-27 11:30:00-05:00,226.86,226.86,226.42,226.53,3209.0,226.664,31
2023-11-27 11:35:00-05:00,226.49,226.51,226.35,226.4,2818.0,226.461,28
2023-11-27 11:40:00-05:00,226.5,226.59,226.33,226.34,6446.0,226.451,61
2023-11-27 11:45:00-05:00,226.34,226.63,226.26,226.63,3013.0,226.43,27
2023-11-27 11:50:00-05:00,226.76,226.93,226.6,226.93,1912.0,226.73,15
2023-11-27 11:55:00-05:00,226.93,226.93,226.64,226.67,3310.0,226.763,31
2023-11-27 12:00:00-05:00,226.66,226.95,226.66,226.92,2064.0,226.788,20
2023-11-27 12:05:00-05:00,226.78,227.08,226.78,226.89,3811.0,226.913,35
2023-11-27 12:10:00-05:00,226.8,226.81,226.7,226.7,2210.0,226.727,19
2023-11-27 12:15:00-05:00,226.65,226.83,226.65,226.77,4011.0,226.733,33
2023-11-27 12:20:00-05:00,226.65,226.8,226.65,226.73,1530.0,226.738,15
2023-11-27 12:25:00-05:00,226.67,226.67,226.3,226.3,3349.0,226.453,32
2023-11-27 12:30:00-05:00,226.27,226.53,226.14,226.43,9085.0,226.342,51
2023-11-27 12:35:00-05:00,226.33,226.36,226.19,226.25,760.0,226.282,7
2023-11-27 12:40:00-05:00,226.25,226.37,226.15,226.37,3481.0,226.297,30
2023-11-27 12:45:00-05:00,226.39,226.62,226.35,226.56,3840.0,226.477,32
2023-11-27 12:50:00-05:00,226.54,226.54,226.41,226.52,810.0,226.479,8
2023-11-27 12:55:00-05:00,226.47,226.47,226.31,226.34,1506.0,226.406,14
2023-11-27 13:00:00-05:00,226.33,226.33,226.0,226.11,4132.0,226.213,36
2023-11-27 13:05:00-05:00,226.13,226.34,226.03,226.24,3405.0,226.201,31
2023-11-27 13:10:00-05:00,226.28,226.51,226.23,226.25,2591.0,226.375,21
2023-11-27 13:15:00-05:00,226.31,226.62,226.29,226.48,7525.0,226.446,68
2023-11-27 13:20:00-05:00,226.49,226.59,226.46,226.5,2499.0,226.532,21
2023-11-27 13:25:00-05:00,226.5,226.58,226.45,226.55,10403.0,226.526,28
2023-11-27 13:30:00-05:00,226.63,226.64,226.42,226.58,5044.0,226.571,35
2023-11-27 13:35:00-05:00,226.55,226.7,226.47,226.48,1900.0,226.57,19
2023-11-27 13:40:00-05:00,226.5,226.58,226.2,226.2,2321.0,226.469,22
2023-11-27 13:45:00-05:00,226.29,226.41,226.21,226.24,4322.0,226.327,33
2023-11-27 13:50:00-05:00,226.24,226.35,226.21,226.21,958.0,226.288,9
2023-11-27 13:55:00-05:00,226.28,226.36,226.28,226.36,1662.0,226.312,16
2023-11-27 14:00:00-05:00,226.39,226.53,226.32,226.48,3134.0,226.417,27
2023-11-27 14:05:00-05:00,226.49,226.52,226.4,226.46,1561.0,226.468,15
2023-11-27 14:10:00-05:00,226.41,226.57,226.39,226.48,4810.0,226.51,42
2023-11-27 14:15:00-05:00,226.42,226.47,226.27,226.28,2239.0,226.364,18
2023-11-27 14:20:00-05:00,226.29,226.4,226.29,226.4,2337.0,226.332,23
2023-11-27 14:25:00-05:00,226.34,226.34,226.24,226.28,1982.0,226.28,18
2023-11-27 14:30:00-05:00,226.26,226.32,226.12,226.16,4626.0,226.185,30
2023-11-27 14:35:00-05:00,226.19,226.44,226.19,226.34,5664.0,226.354,45
2023-11-27 14:40:00-05:00,226.27,226.34,225.97,226.09,4633.0,226.217,36
2023-11-27 14:45:00-05:00,226.15,226.23,225.97,225.97,2932.0,226.096,27
2023-11-27 14:50:00-05:00,225.93,226.02,225.88,225.97,3506.0,225.956,30
2023-11-27 14:55:00-05:00,225.95,226.07,225.86,226.03,3018.0,225.973,27
2023-11-27 15:00:00-05:00,226.05,226.09,225.99,226.08,2633.0,226.043,24
2023-11-27 15:05:00-05:00,226.13,226.26,226.06,226.24,4949.0,226.164,42
2023-11-27 15:10:00-05:00,226.24,226.31,226.13,226.13,4924.0,226.219,43
2023-11-27 15:15:00-05:00,226.17,226.36,226.17,226.36,3118.0,226.239,29
2023-11-27 15:20:00-05:00,226.36,226.6,226.36,226.59,3787.0,226.457,35
2023-11-27 15:25:00-05:00,226.58,226.63,226.51,226.6,9876.0,226.556,34
2023-11-27 15:30:00-05:00,226.66,226.81,226.61,226.64,5931.0,226.705,54
2023-11-27 15:35:00-05:00,226.6,226.74,226.59,226.61,7779.0,226.662,69
2023-11-27 15:40:00-05:00,226.64,226.7,226.56,226.62,8604.0,226.628,79
2023-11-27 15:45:00-05:00,226.63,226.63,226.18,226.25,9724.0,226.389,89
2023-11-27 15:50:00-05:00,226.21,226.48,226.11,226.11,22407.0,226.283,183
2023-11-27 15:55:00-05:00,226.04,226.16,225.81,225.96,80215.0,225.955,510
2023-11-28 09:30:00-05:00,225.83,225.83,225.34,225.48,9664.0,225.773,14
2023-11-28 09:35:00-05:00,225.48,225.59,225.24,225.48,2779.0,225.414,24
2023-11-28 09:40:00-05:00,225.48,225.61,224.86,225.12,3356.0,225.158,32
2023-11-28 09:45:00-05:00,225.02,225.38,225.02,225.18,5552.0,225.247,47
2023-11-28 09:50:00-05:00,225.12,225.15,224.86,224.86,1100.0,225.059,11
2023-11-28 09:55:00-05:00,224.89,224.98,224.37,224.56,33184.0,224.802,88
2023-11-28 10:00:00-05:00,224.55,224.55,223.52,223.68,13343.0,223.946,99
2023-11-28 10:05:00-05:00,223.76,224.17,223.75,224.09,7920.0,223.917,70
2023-11-28 10:10:00-05:00,224.05,224.31,223.79,224.02,3517.0,224.016,30
2023-11-28 10:15:00-05:00,224.11,224.5,224.03,224.45,10569.0,224.302,62
2023-11-28 10:20:00-05:00,224.53,224.56,224.14,224.2,3434.0,224.37,29
2023-11-28 10:25:00-05:00,224.35,224.55,224.26,224.32,723.0,224.374,7
2023-11-28 10:30:00-05:00,224.4,224.58,224.32,224.36,10908.0,224.438,70
2023-11-28 10:35:00-05:00,224.45,224.45,223.69,223.94,11758.0,224.019,83
2023-11-28 10:40:00-05:00,223.99,224.61,223.89,224.55,33790.0,224.224,228
2023-11-28 10:45:00-05:00,224.73,224.78,224.44,224.61,3504.0,224.605,32
2023-11-28 10:50:00-05:00,224.61,224.89,224.61,224.83,2528.0,224.76,20
2023-11-28 10:55:00-05:00,224.78,225.16,224.78,225.09,2926.0,224.982,19
2023-11-28 11:00:00-05:00,225.23,225.33,225.02,225.3,6346.0,225.191,56
2023-11-28 11:05:00-05:00,225.31,225.5,225.31,225.31,2800.0,225.406,24
2023-11-28 11:10:00-05:00,225.29,225.29,225.0,225.07,3705.0,225.093,23
2023-11-28 11:15:00-05:00,225.08,225.24,225.07,225.13,6789.0,225.138,46
2023-11-28 11:20:00-05:00,225.1,225.3,225.08,225.17,15700.0,225.195,84
2023-11-28 11:25:00-05:00,225.13,225.13,224.75,224.75,3015.0,224.911,28
2023-11-28 11:30:00-05:00,224.78,225.08,224.77,224.91,7861.0,224.932,60
2023-11-28 11:35:00-05:00,224.95,224.97,224.84,224.92,3615.0,224.943,17
2023-11-28 11:40:00-05:00,224.97,225.08,224.74,224.8,9132.0,224.925,79
2023-11-28 11:45:00-05:00,224.85,224.89,224.69,224.72,5402.0,224.777,46
2023-11-28 11:50:00-05:00,224.74,224.82,224.36,224.36,7323.0,224.684,62
2023-11-28 11:55:00-05:00,224.58,224.58,224.32,224.4,5563.0,224.426,19
2023-11-28 12:00:00-05:00,224.47,224.47,224.18,224.18,4303.0,224.303,30
2023-11-28 12:05:00-05:00,224.24,224.3,224.02,224.27,11269.0,224.18,96
2023-11-28 12:10:00-05:00,224.19,224.2,223.89,223.91,3248.0,224.03,24
2023-11-28 12:15:00-05:00,223.78,223.94,223.67,223.68,5247.0,223.827,48
2023-11-28 12:20:00-05:00,223.61,223.61,223.49,223.49,2065.0,223.537,18
2023-11-28 12:25:00-05:00,223.49,223.49,223.15,223.24,2592.0,223.343,24
2023-11-28 12:30:00-05:00,223.26,223.26,222.99,223.06,8523.0,223.141,70
2023-11-28 12:35:00-05:00,223.17,223.26,223.0,223.18,19198.0,223.135,157
2023-11-28 12:40:00-05:00,223.25,223.26,222.99,223.1,2002.0,223.168,19
2023-11-28 12:45:00-05:00,223.1,223.21,222.87,222.96,5138.0,223.028,44
2023-11-28 12:50:00-05:00,222.9,223.12,222.81,222.81,8282.0,222.948,64
2023-11-28 12:55:00-05:00,222.9,222.91,222.73,222.8,5546.0,222.811,36
2023-11-28 13:00:00-05:00,222.73,222.73,222.18,222.22,8267.0,222.387,80
2023-11-28 13:05:00-05:00,222.25,222.41,222.23,222.24,13491.0,222.326,121
2023-11-28 13:10:00-05:00,222.34,222.34,221.78,221.93,9159.0,222.142,69
2023-11-28 13:15:00-05:00,221.78,221.89,221.56,221.87,9085.0,221.782,80
2023-11-28 13:20:00-05:00,221.89,221.89,221.79,221.8,2300.0,221.841,19
2023-11-28 13:25:00-05:00,221.76,222.27,221.76,222.27,14945.0,222.008,112
2023-11-28 13:30:00-05:00,222.26,222.68,222.26,222.55,11527.0,222.527,99
2023-11-28 13:35:00-05:00,222.58,222.81,222.49,222.67,14228.0,222.596,106
2023-11-28 13:40:00-05:00,222.78,222.78,222.52,222.65,7416.0,222.652,58
2023-11-28 13:45:00-05:00,222.68,222.73,222.55,222.6,3394.0,222.649,31
2023-11-28 13:50:00-05:00,222.72,222.73,222.56,222.56,2806.0,222.65,25
2023-11-28 13:55:00-05:00,222.55,222.55,222.05,222.12,8360.0,222.265,75
2023-11-28 14:00:00-05:00,222.15,222.19,222.0,222.1,8859.0,222.115,54
2023-11-28 14:05:00-05:00,222.11,222.18,222.01,222.12,5532.0,222.093,52
2023-11-28 14:10:00-05:00,222.15,222.58,222.15,222.42,7374.0,222.359,52
2023-11-28 14:15:00-05:00,222.46,222.55,222.22,222.22,5014.0,222.402,39
2023-11-28 14:20:00-05:00,222.23,222.51,222.17,222.47,14897.0,222.345,120
2023-11-28 14:25:00-05:00,222.46,222.64,222.45,222.64,5031.0,222.493,34
2023-11-28 14:30:00-05:00,222.65,222.65,222.41,222.48,3154.0,222.533,28
2023-11-28 14:35:00-05:00,222.57,222.95,222.48,222.9,5026.0,222.737,38
2023-11-28 14:40:00-05:00,222.9,222.98,222.68,222.68,4554.0,222.828,39
2023-11-28 14:45:00-05:00,222.74,222.95,222.64,222.87,3778.0,222.819,33
2023-11-28 14:50:00-05:00,222.92,223.32,222.85,223.32,3431.0,222.956,26
2023-11-28 14:55:00-05:00,223.33,223.33,223.05,223.11,4904.0,223.148,27
2023-11-28 15:00:00-05:00,223.17,223.24,222.99,222.99,5014.0,223.148,42
2023-11-28 15:05:00-05:00,222.98,223.09,222.92,223.01,5805.0,223.027,54
2023-11-28 15:10:00-05:00,222.95,223.01,222.63,222.63,3627.0,222.789,36
2023-11-28 15:15:00-05:00,222.61,222.78,222.58,222.66,2973.0,222.707,26
2023-11-28 15:20:00-05:00,222.66,222.69,222.42,222.55,15015.0,222.572,129
2023-11-28 15:25:00-05:00,222.53,222.53,222.38,222.44,3670.0,222.466,31
2023-11-28 15:30:00-05:00,222.5,222.96,222.5,222.94,8016.0,222.681,63
2023-11-28 15:35:00-05:00,222.96,222.96,222.6,222.64,12609.0,222.782,101
2023-11-28 15:40:00-05:00,222.63,222.89,222.6,222.87,10718.0,222.756,101
2023-11-28 15:45:00-05:00,222.86,223.07,222.6,223.06,21655.0,222.804,179
2023-11-28 15:50:00-05:00,222.97,223.05,222.56,222.65,29548.0,222.721,245
2023-11-28 15:55:00-05:00,222.65,222.8,222.41,222.71,82287.0,222.64,571
2023-11-29 09:30:00-05:00,225.2,225.76,225.0,225.23,12088.0,225.208,4
2023-11-29 09:35:00-05:00,225.87,225.87,224.93,225.18,1112.0,225.091,8
2023-11-29 09:40:00-05:00,225.29,225.29,224.1,224.44,3980.0,224.555,33
2023-11-29 09:45:00-05:00,224.76,224.82,224.36,224.5,4688.0,224.531,37
2023-11-29 09:50:00-05:00,224.48,224.7,224.39,224.51,9019.0,224.517,76
2023-11-29 09:55:00-05:00,224.55,224.63,224.02,224.03,3614.0,224.3,35
2023-11-29 10:00:00-05:00,224.16,224.39,223.96,223.96,25050.0,224.218,167
2023-11-29 10:05:00-05:00,224.01,224.04,222.76,222.76,13540.0,223.431,114
2023-11-29 10:10:00-05:00,222.86,223.66,222.76,223.47,30749.0,223.35,239
2023-11-29 10:15:00-05:00,223.44,223.85,223.43,223.58,5058.0,223.638,40
2023-11-29 10:20:00-05:00,223.46,223.55,222.88,222.88,29019.0,223.362,184
2023-11-29 10:25:00-05:00,223.0,223.26,222.91,223.26,6768.0,223.055,54
2023-11-29 10:30:00-05:00,223.27,223.27,222.87,222.87,3948.0,223.046,34
2023-11-29 10:35:00-05:00,223.01,223.36,222.88,223.33,5628.0,223.213,45
2023-11-29 10:40:00-05:00,223.3,223.36,223.06,223.06,7956.0,223.234,54
2023-11-29 10:45:00-05:00,223.09,223.57,223.06,223.46,2449.0,223.257,21
2023-11-29 10:50:00-05:00,223.49,223.86,223.49,223.82,3154.0,223.724,30
2023-11-29 10:55:00-05:00,223.74,223.94,223.65,223.68,4600.0,223.811,44
2023-11-29 11:00:00-05:00,223.66,223.74,223.44,223.55,2556.0,223.619,25
2023-11-29 11:05:00-05:00,223.42,223.47,223.07,223.11,3000.0,223.347,29
2023-11-29 11:10:00-05:00,223.17,223.18,222.88,223.03,3764.0,223.076,29
2023-11-29 11:15:00-05:00,223.04,223.05,222.54,222.54,4539.0,222.811,35
2023-11-29 11:20:00-05:00,222.61,222.61,222.27,222.27,7020.0,222.441,64
2023-11-29 11:25:00-05:00,222.29,222.4,221.97,222.25,29235.0,222.2,174
2023-11-29 11:30:00-05:00,222.32,222.32,222.02,222.02,5964.0,222.187,47
2023-11-29 11:35:00-05:00,221.98,222.49,221.93,222.44,14781.0,222.202,135
2023-11-29 11:40:00-05:00,222.44,222.85,222.41,222.51,9837.0,222.661,87
2023-11-29 11:45:00-05:00,222.62,222.69,222.57,222.68,1700.0,222.648,17
2023-11-29 11:50:00-05:00,222.72,222.98,222.71,222.98,1100.0,222.879,11
2023-11-29 11:55:00-05:00,223.0,223.13,222.96,222.96,6981.0,223.031,63
2023-11-29 12:00:00-05:00,223.05,223.05,222.85,222.94,5173.0,222.909,49
2023-11-29 12:05:00-05:00,222.95,223.02,222.81,222.9,3704.0,222.929,35
2023-11-29 12:10:00-05:00,222.88,222.9,222.75,222.85,4900.0,222.84,45
2023-11-29 12:15:00-05:00,222.85,223.34,222.73,223.33,6410.0,223.01,47
2023-11-29 12:20:00-05:00,223.32,223.38,223.08,223.24,4700.0,223.199,43
2023-11-29 12:25:00-05:00,223.38,223.47,223.2,223.31,5895.0,223.335,56
2023-11-29 12:30:00-05:00,223.32,223.51,223.27,223.28,6593.0,223.403,49
2023-11-29 12:35:00-05:00,223.26,223.34,223.21,223.26,2305.0,223.265,23
2023-11-29 12:40:00-05:00,223.3,223.49,223.23,223.33,3504.0,223.325,30
2023-11-29 12:45:00-05:00,223.23,223.28,223.04,223.17,1903.0,223.171,17
2023-11-29 12:50:00-05:00,223.15,223.15,222.96,223.09,1947.0,223.067,19
2023-11-29 12:55:00-05:00,223.06,223.06,222.75,222.77,4064.0,222.85,37
2023-11-29 13:00:00-05:00,222.8,222.92,222.71,222.8,5073.0,222.824,46
2023-11-29 13:05:00-05:00,222.81,222.81,222.7,222.77,1365.0,222.763,13
2023-11-29 13:10:00-05:00,222.77,222.79,222.61,222.61,5034.0,222.701,46
2023-11-29 13:15:00-05:00,222.53,222.85,222.52,222.85,3917.0,222.651,29
2023-11-29 13:20:00-05:00,222.77,222.85,222.61,222.81,4455.0,222.733,36
2023-11-29 13:25:00-05:00,222.75,223.13,222.74,223.04,3780.0,222.938,30
2023-11-29 13:30:00-05:00,223.03,223.07,222.81,222.81,3375.0,222.951,28
2023-11-29 13:35:00-05:00,222.86,223.09,222.86,222.93,3381.0,222.999,29
2023-11-29 13:40:00-05:00,222.94,222.97,222.81,222.97,1930.0,222.913,18
2023-11-29 13:45:00-05:00,222.96,223.06,222.91,222.98,2817.0,222.996,26
2023-11-29 13:50:00-05:00,222.96,222.99,222.87,222.96,2660.0,222.946,25
2023-11-29 13:55:00-05:00,222.93,223.21,222.93,223.07,7338.0,223.041,64
2023-11-29 14:00:00-05:00,223.02,223.28,223.0,223.28,6997.0,223.165,68
2023-11-29 14:05:00-05:00,223.27,223.5,223.07,223.07,8572.0,223.389,82
2023-11-29 14:10:00-05:00,222.96,223.57,222.96,223.23,9727.0,223.286,90
2023-11-29 14:15:00-05:00,223.26,223.51,223.24,223.46,3643.0,223.371,35
2023-11-29 14:20:00-05:00,223.35,223.39,223.24,223.26,2400.0,223.278,24
2023-11-29 14:25:00-05:00,223.26,223.43,223.19,223.34,3110.0,223.345,29
2023-11-29 14:30:00-05:00,223.3,223.31,222.99,223.18,19554.0,223.199,138
2023-11-29 14:35:00-05:00,223.14,223.14,222.71,222.72,1815.0,222.948,18
2023-11-29 14:40:00-05:00,222.79,223.22,222.79,223.22,3709.0,223.005,29
2023-11-29 14:45:00-05:00,223.19,223.21,223.12,223.18,3532.0,223.161,31
2023-11-29 14:50:00-05:00,223.13,223.23,222.98,223.08,11982.0,223.14,107
2023-11-29 14:55:00-05:00,223.08,223.35,223.01,223.3,6650.0,223.111,44
2023-11-29 15:00:00-05:00,223.3,223.36,223.29,223.3,2080.0,223.333,19
2023-11-29 15:05:00-05:00,223.34,223.53,223.27,223.43,2658.0,223.384,25
2023-11-29 15:10:00-05:00,223.41,223.41,223.17,223.18,3101.0,223.268,26
2023-11-29 15:15:00-05:00,223.16,223.26,223.14,223.23,8871.0,223.18,68
2023-11-29 15:20:00-05:00,223.17,223.29,223.15,223.2,8722.0,223.205,77
2023-11-29 15:25:00-05:00,223.2,223.22,223.05,223.22,4084.0,223.15,33
2023-11-29 15:30:00-05:00,223.21,223.24,223.03,223.03,5854.0,223.157,52
2023-11-29 15:35:00-05:00,223.04,223.04,222.87,222.88,15280.0,222.985,125
2023-11-29 15:40:00-05:00,222.85,222.99,222.67,222.92,10329.0,222.862,95
2023-11-29 15:45:00-05:00,222.92,222.93,222.63,222.78,10398.0,222.776,87
2023-11-29 15:50:00-05:00,222.6,222.99,222.6,222.83,21009.0,222.854,184
2023-11-29 15:55:00-05:00,222.84,222.99,222.61,222.63,62699.0,222.796,335
2023-11-30 09:30:00-05:00,221.33,222.34,221.22,221.89,17033.0,222.083,51
2023-11-30 09:35:00-05:00,221.93,222.1,221.7,221.75,5860.0,221.846,47
2023-11-30 09:40:00-05:00,221.59,222.42,221.28,222.28,15827.0,221.778,109
2023-11-30 09:45:00-05:00,222.22,222.59,221.87,222.59,8447.0,222.215,74
2023-11-30 09:50:00-05:00,222.59,223.26,222.11,223.26,32375.0,222.486,252
2023-11-30 09:55:00-05:00,223.08,223.42,222.89,223.42,9249.0,223.132,81
2023-11-30 10:00:00-05:00,223.34,223.46,223.0,223.41,16955.0,223.308,136
2023-11-30 10:05:00-05:00,223.41,224.1,223.4,223.93,2798.0,223.757,23
2023-11-30 10:10:00-05:00,223.74,224.1,223.54,224.09,5382.0,223.799,31
2023-11-30 10:15:00-05:00,223.94,224.0,223.64,223.64,2735.0,223.796,22
2023-11-30 10:20:00-05:00,223.54,224.08,223.5,224.05,2427.0,223.799,23
2023-11-30 10:25:00-05:00,224.14,224.26,224.04,224.13,1362.0,224.117,13
2023-11-30 10:30:00-05:00,224.16,224.59,224.13,224.27,7442.0,224.424,65
2023-11-30 10:35:00-05:00,224.19,224.2,223.65,223.65,3874.0,223.996,34
2023-11-30 10:40:00-05:00,223.58,223.81,223.4,223.8,7708.0,223.605,47
2023-11-30 10:45:00-05:00,223.75,223.99,223.54,223.77,5056.0,223.699,37
2023-11-30 10:50:00-05:00,223.91,224.3,223.79,224.3,2200.0,224.037,21
2023-11-30 10:55:00-05:00,224.26,224.84,224.25,224.84,3338.0,224.511,28
2023-11-30 11:00:00-05:00,224.73,224.8,224.29,224.33,3761.0,224.564,33
2023-11-30 11:05:00-05:00,224.38,224.67,224.38,224.56,11401.0,224.49,37
2023-11-30 11:10:00-05:00,224.66,225.09,224.57,225.09,9280.0,224.7,34
2023-11-30 11:15:00-05:00,225.12,225.12,224.57,224.57,4028.0,224.796,32
2023-11-30 11:20:00-05:00,224.73,225.05,224.73,224.95,7625.0,224.936,59
2023-11-30 11:25:00-05:00,225.09,225.29,224.64,224.75,4951.0,224.841,42
2023-11-30 11:30:00-05:00,224.81,224.87,224.6,224.61,2669.0,224.75,23
2023-11-30 11:35:00-05:00,224.77,224.77,224.28,224.28,2050.0,224.541,19
2023-11-30 11:40:00-05:00,224.27,224.27,223.85,223.85,2795.0,224.051,24
2023-11-30 11:45:00-05:00,223.78,224.17,223.78,223.87,7117.0,223.945,57
2023-11-30 11:50:00-05:00,224.03,224.27,224.0,224.23,5830.0,224.09,37
2023-11-30 11:55:00-05:00,224.23,224.38,224.04,224.25,2893.0,224.226,26
2023-11-30 12:00:00-05:00,224.2,224.53,224.01,224.53,3159.0,224.293,28
2023-11-30 12:05:00-05:00,224.58,224.62,224.42,224.42,1900.0,224.511,19
2023-11-30 12:10:00-05:00,224.4,224.55,224.4,224.51,2858.0,224.482,25
2023-11-30 12:15:00-05:00,224.51,224.52,224.22,224.25,3755.0,224.366,35
2023-11-30 12:20:00-05:00,224.31,224.31,223.91,223.97,4948.0,224.099,28
2023-11-30 12:25:00-05:00,223.86,223.94,223.76,223.76,1350.0,223.831,12
2023-11-30 12:30:00-05:00,223.89,223.96,223.58,223.61,3462.0,223.793,32
2023-11-30 12:35:00-05:00,223.81,224.0,223.61,224.0,3643.0,223.806,31
2023-11-30 12:40:00-05:00,223.85,224.17,223.82,224.16,1820.0,224.015,17
2023-11-30 12:45:00-05:00,224.22,224.28,224.11,224.12,1748.0,224.202,14
2023-11-30 12:50:00-05:00,224.07,224.1,223.83,223.86,1907.0,223.945,17
2023-11-30 12:55:00-05:00,223.76,223.93,223.73,223.77,3572.0,223.817,22
2023-11-30 13:00:00-05:00,223.81,224.0,223.81,223.84,2207.0,223.87,18
2023-11-30 13:05:00-05:00,223.91,224.0,223.69,223.73,3430.0,223.78,32
2023-11-30 13:10:00-05:00,223.73,224.04,223.64,223.9,3180.0,223.872,30
2023-11-30 13:15:00-05:00,224.09,224.12,223.95,224.09,800.0,224.078,5
2023-11-30 13:20:00-05:00,224.17,224.39,224.13,224.39,3147.0,224.197,21
2023-11-30 13:25:00-05:00,224.36,224.54,224.08,224.24,5955.0,224.256,52
2023-11-30 13:30:00-05:00,224.2,224.55,224.2,224.55,2941.0,224.239,25
2023-11-30 13:35:00-05:00,224.42,224.42,224.2,224.3,5805.0,224.321,25
2023-11-30 13:40:00-05:00,224.39,224.6,224.37,224.43,2068.0,224.446,16
2023-11-30 13:45:00-05:00,224.34,224.6,224.34,224.6,1108.0,224.504,9
2023-11-30 13:50:00-05:00,224.69,224.69,224.2,224.36,6024.0,224.353,31
2023-11-30 13:55:00-05:00,224.38,224.81,224.33,224.81,2734.0,224.589,25
2023-11-30 14:00:00-05:00,224.97,225.12,224.89,224.98,8196.0,224.998,56
2023-11-30 14:05:00-05:00,225.01,225.14,224.93,224.93,1818.0,225.027,17
2023-11-30 14:10:00-05:00,224.98,225.36,224.97,225.36,1163.0,225.18,8
2023-11-30 14:15:00-05:00,225.31,225.5,225.2,225.28,2492.0,225.34,22
2023-11-30 14:20:00-05:00,225.21,225.25,225.01,225.14,3492.0,225.156,28
2023-11-30 14:25:00-05:00,225.24,225.24,225.1,225.2,1711.0,225.179,14
2023-11-30 14:30:00-05:00,225.17,225.44,225.12,225.33,9280.0,225.349,76
2023-11-30 14:35:00-05:00,225.33,225.51,225.19,225.48,4046.0,225.295,32
2023-11-30 14:40:00-05:00,225.43,225.8,225.43,225.78,10035.0,225.58,80
2023-11-30 14:45:00-05:00,225.78,225.78,225.53,225.61,8521.0,225.704,38
2023-11-30 14:50:00-05:00,225.6,225.6,225.24,225.24,3801.0,225.418,35
2023-11-30 14:55:00-05:00,225.25,225.56,225.18,225.52,5565.0,225.346,47
2023-11-30 15:00:00-05:00,225.53,225.53,225.14,225.34,16791.0,225.336,71
2023-11-30 15:05:00-05:00,225.26,225.36,225.03,225.26,3827.0,225.142,31
2023-11-30 15:10:00-05:00,225.2,225.5,225.17,225.49,5801.0,225.377,48
2023-11-30 15:15:00-05:00,225.36,225.36,225.16,225.19,4024.0,225.311,28
2023-11-30 15:20:00-05:00,225.18,225.21,224.82,224.92,6518.0,225.073,49
2023-11-30 15:25:00-05:00,224.87,225.07,224.56,225.02,19800.0,224.797,50
2023-11-30 15:30:00-05:00,225.0,225.05,224.82,224.92,6694.0,224.922,54
2023-11-30 15:35:00-05:00,224.88,224.89,224.69,224.77,10447.0,224.796,75
2023-11-30 15:40:00-05:00,224.79,225.35,224.79,225.33,17549.0,225.071,161
2023-11-30 15:45:00-05:00,225.35,225.36,224.84,224.87,13797.0,225.064,110
2023-11-30 15:50:00-05:00,224.71,225.24,224.28,225.03,63678.0,224.886,477
2023-11-30 15:55:00-05:00,225.13,225.9,225.13,225.41,99842.0,225.558,683
2023-12-01 09:35:00-05:00,226.0,226.26,225.73,225.82,19341.0,225.98,40
2023-12-01 09:40:00-05:00,225.88,226.15,225.8,225.8,1619.0,225.926,16
2023-12-01 09:45:00-05:00,226.44,226.56,226.26,226.3,1592.0,226.387,15
2023-12-01 09:50:00-05:00,226.49,227.6,226.49,227.35,4008.0,227.11,37
2023-12-01 09:55:00-05:00,227.42,227.42,226.28,226.28,8773.0,226.772,75
2023-12-01 10:00:00-05:00,226.42,226.77,226.13,226.48,13743.0,226.301,48
2023-12-01 10:05:00-05:00,226.22,226.89,226.21,226.64,3172.0,226.606,23
2023-12-01 10:10:00-05:00,226.48,226.67,226.09,226.09,3138.0,226.412,23
2023-12-01 10:15:00-05:00,226.09,226.09,225.36,225.47,15454.0,225.788,119
2023-12-01 10:20:00-05:00,225.47,225.72,224.98,225.62,3733.0,225.327,36
2023-12-01 10:25:00-05:00,225.52,225.52,225.36,225.43,2686.0,225.432,25
2023-12-01 10:30:00-05:00,225.26,225.49,225.05,225.49,2380.0,225.227,22
2023-12-01 10:35:00-05:00,225.61,226.18,225.6,226.04,2465.0,225.915,21
2023-12-01 10:40:00-05:00,226.25,226.34,225.86,226.34,3047.0,225.955,18
2023-12-01 10:45:00-05:00,226.26,226.54,226.09,226.42,1756.0,226.22,11
2023-12-01 10:50:00-05:00,226.52,226.89,226.48,226.82,2617.0,226.607,21
2023-12-01 10:55:00-05:00,226.89,226.89,226.17,226.17,3287.0,226.574,24
2023-12-01 11:00:00-05:00,226.12,226.12,225.58,226.09,2884.0,225.908,27
2023-12-01 11:05:00-05:00,225.94,226.47,225.93,226.47,2184.0,226.108,15
2023-12-01 11:10:00-05:00,226.33,226.5,226.27,226.47,2633.0,226.398,20
2023-12-01 11:15:00-05:00,226.62,226.69,226.39,226.44,5565.0,226.522,38
2023-12-01 11:20:00-05:00,226.42,226.6,226.33,226.53,2900.0,226.403,28
2023-12-01 11:25:00-05:00,226.58,226.99,226.52,226.71,7220.0,226.711,61
2023-12-01 11:30:00-05:00,226.76,227.2,226.38,227.2,9724.0,226.674,80
2023-12-01 11:35:00-05:00,227.2,227.2,226.91,227.13,2628.0,227.071,19
2023-12-01 11:40:00-05:00,227.06,227.36,226.88,227.36,4631.0,227.06,40
2023-12-01 11:45:00-05:00,227.44,227.48,227.15,227.48,2290.0,227.297,21
2023-12-01 11:50:00-05:00,227.64,227.81,227.58,227.8,3730.0,227.697,26
2023-12-01 11:55:00-05:00,227.91,227.91,227.6,227.75,1520.0,227.77,8
2023-12-01 12:00:00-05:00,227.73,227.82,227.57,227.61,6400.0,227.684,34
2023-12-01 12:05:00-05:00,227.68,227.84,227.49,227.81,3977.0,227.655,33
2023-12-01 12:10:00-05:00,227.81,228.22,227.81,228.22,5808.0,227.937,43
2023-12-01 12:15:00-05:00,228.08,228.17,227.58,227.76,22588.0,227.732,181
2023-12-01 12:20:00-05:00,227.71,227.95,227.65,227.89,16310.0,227.793,125
2023-12-01 12:25:00-05:00,227.81,227.95,227.81,227.81,7405.0,227.931,14
2023-12-01 12:30:00-05:00,227.8,227.91,227.29,227.31,3956.0,227.699,33
2023-12-01 12:35:00-05:00,227.12,227.4,227.05,227.33,2805.0,227.306,25
2023-12-01 12:40:00-05:00,227.31,227.47,227.31,227.42,2360.0,227.403,22
2023-12-01 12:45:00-05:00,227.44,227.72,227.44,227.72,7609.0,227.618,71
2023-12-01 12:50:00-05:00,227.77,227.84,227.52,227.8,5890.0,227.613,46
2023-12-01 12:55:00-05:00,227.84,228.0,227.74,227.9,3834.0,227.87,31
2023-12-01 13:00:00-05:00,227.91,228.01,227.83,228.01,6971.0,227.956,26
2023-12-01 13:05:00-05:00,227.92,228.03,227.72,227.91,4561.0,227.901,40
2023-12-01 13:10:00-05:00,227.92,228.09,227.85,227.92,2850.0,227.934,25
2023-12-01 13:15:00-05:00,227.92,228.01,227.87,227.99,6041.0,227.989,20
2023-12-01 13:20:00-05:00,228.09,228.17,227.9,228.03,2859.0,228.039,24
2023-12-01 13:25:00-05:00,228.13,228.14,227.88,228.08,2966.0,228.029,29
2023-12-01 13:30:00-05:00,228.08,228.1,227.98,228.05,3787.0,228.055,34
2023-12-01 13:35:00-05:00,228.1,228.1,227.64,227.78,1336.0,227.828,13
2023-12-01 13:40:00-05:00,227.77,227.95,227.66,227.84,2521.0,227.835,21
2023-12-01 13:45:00-05:00,227.76,227.8,227.45,227.45,1202.0,227.639,11
2023-12-01 13:50:00-05:00,227.53,227.66,227.42,227.43,4939.0,227.54,42
2023-12-01 13:55:00-05:00,227.43,227.46,227.0,227.06,9167.0,227.207,81
2023-12-01 14:00:00-05:00,227.24,227.69,227.23,227.64,1843.0,227.473,14
2023-12-01 14:05:00-05:00,227.66,227.73,227.46,227.49,9799.0,227.519,37
2023-12-01 14:10:00-05:00,227.49,227.64,227.42,227.56,4913.0,227.519,38
2023-12-01 14:15:00-05:00,227.67,227.78,227.58,227.63,2855.0,227.663,23
2023-12-01 14:20:00-05:00,227.58,227.73,227.53,227.63,2610.0,227.629,18
2023-12-01 14:25:00-05:00,227.56,227.59,227.41,227.45,4321.0,227.492,35
2023-12-01 14:30:00-05:00,227.56,227.74,227.48,227.7,5266.0,227.6,40
2023-12-01 14:35:00-05:00,227.76,227.86,227.69,227.81,3729.0,227.78,31
2023-12-01 14:40:00-05:00,227.81,227.81,227.49,227.61,5114.0,227.69,26
2023-12-01 14:45:00-05:00,227.58,227.69,227.53,227.6,3006.0,227.615,25
2023-12-01 14:50:00-05:00,227.7,228.31,227.7,228.31,2252.0,228.013,20
2023-12-01 14:55:00-05:00,228.19,228.23,227.98,228.1,2752.0,228.09,26
2023-12-01 15:00:00-05:00,228.16,228.31,228.02,228.06,2943.0,228.134,24
2023-12-01 15:05:00-05:00,228.05,228.07,227.56,227.64,4190.0,227.878,36
2023-12-01 15:10:00-05:00,227.59,227.73,227.57,227.57,3218.0,227.624,26
2023-12-01 15:15:00-05:00,227.47,227.6,227.37,227.37,1791.0,227.469,16
2023-12-01 15:20:00-05:00,227.32,227.84,227.31,227.84,8441.0,227.59,79
2023-12-01 15:25:00-05:00,227.85,228.09,227.81,228.05,4611.0,227.972,46
2023-12-01 15:30:00-05:00,228.11,228.11,227.52,227.59,5962.0,227.779,55
2023-12-01 15:35:00-05:00,227.55,227.59,227.17,227.3,7918.0,227.3,69
2023-12-01 15:40:00-05:00,227.29,227.48,227.26,227.48,7572.0,227.349,66
2023-12-01 15:45:00-05:00,227.47,227.83,227.44,227.77,6979.0,227.613,64
2023-12-01 15:50:00-05:00,227.83,227.83,227.45,227.47,12116.0,227.634,99
2023-12-01 15:55:00-05:00,227.51,227.84,227.49,227.53,40278.0,227.701,294
2023-12-04 09:30:00-05:00,226.18,227.89,226.18,227.89,18276.0,226.458,25
2023-12-04 09:35:00-05:00,227.47,227.47,227.46,227.47,100.0,227.465,1
2023-12-04 09:40:00-05:00,227.4,228.41,227.4,228.19,3495.0,227.902,33
2023-12-04 09:45:00-05:00,228.3,229.01,228.22,228.82,4850.0,228.589,38
2023-12-04 09:50:00-05:00,228.65,228.95,228.33,228.56,2310.0,228.678,20
2023-12-04 09:55:00-05:00,228.55,228.71,227.63,228.01,9524.0,227.96,55
2023-12-04 10:00:00-05:00,227.77,227.78,227.26,227.77,1351.0,227.509,12
2023-12-04 10:05:00-05:00,227.67,228.83,227.67,228.75,3675.0,228.404,32
2023-12-04 10:10:00-05:00,228.64,228.65,228.24,228.43,3104.0,228.411,26
2023-12-04 10:15:00-05:00,228.52,228.52,228.04,228.22,4904.0,228.276,39
2023-12-04 10:20:00-05:00,228.22,228.23,227.5,227.56,12654.0,227.887,107
2023-12-04 10:25:00-05:00,227.56,227.6,227.11,227.51,4623.0,227.362,38
2023-12-04 10:30:00-05:00,227.64,227.81,227.38,227.59,4167.0,227.562,34
2023-12-04 10:35:00-05:00,227.62,227.78,227.38,227.72,3665.0,227.575,31
2023-12-04 10:40:00-05:00,227.71,227.72,227.36,227.61,6149.0,227.545,52
2023-12-04 10:45:00-05:00,227.47,227.67,227.29,227.29,4117.0,227.476,31
2023-12-04 10:50:00-05:00,227.29,227.31,226.88,226.89,2149.0,227.064,19
2023-12-04 10:55:00-05:00,226.89,227.12,226.89,227.07,4759.0,226.994,34
2023-12-04 11:00:00-05:00,227.01,227.26,226.92,227.14,4809.0,227.073,40
2023-12-04 11:05:00-05:00,227.06,227.48,227.06,227.48,6496.0,227.207,61
2023-12-04 11:10:00-05:00,227.51,227.51,227.27,227.34,6174.0,227.385,31
2023-12-04 11:15:00-05:00,227.48,227.57,227.29,227.5,4577.0,227.403,44
2023-12-04 11:20:00-05:00,227.53,227.55,227.24,227.24,1904.0,227.37,19
2023-12-04 11:25:00-05:00,227.28,227.28,227.13,227.22,5515.0,227.17,43
2023-12-04 11:30:00-05:00,227.21,227.39,227.2,227.25,3940.0,227.316,38
2023-12-04 11:35:00-05:00,227.33,227.49,227.33,227.48,1701.0,227.419,16
2023-12-04 11:40:00-05:00,227.52,227.63,227.37,227.52,5226.0,227.51,49
2023-12-04 11:45:00-05:00,227.53,227.59,227.48,227.5,1500.0,227.535,15
2023-12-04 11:50:00-05:00,227.49,227.92,227.48,227.72,3672.0,227.656,36
2023-12-04 11:55:00-05:00,227.72,227.94,227.72,227.92,800.0,227.893,8
2023-12-04 12:00:00-05:00,228.02,228.1,227.75,227.84,2533.0,227.869,25
2023-12-04 12:05:00-05:00,227.8,227.98,227.75,227.97,3422.0,227.871,29
2023-12-04 12:10:00-05:00,228.02,228.36,228.02,228.24,700.0,228.168,7
2023-12-04 12:15:00-05:00,228.23,228.23,228.23,228.23,100.0,228.23,1
2023-12-04 12:20:00-05:00,228.31,228.48,228.17,228.47,1721.0,228.351,15
2023-12-04 12:25:00-05:00,228.37,228.71,228.36,228.58,2637.0,228.512,21
2023-12-04 12:30:00-05:00,228.45,228.9,228.42,228.9,2770.0,228.626,15
2023-12-04 12:35:00-05:00,228.84,229.03,228.64,228.64,1873.0,228.778,15
2023-12-04 12:40:00-05:00,228.6,228.79,228.6,228.79,1555.0,228.71,14
2023-12-04 12:45:00-05:00,228.73,228.79,228.64,228.77,1156.0,228.711,8
2023-12-04 12:50:00-05:00,228.6,228.77,228.6,228.72,2548.0,228.677,19
2023-12-04 12:55:00-05:00,228.77,228.9,228.58,228.83,6626.0,228.736,40
2023-12-04 13:00:00-05:00,228.9,228.9,228.63,228.72,1644.0,228.742,16
2023-12-04 13:05:00-05:00,228.67,228.72,228.33,228.34,3993.0,228.587,21
2023-12-04 13:10:00-05:00,228.35,228.44,228.35,228.37,942.0,228.411,9
2023-12-04 13:15:00-05:00,228.31,228.39,228.18,228.18,2251.0,228.283,22
2023-12-04 13:20:00-05:00,228.1,228.16,228.02,228.03,567.0,228.064,5
2023-12-04 13:25:00-05:00,227.95,228.0,227.91,227.96,1900.0,227.952,16
2023-12-04 13:30:00-05:00,227.86,227.91,227.86,227.9,1200.0,227.895,11
2023-12-04 13:35:00-05:00,227.96,228.01,227.79,228.01,3250.0,227.95,21
2023-12-04 13:40:00-05:00,227.86,227.91,227.78,227.81,1886.0,227.84,15
2023-12-04 13:45:00-05:00,227.71,227.85,227.67,227.85,1417.0,227.763,13
2023-12-04 13:50:00-05:00,227.66,227.66,227.65,227.66,100.0,227.655,1
2023-12-04 13:55:00-05:00,227.68,227.74,227.64,227.74,1823.0,227.673,15
2023-12-04 14:00:00-05:00,227.82,227.98,227.7,227.8,4088.0,227.81,30
2023-12-04 14:05:00-05:00,227.79,228.1,227.76,228.09,4143.0,227.953,37
2023-12-04 14:10:00-05:00,228.02,228.36,228.02,228.36,1411.0,228.186,14
2023-12-04 14:15:00-05:00,228.21,228.36,228.1,228.11,500.0,228.241,4
2023-12-04 14:20:00-05:00,228.28,228.28,227.99,228.0,2899.0,228.101,23
2023-12-04 14:25:00-05:00,228.05,228.14,227.91,228.14,12846.0,228.021,41
2023-12-04 14:30:00-05:00,228.05,228.34,228.05,228.09,4161.0,228.17,37
2023-12-04 14:35:00-05:00,228.11,228.45,228.1,228.31,940.0,228.266,9
2023-12-04 14:40:00-05:00,228.31,228.43,228.24,228.34,2009.0,228.351,19
2023-12-04 14:45:00-05:00,228.36,228.47,228.24,228.42,2588.0,228.346,25
2023-12-04 14:50:00-05:00,228.4,228.54,228.4,228.52,2806.0,228.472,22
2023-12-04 14:55:00-05:00,228.55,228.66,228.29,228.4,5673.0,228.46,55
2023-12-04 15:00:00-05:00,228.43,228.49,228.19,228.22,5884.0,228.361,48
2023-12-04 15:05:00-05:00,228.22,228.4,228.21,228.25,3859.0,228.257,32
2023-12-04 15:10:00-05:00,228.24,228.33,228.21,228.29,1100.0,228.27,11
2023-12-04 15:15:00-05:00,228.29,228.33,228.17,228.29,5129.0,228.237,35
2023-12-04 15:20:00-05:00,228.24,228.24,228.07,228.11,5109.0,228.138,47
2023-12-04 15:25:00-05:00,228.11,228.12,227.95,228.08,5863.0,228.066,54
2023-12-04 15:30:00-05:00,228.2,228.26,228.03,228.18,4797.0,228.121,42
2023-12-04 15:35:00-05:00,228.19,228.22,227.95,228.18,4847.0,228.077,44
2023-12-04 15:40:00-05:00,228.19,228.33,228.11,228.33,5656.0,228.196,44
2023-12-04 15:45:00-05:00,228.35,228.37,228.23,228.27,7321.0,228.312,57
2023-12-04 15:50:00-05:00,228.4,228.81,228.34,228.71,13664.0,228.654,115
2023-12-04 15:55:00-05:00,228.67,228.78,228.46,228.48,41844.0,228.659,325
2023-12-05 09:30:00-05:00,228.18,228.68,227.91,228.41,18877.0,228.184,8
2023-12-05 09:35:00-05:00,228.93,228.95,227.99,228.29,14451.0,228.262,54
2023-12-05 09:40:00-05:00,228.29,228.44,227.86,228.16,6254.0,228.163,52
2023-12-05 09:45:00-05:00,228.18,229.52,228.0,229.29,37292.0,228.647,98
2023-12-05 09:50:00-05:00,229.09,230.26,229.03,229.94,13540.0,229.91,66
2023-12-05 09:55:00-05:00,229.89,229.89,229.0,229.0,11187.0,229.296,78
2023-12-05 10:00:00-05:00,228.94,229.83,228.92,229.43,3525.0,229.341,32
2023-12-05 10:05:00-05:00,229.35,229.61,228.96,229.51,8405.0,229.24,74
2023-12-05 10:10:00-05:00,229.19,229.32,228.64,228.85,15287.0,228.87,97
2023-12-05 10:15:00-05:00,228.88,229.53,228.8,229.53,17869.0,229.002,110
2023-12-05 10:20:00-05:00,229.54,229.84,229.37,229.51,10900.0,229.53,85
2023-12-05 10:25:00-05:00,229.39,229.63,229.31,229.5,2825.0,229.466,22
2023-12-05 10:30:00-05:00,229.5,229.5,228.88,228.88,5216.0,229.263,40
2023-12-05 10:35:00-05:00,229.0,229.16,228.84,228.9,7367.0,228.991,58
2023-12-05 10:40:00-05:00,228.9,229.18,228.87,229.11,6385.0,229.042,58
2023-12-05 10:45:00-05:00,229.19,229.35,229.0,229.23,3412.0,229.22,32
2023-12-05 10:50:00-05:00,229.42,229.53,229.14,229.36,7627.0,229.373,68
2023-12-05 10:55:00-05:00,229.36,229.98,229.15,229.92,14024.0,229.412,123
2023-12-05 11:00:00-05:00,229.81,229.82,229.38,229.55,9699.0,229.604,77
2023-12-05 11:05:00-05:00,229.5,229.75,229.32,229.33,12474.0,229.468,103
2023-12-05 11:10:00-05:00,229.33,229.44,228.93,229.1,6772.0,229.244,60
2023-12-05 11:15:00-05:00,229.09,229.09,228.8,228.86,17278.0,228.897,109
2023-12-05 11:20:00-05:00,228.86,229.15,228.65,229.09,7788.0,228.867,71
2023-12-05 11:25:00-05:00,229.14,229.36,229.1,229.1,5258.0,229.202,42
2023-12-05 11:30:00-05:00,229.21,229.43,229.13,229.42,9212.0,229.289,46
2023-12-05 11:35:00-05:00,229.43,229.43,229.22,229.35,5305.0,229.336,45
2023-12-05 11:40:00-05:00,229.4,229.45,229.21,229.39,17368.0,229.377,155
2023-12-05 11:45:00-05:00,229.39,229.39,229.14,229.22,4275.0,229.235,39
2023-12-05 11:50:00-05:00,229.23,229.35,228.84,228.87,6141.0,229.201,59
2023-12-05 11:55:00-05:00,229.03,229.2,229.01,229.09,3529.0,229.077,30
2023-12-05 12:00:00-05:00,229.1,229.63,229.1,229.63,13400.0,229.328,72
2023-12-05 12:05:00-05:00,229.63,229.68,229.46,229.55,5965.0,229.531,45
2023-12-05 12:10:00-05:00,229.62,229.79,229.45,229.62,7207.0,229.694,63
2023-12-05 12:15:00-05:00,229.63,229.81,229.61,229.81,3815.0,229.66,30
2023-12-05 12:20:00-05:00,229.72,229.73,229.39,229.42,7449.0,229.618,63
2023-12-05 12:25:00-05:00,229.5,229.76,229.5,229.64,4124.0,229.642,37
2023-12-05 12:30:00-05:00,229.65,229.77,229.48,229.48,5078.0,229.656,37
2023-12-05 12:35:00-05:00,229.48,229.54,229.18,229.21,3253.0,229.359,26
2023-12-05 12:40:00-05:00,229.19,229.24,228.91,228.93,4767.0,229.104,34
2023-12-05 12:45:00-05:00,228.93,229.4,228.93,229.34,6013.0,229.162,51
2023-12-05 12:50:00-05:00,229.39,229.66,229.29,229.66,4289.0,229.447,35
2023-12-05 12:55:00-05:00,229.77,230.15,229.73,230.15,10451.0,229.968,82
2023-12-05 13:00:00-05:00,230.09,230.09,229.88,230.06,3131.0,230.005,25
2023-12-05 13:05:00-05:00,229.98,229.98,229.77,229.89,4102.0,229.862,34
2023-12-05 13:10:00-05:00,229.89,230.05,229.86,229.92,2635.0,229.944,20
2023-12-05 13:15:00-05:00,229.89,229.96,229.71,229.94,3453.0,229.831,31
2023-12-05 13:20:00-05:00,230.0,230.07,229.87,229.9,3339.0,229.961,29
2023-12-05 13:25:00-05:00,229.81,229.87,229.67,229.75,1878.0,229.802,18
2023-12-05 13:30:00-05:00,229.71,229.87,229.48,229.51,7220.0,229.706,57
2023-12-05 13:35:00-05:00,229.52,229.6,229.37,229.41,4328.0,229.456,38
2023-12-05 13:40:00-05:00,229.4,229.62,229.26,229.51,5636.0,229.45,49
2023-12-05 13:45:00-05:00,229.46,229.46,229.3,229.44,3167.0,229.375,27
2023-12-05 13:50:00-05:00,229.36,229.43,229.26,229.26,3889.0,229.344,34
2023-12-05 13:55:00-05:00,229.36,229.48,229.3,229.3,3626.0,229.374,34
2023-12-05 14:00:00-05:00,229.26,229.3,229.11,229.17,5380.0,229.213,45
2023-12-05 14:05:00-05:00,229.22,229.35,229.1,229.33,5389.0,229.248,44
2023-12-05 14:10:00-05:00,229.31,229.57,229.31,229.51,1959.0,229.46,17
2023-12-05 14:15:00-05:00,229.53,229.62,229.5,229.56,10034.0,229.57,49
2023-12-05 14:20:00-05:00,229.51,229.51,229.16,229.19,4862.0,229.302,42
2023-12-05 14:25:00-05:00,229.19,229.42,229.14,229.35,3751.0,229.276,32
2023-12-05 14:30:00-05:00,229.39,229.4,229.13,229.14,3842.0,229.295,36
2023-12-05 14:35:00-05:00,229.13,229.13,228.97,229.04,4998.0,229.047,45
2023-12-05 14:40:00-05:00,229.12,229.15,229.04,229.09,1700.0,229.099,17
2023-12-05 14:45:00-05:00,229.02,229.09,228.92,229.02,6668.0,228.997,55
2023-12-05 14:50:00-05:00,229.06,229.26,229.02,229.06,5722.0,229.147,48
2023-12-05 14:55:00-05:00,229.07,229.12,228.95,229.05,3127.0,229.058,27
2023-12-05 15:00:00-05:00,229.03,229.2,228.96,229.09,5357.0,229.089,51
2023-12-05 15:05:00-05:00,229.05,229.11,228.97,228.97,2806.0,229.035,25
2023-12-05 15:10:00-05:00,229.03,229.3,228.95,229.13,8105.0,229.089,69
2023-12-05 15:15:00-05:00,229.13,229.24,229.03,229.04,3681.0,229.15,33
2023-12-05 15:20:00-05:00,229.08,229.09,228.84,228.91,7258.0,228.952,64
2023-12-05 15:25:00-05:00,228.91,229.13,228.81,228.82,12584.0,228.926,98
2023-12-05 15:30:00-05:00,228.81,228.81,228.55,228.75,10127.0,228.693,78
2023-12-05 15:35:00-05:00,228.75,229.1,228.75,229.0,13378.0,228.881,115
2023-12-05 15:40:00-05:00,228.99,229.1,228.94,229.0,15740.0,229.006,138
2023-12-05 15:45:00-05:00,229.0,229.18,228.79,229.17,15300.0,229.019,142
2023-12-05 15:50:00-05:00,229.08,229.58,229.02,229.4,82157.0,229.376,625
2023-12-05 15:55:00-05:00,229.43,229.72,229.35,229.58,111409.0,229.512,721
2023-12-06 09:30:00-05:00,230.79,232.92,230.79,231.9,25842.0,231.281,71
2023-12-06 09:35:00-05:00,231.89,233.48,231.77,232.9,12943.0,232.273,85
2023-12-06 09:40:00-05:00,233.03,233.39,232.82,233.03,8278.0,233.123,56
2023-12-06 09:45:00-05:00,233.02,233.7,232.78,233.4,7548.0,233.223,47
2023-12-06 09:50:00-05:00,233.41,233.6,233.15,233.22,12098.0,233.348,83
2023-12-06 09:55:00-05:00,233.32,233.55,233.23,233.39,10472.0,233.401,69
2023-12-06 10:00:00-05:00,233.43,233.55,232.07,232.16,23276.0,232.796,145
2023-12-06 10:05:00-05:00,232.06,232.71,232.05,232.66,8676.0,232.466,71
2023-12-06 10:10:00-05:00,232.81,232.81,232.16,232.21,9398.0,232.443,70
2023-12-06 10:15:00-05:00,232.16,232.32,231.98,232.07,9364.0,232.143,64
2023-12-06 10:20:00-05:00,232.07,232.11,231.78,231.84,9845.0,231.978,79
2023-12-06 10:25:00-05:00,231.86,232.42,231.85,231.98,7474.0,232.202,60
2023-12-06 10:30:00-05:00,232.09,232.11,231.66,231.84,4152.0,231.95,31
2023-12-06 10:35:00-05:00,231.84,232.06,231.8,231.95,6482.0,231.925,46
2023-12-06 10:40:00-05:00,231.95,232.14,231.93,232.11,5918.0,232.056,55
2023-12-06 10:45:00-05:00,232.11,232.11,231.66,231.89,5390.0,231.979,48
2023-12-06 10:50:00-05:00,231.58,231.7,231.31,231.36,7679.0,231.534,59
2023-12-06 10:55:00-05:00,231.36,231.52,231.18,231.19,8931.0,231.387,78
2023-12-06 11:00:00-05:00,231.2,231.32,231.11,231.14,3866.0,231.24,37
2023-12-06 11:05:00-05:00,231.18,231.41,231.14,231.39,9623.0,231.301,84
2023-12-06 11:10:00-05:00,231.27,231.37,231.08,231.37,4721.0,231.227,42
2023-12-06 11:15:00-05:00,231.37,231.39,230.99,230.99,14245.0,231.317,110
2023-12-06 11:20:00-05:00,230.9,231.21,230.88,230.89,8627.0,231.075,71
2023-12-06 11:25:00-05:00,230.82,231.06,230.75,231.05,6774.0,230.959,64
2023-12-06 11:30:00-05:00,231.07,231.15,230.68,230.73,12421.0,230.944,113
2023-12-06 11:35:00-05:00,230.7,231.04,230.69,230.76,7705.0,230.91,73
2023-12-06 11:40:00-05:00,230.75,231.17,230.75,231.09,4597.0,230.977,43
2023-12-06 11:45:00-05:00,231.13,231.39,231.13,231.39,4713.0,231.247,45
2023-12-06 11:50:00-05:00,231.38,231.4,231.13,231.13,2407.0,231.262,20
2023-12-06 11:55:00-05:00,231.17,231.45,231.08,231.45,6109.0,231.19,27
2023-12-06 12:00:00-05:00,231.29,231.33,231.1,231.1,2300.0,231.249,21
2023-12-06 12:05:00-05:00,231.02,231.06,230.92,231.06,2866.0,231.021,24
2023-12-06 12:10:00-05:00,230.99,231.23,230.98,231.21,7675.0,231.172,57
2023-12-06 12:15:00-05:00,231.19,231.43,231.13,231.31,9671.0,231.237,65
2023-12-06 12:20:00-05:00,231.31,231.49,231.29,231.35,10402.0,231.411,96
2023-12-06 12:25:00-05:00,231.31,231.49,231.25,231.43,7661.0,231.363,72
2023-12-06 12:30:00-05:00,231.35,231.49,231.21,231.49,2100.0,231.335,19
2023-12-06 12:35:00-05:00,231.45,231.81,231.38,231.81,2586.0,231.58,23
2023-12-06 12:40:00-05:00,231.83,231.95,231.69,231.69,4410.0,231.815,40
2023-12-06 12:45:00-05:00,231.73,231.78,231.52,231.57,6702.0,231.597,52
2023-12-06 12:50:00-05:00,231.62,231.63,231.38,231.44,5487.0,231.48,47
2023-12-06 12:55:00-05:00,231.44,231.56,231.36,231.55,2305.0,231.471,23
2023-12-06 13:00:00-05:00,231.52,231.68,231.52,231.61,4002.0,231.634,32
2023-12-06 13:05:00-05:00,231.61,231.87,231.56,231.81,8755.0,231.683,80
2023-12-06 13:10:00-05:00,231.8,231.99,231.8,231.98,2405.0,231.918,21
2023-12-06 13:15:00-05:00,232.03,232.12,231.78,232.12,19898.0,231.886,116
2023-12-06 13:20:00-05:00,232.18,232.25,232.14,232.19,6827.0,232.179,65
2023-12-06 13:25:00-05:00,232.19,232.43,232.11,232.43,6468.0,232.262,62
2023-12-06 13:30:00-05:00,232.4,232.43,231.91,232.14,33955.0,232.252,132
2023-12-06 13:35:00-05:00,231.99,232.04,231.85,231.85,1300.0,231.945,13
2023-12-06 13:40:00-05:00,231.64,231.75,231.38,231.66,7111.0,231.53,66
2023-12-06 13:45:00-05:00,231.5,231.67,231.42,231.51,5714.0,231.545,48
2023-12-06 13:50:00-05:00,231.68,231.68,231.37,231.37,2530.0,231.514,24
2023-12-06 13:55:00-05:00,231.39,231.49,231.11,231.17,2217.0,231.287,21
2023-12-06 14:00:00-05:00,231.15,231.26,231.0,231.0,3921.0,231.179,34
2023-12-06 14:05:00-05:00,230.99,231.12,230.8,230.8,2304.0,231.036,22
2023-12-06 14:10:00-05:00,230.82,230.85,230.58,230.58,2768.0,230.74,24
2023-12-06 14:15:00-05:00,230.58,230.85,230.58,230.81,4794.0,230.743,43
2023-12-06 14:20:00-05:00,230.83,231.06,230.8,230.9,4145.0,230.925,36
2023-12-06 14:25:00-05:00,230.91,230.91,230.7,230.7,1251.0,230.806,11
2023-12-06 14:30:00-05:00,230.77,230.97,230.7,230.97,3085.0,230.814,26
2023-12-06 14:35:00-05:00,230.92,231.05,230.81,230.95,4055.0,230.914,34
2023-12-06 14:40:00-05:00,231.01,231.01,230.78,230.8,4374.0,230.898,24
2023-12-06 14:45:00-05:00,230.78,230.88,230.73,230.88,3269.0,230.787,27
2023-12-06 14:50:00-05:00,230.9,230.9,230.6,230.67,3758.0,230.718,31
2023-12-06 14:55:00-05:00,230.68,230.95,230.67,230.71,6994.0,230.771,62
2023-12-06 15:00:00-05:00,230.69,230.69,230.53,230.66,2573.0,230.602,22
2023-12-06 15:05:00-05:00,230.61,230.61,230.4,230.45,2567.0,230.517,21
2023-12-06 15:10:00-05:00,230.42,230.42,230.28,230.36,2484.0,230.359,24
2023-12-06 15:15:00-05:00,230.35,230.48,230.12,230.12,4330.0,230.338,38
2023-12-06 15:20:00-05:00,230.11,230.11,229.85,229.85,4062.0,229.94,32
2023-12-06 15:25:00-05:00,229.79,230.09,229.71,230.09,5407.0,229.875,51
2023-12-06 15:30:00-05:00,229.99,230.12,229.84,229.99,7135.0,230.001,64
2023-12-06 15:35:00-05:00,230.01,230.01,229.63,229.67,9089.0,229.798,68
2023-12-06 15:40:00-05:00,229.67,230.0,229.59,230.0,16123.0,229.846,121
2023-12-06 15:45:00-05:00,230.0,230.19,229.94,230.19,24251.0,230.033,163
2023-12-06 15:50:00-05:00,230.13,230.39,229.92,230.31,64355.0,230.23,466
2023-12-06 15:55:00-05:00,230.31,230.51,230.08,230.51,96451.0,230.324,610
2023-12-07 09:30:00-05:00,231.43,231.43,230.04,230.29,25764.0,230.366,50
2023-12-07 09:35:00-05:00,230.3,230.39,229.43,229.48,3357.0,229.79,31
2023-12-07 09:40:00-05:00,229.34,230.38,229.07,229.71,4602.0,229.74,42
2023-12-07 09:45:00-05:00,229.64,229.64,229.23,229.3,2876.0,229.42,26
2023-12-07 09:50:00-05:00,229.59,230.71,229.59,230.66,4501.0,230.168,36
2023-12-07 09:55:00-05:00,230.87,230.87,229.86,229.87,7764.0,230.542,53
2023-12-07 10:00:00-05:00,229.95,230.54,229.84,230.27,8977.0,230.287,83
2023-12-07 10:05:00-05:00,230.09,230.36,229.79,229.79,2767.0,230.167,23
2023-12-07 10:10:00-05:00,229.72,229.96,229.53,229.53,1709.0,229.772,15
2023-12-07 10:15:00-05:00,229.5,230.08,229.47,229.96,4395.0,229.861,35
2023-12-07 10:20:00-05:00,230.09,230.36,230.03,230.2,17787.0,230.225,90
2023-12-07 10:25:00-05:00,230.2,230.52,229.99,230.52,9297.0,230.224,80
2023-12-07 10:30:00-05:00,230.43,230.87,230.42,230.84,3775.0,230.672,34
2023-12-07 10:35:00-05:00,230.84,230.87,230.39,230.59,4397.0,230.708,42
2023-12-07 10:40:00-05:00,230.5,230.64,230.38,230.54,3350.0,230.481,31
2023-12-07 10:45:00-05:00,230.55,230.82,230.55,230.66,2891.0,230.721,20
2023-12-07 10:50:00-05:00,230.64,230.68,229.91,230.21,7288.0,230.373,48
2023-12-07 10:55:00-05:00,230.05,230.11,229.75,229.75,2321.0,229.948,21
2023-12-07 11:00:00-05:00,229.79,230.12,229.78,230.12,2417.0,230.0,18
2023-12-07 11:05:00-05:00,230.11,230.12,229.89,229.98,2409.0,230.013,23
2023-12-07 11:10:00-05:00,229.86,229.99,229.63,229.63,1429.0,229.808,14
2023-12-07 11:15:00-05:00,229.71,229.71,229.07,229.11,3529.0,229.409,35
2023-12-07 11:20:00-05:00,229.26,229.6,229.26,229.51,3259.0,229.433,27
2023-12-07 11:25:00-05:00,229.53,229.65,229.39,229.61,2098.0,229.534,19
2023-12-07 11:30:00-05:00,229.56,229.91,229.53,229.91,4048.0,229.665,37
2023-12-07 11:35:00-05:00,229.93,229.93,229.7,229.92,2168.0,229.836,20
2023-12-07 11:40:00-05:00,230.06,230.15,229.94,230.09,1450.0,230.04,13
2023-12-07 11:45:00-05:00,230.05,230.12,229.77,229.79,1841.0,229.978,17
2023-12-07 11:50:00-05:00,229.78,229.93,229.77,229.88,2750.0,229.87,26
2023-12-07 11:55:00-05:00,229.94,229.97,229.48,229.5,6445.0,229.716,56
2023-12-07 12:00:00-05:00,229.52,229.89,229.5,229.76,6386.0,229.685,53
2023-12-07 12:05:00-05:00,229.75,229.9,229.72,229.82,2105.0,229.817,16
2023-12-07 12:10:00-05:00,229.65,229.7,229.28,229.32,1615.0,229.452,16
2023-12-07 12:15:00-05:00,229.23,229.57,229.23,229.39,2009.0,229.421,18
2023-12-07 12:20:00-05:00,229.44,229.6,229.29,229.33,2652.0,229.501,23
2023-12-07 12:25:00-05:00,229.4,229.63,229.39,229.63,3381.0,229.499,29
2023-12-07 12:30:00-05:00,229.59,229.7,229.52,229.7,2204.0,229.611,19
2023-12-07 12:35:00-05:00,229.71,229.93,229.71,229.78,2368.0,229.786,22
2023-12-07 12:40:00-05:00,229.86,230.01,229.84,230.01,2482.0,229.887,22
2023-12-07 12:45:00-05:00,229.89,230.01,229.65,229.66,3412.0,229.885,28
2023-12-07 12:50:00-05:00,229.7,229.79,229.61,229.78,2760.0,229.713,27
2023-12-07 12:55:00-05:00,229.79,229.91,229.78,229.91,1300.0,229.851,10
2023-12-07 13:00:00-05:00,229.9,229.92,229.86,229.87,1172.0,229.888,9
2023-12-07 13:05:00-05:00,229.91,230.15,229.88,230.01,5373.0,230.029,34
2023-12-07 13:10:00-05:00,229.99,230.08,229.96,230.05,1857.0,230.038,13
2023-12-07 13:15:00-05:00,229.95,230.0,229.76,229.84,2333.0,229.888,19
2023-12-07 13:20:00-05:00,229.84,229.84,229.63,229.72,4815.0,229.747,19
2023-12-07 13:25:00-05:00,229.78,229.93,229.75,229.75,3070.0,229.808,25
2023-12-07 13:30:00-05:00,229.85,230.03,229.85,229.94,2037.0,229.918,16
2023-12-07 13:35:00-05:00,229.99,230.14,229.94,230.12,2605.0,230.061,24
2023-12-07 13:40:00-05:00,230.16,230.35,230.16,230.35,1232.0,230.207,9
2023-12-07 13:45:00-05:00,230.35,230.4,230.13,230.34,17337.0,230.288,80
2023-12-07 13:50:00-05:00,230.42,230.42,230.11,230.12,1288.0,230.23,10
2023-12-07 13:55:00-05:00,230.11,230.2,230.07,230.11,4462.0,230.155,37
2023-12-07 14:00:00-05:00,230.2,230.31,230.18,230.26,2532.0,230.252,24
2023-12-07 14:05:00-05:00,230.26,230.32,230.15,230.28,2861.0,230.214,28
2023-12-07 14:10:00-05:00,230.29,230.42,230.25,230.39,4029.0,230.328,29
2023-12-07 14:15:00-05:00,230.43,230.61,230.42,230.6,4029.0,230.526,33
2023-12-07 14:20:00-05:00,230.64,230.82,230.58,230.81,3400.0,230.691,33
2023-12-07 14:25:00-05:00,230.8,230.87,230.72,230.83,4005.0,230.795,34
2023-12-07 14:30:00-05:00,230.84,230.88,230.77,230.84,1900.0,230.85,18
2023-12-07 14:35:00-05:00,230.9,231.13,230.9,231.13,4594.0,231.038,41
2023-12-07 14:40:00-05:00,231.11,231.19,231.03,231.03,1532.0,231.117,15
2023-12-07 14:45:00-05:00,230.97,231.04,230.92,230.97,5043.0,230.984,39
2023-12-07 14:50:00-05:00,230.93,230.93,230.71,230.71,3205.0,230.798,29
2023-12-07 14:55:00-05:00,230.63,230.68,230.45,230.45,4230.0,230.544,41
2023-12-07 15:00:00-05:00,230.43,230.73,230.31,230.73,3847.0,230.469,33
2023-12-07 15:05:00-05:00,230.79,230.81,230.37,230.38,3439.0,230.567,24
2023-12-07 15:10:00-05:00,230.49,230.77,230.49,230.76,4815.0,230.623,36
2023-12-07 15:15:00-05:00,230.77,230.89,230.49,230.51,2708.0,230.743,22
2023-12-07 15:20:00-05:00,230.5,230.54,230.33,230.34,2232.0,230.449,16
2023-12-07 15:25:00-05:00,230.42,230.43,230.19,230.4,4854.0,230.331,39
2023-12-07 15:30:00-05:00,230.4,230.81,230.39,230.72,14057.0,230.649,78
2023-12-07 15:35:00-05:00,230.67,230.75,230.48,230.7,13988.0,230.617,107
2023-12-07 15:40:00-05:00,230.74,230.93,230.74,230.85,8611.0,230.843,74
2023-12-07 15:45:00-05:00,230.81,230.99,230.78,230.81,12796.0,230.886,110
2023-12-07 15:50:00-05:00,230.81,231.05,230.76,231.05,22253.0,230.895,196
2023-12-07 15:55:00-05:00,231.06,231.44,231.05,231.37,46567.0,231.236,327
2023-12-08 09:30:00-05:00,233.44,233.76,232.6,233.76,15006.0,233.35,33
2023-12-08 09:35:00-05:00,233.56,234.3,233.41,234.01,7964.0,233.888,55
2023-12-08 09:40:00-05:00,233.8,233.99,233.76,233.91,2307.0,233.905,21
2023-12-08 09:40:00-05:00,233.8,234.09,233.76,234.0,2995.0,233.922,27
2023-12-08 09:45:00-05:00,234.43,234.91,234.41,234.91,16309.0,234.638,87
2023-12-08 09:50:00-05:00,234.81,234.82,234.38,234.59,2622.0,234.594,25
2023-12-08 09:55:00-05:00,234.61,234.67,234.28,234.46,9276.0,234.441,87
2023-12-08 10:00:00-05:00,234.7,235.41,234.66,235.16,20528.0,234.865,70
2023-12-08 10:05:00-05:00,235.2,235.52,235.16,235.45,16324.0,235.362,122
2023-12-08 10:10:00-05:00,235.45,235.72,235.15,235.72,14689.0,235.377,112
2023-12-08 10:15:00-05:00,235.61,235.71,235.14,235.49,10666.0,235.444,93
2023-12-08 10:20:00-05:00,235.36,235.36,234.89,235.27,4182.0,235.13,40
2023-12-08 10:25:00-05:00,235.26,235.26,234.53,234.63,6211.0,234.772,51
2023-12-08 10:30:00-05:00,234.64,234.75,233.63,233.79,8208.0,234.166,46
2023-12-08 10:35:00-05:00,233.78,234.35,233.61,234.24,5000.0,233.91,44
2023-12-08 10:40:00-05:00,234.06,234.53,233.94,234.53,16838.0,234.112,108
2023-12-08 10:45:00-05:00,234.43,234.56,234.2,234.2,3993.0,234.48,31
2023-12-08 10:50:00-05:00,234.18,234.49,234.18,234.41,3730.0,234.343,27
2023-12-08 10:55:00-05:00,234.18,234.36,234.07,234.24,2651.0,234.196,16
2023-12-08 11:00:00-05:00,234.19,234.31,234.03,234.3,6440.0,234.199,43
2023-12-08 11:05:00-05:00,234.25,234.37,233.49,233.5,5019.0,233.899,41
2023-12-08 11:10:00-05:00,233.43,233.61,233.23,233.4,11880.0,233.368,55
2023-12-08 11:15:00-05:00,233.51,233.51,232.9,233.06,6683.0,232.986,21
2023-12-08 11:20:00-05:00,233.18,233.27,232.97,232.99,4423.0,233.076,43
2023-12-08 11:25:00-05:00,233.08,233.41,233.08,233.26,3292.0,233.192,27
2023-12-08 11:30:00-05:00,233.36,233.53,233.08,233.16,2385.0,233.357,22
2023-12-08 11:35:00-05:00,233.27,233.38,232.94,232.94,1741.0,233.228,14
2023-12-08 11:40:00-05:00,232.85,233.01,232.84,232.86,4079.0,232.92,36
2023-12-08 11:45:00-05:00,232.93,233.11,232.74,233.11,4691.0,232.839,39
2023-12-08 11:50:00-05:00,233.11,233.22,232.91,232.91,2407.0,233.062,20
2023-12-08 11:55:00-05:00,233.15,233.18,232.98,232.98,2011.0,233.086,18
2023-12-08 12:00:00-05:00,233.12,233.12,232.9,233.01,2104.0,233.009,20
2023-12-08 12:05:00-05:00,233.02,233.03,232.85,232.97,5155.0,232.928,41
2023-12-08 12:10:00-05:00,232.96,233.03,232.78,232.9,4618.0,232.917,38
2023-12-08 12:15:00-05:00,232.81,233.14,232.81,233.12,7730.0,232.974,60
2023-12-08 12:20:00-05:00,233.14,233.32,233.11,233.17,1410.0,233.23,14
2023-12-08 12:25:00-05:00,233.22,233.48,233.11,233.34,4810.0,233.29,45
2023-12-08 12:30:00-05:00,233.34,233.34,233.14,233.26,7460.0,233.23,53
2023-12-08 12:35:00-05:00,233.36,233.74,233.36,233.71,4158.0,233.505,41
2023-12-08 12:40:00-05:00,233.85,233.93,233.65,233.75,3768.0,233.779,34
2023-12-08 12:45:00-05:00,233.86,234.05,233.78,234.05,1302.0,233.864,11
2023-12-08 12:50:00-05:00,234.08,234.09,233.9,233.9,2499.0,233.978,22
2023-12-08 12:55:00-05:00,234.0,234.0,233.88,233.9,2544.0,233.939,24
2023-12-08 13:00:00-05:00,233.85,233.85,233.71,233.71,1762.0,233.805,13
2023-12-08 13:05:00-05:00,233.83,233.92,233.78,233.9,2877.0,233.857,25
2023-12-08 13:10:00-05:00,234.02,234.19,234.02,234.14,2828.0,234.079,21
2023-12-08 13:15:00-05:00,234.21,234.38,234.17,234.2,4393.0,234.257,39
2023-12-08 13:20:00-05:00,234.25,234.53,234.22,234.49,5994.0,234.308,31
2023-12-08 13:25:00-05:00,234.48,234.64,234.41,234.62,7706.0,234.504,61
2023-12-08 13:30:00-05:00,234.55,234.6,234.35,234.54,3549.0,234.464,32
2023-12-08 13:35:00-05:00,234.54,234.54,234.34,234.41,3336.0,234.437,23
2023-12-08 13:40:00-05:00,234.45,234.45,234.21,234.23,4297.0,234.283,37
2023-12-08 13:45:00-05:00,234.22,234.59,234.17,234.51,3383.0,234.429,23
2023-12-08 13:50:00-05:00,234.56,234.65,234.41,234.42,4020.0,234.533,35
2023-12-08 13:55:00-05:00,234.49,234.59,234.46,234.56,16603.0,234.509,56
2023-12-08 14:00:00-05:00,234.56,234.57,234.29,234.38,9418.0,234.38,84
2023-12-08 14:05:00-05:00,234.34,234.6,234.34,234.47,5805.0,234.49,49
2023-12-08 14:10:00-05:00,234.34,234.47,234.26,234.41,3645.0,234.372,31
2023-12-08 14:15:00-05:00,234.41,234.56,234.32,234.56,2955.0,234.461,26
2023-12-08 14:20:00-05:00,234.36,234.48,234.25,234.44,4070.0,234.381,38
2023-12-08 14:25:00-05:00,234.41,234.58,234.41,234.58,2597.0,234.508,22
2023-12-08 14:30:00-05:00,234.66,234.71,234.58,234.58,11061.0,234.644,97
2023-12-08 14:35:00-05:00,234.4,234.54,234.37,234.42,2121.0,234.458,19
2023-12-08 14:40:00-05:00,234.34,234.64,234.34,234.62,2768.0,234.514,19
2023-12-08 14:45:00-05:00,234.55,234.58,234.41,234.42,9000.0,234.541,38
2023-12-08 14:50:00-05:00,234.39,234.58,234.38,234.52,8888.0,234.437,38
2023-12-08 14:55:00-05:00,234.56,234.57,234.37,234.56,5749.0,234.481,43
2023-12-08 15:00:00-05:00,234.61,234.61,234.44,234.51,7091.0,234.524,36
2023-12-08 15:05:00-05:00,234.51,234.51,234.22,234.29,8756.0,234.38,73
2023-12-08 15:10:00-05:00,234.29,234.29,233.97,234.05,8850.0,234.131,69
2023-12-08 15:15:00-05:00,234.07,234.12,233.81,233.85,7248.0,234.021,45
2023-12-08 15:20:00-05:00,233.91,233.97,233.82,233.88,6477.0,233.894,50
2023-12-08 15:25:00-05:00,233.84,234.09,233.78,233.95,5910.0,233.962,44
2023-12-08 15:30:00-05:00,233.82,233.82,233.68,233.75,12291.0,233.76,103
2023-12-08 15:35:00-05:00,233.72,234.21,233.67,234.21,7700.0,233.928,68
2023-12-08 15:40:00-05:00,234.21,234.21,233.96,234.06,7863.0,234.073,62
2023-12-08 15:45:00-05:00,234.12,234.18,233.98,233.99,9726.0,234.098,88
2023-12-08 15:50:00-05:00,233.95,234.04,233.78,233.79,14872.0,233.901,124
2023-12-08 15:55:00-05:00,233.82,234.21,233.81,234.01,47246.0,234.037,367
2023-12-11 09:30:00-05:00,235.03,236.13,235.02,235.5,17085.0,235.139,44
2023-12-11 09:35:00-05:00,235.5,236.36,235.49,236.28,4784.0,236.06,45
2023-12-11 09:40:00-05:00,236.23,236.5,235.88,236.0,5860.0,236.268,51
2023-12-11 09:45:00-05:00,236.4,237.16,236.18,236.9,4309.0,236.618,32
2023-12-11 09:50:00-05:00,237.08,237.14,236.54,236.79,5806.0,236.875,51
2023-12-11 09:55:00-05:00,237.03,237.48,236.5,237.48,6750.0,236.823,60
2023-12-11 10:00:00-05:00,237.28,237.49,236.93,237.06,8028.0,237.267,70
2023-12-11 10:05:00-05:00,237.05,237.26,236.79,237.13,10567.0,237.063,100
2023-12-11 10:10:00-05:00,237.13,237.56,237.04,237.41,6682.0,237.336,62
2023-12-11 10:15:00-05:00,237.41,237.42,236.98,237.31,6910.0,237.253,57
2023-12-11 10:20:00-05:00,237.44,237.54,237.14,237.32,4135.0,237.375,38
2023-12-11 10:25:00-05:00,237.35,237.56,237.22,237.31,5477.0,237.415,47
2023-12-11 10:30:00-05:00,237.32,237.78,237.32,237.78,3140.0,237.469,31
2023-12-11 10:35:00-05:00,237.93,238.05,237.58,237.73,6928.0,237.819,62
2023-12-11 10:40:00-05:00,237.72,237.72,237.48,237.5,3338.0,237.573,31
2023-12-11 10:45:00-05:00,237.56,238.18,237.56,238.1,3490.0,237.927,33
2023-12-11 10:50:00-05:00,238.03,238.38,237.98,238.04,4783.0,238.188,36
2023-12-11 10:55:00-05:00,238.1,238.17,237.82,237.87,4732.0,238.049,44
2023-12-11 11:00:00-05:00,237.87,237.93,237.68,237.78,4963.0,237.834,29
2023-12-11 11:05:00-05:00,237.59,237.76,237.41,237.41,4453.0,237.617,39
2023-12-11 11:10:00-05:00,237.41,237.41,237.12,237.15,1627.0,237.271,14
2023-12-11 11:15:00-05:00,237.1,237.16,236.8,237.14,3601.0,237.014,33
2023-12-11 11:20:00-05:00,237.1,237.23,237.02,237.06,3111.0,237.133,27
2023-12-11 11:25:00-05:00,237.19,237.49,237.19,237.3,5736.0,237.365,21
2023-12-11 11:30:00-05:00,237.31,237.35,236.77,236.77,4430.0,237.07,41
2023-12-11 11:35:00-05:00,236.91,237.1,236.77,237.09,2700.0,236.925,24
2023-12-11 11:40:00-05:00,237.11,237.38,237.08,237.38,2599.0,237.177,24
2023-12-11 11:45:00-05:00,237.43,237.46,236.93,236.94,5404.0,237.284,39
2023-12-11 11:50:00-05:00,236.94,237.15,236.94,237.09,8124.0,237.035,73
2023-12-11 11:55:00-05:00,237.01,237.03,236.87,236.9,5730.0,236.969,48
2023-12-11 12:00:00-05:00,236.92,237.0,236.76,236.94,5775.0,236.865,49
2023-12-11 12:05:00-05:00,236.85,236.92,236.5,236.5,1216.0,236.706,12
2023-12-11 12:10:00-05:00,236.6,236.6,236.33,236.33,1600.0,236.434,16
2023-12-11 12:15:00-05:00,236.34,236.34,236.21,236.34,1100.0,236.286,11
2023-12-11 12:20:00-05:00,236.42,236.54,236.37,236.37,3387.0,236.46,28
2023-12-11 12:25:00-05:00,236.37,236.47,236.37,236.47,1039.0,236.41,8
2023-12-11 12:30:00-05:00,236.48,236.48,236.12,236.12,1570.0,236.335,13
2023-12-11 12:35:00-05:00,236.21,236.4,236.21,236.34,1732.0,236.325,15
2023-12-11 12:40:00-05:00,236.25,236.58,236.23,236.58,2052.0,236.372,18
2023-12-11 12:45:00-05:00,236.59,236.61,236.3,236.31,1824.0,236.501,16
2023-12-11 12:50:00-05:00,236.33,236.34,236.27,236.34,1852.0,236.327,17
2023-12-11 12:55:00-05:00,236.36,236.47,236.34,236.34,2506.0,236.407,24
2023-12-11 13:00:00-05:00,236.35,236.57,236.31,236.57,4580.0,236.422,41
2023-12-11 13:05:00-05:00,236.59,236.76,236.58,236.7,39871.0,236.737,46
2023-12-11 13:10:00-05:00,236.74,236.85,236.71,236.84,2541.0,236.817,23
2023-12-11 13:15:00-05:00,236.84,236.85,236.57,236.57,2129.0,236.657,14
2023-12-11 13:20:00-05:00,236.58,236.58,236.37,236.42,1200.0,236.519,12
2023-12-11 13:25:00-05:00,236.33,236.46,236.31,236.42,1240.0,236.39,12
2023-12-11 13:30:00-05:00,236.5,236.64,236.25,236.34,4918.0,236.483,42
2023-12-11 13:35:00-05:00,236.35,236.43,236.18,236.21,3216.0,236.289,28
2023-12-11 13:40:00-05:00,236.16,236.21,236.04,236.04,1981.0,236.145,19
2023-12-11 13:45:00-05:00,236.06,236.08,235.89,235.89,2698.0,235.993,24
2023-12-11 13:50:00-05:00,235.98,236.11,235.89,236.06,3797.0,235.999,35
2023-12-11 13:55:00-05:00,236.04,236.05,235.88,236.03,3067.0,236.006,19
2023-12-11 14:00:00-05:00,236.03,236.13,235.98,236.08,5290.0,236.061,43
2023-12-11 14:05:00-05:00,236.02,236.46,235.96,236.33,5458.0,236.255,48
2023-12-11 14:10:00-05:00,236.39,236.63,236.36,236.47,6842.0,236.492,46
2023-12-11 14:15:00-05:00,236.45,236.46,236.19,236.4,31627.0,236.335,99
2023-12-11 14:20:00-05:00,236.47,236.78,236.47,236.66,2826.0,236.605,26
2023-12-11 14:25:00-05:00,236.68,236.7,236.6,236.66,1892.0,236.648,17
2023-12-11 14:30:00-05:00,236.71,237.07,236.71,237.07,7002.0,236.908,51
2023-12-11 14:35:00-05:00,237.04,237.06,236.93,237.06,3375.0,236.998,30
2023-12-11 14:40:00-05:00,237.11,237.17,237.05,237.13,3897.0,237.105,35
2023-12-11 14:45:00-05:00,237.09,237.17,236.98,236.98,3245.0,237.1,27
2023-12-11 14:50:00-05:00,237.05,237.11,236.96,237.11,2588.0,237.028,24
2023-12-11 14:55:00-05:00,237.12,237.12,236.88,236.93,3478.0,236.989,32
2023-12-11 15:00:00-05:00,236.84,236.89,236.69,236.69,900.0,236.811,9
2023-12-11 15:05:00-05:00,236.71,236.82,236.59,236.81,4527.0,236.685,40
2023-12-11 15:10:00-05:00,236.81,236.87,236.73,236.87,5087.0,236.79,41
2023-12-11 15:15:00-05:00,236.92,237.09,236.9,237.06,3903.0,237.001,39
2023-12-11 15:20:00-05:00,237.06,237.1,236.79,237.0,8232.0,236.971,69
2023-12-11 15:25:00-05:00,236.96,237.0,236.55,236.56,10073.0,236.809,90
2023-12-11 15:30:00-05:00,236.49,237.05,236.49,236.99,9290.0,236.835,80
2023-12-11 15:35:00-05:00,237.0,237.03,236.92,237.03,9542.0,236.982,78
2023-12-11 15:40:00-05:00,237.03,237.27,237.02,237.14,13725.0,237.165,115
2023-12-11 15:45:00-05:00,237.11,237.22,237.08,237.16,11914.0,237.155,100
2023-12-11 15:50:00-05:00,237.13,237.4,236.98,237.36,25814.0,237.265,216
2023-12-11 15:55:00-05:00,237.34,237.67,237.31,237.37,90909.0,237.493,652
2023-12-12 09:30:00-05:00,236.35,237.39,236.35,236.85,23873.0,236.461,25
2023-12-12 09:35:00-05:00,236.56,236.94,236.29,236.57,1806.0,236.6,18
2023-12-12 09:40:00-05:00,236.6,236.6,235.85,236.03,1437.0,236.115,14
2023-12-12 09:45:00-05:00,236.23,236.62,236.06,236.52,3901.0,236.341,36
2023-12-12 09:50:00-05:00,236.82,237.68,236.78,237.68,2451.0,237.1,18
2023-12-12 09:55:00-05:00,237.88,238.07,237.08,237.34,6029.0,237.567,46
2023-12-12 10:00:00-05:00,237.45,237.49,236.84,236.84,7109.0,237.153,52
2023-12-12 10:05:00-05:00,237.05,238.77,237.05,238.52,4169.0,237.962,31
2023-12-12 10:10:00-05:00,238.43,238.52,237.6,237.61,4644.0,237.955,38
2023-12-12 10:15:00-05:00,237.51,237.7,237.22,237.7,6502.0,237.444,56
2023-12-12 10:20:00-05:00,237.71,237.93,237.59,237.73,6352.0,237.8,38
2023-12-12 10:25:00-05:00,237.74,237.74,237.48,237.48,5877.0,237.672,47
2023-12-12 10:30:00-05:00,237.49,237.74,237.27,237.74,7146.0,237.567,58
2023-12-12 10:35:00-05:00,237.73,237.92,237.57,237.92,1983.0,237.76,19
2023-12-12 10:40:00-05:00,237.85,237.95,237.81,237.89,5277.0,237.862,43
2023-12-12 10:45:00-05:00,237.9,238.23,237.88,237.93,6209.0,238.033,57
2023-12-12 10:50:00-05:00,237.91,237.91,237.73,237.87,2548.0,237.824,23
2023-12-12 10:55:00-05:00,237.81,237.93,237.6,237.71,6577.0,237.713,47
2023-12-12 11:00:00-05:00,237.64,237.99,237.63,237.87,8035.0,237.842,49
2023-12-12 11:05:00-05:00,237.99,238.02,237.61,237.66,3737.0,237.856,29
2023-12-12 11:10:00-05:00,237.61,237.91,237.51,237.79,3566.0,237.767,33
2023-12-12 11:15:00-05:00,237.71,237.71,237.31,237.31,900.0,237.479,9
2023-12-12 11:20:00-05:00,237.25,237.27,237.15,237.19,1442.0,237.214,14
2023-12-12 11:25:00-05:00,237.3,237.46,237.12,237.36,3832.0,237.319,30
2023-12-12 11:30:00-05:00,237.36,237.46,237.16,237.16,1204.0,237.341,12
2023-12-12 11:35:00-05:00,237.33,237.39,237.23,237.39,605.0,237.299,6
2023-12-12 11:40:00-05:00,237.14,237.47,237.14,237.47,1600.0,237.268,16
2023-12-12 11:45:00-05:00,237.47,237.69,237.41,237.59,3407.0,237.539,34
2023-12-12 11:50:00-05:00,237.68,237.75,237.65,237.74,1602.0,237.715,16
2023-12-12 11:55:00-05:00,237.72,237.98,237.7,237.72,4489.0,237.845,43
2023-12-12 12:00:00-05:00,237.64,237.96,237.64,237.96,1400.0,237.853,13
2023-12-12 12:05:00-05:00,238.03,238.15,237.85,237.86,1326.0,238.003,9
2023-12-12 12:10:00-05:00,237.83,238.25,237.78,238.25,3498.0,238.019,33
2023-12-12 12:15:00-05:00,238.31,238.75,238.3,238.74,4722.0,238.547,42
2023-12-12 12:20:00-05:00,238.75,239.04,238.69,238.76,4032.0,238.854,35
2023-12-12 12:25:00-05:00,238.84,238.88,238.32,238.51,1803.0,238.681,15
2023-12-12 12:30:00-05:00,238.56,238.57,238.39,238.55,1832.0,238.479,14
2023-12-12 12:35:00-05:00,238.64,238.64,238.53,238.64,800.0,238.598,7
2023-12-12 12:40:00-05:00,238.67,238.67,238.26,238.26,4422.0,238.576,40
2023-12-12 12:45:00-05:00,238.2,238.21,237.91,237.92,1947.0,238.062,13
2023-12-12 12:50:00-05:00,237.91,238.06,237.84,237.89,4789.0,237.958,37
2023-12-12 12:55:00-05:00,237.81,238.01,237.81,238.01,2204.0,237.886,19
2023-12-12 13:00:00-05:00,237.86,238.06,237.65,238.06,3431.0,237.857,30
2023-12-12 13:05:00-05:00,238.12,238.14,237.87,238.14,1406.0,238.008,14
2023-12-12 13:10:00-05:00,238.25,238.55,238.18,238.3,31679.0,238.225,53
2023-12-12 13:15:00-05:00,238.18,238.18,238.17,238.18,100.0,238.175,1
2023-12-12 13:20:00-05:00,238.09,238.22,238.09,238.18,800.0,238.172,8
2023-12-12 13:25:00-05:00,238.21,238.77,238.21,238.77,4779.0,238.537,46
2023-12-12 13:30:00-05:00,238.83,239.03,238.76,238.88,4511.0,238.861,34
2023-12-12 13:35:00-05:00,238.89,239.21,238.89,238.96,9754.0,239.041,92
2023-12-12 13:40:00-05:00,239.01,239.17,239.0,239.12,10441.0,239.1,57
2023-12-12 13:45:00-05:00,239.16,239.34,239.08,239.32,3200.0,239.181,28
2023-12-12 13:50:00-05:00,239.33,239.57,239.32,239.43,10304.0,239.471,79
2023-12-12 13:55:00-05:00,239.46,239.78,239.46,239.78,5071.0,239.6,44
2023-12-12 14:00:00-05:00,239.77,239.77,239.5,239.52,5793.0,239.64,52
2023-12-12 14:05:00-05:00,239.55,239.61,239.39,239.51,6379.0,239.504,60
2023-12-12 14:10:00-05:00,239.51,239.64,239.5,239.61,2975.0,239.549,24
2023-12-12 14:15:00-05:00,239.55,239.61,239.52,239.56,10378.0,239.574,76
2023-12-12 14:20:00-05:00,239.58,239.62,239.32,239.33,10070.0,239.53,67
2023-12-12 14:25:00-05:00,239.31,239.31,239.08,239.18,2717.0,239.189,21
2023-12-12 14:30:00-05:00,239.21,239.28,239.19,239.19,999.0,239.226,9
2023-12-12 14:35:00-05:00,239.23,239.3,239.18,239.24,5149.0,239.261,43
2023-12-12 14:40:00-05:00,239.24,239.36,239.23,239.26,1416.0,239.283,12
2023-12-12 14:45:00-05:00,239.25,239.28,239.11,239.17,2100.0,239.208,19
2023-12-12 14:50:00-05:00,239.18,239.21,239.06,239.06,2740.0,239.131,24
2023-12-12 14:55:00-05:00,239.23,239.35,239.22,239.23,3220.0,239.287,32
2023-12-12 15:00:00-05:00,239.26,239.37,239.2,239.37,2200.0,239.263,21
2023-12-12 15:05:00-05:00,239.29,239.52,239.25,239.33,5966.0,239.384,50
2023-12-12 15:10:00-05:00,239.27,239.34,239.17,239.34,2827.0,239.243,24
2023-12-12 15:15:00-05:00,239.37,239.41,239.26,239.36,2563.0,239.347,25
2023-12-12 15:20:00-05:00,239.34,239.35,239.2,239.33,29327.0,239.338,41
2023-12-12 15:25:00-05:00,239.29,239.46,239.29,239.31,5606.0,239.374,52
2023-12-12 15:30:00-05:00,239.16,239.31,239.08,239.29,10266.0,239.211,82
2023-12-12 15:35:00-05:00,239.27,239.36,239.04,239.09,18045.0,239.21,146
2023-12-12 15:40:00-05:00,239.11,239.42,239.1,239.3,26664.0,239.251,115
2023-12-12 15:45:00-05:00,239.25,239.28,238.92,238.96,32677.0,239.106,71
2023-12-12 15:50:00-05:00,238.88,239.36,238.82,239.36,29971.0,239.087,226
2023-12-12 15:55:00-05:00,239.46,239.8,239.24,239.32,45706.0,239.473,353
2023-12-13 09:30:00-05:00,239.75,239.75,238.45,239.5,21154.0,238.581,31
2023-12-13 09:35:00-05:00,239.29,239.41,238.35,238.84,9668.0,238.909,24
2023-12-13 09:40:00-05:00,238.54,239.37,238.54,239.27,3197.0,239.176,27
2023-12-13 09:45:00-05:00,239.03,239.17,238.63,239.17,3669.0,238.877,32
2023-12-13 09:50:00-05:00,239.14,239.26,238.44,238.57,4605.0,238.885,35
2023-12-13 09:55:00-05:00,238.62,239.36,238.56,239.24,12158.0,238.697,34
2023-12-13 10:00:00-05:00,239.19,239.19,238.09,238.32,10094.0,238.725,65
2023-12-13 10:05:00-05:00,238.53,238.68,238.28,238.48,5618.0,238.555,44
2023-12-13 10:10:00-05:00,238.42,238.52,238.26,238.26,3260.0,238.414,26
2023-12-13 10:15:00-05:00,238.11,238.21,237.89,238.18,11799.0,238.095,17
2023-12-13 10:20:00-05:00,238.18,238.44,238.09,238.19,2105.0,238.287,19
2023-12-13 10:25:00-05:00,238.19,238.21,237.93,238.11,14736.0,238.029,50
2023-12-13 10:30:00-05:00,238.06,238.61,238.05,238.4,4777.0,238.314,37
2023-12-13 10:35:00-05:00,238.5,238.57,238.27,238.56,10654.0,238.39,69
2023-12-13 10:40:00-05:00,238.61,238.86,238.59,238.7,2278.0,238.649,21
2023-12-13 10:45:00-05:00,238.7,238.83,238.52,238.76,915.0,238.663,9
2023-12-13 10:50:00-05:00,238.78,239.12,238.67,239.07,1810.0,238.953,16
2023-12-13 10:55:00-05:00,239.04,239.31,239.01,239.16,7052.0,239.139,57
2023-12-13 11:00:00-05:00,239.05,239.22,238.94,239.15,6751.0,239.075,62
2023-12-13 11:05:00-05:00,239.01,239.05,238.73,238.77,1609.0,238.856,16
2023-12-13 11:10:00-05:00,238.72,238.72,238.29,238.34,2678.0,238.445,17
2023-12-13 11:15:00-05:00,238.33,238.45,238.27,238.36,8278.0,238.344,32
2023-12-13 11:20:00-05:00,238.39,238.48,237.95,237.99,8103.0,238.089,61
2023-12-13 11:25:00-05:00,238.03,238.26,237.93,238.21,2773.0,238.05,24
2023-12-13 11:30:00-05:00,238.0,238.07,237.91,237.96,6399.0,237.993,52
2023-12-13 11:35:00-05:00,237.94,237.99,237.19,237.2,6786.0,237.832,61
2023-12-13 11:40:00-05:00,237.01,237.04,235.96,236.25,16255.0,236.192,105
2023-12-13 11:45:00-05:00,236.34,236.5,235.82,235.98,20365.0,236.23,102
2023-12-13 11:50:00-05:00,236.15,236.16,235.36,235.52,29606.0,235.608,216
2023-12-13 11:55:00-05:00,235.49,236.01,235.42,235.99,5666.0,235.868,48
2023-12-13 12:00:00-05:00,235.99,236.4,235.91,236.21,19832.0,236.172,85
2023-12-13 12:05:00-05:00,236.25,236.7,236.25,236.68,2653.0,236.494,24
2023-12-13 12:10:00-05:00,236.59,236.74,236.38,236.72,6727.0,236.641,56
2023-12-13 12:15:00-05:00,236.76,237.16,236.76,236.89,4132.0,236.944,33
2023-12-13 12:20:00-05:00,236.9,237.04,236.86,236.99,3225.0,236.948,27
2023-12-13 12:25:00-05:00,236.98,236.98,236.51,236.64,5958.0,236.63,50
2023-12-13 12:30:00-05:00,236.59,236.91,236.58,236.91,1401.0,236.724,12
2023-12-13 12:35:00-05:00,236.88,236.99,236.81,236.99,2110.0,236.913,17
2023-12-13 12:40:00-05:00,236.99,237.29,236.94,237.29,5003.0,237.075,44
2023-12-13 12:45:00-05:00,237.41,237.57,237.3,237.41,13488.0,237.412,124
2023-12-13 12:50:00-05:00,237.44,237.58,237.37,237.39,2484.0,237.443,22
2023-12-13 12:55:00-05:00,237.44,237.68,237.3,237.31,7322.0,237.507,46
2023-12-13 13:00:00-05:00,237.35,237.68,237.23,237.34,5785.0,237.509,53
2023-12-13 13:05:00-05:00,237.16,237.31,236.86,236.88,3192.0,237.041,28
2023-12-13 13:10:00-05:00,236.84,237.17,236.83,236.99,5903.0,236.953,52
2023-12-13 13:15:00-05:00,237.12,237.15,237.03,237.04,1843.0,237.075,17
2023-12-13 13:20:00-05:00,236.94,236.99,236.81,236.81,2645.0,236.931,20
2023-12-13 13:25:00-05:00,236.81,236.91,236.73,236.91,2294.0,236.824,15
2023-12-13 13:30:00-05:00,236.83,236.83,236.65,236.72,2927.0,236.733,26
2023-12-13 13:35:00-05:00,236.7,236.88,236.64,236.65,2963.0,236.772,28
2023-12-13 13:40:00-05:00,236.57,236.62,236.49,236.62,1901.0,236.545,19
2023-12-13 13:45:00-05:00,236.56,236.7,236.48,236.63,2784.0,236.611,25
2023-12-13 13:50:00-05:00,236.69,237.16,236.68,237.16,3297.0,236.954,28
2023-12-13 13:55:00-05:00,237.22,237.32,237.18,237.21,2019.0,237.223,16
2023-12-13 14:00:00-05:00,237.43,238.9,237.43,238.77,4496.0,238.481,41
2023-12-13 14:05:00-05:00,238.85,238.88,238.5,238.51,2022.0,238.671,19
2023-12-13 14:10:00-05:00,238.61,238.67,238.31,238.67,9604.0,238.475,73
2023-12-13 14:15:00-05:00,238.69,238.92,238.51,238.68,6148.0,238.764,50
2023-12-13 14:20:00-05:00,238.95,238.95,238.71,238.75,5642.0,238.797,41
2023-12-13 14:25:00-05:00,238.62,238.65,238.18,238.26,3905.0,238.45,29
2023-12-13 14:30:00-05:00,238.26,238.51,238.26,238.35,4090.0,238.361,33
2023-12-13 14:35:00-05:00,238.35,238.85,238.26,238.64,10134.0,238.608,78
2023-12-13 14:40:00-05:00,238.48,239.09,238.48,238.9,6049.0,238.878,49
2023-12-13 14:45:00-05:00,238.92,239.49,238.78,239.42,5122.0,239.245,45
2023-12-13 14:50:00-05:00,239.38,239.48,239.09,239.09,11793.0,239.339,48
2023-12-13 14:55:00-05:00,238.91,239.75,238.91,239.35,6776.0,239.471,55
2023-12-13 15:00:00-05:00,239.23,239.67,239.11,239.63,6114.0,239.38,49
2023-12-13 15:05:00-05:00,239.67,239.76,238.85,238.85,6878.0,239.269,58
2023-12-13 15:10:00-05:00,238.76,238.76,237.82,237.82,4168.0,238.221,41
2023-12-13 15:15:00-05:00,237.81,238.12,237.79,237.81,8424.0,237.964,74
2023-12-13 15:20:00-05:00,237.79,238.01,237.13,237.13,8076.0,237.57,72
2023-12-13 15:25:00-05:00,237.03,237.43,236.73,237.43,6358.0,237.102,43
2023-12-13 15:30:00-05:00,237.35,237.38,237.0,237.22,7864.0,237.182,71
2023-12-13 15:35:00-05:00,237.29,237.77,237.25,237.77,8901.0,237.557,79
2023-12-13 15:40:00-05:00,237.78,237.93,237.52,237.71,12936.0,237.741,104
2023-12-13 15:45:00-05:00,237.7,237.77,237.51,237.65,18671.0,237.672,165
2023-12-13 15:50:00-05:00,237.8,237.84,237.3,237.65,18064.0,237.579,150
2023-12-13 15:55:00-05:00,237.71,238.34,237.69,238.04,51157.0,238.019,357
2023-12-14 09:30:00-05:00,239.25,240.83,238.5,240.41,24351.0,239.933,36
2023-12-14 09:35:00-05:00,240.77,241.21,239.66,239.88,10178.0,240.177,56
2023-12-14 09:40:00-05:00,239.9,240.45,239.89,240.09,10832.0,240.048,71
2023-12-14 09:45:00-05:00,239.99,240.42,239.12,239.14,23323.0,240.044,75
2023-12-14 09:50:00-05:00,239.08,239.08,237.1,237.14,44771.0,238.396,136
2023-12-14 09:55:00-05:00,236.97,237.87,236.94,237.87,13225.0,237.45,111
2023-12-14 10:00:00-05:00,237.87,238.05,237.22,237.31,18772.0,237.722,163
2023-12-14 10:05:00-05:00,237.31,237.72,236.76,236.97,23106.0,237.375,172
2023-12-14 10:10:00-05:00,236.83,236.93,236.38,236.46,15396.0,236.611,130
2023-12-14 10:15:00-05:00,236.2,236.22,235.52,235.63,17289.0,235.874,152
2023-12-14 10:20:00-05:00,235.72,236.78,235.62,236.78,14480.0,235.94,120
2023-12-14 10:25:00-05:00,236.78,237.38,236.78,236.9,8319.0,237.067,72
2023-12-14 10:30:00-05:00,237.14,237.97,237.14,237.69,4871.0,237.672,41
2023-12-14 10:35:00-05:00,237.78,238.03,237.48,237.91,8487.0,237.733,67
2023-12-14 10:40:00-05:00,238.09,238.35,238.0,238.17,3327.0,238.153,28
2023-12-14 10:45:00-05:00,238.25,238.57,237.97,238.05,7171.0,238.211,65
2023-12-14 10:50:00-05:00,237.92,238.08,237.46,237.57,18128.0,237.722,115
2023-12-14 10:55:00-05:00,237.58,237.85,237.41,237.7,14055.0,237.713,66
2023-12-14 11:00:00-05:00,237.67,237.67,237.2,237.35,4261.0,237.359,32
2023-12-14 11:05:00-05:00,237.37,237.82,237.29,237.82,3299.0,237.482,24
2023-12-14 11:10:00-05:00,237.65,238.11,237.63,237.76,4701.0,237.931,43
2023-12-14 11:15:00-05:00,237.78,238.28,237.78,238.28,2184.0,238.081,19
2023-12-14 11:20:00-05:00,238.49,238.49,237.96,238.1,20120.0,238.181,28
2023-12-14 11:25:00-05:00,237.99,238.43,237.67,238.42,10399.0,237.895,59
2023-12-14 11:30:00-05:00,238.5,238.7,238.48,238.48,4884.0,238.569,43
2023-12-14 11:35:00-05:00,238.48,238.51,238.0,238.22,4911.0,238.33,33
2023-12-14 11:40:00-05:00,238.3,238.74,238.3,238.74,4476.0,238.543,28
2023-12-14 11:45:00-05:00,238.83,238.83,238.64,238.64,3489.0,238.698,18
2023-12-14 11:50:00-05:00,238.75,238.83,238.36,238.44,4769.0,238.665,39
2023-12-14 11:55:00-05:00,238.33,238.55,238.3,238.55,8515.0,238.391,59
2023-12-14 12:00:00-05:00,238.59,239.1,238.57,238.99,6866.0,238.826,58
2023-12-14 12:05:00-05:00,239.05,239.14,238.91,239.14,4710.0,238.997,41
2023-12-14 12:10:00-05:00,239.19,239.64,239.14,239.52,1600.0,239.413,16
2023-12-14 12:15:00-05:00,239.63,239.96,239.47,239.48,16495.0,239.681,73
2023-12-14 12:20:00-05:00,239.48,239.63,239.32,239.33,4192.0,239.488,36
2023-12-14 12:25:00-05:00,239.27,239.58,239.2,239.52,12975.0,239.431,64
2023-12-14 12:30:00-05:00,239.68,239.69,239.38,239.63,2422.0,239.55,23
2023-12-14 12:35:00-05:00,239.66,239.81,239.49,239.56,8453.0,239.661,75
2023-12-14 12:40:00-05:00,239.59,240.0,239.55,239.98,7765.0,239.713,30
2023-12-14 12:45:00-05:00,240.01,240.57,240.0,240.29,8643.0,240.374,68
2023-12-14 12:50:00-05:00,240.19,240.28,239.97,240.28,110224.0,240.09,49
2023-12-14 12:55:00-05:00,240.13,240.35,239.92,240.14,6323.0,240.075,58
2023-12-14 13:00:00-05:00,240.02,240.05,239.61,239.61,18643.0,239.946,153
2023-12-14 13:05:00-05:00,239.53,239.63,239.33,239.43,5100.0,239.482,46
2023-12-14 13:10:00-05:00,239.49,239.67,239.45,239.57,4059.0,239.569,35
2023-12-14 13:15:00-05:00,239.5,239.68,239.42,239.63,5255.0,239.548,45
2023-12-14 13:20:00-05:00,239.61,239.61,239.35,239.48,4008.0,239.469,39
2023-12-14 13:25:00-05:00,239.43,239.59,239.29,239.29,5471.0,239.496,51
2023-12-14 13:30:00-05:00,239.35,239.35,239.04,239.27,7732.0,239.224,73
2023-12-14 13:35:00-05:00,239.27,239.66,239.27,239.65,10179.0,239.456,49
2023-12-14 13:40:00-05:00,239.62,239.99,239.55,239.99,14400.0,239.77,52
2023-12-14 13:45:00-05:00,239.99,240.09,239.75,239.75,13401.0,240.001,117
2023-12-14 13:50:00-05:00,239.73,239.8,238.75,238.87,19755.0,239.054,81
2023-12-14 13:55:00-05:00,238.82,239.04,238.72,238.78,15362.0,238.848,123
2023-12-14 14:00:00-05:00,238.84,239.2,238.75,239.07,18208.0,238.944,140
2023-12-14 14:05:00-05:00,239.06,239.65,239.06,239.65,26055.0,239.236,143
2023-12-14 14:10:00-05:00,239.62,239.79,239.57,239.64,4021.0,239.691,37
2023-12-14 14:15:00-05:00,239.71,239.85,239.59,239.79,3155.0,239.758,31
2023-12-14 14:20:00-05:00,239.67,239.7,239.52,239.61,3685.0,239.604,32
2023-12-14 14:25:00-05:00,239.6,239.67,239.27,239.5,7488.0,239.459,58
2023-12-14 14:30:00-05:00,239.56,239.56,239.38,239.47,8443.0,239.454,74
2023-12-14 14:35:00-05:00,239.47,239.59,239.32,239.44,8362.0,239.438,69
2023-12-14 14:40:00-05:00,239.43,239.43,239.07,239.19,7308.0,239.273,63
2023-12-14 14:45:00-05:00,239.19,239.67,239.12,239.63,34312.0,239.319,144
2023-12-14 14:50:00-05:00,239.63,239.75,239.57,239.61,20039.0,239.656,162
2023-12-14 14:55:00-05:00,239.58,239.66,239.31,239.34,9196.0,239.527,79
2023-12-14 15:00:00-05:00,239.31,239.32,239.05,239.05,9529.0,239.223,78
2023-12-14 15:05:00-05:00,239.01,239.47,239.01,239.35,12033.0,239.23,95
2023-12-14 15:10:00-05:00,239.34,239.34,238.87,239.07,12797.0,239.057,115
2023-12-14 15:15:00-05:00,239.04,239.38,239.0,239.29,4536.0,239.182,42
2023-12-14 15:20:00-05:00,239.3,239.3,238.99,239.26,10762.0,239.151,98
2023-12-14 15:25:00-05:00,239.36,239.45,239.17,239.34,6476.0,239.343,56
2023-12-14 15:30:00-05:00,239.41,239.54,239.27,239.27,11863.0,239.383,101
2023-12-14 15:35:00-05:00,239.24,239.4,239.03,239.08,7799.0,239.226,72
2023-12-14 15:40:00-05:00,239.03,239.17,238.86,238.92,10832.0,239.014,97
2023-12-14 15:45:00-05:00,238.97,239.13,238.78,238.93,13001.0,238.942,114
2023-12-14 15:50:00-05:00,238.92,238.94,238.71,238.88,26937.0,238.837,228
2023-12-14 15:55:00-05:00,238.87,239.23,238.81,238.94,92895.0,239.02,683
2023-12-15 09:30:00-05:00,234.84,237.42,234.45,237.29,284089.0,235.074,48
2023-12-15 09:35:00-05:00,237.8,238.45,237.12,237.34,8501.0,237.818,65
2023-12-15 09:40:00-05:00,237.33,239.24,237.06,239.06,9755.0,238.181,79
2023-12-15 09:45:00-05:00,239.11,239.12,237.99,238.57,11354.0,238.526,96
2023-12-15 09:50:00-05:00,238.61,239.73,238.1,239.65,7555.0,238.74,57
2023-12-15 09:55:00-05:00,239.57,239.65,239.23,239.4,8981.0,239.399,74
2023-12-15 10:00:00-05:00,239.47,240.53,239.47,240.41,10409.0,240.238,85
2023-12-15 10:05:00-05:00,240.4,240.99,240.33,240.79,5989.0,240.687,51
2023-12-15 10:10:00-05:00,241.06,241.12,240.49,240.75,8183.0,240.766,73
2023-12-15 10:15:00-05:00,240.66,241.17,240.58,241.01,8814.0,240.828,65
2023-12-15 10:20:00-05:00,241.25,241.36,240.84,241.06,8632.0,241.073,63
2023-12-15 10:25:00-05:00,241.09,241.4,240.96,240.96,12890.0,241.161,64
2023-12-15 10:30:00-05:00,241.05,241.05,240.59,240.66,7250.0,240.757,49
2023-12-15 10:35:00-05:00,240.64,240.71,240.07,240.09,7193.0,240.489,59
2023-12-15 10:40:00-05:00,240.26,240.64,240.26,240.35,11831.0,240.426,62
2023-12-15 10:45:00-05:00,240.37,240.38,240.07,240.07,5546.0,240.265,35
2023-12-15 10:50:00-05:00,240.17,240.81,240.17,240.81,5323.0,240.344,47
2023-12-15 10:55:00-05:00,240.75,240.98,240.54,240.54,6749.0,240.757,55
2023-12-15 11:00:00-05:00,240.65,240.89,240.52,240.52,6773.0,240.719,56
2023-12-15 11:05:00-05:00,240.62,240.64,240.31,240.38,4147.0,240.438,40
2023-12-15 11:10:00-05:00,240.34,240.34,239.93,240.16,3049.0,240.055,25
2023-12-15 11:15:00-05:00,240.18,240.24,240.06,240.08,5936.0,240.16,54
2023-12-15 11:20:00-05:00,240.03,240.08,239.73,239.89,6903.0,239.911,60
2023-12-15 11:25:00-05:00,240.03,240.81,239.97,240.81,9177.0,240.39,82
2023-12-15 11:30:00-05:00,240.74,241.09,240.7,240.84,8633.0,240.892,78
2023-12-15 11:35:00-05:00,240.84,241.09,240.74,240.74,10750.0,240.903,102
2023-12-15 11:40:00-05:00,240.63,240.65,240.37,240.38,2467.0,240.411,15
2023-12-15 11:45:00-05:00,240.41,240.67,240.25,240.49,5820.0,240.395,49
2023-12-15 11:50:00-05:00,240.43,240.69,240.26,240.3,3177.0,240.53,31
2023-12-15 11:55:00-05:00,240.21,240.34,240.11,240.34,2500.0,240.197,23
2023-12-15 12:00:00-05:00,240.21,240.28,240.07,240.07,2930.0,240.207,29
2023-12-15 12:05:00-05:00,240.05,240.16,240.03,240.16,1450.0,240.095,14
2023-12-15 12:10:00-05:00,240.13,240.78,240.12,240.65,6746.0,240.448,49
2023-12-15 12:15:00-05:00,240.59,240.88,240.58,240.62,7124.0,240.701,69
2023-12-15 12:20:00-05:00,240.55,240.86,240.41,240.86,3455.0,240.589,34
2023-12-15 12:25:00-05:00,240.76,240.76,240.31,240.31,2079.0,240.562,19
2023-12-15 12:30:00-05:00,240.37,240.47,240.34,240.4,11730.0,240.439,38
2023-12-15 12:35:00-05:00,240.34,240.5,240.25,240.42,6725.0,240.34,56
2023-12-15 12:40:00-05:00,240.41,240.48,240.39,240.44,5093.0,240.421,48
2023-12-15 12:45:00-05:00,240.44,240.85,240.38,240.82,16513.0,240.534,115
2023-12-15 12:50:00-05:00,240.82,240.82,240.55,240.6,3209.0,240.666,31
2023-12-15 12:55:00-05:00,240.54,240.66,240.44,240.57,16175.0,240.545,112
2023-12-15 13:00:00-05:00,240.52,240.57,240.41,240.57,7407.0,240.478,69
2023-12-15 13:05:00-05:00,240.59,240.7,240.51,240.63,5400.0,240.585,36
2023-12-15 13:10:00-05:00,240.63,240.77,240.52,240.76,2645.0,240.6,24
2023-12-15 13:15:00-05:00,240.75,240.9,240.66,240.83,2158.0,240.751,19
2023-12-15 13:20:00-05:00,240.83,240.87,240.68,240.78,4186.0,240.78,38
2023-12-15 13:25:00-05:00,240.69,240.9,240.68,240.86,5418.0,240.737,43
2023-12-15 13:30:00-05:00,240.84,240.84,240.61,240.69,3873.0,240.726,36
2023-12-15 13:35:00-05:00,240.7,240.7,240.46,240.57,15852.0,240.534,129
2023-12-15 13:40:00-05:00,240.5,240.58,240.12,240.23,33955.0,240.359,291
2023-12-15 13:45:00-05:00,240.23,240.35,239.98,240.35,9745.0,240.142,89
2023-12-15 13:50:00-05:00,240.28,240.59,240.25,240.26,7705.0,240.338,69
2023-12-15 13:55:00-05:00,240.28,240.47,240.24,240.28,3753.0,240.34,34
2023-12-15 14:00:00-05:00,240.28,240.66,240.26,240.52,6673.0,240.474,64
2023-12-15 14:05:00-05:00,240.51,240.54,240.38,240.39,3624.0,240.448,35
2023-12-15 14:10:00-05:00,240.39,240.62,240.37,240.45,4076.0,240.483,29
2023-12-15 14:15:00-05:00,240.48,240.63,240.34,240.6,7160.0,240.482,60
2023-12-15 14:20:00-05:00,240.63,240.65,240.43,240.45,1887.0,240.544,16
2023-12-15 14:25:00-05:00,240.36,240.4,240.2,240.31,16637.0,240.316,144
2023-12-15 14:30:00-05:00,240.31,240.6,240.3,240.59,5465.0,240.383,44
2023-12-15 14:35:00-05:00,240.58,240.79,240.58,240.7,1996.0,240.696,19
2023-12-15 14:40:00-05:00,240.74,241.19,240.67,241.09,7082.0,240.96,54
2023-12-15 14:45:00-05:00,241.06,241.23,241.0,241.05,8445.0,241.111,63
2023-12-15 14:50:00-05:00,241.11,241.17,241.03,241.15,4945.0,241.099,35
2023-12-15 14:55:00-05:00,241.14,241.17,240.83,240.97,3708.0,240.994,32
2023-12-15 15:00:00-05:00,241.0,241.09,240.93,241.01,2493.0,241.03,21
2023-12-15 15:05:00-05:00,240.96,241.1,240.9,240.9,3419.0,240.974,23
2023-12-15 15:10:00-05:00,240.82,240.82,240.34,240.46,3719.0,240.596,32
2023-12-15 15:15:00-05:00,240.51,240.84,240.51,240.68,5638.0,240.699,49
2023-12-15 15:20:00-05:00,240.72,240.82,240.67,240.72,3216.0,240.745,29
2023-12-15 15:25:00-05:00,240.74,240.74,240.49,240.52,4273.0,240.626,39
2023-12-15 15:30:00-05:00,240.55,240.55,239.99,240.01,4975.0,240.288,43
2023-12-15 15:35:00-05:00,239.88,240.19,239.76,240.0,11395.0,240.012,100
2023-12-15 15:40:00-05:00,239.98,240.07,239.89,240.05,14625.0,239.989,136
2023-12-15 15:45:00-05:00,240.04,240.75,240.01,240.74,24557.0,240.389,210
2023-12-15 15:50:00-05:00,240.88,241.13,239.92,240.93,26165.0,240.683,218
2023-12-15 15:55:00-05:00,240.92,241.1,239.96,240.01,112219.0,240.349,785
2023-12-18 09:30:00-05:00,239.98,239.98,238.27,239.04,17507.0,239.915,10
2023-12-18 09:35:00-05:00,239.44,240.11,239.43,239.76,4482.0,239.794,24
2023-12-18 09:40:00-05:00,239.33,239.93,239.12,239.93,2077.0,239.529,18
2023-12-18 09:45:00-05:00,240.0,240.2,239.91,240.0,1342.0,240.054,11
2023-12-18 09:50:00-05:00,240.0,240.0,239.26,239.42,2936.0,239.48,23
2023-12-18 09:55:00-05:00,239.26,239.26,238.91,238.92,5680.0,239.045,36
2023-12-18 10:00:00-05:00,239.07,239.72,239.07,239.72,5414.0,239.435,46
2023-12-18 10:05:00-05:00,239.53,239.86,239.14,239.14,5823.0,239.619,52
2023-12-18 10:10:00-05:00,239.23,239.39,238.83,239.02,5942.0,239.11,48
2023-12-18 10:15:00-05:00,239.03,239.37,238.92,239.31,3418.0,239.183,30
2023-12-18 10:20:00-05:00,239.33,239.35,239.04,239.26,7338.0,239.195,59
2023-12-18 10:25:00-05:00,239.33,239.33,239.15,239.2,3432.0,239.233,20
2023-12-18 10:30:00-05:00,239.2,239.37,239.01,239.34,5603.0,239.229,49
2023-12-18 10:35:00-05:00,239.49,239.68,239.31,239.31,2991.0,239.417,28
2023-12-18 10:40:00-05:00,239.47,239.72,239.42,239.53,4389.0,239.572,42
2023-12-18 10:45:00-05:00,239.51,239.53,239.34,239.48,3010.0,239.449,23
2023-12-18 10:50:00-05:00,239.38,239.38,239.09,239.12,3962.0,239.229,35
2023-12-18 10:55:00-05:00,239.19,239.67,239.19,239.43,4799.0,239.553,32
2023-12-18 11:00:00-05:00,239.45,239.69,239.43,239.58,3245.0,239.564,30
2023-12-18 11:05:00-05:00,239.72,240.05,239.72,239.96,1856.0,239.864,15
2023-12-18 11:10:00-05:00,240.02,240.07,239.94,240.01,2406.0,239.984,22
2023-12-18 11:15:00-05:00,239.9,240.02,239.81,240.02,1607.0,239.898,15
2023-12-18 11:20:00-05:00,239.93,239.94,239.8,239.81,1663.0,239.869,16
2023-12-18 11:25:00-05:00,239.94,239.99,239.86,239.9,1950.0,239.944,19
2023-12-18 11:30:00-05:00,239.88,240.04,239.58,239.63,3158.0,239.801,28
2023-12-18 11:35:00-05:00,239.64,239.72,239.59,239.7,2596.0,239.66,18
2023-12-18 11:40:00-05:00,239.72,239.82,239.68,239.82,2071.0,239.764,20
2023-12-18 11:45:00-05:00,239.91,240.0,239.81,239.91,2415.0,239.904,22
2023-12-18 11:50:00-05:00,239.96,240.05,239.91,239.96,1200.0,239.967,11
2023-12-18 11:55:00-05:00,239.99,240.0,239.84,239.96,1471.0,239.949,14
2023-12-18 12:00:00-05:00,239.91,239.91,239.64,239.68,2750.0,239.78,26
2023-12-18 12:05:00-05:00,239.75,239.88,239.74,239.84,2097.0,239.812,17
2023-12-18 12:10:00-05:00,239.84,240.25,239.84,240.19,3151.0,240.069,15
2023-12-18 12:15:00-05:00,240.16,240.3,239.88,240.02,15100.0,240.148,31
2023-12-18 12:20:00-05:00,240.03,240.03,239.58,239.58,5036.0,239.824,34
2023-12-18 12:25:00-05:00,239.72,239.72,239.58,239.65,1913.0,239.663,17
2023-12-18 12:30:00-05:00,239.67,239.76,239.61,239.62,3059.0,239.686,22
2023-12-18 12:35:00-05:00,239.6,239.9,239.6,239.75,2614.0,239.756,23
2023-12-18 12:40:00-05:00,239.91,240.02,239.8,239.81,1892.0,239.895,18
2023-12-18 12:45:00-05:00,239.79,239.84,239.67,239.8,2321.0,239.758,19
2023-12-18 12:50:00-05:00,239.68,239.7,239.47,239.66,5712.0,239.584,48
2023-12-18 12:55:00-05:00,239.61,239.68,239.47,239.54,1300.0,239.609,13
2023-12-18 13:00:00-05:00,239.55,239.74,239.47,239.63,2642.0,239.575,26
2023-12-18 13:05:00-05:00,239.7,239.86,239.7,239.83,2106.0,239.767,19
2023-12-18 13:10:00-05:00,239.8,239.81,239.56,239.56,1472.0,239.692,14
2023-12-18 13:15:00-05:00,239.5,239.5,239.21,239.35,2005.0,239.385,19
2023-12-18 13:20:00-05:00,239.43,239.51,239.38,239.4,2228.0,239.448,20
2023-12-18 13:25:00-05:00,239.36,239.42,239.2,239.29,1546.0,239.324,13
2023-12-18 13:30:00-05:00,239.3,239.34,239.19,239.24,3009.0,239.267,22
2023-12-18 13:35:00-05:00,239.26,239.31,239.23,239.29,1859.0,239.274,12
2023-12-18 13:40:00-05:00,239.31,239.32,239.22,239.22,2000.0,239.269,16
2023-12-18 13:45:00-05:00,239.2,239.23,239.16,239.16,1442.0,239.188,14
2023-12-18 13:50:00-05:00,239.29,239.33,239.14,239.15,3067.0,239.259,27
2023-12-18 13:55:00-05:00,239.12,239.24,239.02,239.24,4612.0,239.116,44
2023-12-18 14:00:00-05:00,239.3,239.52,239.29,239.38,1317.0,239.398,11
2023-12-18 14:05:00-05:00,239.39,239.44,239.25,239.44,2320.0,239.339,21
2023-12-18 14:10:00-05:00,239.5,239.64,239.49,239.59,1757.0,239.583,15
2023-12-18 14:15:00-05:00,239.51,239.53,239.39,239.52,1999.0,239.477,17
2023-12-18 14:20:00-05:00,239.68,239.69,239.51,239.68,3346.0,239.602,29
2023-12-18 14:25:00-05:00,239.7,239.7,239.28,239.46,3013.0,239.539,28
2023-12-18 14:30:00-05:00,239.5,239.5,239.29,239.33,2823.0,239.423,27
2023-12-18 14:35:00-05:00,239.34,239.34,239.14,239.17,1200.0,239.195,11
2023-12-18 14:40:00-05:00,239.21,239.59,239.16,239.57,3615.0,239.356,32
2023-12-18 14:45:00-05:00,239.67,239.88,239.67,239.7,2207.0,239.773,20
2023-12-18 14:50:00-05:00,239.63,239.69,239.56,239.56,3539.0,239.621,29
2023-12-18 14:55:00-05:00,239.63,239.68,239.58,239.66,1912.0,239.63,19
2023-12-18 15:00:00-05:00,239.59,239.62,239.33,239.45,2809.0,239.503,27
2023-12-18 15:05:00-05:00,239.46,239.51,239.3,239.51,5153.0,239.384,43
2023-12-18 15:10:00-05:00,239.52,239.98,239.52,239.95,3526.0,239.784,29
2023-12-18 15:15:00-05:00,239.92,240.06,239.64,239.76,2948.0,239.903,28
2023-12-18 15:20:00-05:00,239.71,239.98,239.71,239.97,4121.0,239.875,34
2023-12-18 15:25:00-05:00,239.88,240.13,239.86,240.1,3432.0,239.974,29
2023-12-18 15:30:00-05:00,240.09,240.1,239.8,239.89,5831.0,239.958,50
2023-12-18 15:35:00-05:00,239.89,240.0,239.8,239.93,6821.0,239.877,47
2023-12-18 15:40:00-05:00,239.97,240.08,239.93,240.01,6384.0,239.998,43
2023-12-18 15:45:00-05:00,240.0,240.11,239.94,240.11,11891.0,240.027,95
2023-12-18 15:50:00-05:00,240.01,240.3,239.99,240.3,19238.0,240.135,168
2023-12-18 15:55:00-05:00,240.21,240.52,240.04,240.15,53146.0,240.236,412
2023-12-19 09:30:00-05:00,240.33,240.4,239.66,240.21,14085.0,240.307,20
2023-12-19 09:35:00-05:00,240.51,240.63,239.86,240.39,1654.0,240.147,12
2023-12-19 09:40:00-05:00,240.66,240.73,240.02,240.73,2904.0,240.43,28
2023-12-19 09:45:00-05:00,240.66,241.0,240.25,240.7,7231.0,240.593,66
2023-12-19 09:50:00-05:00,240.66,240.99,240.55,240.99,3337.0,240.793,30
2023-12-19 09:55:00-05:00,240.87,241.22,240.68,240.86,10195.0,240.955,80
2023-12-19 10:00:00-05:00,241.02,241.28,240.79,241.28,10356.0,241.034,96
2023-12-19 10:05:00-05:00,241.2,241.26,240.79,240.8,9149.0,241.135,79
2023-12-19 10:10:00-05:00,240.8,241.04,240.68,241.04,7811.0,240.862,75
2023-12-19 10:15:00-05:00,241.18,241.2,240.93,241.05,5413.0,241.086,45
2023-12-19 10:20:00-05:00,241.0,241.61,240.77,241.59,23141.0,241.212,55
2023-12-19 10:25:00-05:00,241.64,241.64,241.23,241.23,1767.0,241.51,15
2023-12-19 10:30:00-05:00,241.21,241.21,241.0,241.06,1771.0,241.06,15
2023-12-19 10:35:00-05:00,240.94,241.04,240.79,241.0,2739.0,240.984,18
2023-12-19 10:40:00-05:00,240.95,241.27,240.74,241.25,4056.0,240.921,35
2023-12-19 10:45:00-05:00,241.09,241.09,240.57,240.63,1660.0,240.718,16
2023-12-19 10:50:00-05:00,240.74,240.86,240.71,240.75,1319.0,240.776,13
2023-12-19 10:55:00-05:00,240.68,240.79,240.47,240.64,1425.0,240.628,10
2023-12-19 11:00:00-05:00,240.56,240.7,240.54,240.6,2674.0,240.586,16
2023-12-19 11:05:00-05:00,240.53,240.83,240.52,240.83,3495.0,240.616,25
2023-12-19 11:10:00-05:00,240.81,240.83,240.6,240.6,2594.0,240.711,21
2023-12-19 11:15:00-05:00,240.62,240.77,240.61,240.74,900.0,240.705,8
2023-12-19 11:20:00-05:00,240.65,240.68,240.53,240.57,2044.0,240.605,19
2023-12-19 11:25:00-05:00,240.5,240.76,240.5,240.73,1867.0,240.67,17
2023-12-19 11:30:00-05:00,240.63,240.63,240.4,240.5,2639.0,240.502,25
2023-12-19 11:35:00-05:00,240.34,240.53,240.3,240.53,1074.0,240.4,10
2023-12-19 11:40:00-05:00,240.78,240.85,240.73,240.75,1230.0,240.76,11
2023-12-19 11:45:00-05:00,240.77,240.78,240.69,240.74,1184.0,240.729,10
2023-12-19 11:50:00-05:00,240.74,240.74,240.57,240.57,1900.0,240.641,18
2023-12-19 11:55:00-05:00,240.58,240.58,240.33,240.35,4055.0,240.443,36
2023-12-19 12:00:00-05:00,240.27,240.45,240.25,240.41,7455.0,240.314,67
2023-12-19 12:05:00-05:00,240.42,240.51,240.37,240.39,5549.0,240.436,53
2023-12-19 12:10:00-05:00,240.43,240.44,240.36,240.42,1100.0,240.4,11
2023-12-19 12:15:00-05:00,240.35,240.35,240.21,240.22,799.0,240.297,7
2023-12-19 12:20:00-05:00,240.23,240.25,240.09,240.09,1400.0,240.184,12
2023-12-19 12:25:00-05:00,240.08,240.08,239.99,240.0,1926.0,240.027,14
2023-12-19 12:30:00-05:00,239.97,240.24,239.93,240.17,2533.0,240.076,22
2023-12-19 12:35:00-05:00,240.18,240.26,240.03,240.15,2505.0,240.146,22
2023-12-19 12:40:00-05:00,240.18,240.2,240.11,240.11,1267.0,240.151,10
2023-12-19 12:45:00-05:00,240.1,240.23,240.01,240.23,1798.0,240.119,14
2023-12-19 12:50:00-05:00,240.24,240.64,240.24,240.58,2332.0,240.46,23
2023-12-19 12:55:00-05:00,240.51,240.51,240.4,240.41,800.0,240.466,6
2023-12-19 13:00:00-05:00,240.49,240.51,240.4,240.43,1679.0,240.469,13
2023-12-19 13:05:00-05:00,240.4,240.41,240.21,240.23,3762.0,240.303,33
2023-12-19 13:10:00-05:00,240.33,240.4,240.33,240.4,400.0,240.36,4
2023-12-19 13:15:00-05:00,240.38,240.38,240.23,240.23,2288.0,240.289,18
2023-12-19 13:20:00-05:00,240.22,240.54,240.22,240.49,3438.0,240.452,31
2023-12-19 13:25:00-05:00,240.47,240.52,240.14,240.27,2194.0,240.34,20
2023-12-19 13:30:00-05:00,240.42,240.58,240.42,240.55,1245.0,240.498,10
2023-12-19 13:35:00-05:00,240.44,240.59,240.44,240.48,3213.0,240.538,25
2023-12-19 13:40:00-05:00,240.49,240.7,240.48,240.69,700.0,240.631,7
2023-12-19 13:45:00-05:00,240.76,240.84,240.68,240.71,1572.0,240.742,15
2023-12-19 13:50:00-05:00,240.73,240.83,240.65,240.67,3299.0,240.728,27
2023-12-19 13:55:00-05:00,240.64,240.64,240.27,240.43,3300.0,240.409,29
2023-12-19 14:00:00-05:00,240.38,240.45,240.32,240.34,5028.0,240.385,44
2023-12-19 14:05:00-05:00,240.34,240.39,240.3,240.33,2754.0,240.354,27
2023-12-19 14:10:00-05:00,240.35,240.47,240.35,240.47,3445.0,240.395,34
2023-12-19 14:15:00-05:00,240.42,240.45,240.33,240.43,1367.0,240.387,13
2023-12-19 14:20:00-05:00,240.44,240.64,240.38,240.6,2888.0,240.517,26
2023-12-19 14:25:00-05:00,240.64,240.85,240.64,240.84,500.0,240.744,4
2023-12-19 14:30:00-05:00,240.77,241.0,240.76,240.89,3898.0,240.938,25
2023-12-19 14:35:00-05:00,240.93,241.03,240.86,240.86,1890.0,240.956,14
2023-12-19 14:40:00-05:00,240.83,240.85,240.7,240.73,1200.0,240.783,10
2023-12-19 14:45:00-05:00,240.66,240.72,240.57,240.6,3071.0,240.652,27
2023-12-19 14:50:00-05:00,240.57,240.57,240.27,240.36,4748.0,240.359,45
2023-12-19 14:55:00-05:00,240.39,240.55,240.38,240.55,2606.0,240.444,25
2023-12-19 15:00:00-05:00,240.65,240.81,240.64,240.81,2531.0,240.74,23
2023-12-19 15:05:00-05:00,240.68,240.68,240.4,240.42,3207.0,240.56,28
2023-12-19 15:10:00-05:00,240.46,240.86,240.45,240.86,4371.0,240.61,39
2023-12-19 15:15:00-05:00,240.81,240.89,240.74,240.76,4188.0,240.817,36
2023-12-19 15:20:00-05:00,240.71,241.0,240.7,240.92,32322.0,240.817,153
2023-12-19 15:25:00-05:00,240.92,240.97,240.62,240.97,5222.0,240.788,51
2023-12-19 15:30:00-05:00,240.98,241.0,240.72,240.91,4634.0,240.885,35
2023-12-19 15:35:00-05:00,240.82,240.84,240.75,240.84,3074.0,240.793,28
2023-12-19 15:40:00-05:00,240.86,241.03,240.86,240.93,9420.0,240.989,78
2023-12-19 15:45:00-05:00,240.9,241.07,240.81,241.03,8087.0,240.941,63
2023-12-19 15:50:00-05:00,241.14,241.44,241.13,241.2,12889.0,241.294,99
2023-12-19 15:55:00-05:00,241.23,242.0,241.22,241.87,59072.0,241.756,400
2023-12-20 09:30:00-05:00,241.06,241.39,240.05,241.04,20646.0,240.926,43
2023-12-20 09:35:00-05:00,240.86,241.38,240.46,241.32,2042.0,241.048,17
2023-12-20 09:40:00-05:00,241.38,241.42,241.2,241.29,3977.0,241.317,37
2023-12-20 09:45:00-05:00,241.32,241.54,241.12,241.38,6141.0,241.426,54
2023-12-20 09:50:00-05:00,241.54,241.88,241.42,241.43,5793.0,241.661,49
2023-12-20 09:55:00-05:00,241.3,241.68,240.93,241.66,7239.0,241.217,63
2023-12-20 10:00:00-05:00,241.74,242.21,241.64,241.74,6396.0,241.882,62
2023-12-20 10:05:00-05:00,241.7,242.24,241.61,242.15,14507.0,241.927,116
2023-12-20 10:10:00-05:00,242.18,242.18,241.82,241.93,6961.0,242.0,59
2023-12-20 10:15:00-05:00,241.93,242.79,241.92,242.7,8120.0,242.373,74
2023-12-20 10:20:00-05:00,242.59,242.66,242.22,242.34,4498.0,242.389,40
2023-12-20 10:25:00-05:00,242.2,242.51,242.19,242.51,5043.0,242.371,40
2023-12-20 10:30:00-05:00,242.55,242.76,242.41,242.45,6824.0,242.538,66
2023-12-20 10:35:00-05:00,242.5,242.83,242.41,242.83,5415.0,242.555,44
2023-12-20 10:40:00-05:00,242.81,243.17,242.74,243.12,5113.0,242.876,45
2023-12-20 10:45:00-05:00,243.15,243.18,242.76,242.91,3373.0,242.994,25
2023-12-20 10:50:00-05:00,242.91,243.02,242.76,242.9,2039.0,242.898,18
2023-12-20 10:55:00-05:00,242.92,242.92,242.8,242.89,2204.0,242.855,15
2023-12-20 11:00:00-05:00,242.83,242.9,242.65,242.69,2171.0,242.784,20
2023-12-20 11:05:00-05:00,242.72,243.09,242.61,242.86,5356.0,242.826,50
2023-12-20 11:10:00-05:00,242.9,243.03,242.89,243.03,1116.0,242.952,11
2023-12-20 11:15:00-05:00,243.05,243.07,242.81,242.86,3316.0,242.926,30
2023-12-20 11:20:00-05:00,242.89,242.97,242.81,242.93,3028.0,242.889,28
2023-12-20 11:25:00-05:00,242.84,242.84,242.15,242.41,3664.0,242.446,35
2023-12-20 11:30:00-05:00,242.41,242.8,242.33,242.67,6937.0,242.523,63
2023-12-20 11:35:00-05:00,242.53,242.62,242.39,242.51,1500.0,242.483,15
2023-12-20 11:40:00-05:00,242.51,242.62,242.48,242.6,2561.0,242.553,23
2023-12-20 11:45:00-05:00,242.57,242.75,242.52,242.75,1500.0,242.62,15
2023-12-20 11:50:00-05:00,242.55,243.1,242.55,243.09,3598.0,242.823,32
2023-12-20 11:55:00-05:00,243.09,243.15,242.62,242.62,16659.0,242.927,23
2023-12-20 12:00:00-05:00,242.63,242.65,242.5,242.63,3266.0,242.607,17
2023-12-20 12:05:00-05:00,242.62,242.68,242.43,242.44,3796.0,242.559,37
2023-12-20 12:10:00-05:00,242.48,242.5,241.98,242.05,3584.0,242.17,34
2023-12-20 12:15:00-05:00,242.12,242.12,241.88,241.89,5131.0,241.981,42
2023-12-20 12:20:00-05:00,241.93,242.03,241.76,241.99,8051.0,241.946,71
2023-12-20 12:25:00-05:00,241.98,242.19,241.92,242.01,7442.0,242.038,66
2023-12-20 12:30:00-05:00,242.05,242.05,241.45,241.49,3792.0,241.701,32
2023-12-20 12:35:00-05:00,241.45,241.64,241.45,241.64,3160.0,241.545,30
2023-12-20 12:40:00-05:00,241.64,241.77,241.63,241.77,7967.0,241.686,70
2023-12-20 12:45:00-05:00,241.83,241.87,241.63,241.74,1973.0,241.754,17
2023-12-20 12:50:00-05:00,241.66,241.93,241.65,241.92,3047.0,241.787,27
2023-12-20 12:55:00-05:00,241.95,242.13,241.95,242.1,2069.0,242.043,20
2023-12-20 13:00:00-05:00,242.0,242.0,241.7,241.72,2123.0,241.889,20
2023-12-20 13:05:00-05:00,241.77,241.99,241.68,241.99,3336.0,241.862,33
2023-12-20 13:10:00-05:00,241.79,241.83,241.63,241.64,1098.0,241.771,7
2023-12-20 13:15:00-05:00,241.6,241.69,241.58,241.64,2076.0,241.641,20
2023-12-20 13:20:00-05:00,241.58,241.58,241.29,241.3,1926.0,241.433,19
2023-12-20 13:25:00-05:00,241.27,241.3,241.09,241.3,4677.0,241.229,45
2023-12-20 13:30:00-05:00,241.31,241.34,241.21,241.3,3560.0,241.298,28
2023-12-20 13:35:00-05:00,241.34,241.37,241.19,241.34,5077.0,241.28,47
2023-12-20 13:40:00-05:00,241.25,241.25,241.06,241.09,1915.0,241.157,19
2023-12-20 13:45:00-05:00,241.04,241.15,241.04,241.09,1898.0,241.095,18
2023-12-20 13:50:00-05:00,241.06,241.17,240.95,240.96,4485.0,241.099,42
2023-12-20 13:55:00-05:00,240.99,241.0,240.77,240.89,4201.0,240.873,31
2023-12-20 14:00:00-05:00,240.83,240.87,240.35,240.69,27020.0,240.491,119
2023-12-20 14:05:00-05:00,240.73,241.27,240.73,241.21,7027.0,241.015,61
2023-12-20 14:10:00-05:00,241.14,241.39,241.12,241.39,5006.0,241.224,44
2023-12-20 14:15:00-05:00,241.33,241.33,241.12,241.19,1506.0,241.203,15
2023-12-20 14:20:00-05:00,241.11,241.19,240.99,240.99,5496.0,241.143,52
2023-12-20 14:25:00-05:00,241.09,241.09,240.91,240.91,3315.0,241.002,33
2023-12-20 14:30:00-05:00,240.95,241.0,240.79,240.95,3032.0,240.926,29
2023-12-20 14:35:00-05:00,240.97,241.55,240.82,240.82,9438.0,241.194,87
2023-12-20 14:40:00-05:00,240.75,241.1,240.63,240.82,3159.0,240.911,28
2023-12-20 14:45:00-05:00,240.79,240.88,240.61,240.73,2580.0,240.724,24
2023-12-20 14:50:00-05:00,240.78,240.82,239.31,240.05,5552.0,239.965,54
2023-12-20 14:55:00-05:00,240.24,240.24,239.6,239.69,3606.0,239.776,32
2023-12-20 15:00:00-05:00,239.89,239.89,239.15,239.18,1904.0,239.538,14
2023-12-20 15:05:00-05:00,239.08,239.43,238.9,239.42,7180.0,239.175,59
2023-12-20 15:10:00-05:00,239.52,239.94,239.35,239.36,5227.0,239.59,49
2023-12-20 15:15:00-05:00,239.54,240.14,239.48,239.83,7830.0,239.825,63
2023-12-20 15:20:00-05:00,239.9,240.15,239.6,239.71,6932.0,239.92,58
2023-12-20 15:25:00-05:00,239.62,240.03,239.45,239.48,7234.0,239.697,65
2023-12-20 15:30:00-05:00,239.55,239.84,239.35,239.66,10235.0,239.528,85
2023-12-20 15:35:00-05:00,239.67,239.67,239.3,239.32,6384.0,239.483,58
2023-12-20 15:40:00-05:00,239.32,239.84,239.32,239.78,7675.0,239.587,70
2023-12-20 15:45:00-05:00,239.79,239.9,239.61,239.9,10945.0,239.749,98
2023-12-20 15:50:00-05:00,240.11,240.16,239.12,239.31,16233.0,239.525,147
2023-12-20 15:55:00-05:00,239.22,239.28,238.4,238.44,52399.0,238.658,392
2023-12-21 09:30:00-05:00,240.1,240.64,239.25,239.63,14794.0,240.137,10
2023-12-21 09:35:00-05:00,240.25,241.18,240.25,241.18,1539.0,240.801,9
2023-12-21 09:40:00-05:00,240.78,241.18,240.57,240.57,6438.0,241.024,25
2023-12-21 09:45:00-05:00,240.74,240.9,240.73,240.84,859.0,240.788,8
2023-12-21 09:50:00-05:00,240.68,241.23,240.68,240.89,17475.0,241.119,34
2023-12-21 09:55:00-05:00,240.82,241.11,240.77,241.1,1509.0,240.937,14
2023-12-21 10:00:00-05:00,241.13,241.87,241.04,241.09,7445.0,241.389,63
2023-12-21 10:05:00-05:00,240.97,241.2,240.84,240.84,3294.0,240.977,28
2023-12-21 10:10:00-05:00,240.66,241.57,240.65,241.45,9348.0,241.251,44
2023-12-21 10:15:00-05:00,241.12,241.22,240.99,241.11,1344.0,241.105,12
2023-12-21 10:20:00-05:00,241.09,241.35,241.07,241.29,2268.0,241.176,22
2023-12-21 10:25:00-05:00,241.47,241.47,240.54,240.9,8428.0,240.874,75
2023-12-21 10:30:00-05:00,240.84,240.99,240.71,240.99,1600.0,240.855,16
2023-12-21 10:35:00-05:00,240.92,240.92,240.71,240.79,3121.0,240.783,25
2023-12-21 10:40:00-05:00,240.73,241.4,240.68,241.37,4579.0,241.06,41
2023-12-21 10:45:00-05:00,241.51,241.55,241.27,241.43,3100.0,241.419,31
2023-12-21 10:50:00-05:00,241.27,241.44,241.25,241.34,2714.0,241.326,25
2023-12-21 10:55:00-05:00,241.3,241.49,241.22,241.44,2995.0,241.338,21
2023-12-21 11:00:00-05:00,241.49,241.82,241.48,241.58,4115.0,241.611,40
2023-12-21 11:05:00-05:00,241.58,241.69,241.48,241.5,3216.0,241.564,29
2023-12-21 11:10:00-05:00,241.73,241.77,241.37,241.4,2870.0,241.516,26
2023-12-21 11:15:00-05:00,241.74,242.0,241.68,241.93,4184.0,241.834,32
2023-12-21 11:20:00-05:00,241.95,242.38,241.94,242.38,5350.0,242.235,39
2023-12-21 11:25:00-05:00,242.36,242.38,242.04,242.15,5005.0,242.253,42
2023-12-21 11:30:00-05:00,242.08,242.25,241.8,241.8,5525.0,242.048,46
2023-12-21 11:35:00-05:00,241.8,242.05,241.62,241.84,3727.0,241.85,35
2023-12-21 11:40:00-05:00,241.8,241.8,241.42,241.53,2512.0,241.645,23
2023-12-21 11:45:00-05:00,241.59,241.59,241.21,241.22,1904.0,241.327,19
2023-12-21 11:50:00-05:00,241.17,241.46,241.17,241.22,8420.0,241.307,76
2023-12-21 11:55:00-05:00,241.08,241.28,241.01,241.02,1959.0,241.098,19
2023-12-21 12:00:00-05:00,240.95,241.44,240.78,240.84,7434.0,241.105,56
2023-12-21 12:05:00-05:00,240.72,241.01,240.72,240.85,2304.0,240.867,22
2023-12-21 12:10:00-05:00,240.85,241.1,240.85,240.96,2189.0,240.994,21
2023-12-21 12:15:00-05:00,241.03,241.05,240.9,240.93,2333.0,240.946,18
2023-12-21 12:20:00-05:00,240.94,241.13,240.85,241.13,2636.0,240.965,26
2023-12-21 12:25:00-05:00,241.12,241.12,240.74,240.81,3432.0,240.909,30
2023-12-21 12:30:00-05:00,240.77,241.19,240.76,240.92,2930.0,241.005,29
2023-12-21 12:35:00-05:00,240.93,241.12,240.74,241.12,2009.0,240.925,17
2023-12-21 12:40:00-05:00,241.21,241.52,241.21,241.44,2792.0,241.381,26
2023-12-21 12:45:00-05:00,241.47,241.81,241.36,241.8,9231.0,241.484,68
2023-12-21 12:50:00-05:00,241.86,241.9,241.48,241.59,12241.0,241.623,109
2023-12-21 12:55:00-05:00,241.58,241.68,241.46,241.68,12743.0,241.551,120
2023-12-21 13:00:00-05:00,241.74,241.82,241.59,241.67,3485.0,241.707,32
2023-12-21 13:05:00-05:00,241.59,241.68,241.51,241.62,5165.0,241.571,49
2023-12-21 13:10:00-05:00,241.56,241.83,241.55,241.55,5183.0,241.646,49
2023-12-21 13:15:00-05:00,241.55,241.55,241.25,241.3,6650.0,241.446,58
2023-12-21 13:20:00-05:00,241.2,241.82,241.2,241.63,4239.0,241.574,40
2023-12-21 13:25:00-05:00,241.72,241.78,241.51,241.78,3331.0,241.627,30
2023-12-21 13:30:00-05:00,241.85,241.91,241.65,241.75,1900.0,241.798,18
2023-12-21 13:35:00-05:00,241.68,241.93,241.65,241.93,1920.0,241.794,19
2023-12-21 13:40:00-05:00,241.86,241.94,241.79,241.86,1475.0,241.861,14
2023-12-21 13:45:00-05:00,241.91,242.15,241.9,242.0,3513.0,242.005,35
2023-12-21 13:50:00-05:00,241.94,242.11,241.94,242.0,2604.0,242.005,25
2023-12-21 13:55:00-05:00,242.06,242.23,242.05,242.11,3731.0,242.157,28
2023-12-21 14:00:00-05:00,242.17,242.17,241.97,242.01,2826.0,242.071,25
2023-12-21 14:05:00-05:00,242.0,242.06,241.89,242.06,1811.0,241.98,15
2023-12-21 14:10:00-05:00,241.9,242.13,241.79,241.82,3018.0,241.975,29
2023-12-21 14:15:00-05:00,241.97,242.27,241.91,242.26,2666.0,242.02,14
2023-12-21 14:20:00-05:00,242.31,242.31,241.96,242.11,3243.0,242.104,29
2023-12-21 14:25:00-05:00,242.12,242.31,242.0,242.31,1813.0,242.198,18
2023-12-21 14:30:00-05:00,242.26,242.33,242.13,242.25,2520.0,242.204,24
2023-12-21 14:35:00-05:00,242.3,242.33,242.14,242.31,2644.0,242.238,24
2023-12-21 14:40:00-05:00,242.31,242.63,242.28,242.63,5400.0,242.405,50
2023-12-21 14:45:00-05:00,242.76,242.76,242.49,242.55,4100.0,242.566,37
2023-12-21 14:50:00-05:00,242.58,242.62,242.45,242.45,2231.0,242.553,22
2023-12-21 14:55:00-05:00,242.42,242.52,242.25,242.52,9025.0,242.372,85
2023-12-21 15:00:00-05:00,242.53,242.64,242.42,242.55,5853.0,242.519,58
2023-12-21 15:05:00-05:00,242.54,242.54,242.32,242.49,6604.0,242.403,58
2023-12-21 15:10:00-05:00,242.49,242.91,242.48,242.91,8265.0,242.696,78
2023-12-21 15:15:00-05:00,242.91,243.16,242.85,243.1,12163.0,243.019,115
2023-12-21 15:20:00-05:00,243.2,243.24,243.01,243.18,8754.0,243.134,79
2023-12-21 15:25:00-05:00,243.2,243.48,243.14,243.48,5609.0,243.291,53
2023-12-21 15:30:00-05:00,243.53,243.58,243.17,243.2,7752.0,243.382,70
2023-12-21 15:35:00-05:00,243.19,243.38,243.13,243.29,5311.0,243.276,49
2023-12-21 15:40:00-05:00,243.4,243.45,243.3,243.35,5773.0,243.389,54
2023-12-21 15:45:00-05:00,243.32,243.56,243.26,243.33,7899.0,243.38,70
2023-12-21 15:50:00-05:00,243.36,243.48,243.13,243.33,12439.0,243.322,110
2023-12-21 15:55:00-05:00,243.27,243.63,243.27,243.4,29786.0,243.497,241
2023-12-22 09:30:00-05:00,244.0,244.62,243.99,244.04,13581.0,244.017,12
2023-12-22 09:35:00-05:00,243.69,244.51,243.64,244.38,4311.0,244.237,34
2023-12-22 09:40:00-05:00,244.33,244.78,243.78,243.94,3716.0,244.295,35
2023-12-22 09:45:00-05:00,243.83,243.83,243.44,243.5,1237.0,243.55,11
2023-12-22 09:50:00-05:00,243.46,243.82,243.46,243.52,3154.0,243.635,29
2023-12-22 09:55:00-05:00,243.7,243.71,243.18,243.24,1449.0,243.448,14
2023-12-22 10:00:00-05:00,243.54,243.74,243.24,243.49,5980.0,243.436,51
2023-12-22 10:05:00-05:00,243.49,243.53,243.35,243.49,1000.0,243.445,10
2023-12-22 10:10:00-05:00,243.55,243.55,243.24,243.43,1580.0,243.38,15
2023-12-22 10:15:00-05:00,243.54,243.56,243.2,243.24,3402.0,243.413,33
2023-12-22 10:20:00-05:00,243.2,243.35,243.16,243.27,4242.0,243.253,34
2023-12-22 10:25:00-05:00,243.19,243.78,243.17,243.78,3452.0,243.437,34
2023-12-22 10:30:00-05:00,244.02,244.43,243.96,244.2,2996.0,244.197,27
2023-12-22 10:35:00-05:00,244.11,244.14,243.13,243.41,4592.0,243.519,40
2023-12-22 10:40:00-05:00,243.4,243.4,243.21,243.36,4079.0,243.319,39
2023-12-22 10:45:00-05:00,243.45,243.51,243.06,243.09,6154.0,243.291,57
2023-12-22 10:50:00-05:00,243.12,243.31,242.88,243.06,3579.0,243.087,31
2023-12-22 10:55:00-05:00,243.08,243.08,242.62,242.71,4898.0,242.847,40
2023-12-22 11:00:00-05:00,242.68,242.86,242.24,242.72,3045.0,242.612,28
2023-12-22 11:05:00-05:00,242.69,242.86,242.61,242.84,2806.0,242.755,27
2023-12-22 11:10:00-05:00,242.84,242.91,242.76,242.85,2021.0,242.838,20
2023-12-22 11:15:00-05:00,242.87,242.99,242.75,242.8,3486.0,242.834,31
2023-12-22 11:20:00-05:00,242.73,243.08,242.73,243.02,3503.0,242.845,35
2023-12-22 11:25:00-05:00,242.89,243.14,242.76,243.13,6347.0,242.97,48
2023-12-22 11:30:00-05:00,243.13,243.19,242.97,243.0,2997.0,243.105,24
2023-12-22 11:35:00-05:00,242.91,243.23,242.87,243.22,1848.0,243.039,16
2023-12-22 11:40:00-05:00,243.12,243.54,243.12,243.34,3691.0,243.405,20
2023-12-22 11:45:00-05:00,243.14,243.56,243.1,243.51,1500.0,243.288,14
2023-12-22 11:50:00-05:00,243.52,243.71,243.2,243.71,10208.0,243.49,33
2023-12-22 11:55:00-05:00,243.74,243.79,243.36,243.36,4442.0,243.578,44
2023-12-22 12:00:00-05:00,243.39,243.6,243.38,243.39,1650.0,243.476,16
2023-12-22 12:05:00-05:00,243.44,243.44,242.98,243.12,1800.0,243.182,18
2023-12-22 12:10:00-05:00,243.05,243.08,242.94,242.96,1743.0,243.012,17
2023-12-22 12:15:00-05:00,242.94,242.94,242.71,242.81,3091.0,242.834,26
2023-12-22 12:20:00-05:00,242.77,242.87,242.56,242.77,4784.0,242.765,39
2023-12-22 12:25:00-05:00,242.81,243.05,242.75,243.05,5071.0,242.896,42
2023-12-22 12:30:00-05:00,243.01,243.13,242.83,243.11,5486.0,242.939,41
2023-12-22 12:35:00-05:00,243.11,243.27,243.01,243.05,1665.0,243.15,15
2023-12-22 12:40:00-05:00,243.16,243.32,243.16,243.32,1146.0,243.22,11
2023-12-22 12:45:00-05:00,243.26,243.31,243.16,243.16,1432.0,243.255,14
2023-12-22 12:50:00-05:00,243.09,243.09,243.09,243.09,500.0,243.09,5
2023-12-22 12:55:00-05:00,242.99,243.19,242.89,243.18,2250.0,243.015,20
2023-12-22 13:00:00-05:00,243.12,243.38,243.12,243.38,1217.0,243.252,12
2023-12-22 13:05:00-05:00,243.45,243.63,243.41,243.54,3458.0,243.478,13
2023-12-22 13:10:00-05:00,243.58,243.68,243.53,243.68,500.0,243.574,5
2023-12-22 13:15:00-05:00,243.72,243.79,243.65,243.65,2404.0,243.724,22
2023-12-22 13:20:00-05:00,243.62,243.72,243.6,243.61,3614.0,243.664,24
2023-12-22 13:25:00-05:00,243.57,243.57,243.39,243.4,1084.0,243.493,9
2023-12-22 13:30:00-05:00,243.46,243.54,243.4,243.54,2795.0,243.504,22
2023-12-22 13:35:00-05:00,243.59,243.68,243.37,243.38,3640.0,243.557,33
2023-12-22 13:40:00-05:00,243.25,243.39,243.2,243.39,1227.0,243.288,11
2023-12-22 13:45:00-05:00,243.43,243.53,243.29,243.53,8287.0,243.371,81
2023-12-22 13:50:00-05:00,243.42,243.42,243.01,243.06,3723.0,243.173,24
2023-12-22 13:55:00-05:00,243.06,243.45,243.05,243.27,8037.0,243.313,70
2023-12-22 14:00:00-05:00,243.4,243.4,243.01,243.04,3145.0,243.183,30
2023-12-22 14:05:00-05:00,242.96,242.96,242.48,242.49,1504.0,242.718,12
2023-12-22 14:10:00-05:00,242.7,242.77,242.66,242.75,1429.0,242.712,12
2023-12-22 14:15:00-05:00,242.77,242.77,242.12,242.24,3014.0,242.495,29
2023-12-22 14:20:00-05:00,242.33,242.33,241.89,242.03,2834.0,242.108,26
2023-12-22 14:25:00-05:00,241.78,241.88,241.64,241.64,3035.0,241.814,29
2023-12-22 14:30:00-05:00,241.66,241.9,241.5,241.8,14080.0,241.75,135
2023-12-22 14:35:00-05:00,241.77,242.18,241.77,242.09,2821.0,241.928,28
2023-12-22 14:40:00-05:00,242.23,242.59,242.21,242.5,1822.0,242.432,15
2023-12-22 14:45:00-05:00,242.56,242.76,242.5,242.56,1750.0,242.599,15
2023-12-22 14:50:00-05:00,242.69,242.96,242.64,242.8,2203.0,242.784,17
2023-12-22 14:55:00-05:00,242.81,242.81,242.48,242.73,6054.0,242.676,56
2023-12-22 15:00:00-05:00,242.72,242.8,242.56,242.72,5348.0,242.71,50
2023-12-22 15:05:00-05:00,242.79,242.91,242.66,242.71,1974.0,242.778,17
2023-12-22 15:10:00-05:00,242.65,242.7,242.45,242.55,3300.0,242.599,32
2023-12-22 15:15:00-05:00,242.53,242.71,242.48,242.56,2217.0,242.542,20
2023-12-22 15:20:00-05:00,242.67,242.78,242.49,242.75,3886.0,242.639,37
2023-12-22 15:25:00-05:00,242.71,242.99,242.67,242.86,4660.0,242.853,25
2023-12-22 15:30:00-05:00,242.94,243.0,242.56,242.57,2869.0,242.776,27
2023-12-22 15:35:00-05:00,242.54,242.64,242.41,242.41,7613.0,242.526,63
2023-12-22 15:40:00-05:00,242.22,242.46,242.14,242.46,11235.0,242.314,76
2023-12-22 15:45:00-05:00,242.47,242.55,242.0,242.09,7823.0,242.388,67
2023-12-22 15:50:00-05:00,242.19,242.69,242.14,242.51,27990.0,242.496,211
2023-12-22 15:55:00-05:00,242.66,242.66,242.09,242.4,49223.0,242.272,394
2023-12-26 09:30:00-05:00,242.37,242.37,241.57,241.57,3379.0,242.346,2
2023-12-26 09:35:00-05:00,242.69,242.91,241.77,241.77,1554.0,242.493,9
2023-12-26 09:40:00-05:00,242.2,242.27,241.65,241.96,7190.0,241.825,35
2023-12-26 09:45:00-05:00,241.84,242.69,241.78,242.57,3604.0,242.314,32
2023-12-26 09:50:00-05:00,242.58,242.58,242.42,242.49,1034.0,242.494,7
2023-12-26 09:55:00-05:00,242.55,242.67,242.27,242.67,1975.0,242.478,16
2023-12-26 10:00:00-05:00,242.67,242.97,242.66,242.9,1457.0,242.792,11
2023-12-26 10:05:00-05:00,242.9,242.99,242.72,242.72,1214.0,242.817,11
2023-12-26 10:10:00-05:00,242.68,242.84,242.68,242.73,3259.0,242.762,23
2023-12-26 10:15:00-05:00,242.81,242.82,242.37,242.56,3198.0,242.581,23
2023-12-26 10:20:00-05:00,242.69,243.0,242.67,242.67,2490.0,242.836,19
2023-12-26 10:25:00-05:00,242.64,242.64,242.38,242.38,1460.0,242.58,8
2023-12-26 10:30:00-05:00,242.35,242.73,242.35,242.73,1957.0,242.626,14
2023-12-26 10:35:00-05:00,242.77,242.89,242.62,242.73,2171.0,242.786,16
2023-12-26 10:40:00-05:00,242.62,242.74,242.62,242.66,600.0,242.669,6
2023-12-26 10:45:00-05:00,242.67,242.93,242.67,242.93,1419.0,242.84,14
2023-12-26 10:50:00-05:00,242.89,243.11,242.88,243.11,1433.0,242.935,12
2023-12-26 10:55:00-05:00,243.26,243.26,243.18,243.25,1012.0,243.219,7
2023-12-26 11:00:00-05:00,243.23,243.23,243.08,243.18,1100.0,243.135,11
2023-12-26 11:05:00-05:00,243.21,243.29,243.15,243.28,1292.0,243.218,9
2023-12-26 11:10:00-05:00,243.28,243.28,243.09,243.21,1352.0,243.217,11
2023-12-26 11:15:00-05:00,243.34,243.37,243.13,243.2,1301.0,243.295,12
2023-12-26 11:20:00-05:00,243.19,243.2,243.08,243.12,3279.0,243.127,29
2023-12-26 11:25:00-05:00,243.19,243.19,243.11,243.11,248.0,243.158,2
2023-12-26 11:30:00-05:00,243.11,243.24,243.05,243.24,1408.0,243.159,13
2023-12-26 11:35:00-05:00,243.27,243.27,243.1,243.14,1500.0,243.186,15
2023-12-26 11:40:00-05:00,243.18,243.38,243.15,243.36,2804.0,243.263,27
2023-12-26 11:45:00-05:00,243.31,243.36,243.27,243.27,610.0,243.312,3
2023-12-26 11:50:00-05:00,243.27,243.45,243.24,243.41,1732.0,243.376,17
2023-12-26 11:55:00-05:00,243.3,243.37,243.12,243.24,2002.0,243.248,19
2023-12-26 12:00:00-05:00,243.35,243.35,243.21,243.34,619.0,243.29,6
2023-12-26 12:05:00-05:00,243.41,243.58,243.41,243.47,1951.0,243.48,11
2023-12-26 12:10:00-05:00,243.52,243.76,243.51,243.68,1736.0,243.672,14
2023-12-26 12:15:00-05:00,243.6,243.72,243.58,243.68,1000.0,243.649,10
2023-12-26 12:20:00-05:00,243.73,243.77,243.69,243.7,944.0,243.726,9
2023-12-26 12:25:00-05:00,243.75,243.78,243.66,243.66,860.0,243.735,6
2023-12-26 12:30:00-05:00,243.62,243.63,243.43,243.43,1250.0,243.566,11
2023-12-26 12:35:00-05:00,243.33,243.42,243.29,243.3,1601.0,243.347,14
2023-12-26 12:40:00-05:00,243.32,243.44,243.28,243.38,4388.0,243.382,42
2023-12-26 12:45:00-05:00,243.39,243.63,243.28,243.63,18059.0,243.441,61
2023-12-26 12:50:00-05:00,243.61,243.61,243.42,243.44,1414.0,243.447,4
2023-12-26 12:55:00-05:00,243.53,243.53,243.36,243.37,689.0,243.48,6
2023-12-26 13:00:00-05:00,243.43,243.43,243.43,243.43,100.0,243.43,1
2023-12-26 13:05:00-05:00,243.5,243.6,243.45,243.52,4150.0,243.525,28
2023-12-26 13:10:00-05:00,243.52,243.77,243.44,243.68,4030.0,243.651,39
2023-12-26 13:15:00-05:00,243.73,243.78,243.67,243.73,1637.0,243.725,16
2023-12-26 13:20:00-05:00,243.69,243.86,243.69,243.86,1167.0,243.784,10
2023-12-26 13:25:00-05:00,243.83,243.83,243.74,243.75,1100.0,243.755,11
2023-12-26 13:30:00-05:00,243.8,243.96,243.8,243.96,1000.0,243.914,10
2023-12-26 13:35:00-05:00,243.95,244.08,243.93,244.08,1902.0,243.97,15
2023-12-26 13:40:00-05:00,244.01,244.11,243.93,244.1,1100.0,244.02,11
2023-12-26 13:45:00-05:00,244.18,244.18,244.12,244.15,923.0,244.132,7
2023-12-26 13:50:00-05:00,244.12,244.12,243.84,243.84,1573.0,243.984,13
2023-12-26 13:55:00-05:00,243.94,244.07,243.84,243.86,2710.0,243.981,24
2023-12-26 14:00:00-05:00,244.09,244.25,244.07,244.25,1345.0,244.119,12
2023-12-26 14:05:00-05:00,244.16,244.2,244.15,244.2,667.0,244.169,6
2023-12-26 14:10:00-05:00,244.2,244.26,244.19,244.26,200.0,244.228,2
2023-12-26 14:15:00-05:00,244.26,244.26,244.11,244.19,1110.0,244.222,11
2023-12-26 14:20:00-05:00,244.14,244.27,244.13,244.26,898.0,244.213,8
2023-12-26 14:25:00-05:00,244.29,244.39,244.26,244.27,2014.0,244.311,19
2023-12-26 14:30:00-05:00,244.26,244.48,244.26,244.44,2558.0,244.406,23
2023-12-26 14:35:00-05:00,244.47,244.47,244.47,244.47,100.0,244.47,1
2023-12-26 14:40:00-05:00,244.52,244.52,244.2,244.21,2335.0,244.4,23
2023-12-26 14:45:00-05:00,244.26,244.39,244.14,244.15,1539.0,244.248,14
2023-12-26 14:50:00-05:00,244.18,244.33,244.15,244.33,901.0,244.251,9
2023-12-26 14:55:00-05:00,244.4,244.4,244.25,244.26,1748.0,244.333,9
2023-12-26 15:00:00-05:00,244.25,244.39,244.12,244.39,890.0,244.258,8
2023-12-26 15:05:00-05:00,244.29,244.3,244.15,244.2,821.0,244.26,6
2023-12-26 15:10:00-05:00,244.29,244.41,244.23,244.34,2352.0,244.313,23
2023-12-26 15:15:00-05:00,244.26,244.33,244.07,244.15,4182.0,244.192,30
2023-12-26 15:20:00-05:00,244.15,244.32,244.11,244.26,1693.0,244.235,15
2023-12-26 15:25:00-05:00,244.29,244.54,244.27,244.31,1500.0,244.361,14
2023-12-26 15:30:00-05:00,244.26,244.47,244.26,244.39,2934.0,244.36,27
2023-12-26 15:35:00-05:00,244.39,244.4,243.93,244.01,3209.0,244.239,32
2023-12-26 15:40:00-05:00,244.04,244.28,244.04,244.28,3098.0,244.189,26
2023-12-26 15:45:00-05:00,244.31,244.41,244.14,244.16,4465.0,244.309,42
2023-12-26 15:50:00-05:00,243.83,244.29,243.82,243.95,6081.0,244.059,54
2023-12-26 15:55:00-05:00,243.89,243.98,243.63,243.81,20456.0,243.778,173
2023-12-27 09:30:00-05:00,243.11,243.11,242.82,243.1,7814.0,243.105,4
2023-12-27 09:35:00-05:00,243.77,243.77,243.77,243.77,242.0,243.77,1
2023-12-27 09:40:00-05:00,244.5,244.56,244.13,244.56,1251.0,244.334,9
2023-12-27 09:45:00-05:00,244.68,244.68,244.4,244.4,900.0,244.431,6
2023-12-27 09:50:00-05:00,244.47,244.89,244.47,244.84,1915.0,244.734,18
2023-12-27 09:55:00-05:00,244.84,244.84,244.31,244.31,1961.0,244.664,19
2023-12-27 10:00:00-05:00,244.29,244.63,244.29,244.63,3200.0,244.45,30
2023-12-27 10:05:00-05:00,244.45,244.45,243.96,244.34,2960.0,244.274,28
2023-12-27 10:10:00-05:00,244.34,244.72,244.34,244.58,1523.0,244.562,14
2023-12-27 10:15:00-05:00,244.71,244.73,244.25,244.51,6200.0,244.558,48
2023-12-27 10:20:00-05:00,244.5,244.55,244.28,244.55,3410.0,244.43,33
2023-12-27 10:25:00-05:00,244.63,244.75,244.57,244.67,2067.0,244.665,20
2023-12-27 10:30:00-05:00,244.67,244.82,244.47,244.47,5166.0,244.711,39
2023-12-27 10:35:00-05:00,244.59,244.84,244.3,244.76,4326.0,244.526,39
2023-12-27 10:40:00-05:00,244.75,244.76,244.22,244.31,5012.0,244.446,45
2023-12-27 10:45:00-05:00,244.23,244.29,244.06,244.06,2285.0,244.193,22
2023-12-27 10:50:00-05:00,244.06,244.15,243.9,244.01,3545.0,244.06,33
2023-12-27 10:55:00-05:00,243.94,244.25,243.94,244.04,3799.0,244.151,32
2023-12-27 11:00:00-05:00,244.08,244.12,243.9,243.95,4048.0,244.022,36
2023-12-27 11:05:00-05:00,243.95,244.13,243.89,244.09,1566.0,244.046,15
2023-12-27 11:10:00-05:00,244.01,244.08,243.85,243.96,2400.0,243.988,24
2023-12-27 11:15:00-05:00,244.03,244.2,243.89,244.09,4198.0,244.07,38
2023-12-27 11:20:00-05:00,244.11,244.22,244.11,244.14,2983.0,244.178,19
2023-12-27 11:25:00-05:00,244.09,244.35,243.97,244.33,2688.0,244.161,23
2023-12-27 11:30:00-05:00,244.34,244.66,244.33,244.52,1900.0,244.496,18
2023-12-27 11:35:00-05:00,244.55,244.55,244.53,244.54,500.0,244.542,4
2023-12-27 11:40:00-05:00,244.5,244.89,244.5,244.7,2112.0,244.751,19
2023-12-27 11:45:00-05:00,244.68,244.78,244.37,244.37,1711.0,244.617,16
2023-12-27 11:50:00-05:00,244.42,244.54,244.4,244.48,1935.0,244.481,18
2023-12-27 11:55:00-05:00,244.37,244.42,244.08,244.2,5282.0,244.24,34
2023-12-27 12:00:00-05:00,244.25,244.45,244.24,244.33,1605.0,244.348,16
2023-12-27 12:05:00-05:00,244.26,244.26,244.15,244.15,200.0,244.205,2
2023-12-27 12:10:00-05:00,244.26,244.43,244.25,244.33,1214.0,244.325,12
2023-12-27 12:15:00-05:00,244.42,244.42,244.25,244.25,700.0,244.32,7
2023-12-27 12:20:00-05:00,244.39,244.47,244.34,244.37,1100.0,244.396,11
2023-12-27 12:25:00-05:00,244.32,244.33,244.15,244.17,2640.0,244.214,21
2023-12-27 12:30:00-05:00,244.21,244.21,244.08,244.09,400.0,244.128,4
2023-12-27 12:35:00-05:00,244.1,244.2,244.06,244.07,2491.0,244.145,22
2023-12-27 12:40:00-05:00,244.03,244.03,243.68,243.68,1312.0,243.878,11
2023-12-27 12:45:00-05:00,243.77,243.95,243.76,243.91,1546.0,243.821,14
2023-12-27 12:50:00-05:00,243.85,243.95,243.85,243.85,600.0,243.894,6
2023-12-27 12:55:00-05:00,243.87,244.01,243.86,243.93,3632.0,243.916,25
2023-12-27 13:00:00-05:00,243.94,244.09,243.88,244.04,3735.0,244.006,37
2023-12-27 13:05:00-05:00,244.09,244.63,244.09,244.4,6017.0,244.407,53
2023-12-27 13:10:00-05:00,244.49,244.7,244.4,244.4,3400.0,244.598,34
2023-12-27 13:15:00-05:00,244.42,244.43,244.18,244.18,4248.0,244.39,37
2023-12-27 13:20:00-05:00,244.16,244.27,244.15,244.27,1552.0,244.207,7
2023-12-27 13:25:00-05:00,244.22,244.22,244.06,244.07,1422.0,244.132,14
2023-12-27 13:30:00-05:00,244.16,244.17,244.09,244.12,900.0,244.137,9
2023-12-27 13:35:00-05:00,244.19,244.29,244.19,244.23,1100.0,244.249,11
2023-12-27 13:40:00-05:00,244.25,244.33,244.25,244.3,600.0,244.303,6
2023-12-27 13:45:00-05:00,244.31,244.31,244.0,244.17,1473.0,244.158,14
2023-12-27 13:50:00-05:00,244.12,244.23,244.09,244.17,2549.0,244.148,25
2023-12-27 13:55:00-05:00,244.15,244.17,244.05,244.06,2057.0,244.112,20
2023-12-27 14:00:00-05:00,243.86,243.88,243.49,243.5,2569.0,243.738,23
2023-12-27 14:05:00-05:00,243.54,243.81,243.52,243.72,1720.0,243.642,11
2023-12-27 14:10:00-05:00,243.59,243.75,243.48,243.66,2209.0,243.603,21
2023-12-27 14:15:00-05:00,243.61,243.78,243.59,243.78,530.0,243.683,5
2023-12-27 14:20:00-05:00,243.87,244.08,243.8,244.08,2666.0,243.953,23
2023-12-27 14:25:00-05:00,244.09,244.19,243.89,244.08,2826.0,244.014,22
2023-12-27 14:30:00-05:00,244.0,244.14,243.91,243.96,2041.0,244.013,19
2023-12-27 14:35:00-05:00,243.95,244.02,243.86,244.0,1204.0,243.966,12
2023-12-27 14:40:00-05:00,243.93,243.95,243.78,243.78,1650.0,243.871,15
2023-12-27 14:45:00-05:00,243.91,243.96,243.88,243.88,886.0,243.899,4
2023-12-27 14:50:00-05:00,243.87,243.93,243.75,243.81,4426.0,243.872,21
2023-12-27 14:55:00-05:00,243.81,243.97,243.73,243.95,1563.0,243.842,14
2023-12-27 15:00:00-05:00,243.96,243.96,243.76,243.77,1107.0,243.876,8
2023-12-27 15:05:00-05:00,243.74,243.85,243.59,243.85,1600.0,243.708,16
2023-12-27 15:10:00-05:00,243.94,244.1,243.91,244.05,1249.0,244.009,12
2023-12-27 15:15:00-05:00,243.99,244.22,243.99,244.17,1968.0,244.132,17
2023-12-27 15:20:00-05:00,244.04,244.17,243.9,243.91,2200.0,244.008,21
2023-12-27 15:25:00-05:00,243.85,243.9,243.77,243.89,1737.0,243.846,17
2023-12-27 15:30:00-05:00,243.86,244.1,243.77,244.1,2592.0,243.926,19
2023-12-27 15:35:00-05:00,244.06,244.21,243.93,244.04,2405.0,244.114,20
2023-12-27 15:40:00-05:00,244.11,244.11,243.95,243.98,3689.0,244.048,27
2023-12-27 15:45:00-05:00,243.91,244.0,243.77,243.77,2941.0,243.873,27
2023-12-27 15:50:00-05:00,243.7,243.7,243.42,243.69,21837.0,243.614,170
2023-12-27 15:55:00-05:00,243.72,244.02,243.51,243.9,45234.0,243.713,338
2023-12-28 09:30:00-05:00,242.29,243.8,242.01,243.05,26493.0,242.363,22
2023-12-28 09:35:00-05:00,244.01,244.01,243.75,243.96,1333.0,243.901,12
2023-12-28 09:40:00-05:00,243.8,243.84,243.25,243.25,3508.0,243.56,31
2023-12-28 09:45:00-05:00,243.26,243.8,243.08,243.8,1756.0,243.483,15
2023-12-28 09:50:00-05:00,243.79,244.07,243.75,244.03,2018.0,243.908,18
2023-12-28 09:55:00-05:00,244.07,244.11,243.87,244.05,4467.0,244.019,24
2023-12-28 10:00:00-05:00,244.11,244.36,244.1,244.33,3908.0,244.238,29
2023-12-28 10:05:00-05:00,244.02,244.16,243.77,244.06,2300.0,243.967,22
2023-12-28 10:10:00-05:00,244.14,244.19,244.02,244.19,1564.0,244.127,11
2023-12-28 10:15:00-05:00,244.34,244.72,244.34,244.7,742.0,244.583,6
2023-12-28 10:20:00-05:00,244.71,244.71,244.54,244.57,939.0,244.61,7
2023-12-28 10:25:00-05:00,244.76,244.9,244.7,244.9,1200.0,244.777,12
2023-12-28 10:30:00-05:00,245.0,245.24,244.78,244.86,2383.0,245.014,22
2023-12-28 10:35:00-05:00,244.95,244.95,244.73,244.76,1391.0,244.798,9
2023-12-28 10:40:00-05:00,244.75,244.79,244.37,244.41,2528.0,244.583,17
2023-12-28 10:45:00-05:00,244.54,244.54,244.46,244.47,465.0,244.522,4
2023-12-28 10:50:00-05:00,244.46,244.65,244.46,244.46,1837.0,244.541,17
2023-12-28 10:55:00-05:00,244.48,244.5,244.36,244.36,2200.0,244.436,19
2023-12-28 11:00:00-05:00,244.4,244.56,244.4,244.55,945.0,244.531,8
2023-12-28 11:05:00-05:00,244.59,244.72,244.31,244.35,1992.0,244.478,16
2023-12-28 11:10:00-05:00,244.44,244.48,244.33,244.37,992.0,244.42,7
2023-12-28 11:15:00-05:00,244.2,244.7,244.2,244.56,17670.0,244.554,40
2023-12-28 11:20:00-05:00,244.75,244.88,244.67,244.74,3000.0,244.771,28
2023-12-28 11:25:00-05:00,244.75,244.81,244.45,244.45,2979.0,244.591,29
2023-12-28 11:30:00-05:00,244.47,244.47,244.35,244.35,2800.0,244.415,27
2023-12-28 11:35:00-05:00,244.35,244.64,244.35,244.64,3945.0,244.448,34
2023-12-28 11:40:00-05:00,244.56,244.65,244.52,244.58,2515.0,244.61,11
2023-12-28 11:45:00-05:00,244.66,244.66,244.44,244.59,1599.0,244.538,15
2023-12-28 11:50:00-05:00,244.59,244.7,244.57,244.58,1450.0,244.649,14
2023-12-28 11:55:00-05:00,244.57,244.64,244.49,244.64,1150.0,244.58,9
2023-12-28 12:00:00-05:00,244.58,245.05,244.58,244.81,3235.0,244.752,28
2023-12-28 12:05:00-05:00,244.71,244.78,244.7,244.78,749.0,244.755,5
2023-12-28 12:10:00-05:00,244.69,244.89,244.69,244.76,3201.0,244.798,25
2023-12-28 12:15:00-05:00,244.8,244.9,244.79,244.9,1143.0,244.871,6
2023-12-28 12:20:00-05:00,244.93,244.93,244.75,244.81,2700.0,244.812,24
2023-12-28 12:25:00-05:00,244.84,244.84,244.82,244.82,400.0,244.829,3
2023-12-28 12:30:00-05:00,244.87,244.97,244.82,244.97,1548.0,244.863,13
2023-12-28 12:35:00-05:00,244.89,244.91,244.83,244.84,2208.0,244.857,20
2023-12-28 12:40:00-05:00,244.91,245.01,244.83,245.01,4647.0,244.897,25
2023-12-28 12:45:00-05:00,245.12,245.16,244.99,244.99,2178.0,245.074,21
2023-12-28 12:50:00-05:00,244.93,245.0,244.88,244.89,1600.0,244.922,12
2023-12-28 12:55:00-05:00,244.93,244.94,244.78,244.78,931.0,244.833,8
2023-12-28 13:00:00-05:00,244.82,244.82,244.17,244.49,10548.0,244.585,74
2023-12-28 13:05:00-05:00,244.37,244.37,244.36,244.37,100.0,244.365,1
2023-12-28 13:10:00-05:00,244.65,244.65,244.39,244.39,951.0,244.488,8
2023-12-28 13:15:00-05:00,244.51,244.51,244.19,244.48,1316.0,244.39,12
2023-12-28 13:20:00-05:00,244.46,244.5,244.41,244.5,400.0,244.469,3
2023-12-28 13:25:00-05:00,244.51,244.52,244.5,244.51,425.0,244.512,4
2023-12-28 13:30:00-05:00,244.37,244.53,244.36,244.47,1616.0,244.479,16
2023-12-28 13:35:00-05:00,244.52,244.77,244.47,244.56,3602.0,244.583,34
2023-12-28 13:40:00-05:00,244.5,244.5,244.4,244.42,2400.0,244.46,21
2023-12-28 13:45:00-05:00,244.52,244.57,244.48,244.53,537.0,244.521,4
2023-12-28 13:50:00-05:00,244.53,244.78,244.53,244.78,466.0,244.674,4
2023-12-28 13:55:00-05:00,244.63,244.7,244.53,244.67,1727.0,244.631,15
2023-12-28 14:00:00-05:00,244.73,244.74,244.69,244.73,430.0,244.722,4
2023-12-28 14:05:00-05:00,244.73,244.73,244.73,244.73,0.0,244.73,0
2023-12-28 14:10:00-05:00,244.78,244.9,244.77,244.83,1105.0,244.83,8
2023-12-28 14:15:00-05:00,244.82,244.95,244.64,244.87,4585.0,244.81,39
2023-12-28 14:20:00-05:00,244.72,244.78,244.69,244.72,1400.0,244.718,13
2023-12-28 14:25:00-05:00,244.78,244.78,244.67,244.68,400.0,244.734,4
2023-12-28 14:30:00-05:00,244.74,244.75,244.54,244.63,3178.0,244.675,31
2023-12-28 14:35:00-05:00,244.63,244.75,244.57,244.66,2933.0,244.699,28
2023-12-28 14:40:00-05:00,244.64,244.71,244.58,244.7,2146.0,244.667,21
2023-12-28 14:45:00-05:00,244.71,244.77,244.65,244.77,2137.0,244.707,21
2023-12-28 14:50:00-05:00,244.76,244.76,244.6,244.61,922.0,244.687,6
2023-12-28 14:55:00-05:00,244.6,244.75,244.58,244.71,2936.0,244.653,25
2023-12-28 15:00:00-05:00,244.71,244.73,244.59,244.72,2250.0,244.671,20
2023-12-28 15:05:00-05:00,244.66,244.84,244.63,244.84,1560.0,244.755,15
2023-12-28 15:10:00-05:00,244.84,244.95,244.61,244.62,34397.0,244.802,25
2023-12-28 15:15:00-05:00,244.79,245.17,244.64,245.17,3354.0,244.859,29
2023-12-28 15:20:00-05:00,245.23,245.27,244.85,244.85,3382.0,245.071,32
2023-12-28 15:25:00-05:00,244.77,245.01,244.76,244.76,2429.0,244.877,22
2023-12-28 15:30:00-05:00,244.75,244.75,244.61,244.62,4104.0,244.708,39
2023-12-28 15:35:00-05:00,244.69,244.75,244.61,244.67,1983.0,244.695,19
2023-12-28 15:40:00-05:00,244.61,244.72,244.46,244.47,5407.0,244.625,48
2023-12-28 15:45:00-05:00,244.5,244.72,244.45,244.5,7744.0,244.53,59
2023-12-28 15:50:00-05:00,244.44,244.58,244.06,244.17,14396.0,244.268,127
2023-12-28 15:55:00-05:00,244.16,244.2,243.69,243.81,57525.0,243.85,451
2023-12-29 09:30:00-05:00,243.29,244.55,243.24,244.55,7588.0,243.442,16
2023-12-29 09:35:00-05:00,244.55,244.84,244.13,244.13,3285.0,244.628,28
2023-12-29 09:40:00-05:00,243.9,244.07,243.9,243.97,808.0,243.987,6
2023-12-29 09:45:00-05:00,244.18,244.18,244.0,244.0,741.0,244.047,7
2023-12-29 09:50:00-05:00,244.17,244.26,243.89,243.96,3000.0,244.142,28
2023-12-29 09:55:00-05:00,244.25,244.27,244.14,244.26,1562.0,244.244,9
2023-12-29 10:00:00-05:00,244.27,244.82,244.23,244.73,36751.0,244.461,89
2023-12-29 10:05:00-05:00,244.63,244.65,244.15,244.2,4194.0,244.458,33
2023-12-29 10:10:00-05:00,244.27,244.28,243.81,243.82,2695.0,244.043,22
2023-12-29 10:15:00-05:00,243.68,244.23,243.68,244.23,3190.0,243.879,30
2023-12-29 10:20:00-05:00,244.28,244.4,244.0,244.24,3885.0,244.194,19
2023-12-29 10:25:00-05:00,244.18,244.31,243.99,244.0,3986.0,244.053,29
2023-12-29 10:30:00-05:00,244.13,244.23,243.85,243.9,2571.0,244.04,19
2023-12-29 10:35:00-05:00,243.74,244.12,243.72,243.86,3845.0,243.983,32
2023-12-29 10:40:00-05:00,244.1,244.13,244.04,244.12,1813.0,244.095,13
2023-12-29 10:45:00-05:00,243.93,244.02,243.78,244.02,2293.0,243.945,19
2023-12-29 10:50:00-05:00,244.11,244.11,243.8,243.94,1100.0,243.969,9
2023-12-29 10:55:00-05:00,244.02,244.04,244.01,244.03,1000.0,244.019,10
2023-12-29 11:00:00-05:00,244.01,244.21,243.83,244.07,11617.0,244.042,107
2023-12-29 11:05:00-05:00,244.13,244.13,243.82,243.82,4101.0,244.051,38
2023-12-29 11:10:00-05:00,244.02,244.05,243.81,243.86,4562.0,243.936,37
2023-12-29 11:15:00-05:00,243.8,243.81,243.36,243.81,3783.0,243.635,36
2023-12-29 11:20:00-05:00,243.76,243.86,243.55,243.82,2246.0,243.717,21
2023-12-29 11:25:00-05:00,243.76,244.22,243.67,243.67,4874.0,243.933,45
2023-12-29 11:30:00-05:00,243.55,243.84,243.55,243.56,2700.0,243.645,26
2023-12-29 11:35:00-05:00,243.56,243.69,243.42,243.67,5647.0,243.586,50
2023-12-29 11:40:00-05:00,243.72,243.86,243.64,243.75,2690.0,243.746,25
2023-12-29 11:45:00-05:00,243.83,243.93,243.65,243.92,2543.0,243.769,21
2023-12-29 11:50:00-05:00,243.94,244.06,243.65,243.82,3886.0,243.854,38
2023-12-29 11:55:00-05:00,243.91,244.09,243.88,243.88,825.0,243.971,7
2023-12-29 12:00:00-05:00,243.97,243.97,243.89,243.97,1240.0,243.929,11
2023-12-29 12:05:00-05:00,243.86,243.87,243.56,243.56,1226.0,243.713,9
2023-12-29 12:10:00-05:00,243.71,243.84,243.31,243.31,2400.0,243.601,22
2023-12-29 12:15:00-05:00,243.49,243.53,243.05,243.38,7110.0,243.246,52
2023-12-29 12:20:00-05:00,243.32,243.39,242.87,243.19,3048.0,243.187,27
2023-12-29 12:25:00-05:00,243.07,243.07,242.89,243.0,1725.0,242.98,17
2023-12-29 12:30:00-05:00,242.99,243.25,242.99,243.13,2511.0,243.156,25
2023-12-29 12:35:00-05:00,243.13,243.43,243.13,243.31,2272.0,243.251,19
2023-12-29 12:40:00-05:00,243.23,243.43,243.23,243.3,2600.0,243.281,24
2023-12-29 12:45:00-05:00,243.28,243.58,243.28,243.42,5426.0,243.435,54
2023-12-29 12:50:00-05:00,243.39,243.8,243.21,243.79,1818.0,243.534,18
2023-12-29 12:55:00-05:00,243.92,244.07,243.92,244.04,903.0,243.984,9
2023-12-29 13:00:00-05:00,243.95,244.09,243.78,244.09,2779.0,243.91,25
2023-12-29 13:05:00-05:00,244.24,244.31,244.13,244.13,990.0,244.2,9
2023-12-29 13:10:00-05:00,244.1,244.3,244.1,244.2,1800.0,244.199,17
2023-12-29 13:15:00-05:00,244.05,244.09,243.83,243.83,1703.0,244.008,14
2023-12-29 13:20:00-05:00,243.89,244.08,243.89,244.08,1111.0,243.964,9
2023-12-29 13:25:00-05:00,243.98,244.23,243.79,243.79,3078.0,243.987,26
2023-12-29 13:30:00-05:00,243.79,244.05,243.76,243.8,2559.0,243.904,25
2023-12-29 13:35:00-05:00,243.81,244.09,243.77,243.87,1600.0,243.895,15
2023-12-29 13:40:00-05:00,243.87,244.14,243.83,244.05,1503.0,243.978,15
2023-12-29 13:45:00-05:00,243.95,244.18,243.83,244.06,1559.0,243.986,15
2023-12-29 13:50:00-05:00,244.17,244.17,243.84,243.84,1780.0,243.999,17
2023-12-29 13:55:00-05:00,243.94,244.04,243.75,244.04,1000.0,243.854,9
2023-12-29 14:00:00-05:00,244.08,244.12,244.05,244.06,800.0,244.078,8
2023-12-29 14:05:00-05:00,244.15,244.2,244.09,244.2,400.0,244.148,4
2023-12-29 14:10:00-05:00,244.02,244.02,243.75,243.92,1901.0,243.945,19
2023-12-29 14:15:00-05:00,243.93,244.0,243.93,243.94,700.0,243.959,7
2023-12-29 14:20:00-05:00,244.04,244.3,243.95,244.13,1494.0,244.108,13
2023-12-29 14:25:00-05:00,244.17,244.19,243.93,244.07,1200.0,244.058,12
2023-12-29 14:30:00-05:00,244.05,244.19,244.05,244.19,1009.0,244.113,9
2023-12-29 14:35:00-05:00,244.17,244.27,244.07,244.24,1560.0,244.174,14
2023-12-29 14:40:00-05:00,244.14,244.2,243.92,243.98,6019.0,244.002,30
2023-12-29 14:45:00-05:00,244.01,244.19,243.94,244.15,1810.0,244.053,14
2023-12-29 14:50:00-05:00,244.31,244.41,244.25,244.41,1111.0,244.317,9
2023-12-29 14:55:00-05:00,244.29,244.41,244.23,244.37,2229.0,244.327,21
2023-12-29 15:00:00-05:00,244.45,244.45,244.2,244.3,2527.0,244.331,17
2023-12-29 15:05:00-05:00,244.27,244.77,244.27,244.48,4338.0,244.545,42
2023-12-29 15:10:00-05:00,244.59,244.59,244.27,244.5,2826.0,244.411,23
2023-12-29 15:15:00-05:00,244.42,244.59,244.38,244.45,3789.0,244.48,24
2023-12-29 15:20:00-05:00,244.39,244.49,244.12,244.34,40803.0,244.303,40
2023-12-29 15:25:00-05:00,244.34,244.52,244.28,244.38,5689.0,244.376,43
2023-12-29 15:30:00-05:00,244.41,244.46,243.98,244.32,3221.0,244.31,27
2023-12-29 15:35:00-05:00,244.44,244.44,244.22,244.26,4456.0,244.305,33
2023-12-29 15:40:00-05:00,244.24,244.49,244.14,244.23,5120.0,244.297,36
2023-12-29 15:45:00-05:00,244.16,244.29,243.91,243.94,6953.0,244.071,61
2023-12-29 15:50:00-05:00,243.96,244.0,243.58,243.58,12343.0,243.852,113
2023-12-29 15:55:00-05:00,243.5,244.09,243.36,243.87,41982.0,243.822,322
2024-01-02 09:30:00-05:00,241.45,243.19,241.45,242.72,15477.0,241.616,16
2024-01-02 09:35:00-05:00,243.81,243.82,241.23,241.57,4377.0,242.838,25
2024-01-02 09:40:00-05:00,241.63,243.03,241.59,243.03,2016.0,242.379,20
2024-01-02 09:45:00-05:00,242.86,242.86,241.73,242.42,4702.0,242.162,40
2024-01-02 09:50:00-05:00,242.56,242.7,241.87,241.87,2799.0,242.504,24
2024-01-02 09:55:00-05:00,242.01,243.0,241.98,243.0,3778.0,242.523,35
2024-01-02 10:00:00-05:00,242.96,243.1,242.77,242.83,3164.0,242.956,26
2024-01-02 10:05:00-05:00,242.71,242.79,242.16,242.46,1835.0,242.508,18
2024-01-02 10:10:00-05:00,242.4,242.95,241.92,242.53,9517.0,242.612,60
2024-01-02 10:15:00-05:00,242.4,242.55,242.28,242.55,6345.0,242.349,30
2024-01-02 10:20:00-05:00,242.48,242.67,241.7,241.71,4293.0,242.391,31
2024-01-02 10:25:00-05:00,241.71,241.84,241.42,241.77,4135.0,241.671,38
2024-01-02 10:30:00-05:00,241.66,241.67,241.13,241.18,7039.0,241.368,32
2024-01-02 10:35:00-05:00,241.16,241.29,240.9,241.08,5167.0,241.122,40
2024-01-02 10:40:00-05:00,241.17,241.47,241.05,241.19,4653.0,241.256,40
2024-01-02 10:45:00-05:00,241.08,241.24,240.81,240.95,5661.0,240.951,37
2024-01-02 10:50:00-05:00,240.73,240.95,240.23,240.41,3953.0,240.745,36
2024-01-02 10:55:00-05:00,240.43,240.51,239.83,240.07,9512.0,240.067,84
2024-01-02 11:00:00-05:00,240.0,240.92,240.0,240.92,2684.0,240.573,26
2024-01-02 11:05:00-05:00,240.97,241.09,240.67,241.01,3736.0,240.849,28
2024-01-02 11:10:00-05:00,241.28,241.6,241.06,241.37,4800.0,241.39,35
2024-01-02 11:15:00-05:00,241.42,241.95,241.41,241.67,4773.0,241.7,37
2024-01-02 11:20:00-05:00,241.72,241.72,241.28,241.33,2908.0,241.462,29
2024-01-02 11:25:00-05:00,241.44,241.56,241.08,241.08,17353.0,241.347,80
2024-01-02 11:30:00-05:00,241.12,241.25,241.03,241.08,5419.0,241.134,46
2024-01-02 11:35:00-05:00,241.03,241.07,240.82,240.9,3650.0,240.966,36
2024-01-02 11:40:00-05:00,240.95,241.22,240.76,241.14,3256.0,241.052,32
2024-01-02 11:45:00-05:00,241.19,241.47,241.08,241.47,9087.0,241.211,80
2024-01-02 11:50:00-05:00,241.48,241.63,241.25,241.31,2633.0,241.428,26
2024-01-02 11:55:00-05:00,241.34,241.48,241.28,241.35,2900.0,241.331,23
2024-01-02 12:00:00-05:00,241.24,241.35,241.24,241.31,3275.0,241.303,32
2024-01-02 12:05:00-05:00,241.34,241.36,241.07,241.07,2628.0,241.203,24
2024-01-02 12:10:00-05:00,241.13,241.57,241.02,241.28,11631.0,241.168,65
2024-01-02 12:15:00-05:00,241.28,241.33,241.06,241.16,3057.0,241.183,26
2024-01-02 12:20:00-05:00,241.29,241.29,240.71,240.92,5548.0,240.893,40
2024-01-02 12:25:00-05:00,240.92,241.0,240.7,240.99,4230.0,240.822,41
2024-01-02 12:30:00-05:00,241.01,241.08,240.94,241.08,2097.0,241.023,20
2024-01-02 12:35:00-05:00,241.15,241.74,241.15,241.74,2191.0,241.489,20
2024-01-02 12:40:00-05:00,241.79,241.97,241.59,241.71,4114.0,241.74,32
2024-01-02 12:45:00-05:00,241.62,241.62,241.43,241.56,2684.0,241.526,25
2024-01-02 12:50:00-05:00,241.59,241.6,241.25,241.3,3668.0,241.425,27
2024-01-02 12:55:00-05:00,241.26,241.26,241.0,241.16,2237.0,241.142,21
2024-01-02 13:00:00-05:00,241.14,241.14,240.83,241.03,3587.0,240.995,34
2024-01-02 13:05:00-05:00,241.03,241.16,240.88,240.89,3443.0,241.024,25
2024-01-02 13:10:00-05:00,240.9,241.09,240.82,241.03,2620.0,240.962,25
2024-01-02 13:15:00-05:00,241.07,241.17,240.95,241.07,5282.0,241.051,38
2024-01-02 13:20:00-05:00,241.11,241.11,240.89,240.91,2084.0,240.946,19
2024-01-02 13:25:00-05:00,240.92,241.02,240.77,240.78,1575.0,240.905,14
2024-01-02 13:30:00-05:00,240.8,240.91,240.62,240.91,3749.0,240.727,37
2024-01-02 13:35:00-05:00,240.92,240.95,240.92,240.95,400.0,240.928,4
2024-01-02 13:40:00-05:00,240.96,241.05,240.86,240.98,2450.0,240.974,20
2024-01-02 13:45:00-05:00,240.92,241.2,240.78,240.92,4672.0,240.958,35
2024-01-02 13:50:00-05:00,240.91,240.98,240.73,240.75,4153.0,240.807,37
2024-01-02 13:55:00-05:00,240.74,240.98,240.69,240.77,4124.0,240.816,40
2024-01-02 14:00:00-05:00,240.87,240.88,240.66,240.83,5506.0,240.781,46
2024-01-02 14:05:00-05:00,240.78,241.08,240.77,241.0,2608.0,240.875,24
2024-01-02 14:10:00-05:00,241.0,241.22,241.0,241.01,2395.0,241.07,22
2024-01-02 14:15:00-05:00,241.03,241.04,240.78,240.93,3080.0,240.921,29
2024-01-02 14:20:00-05:00,240.84,240.95,240.69,240.79,8243.0,240.775,70
2024-01-02 14:25:00-05:00,240.79,240.8,240.64,240.74,2777.0,240.718,25
2024-01-02 14:30:00-05:00,240.75,240.88,240.64,240.83,5145.0,240.772,47
2024-01-02 14:35:00-05:00,240.87,240.87,240.71,240.72,3195.0,240.749,30
2024-01-02 14:40:00-05:00,240.72,240.77,240.56,240.6,3143.0,240.659,31
2024-01-02 14:45:00-05:00,240.68,240.68,240.4,240.44,6046.0,240.521,57
2024-01-02 14:50:00-05:00,240.42,240.43,240.03,240.13,4191.0,240.205,28
2024-01-02 14:55:00-05:00,240.09,240.21,239.97,240.09,4875.0,240.094,46
2024-01-02 15:00:00-05:00,240.02,240.21,239.97,240.05,7313.0,240.068,60
2024-01-02 15:05:00-05:00,240.07,240.49,240.07,240.33,4131.0,240.317,39
2024-01-02 15:10:00-05:00,240.29,240.32,240.02,240.18,3634.0,240.188,35
2024-01-02 15:15:00-05:00,240.08,240.53,240.08,240.53,3801.0,240.303,34
2024-01-02 15:20:00-05:00,240.56,240.6,240.09,240.3,6857.0,240.373,49
2024-01-02 15:25:00-05:00,240.31,240.41,240.1,240.32,5332.0,240.261,46
2024-01-02 15:30:00-05:00,240.33,240.58,240.26,240.47,6183.0,240.424,60
2024-01-02 15:35:00-05:00,240.39,240.45,240.24,240.37,4486.0,240.353,42
2024-01-02 15:40:00-05:00,240.29,240.39,240.25,240.39,4738.0,240.325,44
2024-01-02 15:45:00-05:00,240.38,240.61,240.19,240.54,8962.0,240.385,82
2024-01-02 15:50:00-05:00,240.61,241.03,240.61,240.81,13368.0,240.88,128
2024-01-02 15:55:00-05:00,240.86,240.88,240.49,240.63,66309.0,240.691,509
2024-01-03 09:30:00-05:00,239.08,239.28,233.76,237.75,68630.0,236.669,197
2024-01-03 09:35:00-05:00,237.75,238.5,237.75,237.79,3114.0,238.15,26
2024-01-03 09:40:00-05:00,237.8,238.64,237.08,237.65,10790.0,237.679,65
2024-01-03 09:45:00-05:00,237.92,238.15,237.43,238.15,5567.0,237.847,38
2024-01-03 09:50:00-05:00,238.15,238.46,237.0,237.34,5162.0,237.441,43
2024-01-03 09:55:00-05:00,237.36,237.37,236.64,236.7,21487.0,236.976,133
2024-01-03 10:00:00-05:00,236.51,237.41,236.36,236.98,6490.0,236.916,56
2024-01-03 10:05:00-05:00,237.11,237.25,236.49,236.59,3528.0,237.081,28
2024-01-03 10:10:00-05:00,236.62,236.65,235.86,235.87,6371.0,236.33,58
2024-01-03 10:15:00-05:00,236.03,236.37,235.93,236.08,6907.0,236.222,58
2024-01-03 10:20:00-05:00,236.01,236.64,235.81,236.64,8407.0,236.253,77
2024-01-03 10:25:00-05:00,236.76,236.82,236.3,236.49,5351.0,236.566,46
2024-01-03 10:30:00-05:00,236.49,236.49,235.93,235.95,8294.0,236.141,77
2024-01-03 10:35:00-05:00,236.06,236.06,235.8,235.93,16338.0,235.917,145
2024-01-03 10:40:00-05:00,235.98,236.3,235.97,236.1,10610.0,236.185,86
2024-01-03 10:45:00-05:00,236.1,236.3,235.98,236.23,7845.0,236.132,78
2024-01-03 10:50:00-05:00,236.3,236.3,235.83,235.84,10732.0,236.123,94
2024-01-03 10:55:00-05:00,235.77,236.46,235.76,236.29,23782.0,236.118,77
2024-01-03 11:00:00-05:00,236.5,236.57,236.16,236.28,4565.0,236.403,40
2024-01-03 11:05:00-05:00,236.17,237.06,236.17,237.01,7050.0,236.675,49
2024-01-03 11:10:00-05:00,236.87,236.96,236.66,236.96,4685.0,236.846,42
2024-01-03 11:15:00-05:00,236.87,236.96,236.69,236.78,4871.0,236.791,40
2024-01-03 11:20:00-05:00,236.82,236.94,236.77,236.87,3668.0,236.834,35
2024-01-03 11:25:00-05:00,236.91,237.19,236.87,236.97,29748.0,237.047,111
2024-01-03 11:30:00-05:00,236.98,237.22,236.87,237.09,6799.0,237.057,65
2024-01-03 11:35:00-05:00,237.19,237.27,237.04,237.05,4763.0,237.147,40
2024-01-03 11:40:00-05:00,237.1,237.22,236.86,237.01,6717.0,236.989,44
2024-01-03 11:45:00-05:00,237.11,237.46,236.92,237.13,15039.0,237.182,108
2024-01-03 11:50:00-05:00,237.12,237.56,237.12,237.41,6767.0,237.313,62
2024-01-03 11:55:00-05:00,237.41,237.61,237.28,237.28,4698.0,237.422,35
2024-01-03 12:00:00-05:00,237.28,237.52,237.08,237.41,3814.0,237.293,36
2024-01-03 12:05:00-05:00,237.51,237.68,237.51,237.54,4175.0,237.584,35
2024-01-03 12:10:00-05:00,237.49,237.49,237.11,237.13,5162.0,237.329,47
2024-01-03 12:15:00-05:00,237.14,237.15,236.37,236.56,19310.0,236.856,145
2024-01-03 12:20:00-05:00,236.59,236.78,236.43,236.76,7851.0,236.552,52
2024-01-03 12:25:00-05:00,236.76,237.08,236.75,237.08,5567.0,236.904,50
2024-01-03 12:30:00-05:00,237.12,237.17,236.91,236.99,1400.0,237.023,13
2024-01-03 12:35:00-05:00,236.95,236.95,236.82,236.83,934.0,236.873,8
2024-01-03 12:40:00-05:00,236.77,236.77,236.67,236.7,2615.0,236.736,19
2024-01-03 12:45:00-05:00,236.76,236.89,236.65,236.89,4201.0,236.773,40
2024-01-03 12:50:00-05:00,236.83,236.9,236.72,236.72,1971.0,236.797,15
2024-01-03 12:55:00-05:00,236.72,237.21,236.71,237.17,4776.0,236.88,42
2024-01-03 13:00:00-05:00,237.25,237.39,236.85,236.85,5345.0,237.069,32
2024-01-03 13:05:00-05:00,236.81,236.81,236.53,236.55,1616.0,236.694,13
2024-01-03 13:10:00-05:00,236.61,236.81,236.61,236.72,3814.0,236.702,36
2024-01-03 13:15:00-05:00,236.72,236.77,236.64,236.64,3130.0,236.709,23
2024-01-03 13:20:00-05:00,236.61,236.82,236.61,236.8,7067.0,236.74,55
2024-01-03 13:25:00-05:00,236.85,236.85,236.73,236.78,1851.0,236.784,17
2024-01-03 13:30:00-05:00,236.79,236.94,236.74,236.74,4190.0,236.847,39
2024-01-03 13:35:00-05:00,236.69,237.01,236.59,237.0,2860.0,236.761,25
2024-01-03 13:40:00-05:00,237.13,237.13,236.63,236.64,3676.0,236.876,30
2024-01-03 13:45:00-05:00,236.64,236.95,236.6,236.95,9760.0,236.692,39
2024-01-03 13:50:00-05:00,236.84,236.88,236.75,236.8,7706.0,236.838,26
2024-01-03 13:55:00-05:00,236.79,236.8,236.7,236.78,2391.0,236.75,22
2024-01-03 14:00:00-05:00,236.67,236.99,236.35,236.4,5314.0,236.805,44
2024-01-03 14:05:00-05:00,236.47,236.93,236.17,236.63,10195.0,236.595,54
2024-01-03 14:10:00-05:00,236.78,236.93,236.68,236.9,5684.0,236.8,50
2024-01-03 14:15:00-05:00,236.8,237.06,236.58,236.89,4320.0,236.892,39
2024-01-03 14:20:00-05:00,236.85,236.87,236.65,236.74,3306.0,236.774,31
2024-01-03 14:25:00-05:00,236.85,237.57,236.85,237.39,3422.0,237.142,29
2024-01-03 14:30:00-05:00,237.56,237.56,236.94,237.15,4556.0,237.18,36
2024-01-03 14:35:00-05:00,237.1,237.18,236.99,237.17,1415.0,237.11,13
2024-01-03 14:40:00-05:00,237.13,237.59,236.97,237.35,3815.0,237.223,33
2024-01-03 14:45:00-05:00,237.43,237.47,237.24,237.41,3262.0,237.371,22
2024-01-03 14:50:00-05:00,237.14,237.23,237.06,237.09,4001.0,237.143,31
2024-01-03 14:55:00-05:00,237.01,237.05,236.82,237.05,3297.0,236.931,30
2024-01-03 15:00:00-05:00,236.99,237.0,236.66,236.72,6282.0,236.817,58
2024-01-03 15:05:00-05:00,236.6,236.68,236.34,236.68,5970.0,236.515,51
2024-01-03 15:10:00-05:00,236.79,236.79,236.56,236.79,3259.0,236.642,30
2024-01-03 15:15:00-05:00,236.78,237.04,236.65,236.98,10584.0,236.818,48
2024-01-03 15:20:00-05:00,237.04,237.15,236.85,236.85,4286.0,237.025,41
2024-01-03 15:25:00-05:00,236.9,236.9,236.7,236.87,8365.0,236.808,62
2024-01-03 15:30:00-05:00,236.95,237.28,236.86,237.28,7740.0,237.031,64
2024-01-03 15:35:00-05:00,237.24,237.24,236.71,236.85,19516.0,236.923,56
2024-01-03 15:40:00-05:00,236.81,236.91,236.34,236.34,8118.0,236.61,74
2024-01-03 15:45:00-05:00,236.34,236.58,236.24,236.25,6885.0,236.444,60
2024-01-03 15:50:00-05:00,236.13,236.22,235.72,235.85,22317.0,235.964,188
2024-01-03 15:55:00-05:00,235.92,236.12,235.69,236.0,64466.0,235.906,469
2024-01-04 09:30:00-05:00,236.5,237.78,236.33,236.87,20990.0,236.577,37
2024-01-04 09:35:00-05:00,236.45,237.58,236.45,237.58,3654.0,237.059,18
2024-01-04 09:40:00-05:00,237.67,237.87,236.75,237.8,7244.0,237.56,37
2024-01-04 09:45:00-05:00,237.61,237.76,236.82,237.16,2539.0,237.252,20
2024-01-04 09:50:00-05:00,237.19,237.69,237.01,237.6,4000.0,237.374,24
2024-01-04 09:55:00-05:00,237.6,238.6,237.6,237.99,5231.0,238.071,27
2024-01-04 10:00:00-05:00,237.8,239.01,237.8,238.81,4152.0,238.318,32
2024-01-04 10:05:00-05:00,238.83,239.18,238.62,239.16,4771.0,238.876,40
2024-01-04 10:10:00-05:00,239.06,239.34,238.78,239.31,3803.0,239.084,29
2024-01-04 10:15:00-05:00,239.51,239.89,239.33,239.89,6684.0,239.582,52
2024-01-04 10:20:00-05:00,239.81,239.81,239.42,239.46,2962.0,239.619,26
2024-01-04 10:25:00-05:00,239.47,239.86,239.37,239.56,4533.0,239.635,38
2024-01-04 10:30:00-05:00,239.56,239.61,239.36,239.57,14042.0,239.49,43
2024-01-04 10:35:00-05:00,239.59,239.89,239.36,239.47,4725.0,239.578,38
2024-01-04 10:40:00-05:00,239.38,239.84,239.38,239.84,1883.0,239.576,17
2024-01-04 10:45:00-05:00,239.78,239.93,239.53,239.68,18949.0,239.747,91
2024-01-04 10:50:00-05:00,239.78,239.83,239.58,239.8,4956.0,239.699,45
2024-01-04 10:55:00-05:00,239.82,239.94,239.7,239.7,10577.0,239.78,69
2024-01-04 11:00:00-05:00,239.7,239.94,239.57,239.7,5975.0,239.737,55
2024-01-04 11:05:00-05:00,239.63,239.79,239.53,239.58,13189.0,239.654,30
2024-01-04 11:10:00-05:00,239.51,240.27,239.5,240.23,39516.0,240.062,97
2024-01-04 11:15:00-05:00,240.29,240.5,240.18,240.41,6414.0,240.34,61
2024-01-04 11:20:00-05:00,240.41,240.79,240.41,240.76,3753.0,240.632,35
2024-01-04 11:25:00-05:00,240.84,241.09,240.81,240.81,29541.0,240.975,135
2024-01-04 11:30:00-05:00,240.82,240.83,239.65,239.66,11974.0,240.257,98
2024-01-04 11:35:00-05:00,239.95,240.5,239.95,240.49,3191.0,240.278,29
2024-01-04 11:40:00-05:00,240.41,240.52,240.26,240.38,1659.0,240.442,13
2024-01-04 11:45:00-05:00,240.3,240.3,240.16,240.16,329.0,240.225,3
2024-01-04 11:50:00-05:00,240.19,240.52,240.19,240.42,7933.0,240.361,70
2024-01-04 11:55:00-05:00,240.43,240.72,240.43,240.72,2481.0,240.597,16
2024-01-04 12:00:00-05:00,240.72,240.72,240.32,240.39,2656.0,240.547,23
2024-01-04 12:05:00-05:00,240.5,240.5,240.12,240.15,2306.0,240.258,19
2024-01-04 12:10:00-05:00,240.19,240.51,240.19,240.19,7164.0,240.386,23
2024-01-04 12:15:00-05:00,240.27,240.27,239.88,239.88,14770.0,240.014,110
2024-01-04 12:20:00-05:00,239.9,240.25,239.84,240.12,17728.0,240.088,159
2024-01-04 12:25:00-05:00,240.18,240.29,240.08,240.14,15752.0,240.213,135
2024-01-04 12:30:00-05:00,240.15,240.15,239.82,239.82,6613.0,240.06,63
2024-01-04 12:35:00-05:00,239.82,239.97,239.73,239.95,10641.0,239.917,98
2024-01-04 12:40:00-05:00,239.92,239.93,239.35,239.35,18328.0,239.833,81
2024-01-04 12:45:00-05:00,239.41,239.73,239.3,239.66,6253.0,239.563,44
2024-01-04 12:50:00-05:00,239.64,239.88,239.58,239.88,2083.0,239.716,16
2024-01-04 12:55:00-05:00,240.01,240.01,239.56,239.74,9884.0,239.755,68
2024-01-04 13:00:00-05:00,239.63,239.83,239.62,239.76,1878.0,239.704,12
2024-01-04 13:05:00-05:00,239.79,240.26,239.79,240.15,2490.0,239.927,20
2024-01-04 13:10:00-05:00,240.16,240.19,239.84,240.01,2388.0,240.006,18
2024-01-04 13:15:00-05:00,239.84,240.01,239.84,240.01,600.0,239.916,6
2024-01-04 13:20:00-05:00,239.88,240.06,239.88,240.03,2762.0,239.997,24
2024-01-04 13:25:00-05:00,240.07,240.07,239.91,239.94,1029.0,239.967,9
2024-01-04 13:30:00-05:00,239.98,240.09,239.96,239.98,2923.0,240.025,25
2024-01-04 13:35:00-05:00,239.96,240.02,239.85,239.86,1300.0,239.951,12
2024-01-04 13:40:00-05:00,239.92,239.97,239.73,239.83,2220.0,239.848,19
2024-01-04 13:45:00-05:00,239.77,239.88,239.74,239.88,1152.0,239.817,8
2024-01-04 13:50:00-05:00,239.9,240.06,239.83,239.93,6636.0,239.893,44
2024-01-04 13:55:00-05:00,239.86,239.86,239.63,239.65,3318.0,239.715,23
2024-01-04 14:00:00-05:00,239.75,239.96,239.75,239.79,2096.0,239.835,15
2024-01-04 14:05:00-05:00,239.68,240.01,239.67,239.88,2884.0,239.879,28
2024-01-04 14:10:00-05:00,239.82,239.97,239.64,239.97,2833.0,239.813,20
2024-01-04 14:15:00-05:00,240.0,240.21,239.97,239.98,4649.0,240.045,34
2024-01-04 14:20:00-05:00,239.98,240.25,239.97,240.01,2110.0,240.1,20
2024-01-04 14:25:00-05:00,240.09,240.3,239.99,240.12,5769.0,240.115,53
2024-01-04 14:30:00-05:00,240.1,240.2,239.99,240.1,2579.0,240.082,22
2024-01-04 14:35:00-05:00,240.08,240.12,239.73,239.81,20722.0,239.983,31
2024-01-04 14:40:00-05:00,239.81,239.9,239.74,239.78,4084.0,239.835,32
2024-01-04 14:45:00-05:00,239.79,240.01,239.78,240.01,3536.0,239.872,28
2024-01-04 14:50:00-05:00,240.18,240.35,240.12,240.31,3368.0,240.228,26
2024-01-04 14:55:00-05:00,240.4,240.5,240.26,240.27,3170.0,240.339,28
2024-01-04 15:00:00-05:00,240.23,240.29,240.06,240.27,4696.0,240.161,32
2024-01-04 15:05:00-05:00,240.29,240.79,240.29,240.79,1737.0,240.579,17
2024-01-04 15:10:00-05:00,240.71,240.78,240.46,240.56,2741.0,240.596,24
2024-01-04 15:15:00-05:00,240.53,240.54,240.21,240.45,6066.0,240.323,47
2024-01-04 15:20:00-05:00,240.49,240.49,240.06,240.29,4620.0,240.327,43
2024-01-04 15:25:00-05:00,240.23,240.36,239.94,240.15,6531.0,240.136,48
2024-01-04 15:30:00-05:00,240.13,240.53,240.12,240.38,8130.0,240.287,59
2024-01-04 15:35:00-05:00,240.45,240.6,240.29,240.6,4937.0,240.434,44
2024-01-04 15:40:00-05:00,240.53,240.67,240.47,240.55,7089.0,240.58,55
2024-01-04 15:45:00-05:00,240.63,240.66,240.28,240.28,7163.0,240.516,60
2024-01-04 15:50:00-05:00,240.39,240.5,239.62,239.62,26650.0,239.841,179
2024-01-04 15:55:00-05:00,239.62,239.94,239.39,239.78,95634.0,239.738,738
2024-01-05 09:30:00-05:00,240.41,241.4,240.14,240.85,20283.0,240.366,20
2024-01-05 09:35:00-05:00,241.71,241.91,241.0,241.48,3000.0,241.499,28
2024-01-05 09:40:00-05:00,241.02,241.12,240.59,240.67,2962.0,240.764,24
2024-01-05 09:45:00-05:00,240.84,241.04,240.63,240.81,1000.0,240.799,10
2024-01-05 09:50:00-05:00,240.63,240.63,239.94,239.99,3641.0,240.287,34
2024-01-05 09:55:00-05:00,239.88,239.88,239.1,239.35,4243.0,239.612,23
2024-01-05 10:00:00-05:00,239.58,240.56,239.31,240.26,7548.0,239.855,61
2024-01-05 10:05:00-05:00,240.47,241.26,240.41,241.26,6679.0,240.782,42
2024-01-05 10:10:00-05:00,241.36,241.36,240.48,240.75,10533.0,240.97,95
2024-01-05 10:15:00-05:00,240.57,240.57,239.86,240.15,5192.0,240.191,40
2024-01-05 10:20:00-05:00,240.04,240.26,240.0,240.02,2318.0,240.1,22
2024-01-05 10:25:00-05:00,240.09,240.27,239.91,240.22,3997.0,240.094,30
2024-01-05 10:30:00-05:00,240.22,240.4,239.91,240.0,4113.0,240.204,32
2024-01-05 10:35:00-05:00,239.99,240.25,239.9,239.93,3848.0,240.022,33
2024-01-05 10:40:00-05:00,239.93,240.3,239.93,240.3,1488.0,240.212,13
2024-01-05 10:45:00-05:00,240.31,240.36,240.16,240.29,3584.0,240.259,32
2024-01-05 10:50:00-05:00,240.31,240.59,240.03,240.4,3480.0,240.254,28
2024-01-05 10:55:00-05:00,240.41,240.51,240.18,240.24,3706.0,240.289,32
2024-01-05 11:00:00-05:00,240.31,240.35,239.88,239.88,1108.0,240.201,10
2024-01-05 11:05:00-05:00,239.97,240.06,239.49,239.49,3098.0,239.853,21
2024-01-05 11:10:00-05:00,239.8,240.27,239.8,240.05,1467.0,240.019,13
2024-01-05 11:15:00-05:00,240.09,240.22,239.23,239.24,4128.0,240.037,27
2024-01-05 11:20:00-05:00,239.48,239.69,239.43,239.58,4700.0,239.498,18
2024-01-05 11:25:00-05:00,239.51,239.67,239.4,239.4,1378.0,239.538,12
2024-01-05 11:30:00-05:00,239.57,239.58,239.35,239.43,3933.0,239.415,33
2024-01-05 11:35:00-05:00,239.31,239.61,239.31,239.61,770.0,239.449,7
2024-01-05 11:40:00-05:00,239.45,239.57,239.21,239.21,1962.0,239.414,18
2024-01-05 11:45:00-05:00,239.33,239.5,239.2,239.5,2997.0,239.422,19
2024-01-05 11:50:00-05:00,239.57,239.63,239.52,239.59,1176.0,239.568,10
2024-01-05 11:55:00-05:00,239.48,239.48,239.24,239.34,3575.0,239.356,32
2024-01-05 12:00:00-05:00,239.27,239.27,239.0,239.14,2839.0,239.169,26
2024-01-05 12:05:00-05:00,239.19,239.19,238.49,238.57,2800.0,238.962,25
2024-01-05 12:10:00-05:00,238.49,238.96,238.47,238.73,3700.0,238.751,32
2024-01-05 12:15:00-05:00,238.6,238.89,238.48,238.48,4271.0,238.712,37
2024-01-05 12:20:00-05:00,238.58,238.78,238.55,238.56,2218.0,238.644,20
2024-01-05 12:25:00-05:00,238.42,238.59,238.34,238.4,4761.0,238.482,40
2024-01-05 12:30:00-05:00,238.5,238.5,238.37,238.43,944.0,238.451,8
2024-01-05 12:35:00-05:00,238.43,238.74,238.36,238.5,3103.0,238.568,28
2024-01-05 12:40:00-05:00,238.49,238.51,238.32,238.42,1475.0,238.426,13
2024-01-05 12:45:00-05:00,238.52,238.53,238.38,238.49,4156.0,238.46,34
2024-01-05 12:50:00-05:00,238.51,238.79,238.48,238.77,4605.0,238.569,23
2024-01-05 12:55:00-05:00,238.62,238.84,238.58,238.64,7212.0,238.775,17
2024-01-05 13:00:00-05:00,238.63,238.68,238.29,238.43,3701.0,238.497,30
2024-01-05 13:05:00-05:00,238.44,238.74,238.44,238.74,1547.0,238.578,13
2024-01-05 13:10:00-05:00,238.59,238.68,238.34,238.43,2850.0,238.542,22
2024-01-05 13:15:00-05:00,238.41,238.43,238.14,238.21,2963.0,238.292,24
2024-01-05 13:20:00-05:00,238.21,238.45,238.21,238.45,2612.0,238.372,23
2024-01-05 13:25:00-05:00,238.5,238.94,238.5,238.89,5411.0,238.758,39
2024-01-05 13:30:00-05:00,238.98,239.18,238.85,239.09,2208.0,239.005,20
2024-01-05 13:35:00-05:00,239.16,239.69,239.15,239.56,6155.0,239.345,50
2024-01-05 13:40:00-05:00,239.69,239.85,239.57,239.65,5120.0,239.715,48
2024-01-05 13:45:00-05:00,239.59,239.77,239.43,239.46,3619.0,239.622,36
2024-01-05 13:50:00-05:00,239.49,239.58,239.3,239.37,7445.0,239.441,36
2024-01-05 13:55:00-05:00,239.48,239.49,239.19,239.35,6572.0,239.357,59
2024-01-05 14:00:00-05:00,239.28,239.57,239.24,239.57,5980.0,239.388,52
2024-01-05 14:05:00-05:00,239.54,239.81,239.54,239.57,3695.0,239.626,32
2024-01-05 14:10:00-05:00,239.64,239.88,239.59,239.71,5342.0,239.733,45
2024-01-05 14:15:00-05:00,239.78,239.81,239.53,239.66,2943.0,239.662,12
2024-01-05 14:20:00-05:00,239.61,239.92,239.59,239.92,6180.0,239.718,55
2024-01-05 14:25:00-05:00,239.93,240.02,239.79,239.84,3676.0,239.895,36
2024-01-05 14:30:00-05:00,239.92,240.07,239.87,239.92,2950.0,239.948,28
2024-01-05 14:35:00-05:00,240.03,240.15,239.9,240.1,4912.0,240.018,42
2024-01-05 14:40:00-05:00,240.03,240.27,239.97,239.97,4488.0,240.074,35
2024-01-05 14:45:00-05:00,240.01,240.1,239.86,239.96,4308.0,239.989,43
2024-01-05 14:50:00-05:00,239.92,239.98,239.58,239.64,5751.0,239.728,48
2024-01-05 14:55:00-05:00,239.77,239.84,239.46,239.61,10754.0,239.577,45
2024-01-05 15:00:00-05:00,239.63,239.79,239.6,239.78,2900.0,239.732,27
2024-01-05 15:05:00-05:00,239.73,239.97,239.66,239.97,6064.0,239.802,55
2024-01-05 15:10:00-05:00,240.0,240.36,239.89,240.19,10651.0,240.169,53
2024-01-05 15:15:00-05:00,240.1,240.16,239.87,240.0,4903.0,240.003,40
2024-01-05 15:20:00-05:00,240.02,240.28,240.01,240.07,7307.0,240.164,64
2024-01-05 15:25:00-05:00,240.06,240.35,240.06,240.22,7810.0,240.189,77
2024-01-05 15:30:00-05:00,240.12,240.12,239.49,239.77,8817.0,239.724,81
2024-01-05 15:35:00-05:00,239.75,239.82,239.48,239.74,7884.0,239.68,66
2024-01-05 15:40:00-05:00,239.75,240.31,239.67,240.31,15477.0,239.943,112
2024-01-05 15:45:00-05:00,240.33,240.64,240.21,240.63,10634.0,240.373,88
2024-01-05 15:50:00-05:00,240.69,241.04,240.48,241.03,17106.0,240.726,151
2024-01-05 15:55:00-05:00,241.08,241.13,240.53,240.56,64781.0,240.755,518
2024-01-08 09:30:00-05:00,240.9,240.9,239.8,240.71,17168.0,240.752,49
2024-01-08 09:35:00-05:00,240.56,240.88,239.59,240.0,2250.0,240.217,18
2024-01-08 09:40:00-05:00,239.62,239.97,239.1,239.14,2000.0,239.412,18
2024-01-08 09:45:00-05:00,239.13,239.43,239.12,239.34,3066.0,239.308,29
2024-01-08 09:50:00-05:00,239.36,239.99,239.03,239.09,11398.0,239.659,92
2024-01-08 09:55:00-05:00,239.3,240.53,239.11,240.12,6773.0,240.011,48
2024-01-08 10:00:00-05:00,240.13,240.51,239.95,240.49,7789.0,240.262,51
2024-01-08 10:05:00-05:00,240.3,240.49,240.3,240.43,1351.0,240.395,11
2024-01-08 10:10:00-05:00,240.45,240.49,240.02,240.34,4832.0,240.287,47
2024-01-08 10:15:00-05:00,240.19,240.65,240.19,240.48,4691.0,240.382,31
2024-01-08 10:20:00-05:00,240.29,241.54,240.29,241.54,7824.0,240.688,36
2024-01-08 10:25:00-05:00,241.49,241.49,240.77,240.82,3703.0,241.005,34
2024-01-08 10:30:00-05:00,240.88,240.91,240.76,240.83,2371.0,240.864,14
2024-01-08 10:35:00-05:00,240.84,240.97,240.7,240.74,3100.0,240.836,30
2024-01-08 10:40:00-05:00,240.84,240.93,240.76,240.84,2300.0,240.84,20
2024-01-08 10:45:00-05:00,240.91,240.97,240.76,240.97,1750.0,240.918,11
2024-01-08 10:50:00-05:00,240.9,240.95,240.61,240.62,4605.0,240.769,35
2024-01-08 10:55:00-05:00,240.62,240.8,240.61,240.67,6989.0,240.664,26
2024-01-08 11:00:00-05:00,240.76,240.81,240.51,240.51,2199.0,240.64,21
2024-01-08 11:05:00-05:00,240.58,240.58,240.16,240.17,1200.0,240.436,11
2024-01-08 11:10:00-05:00,240.17,240.29,239.99,240.28,1230.0,240.169,10
2024-01-08 11:15:00-05:00,240.25,240.47,240.08,240.47,2941.0,240.272,22
2024-01-08 11:20:00-05:00,240.51,240.79,240.03,240.04,7815.0,240.624,64
2024-01-08 11:25:00-05:00,239.99,240.27,239.84,240.0,4156.0,240.012,23
2024-01-08 11:30:00-05:00,240.28,240.45,240.18,240.44,4043.0,240.284,27
2024-01-08 11:35:00-05:00,240.44,240.45,240.21,240.33,1570.0,240.349,13
2024-01-08 11:40:00-05:00,240.35,240.56,240.34,240.56,700.0,240.389,7
2024-01-08 11:45:00-05:00,240.56,240.69,240.45,240.45,1200.0,240.601,12
2024-01-08 11:50:00-05:00,240.36,240.57,240.31,240.51,3266.0,240.41,30
2024-01-08 11:55:00-05:00,240.51,240.51,240.22,240.5,4243.0,240.361,38
2024-01-08 12:00:00-05:00,240.51,240.72,240.51,240.54,3098.0,240.598,27
2024-01-08 12:05:00-05:00,240.36,240.61,240.28,240.31,1607.0,240.432,14
2024-01-08 12:10:00-05:00,240.52,240.58,240.31,240.58,1575.0,240.498,12
2024-01-08 12:15:00-05:00,240.53,240.53,240.15,240.23,3096.0,240.26,18
2024-01-08 12:20:00-05:00,240.31,240.31,239.97,240.04,2319.0,240.101,21
2024-01-08 12:25:00-05:00,240.03,240.03,239.81,239.88,2555.0,239.896,23
2024-01-08 12:30:00-05:00,240.03,240.23,239.91,240.14,1500.0,240.088,15
2024-01-08 12:35:00-05:00,240.1,240.22,240.1,240.17,1072.0,240.151,7
2024-01-08 12:40:00-05:00,240.11,240.21,240.05,240.11,2191.0,240.119,18
2024-01-08 12:45:00-05:00,240.11,240.29,240.11,240.26,2559.0,240.211,17
2024-01-08 12:50:00-05:00,240.18,240.53,240.13,240.51,1700.0,240.361,14
2024-01-08 12:55:00-05:00,240.53,240.56,240.41,240.41,1123.0,240.492,9
2024-01-08 13:00:00-05:00,240.51,240.6,240.51,240.54,1211.0,240.558,12
2024-01-08 13:05:00-05:00,240.58,240.68,240.57,240.57,3965.0,240.62,33
2024-01-08 13:10:00-05:00,240.52,240.56,240.38,240.45,2586.0,240.478,20
2024-01-08 13:15:00-05:00,240.42,240.54,240.42,240.44,2100.0,240.452,13
2024-01-08 13:20:00-05:00,240.44,240.59,240.43,240.59,2489.0,240.512,17
2024-01-08 13:25:00-05:00,240.55,240.61,240.32,240.51,3600.0,240.462,36
2024-01-08 13:30:00-05:00,240.56,240.56,240.44,240.53,1014.0,240.514,10
2024-01-08 13:35:00-05:00,240.52,240.54,240.42,240.49,6566.0,240.472,40
2024-01-08 13:40:00-05:00,240.42,240.66,240.36,240.61,3886.0,240.5,35
2024-01-08 13:45:00-05:00,240.67,241.23,240.66,241.16,16091.0,240.974,36
2024-01-08 13:50:00-05:00,241.29,241.29,240.97,241.08,4044.0,241.061,20
2024-01-08 13:55:00-05:00,241.01,241.08,240.81,241.08,2192.0,240.946,20
2024-01-08 14:00:00-05:00,241.01,241.01,240.85,240.87,2482.0,240.919,20
2024-01-08 14:05:00-05:00,240.78,240.83,240.65,240.83,1959.0,240.749,17
2024-01-08 14:10:00-05:00,240.83,241.08,240.83,240.93,3390.0,240.964,28
2024-01-08 14:15:00-05:00,241.11,241.12,241.04,241.05,923.0,241.086,7
2024-01-08 14:20:00-05:00,240.97,241.01,240.9,241.0,1400.0,240.955,12
2024-01-08 14:25:00-05:00,241.14,241.39,241.09,241.28,1000.0,241.239,10
2024-01-08 14:30:00-05:00,241.42,241.68,241.42,241.49,3200.0,241.539,32
2024-01-08 14:35:00-05:00,241.42,241.45,241.37,241.43,1664.0,241.411,11
2024-01-08 14:40:00-05:00,241.43,241.57,241.41,241.57,3096.0,241.503,29
2024-01-08 14:45:00-05:00,241.62,241.7,241.55,241.61,2551.0,241.625,23
2024-01-08 14:50:00-05:00,241.65,241.67,241.41,241.5,4407.0,241.522,41
2024-01-08 14:55:00-05:00,241.5,241.71,241.44,241.61,6312.0,241.553,56
2024-01-08 15:00:00-05:00,241.64,241.74,241.48,241.74,3250.0,241.619,26
2024-01-08 15:05:00-05:00,241.71,241.77,241.64,241.7,2101.0,241.697,20
2024-01-08 15:10:00-05:00,241.71,241.72,241.59,241.7,2103.0,241.643,20
2024-01-08 15:15:00-05:00,241.7,241.95,241.66,241.9,5338.0,241.773,46
2024-01-08 15:20:00-05:00,241.93,242.1,241.79,242.1,7226.0,241.92,59
2024-01-08 15:25:00-05:00,242.21,242.21,241.88,241.88,5690.0,242.099,51
2024-01-08 15:30:00-05:00,241.86,242.05,241.76,242.05,7780.0,241.892,68
2024-01-08 15:35:00-05:00,242.05,242.36,241.95,242.36,4113.0,242.059,40
2024-01-08 15:40:00-05:00,242.42,242.56,242.38,242.48,5668.0,242.47,53
2024-01-08 15:45:00-05:00,242.51,242.51,242.22,242.22,6321.0,242.376,55
2024-01-08 15:50:00-05:00,242.27,243.06,242.27,242.99,14475.0,242.729,130
2024-01-08 15:55:00-05:00,243.09,243.2,242.75,243.13,43551.0,243.023,309
2024-01-09 09:30:00-05:00,241.91,241.96,240.88,241.38,12102.0,241.865,16
2024-01-09 09:35:00-05:00,241.64,242.19,240.87,241.52,5203.0,241.563,39
2024-01-09 09:40:00-05:00,241.65,241.87,241.32,241.33,1400.0,241.633,14
2024-01-09 09:45:00-05:00,241.26,241.4,240.67,241.4,2082.0,241.237,11
2024-01-09 09:50:00-05:00,241.44,241.46,240.85,240.99,4645.0,241.146,40
2024-01-09 09:55:00-05:00,240.99,241.15,240.51,240.95,3743.0,240.845,33
2024-01-09 10:00:00-05:00,241.2,241.58,241.06,241.45,13260.0,241.206,116
2024-01-09 10:05:00-05:00,241.33,241.85,241.32,241.83,3639.0,241.615,28
2024-01-09 10:10:00-05:00,241.86,242.28,241.82,242.27,5318.0,242.043,37
2024-01-09 10:15:00-05:00,242.27,242.56,242.26,242.56,3520.0,242.444,33
2024-01-09 10:20:00-05:00,242.55,242.67,242.37,242.41,5011.0,242.494,37
2024-01-09 10:25:00-05:00,242.41,242.56,242.23,242.23,3108.0,242.409,29
2024-01-09 10:30:00-05:00,242.03,242.32,241.86,242.32,3569.0,242.061,32
2024-01-09 10:35:00-05:00,242.32,242.49,242.3,242.45,5763.0,242.392,54
2024-01-09 10:40:00-05:00,242.45,242.51,242.31,242.43,1579.0,242.438,14
2024-01-09 10:45:00-05:00,242.52,242.58,242.15,242.37,3864.0,242.415,31
2024-01-09 10:50:00-05:00,242.09,242.23,241.97,242.23,3104.0,242.096,27
2024-01-09 10:55:00-05:00,242.25,242.35,241.78,241.99,3358.0,242.082,28
2024-01-09 11:00:00-05:00,241.94,242.25,241.93,242.13,11588.0,242.202,25
2024-01-09 11:05:00-05:00,242.13,242.39,242.13,242.39,5959.0,242.256,44
2024-01-09 11:10:00-05:00,242.24,242.43,242.16,242.43,2500.0,242.264,25
2024-01-09 11:15:00-05:00,242.48,242.62,242.4,242.62,6018.0,242.529,43
2024-01-09 11:20:00-05:00,242.64,242.86,242.62,242.84,4941.0,242.743,46
2024-01-09 11:25:00-05:00,242.75,243.19,242.73,243.18,5064.0,242.923,47
2024-01-09 11:30:00-05:00,243.19,243.19,243.05,243.15,2197.0,243.111,21
2024-01-09 11:35:00-05:00,243.14,243.55,243.13,243.34,7986.0,243.32,75
2024-01-09 11:40:00-05:00,243.55,243.59,243.34,243.59,5201.0,243.499,43
2024-01-09 11:45:00-05:00,243.59,243.72,243.58,243.61,1815.0,243.631,16
2024-01-09 11:50:00-05:00,243.67,243.87,243.65,243.86,9007.0,243.74,43
2024-01-09 11:55:00-05:00,243.85,244.01,243.84,243.99,6035.0,243.979,40
2024-01-09 12:00:00-05:00,244.0,244.0,243.7,243.8,3418.0,243.85,30
2024-01-09 12:05:00-05:00,243.81,244.05,243.81,244.05,2716.0,243.935,23
2024-01-09 12:10:00-05:00,244.02,244.22,243.91,244.2,5353.0,244.051,44
2024-01-09 12:15:00-05:00,244.22,244.33,244.17,244.29,8581.0,244.24,68
2024-01-09 12:20:00-05:00,244.32,244.41,244.21,244.38,2251.0,244.323,20
2024-01-09 12:25:00-05:00,244.43,244.48,244.3,244.42,5484.0,244.366,40
2024-01-09 12:30:00-05:00,244.46,244.53,244.2,244.2,3043.0,244.398,26
2024-01-09 12:35:00-05:00,244.2,244.48,244.2,244.24,2849.0,244.349,27
2024-01-09 12:40:00-05:00,244.3,244.39,244.29,244.39,1336.0,244.346,9
2024-01-09 12:45:00-05:00,244.39,244.42,244.31,244.34,2936.0,244.35,29
2024-01-09 12:50:00-05:00,244.43,244.65,244.43,244.47,4335.0,244.52,41
2024-01-09 12:55:00-05:00,244.41,244.46,244.36,244.4,1500.0,244.392,15
2024-01-09 13:00:00-05:00,244.39,244.58,244.29,244.54,2870.0,244.458,25
2024-01-09 13:05:00-05:00,244.48,244.48,244.04,244.17,2886.0,244.26,15
2024-01-09 13:10:00-05:00,244.23,244.36,244.09,244.15,2340.0,244.232,19
2024-01-09 13:15:00-05:00,244.15,244.16,243.96,244.12,4533.0,244.091,37
2024-01-09 13:20:00-05:00,244.08,244.09,243.74,243.83,5082.0,243.985,23
2024-01-09 13:25:00-05:00,243.81,244.03,243.62,243.98,7686.0,243.923,32
2024-01-09 13:30:00-05:00,243.97,243.97,243.49,243.49,5402.0,243.751,44
2024-01-09 13:35:00-05:00,243.48,243.69,243.38,243.69,3313.0,243.578,30
2024-01-09 13:40:00-05:00,243.64,243.66,243.46,243.62,1530.0,243.611,14
2024-01-09 13:45:00-05:00,243.67,243.9,243.67,243.9,1460.0,243.789,14
2024-01-09 13:50:00-05:00,244.11,244.34,244.1,244.17,2115.0,244.199,18
2024-01-09 13:55:00-05:00,244.09,244.11,243.97,243.98,3365.0,244.067,28
2024-01-09 14:00:00-05:00,244.04,244.12,243.98,244.1,2720.0,244.053,22
2024-01-09 14:05:00-05:00,244.12,244.13,243.97,244.07,1571.0,244.049,15
2024-01-09 14:10:00-05:00,244.05,244.18,244.02,244.06,1506.0,244.074,14
2024-01-09 14:15:00-05:00,243.84,243.96,243.76,243.76,4742.0,243.814,20
2024-01-09 14:20:00-05:00,243.76,243.92,243.64,243.64,1813.0,243.776,15
2024-01-09 14:25:00-05:00,243.62,243.71,243.55,243.66,1674.0,243.638,10
2024-01-09 14:30:00-05:00,243.73,243.85,243.71,243.85,1809.0,243.773,15
2024-01-09 14:35:00-05:00,243.85,243.85,243.73,243.73,2890.0,243.78,22
2024-01-09 14:40:00-05:00,243.8,243.8,243.55,243.59,3258.0,243.669,26
2024-01-09 14:45:00-05:00,243.59,243.63,243.46,243.6,2721.0,243.566,23
2024-01-09 14:50:00-05:00,243.72,243.72,243.41,243.67,3305.0,243.61,28
2024-01-09 14:55:00-05:00,243.6,243.8,243.56,243.78,5683.0,243.624,29
2024-01-09 15:00:00-05:00,243.82,244.15,243.73,244.15,3825.0,243.945,31
2024-01-09 15:05:00-05:00,244.3,244.3,243.93,244.06,4658.0,244.112,40
2024-01-09 15:10:00-05:00,244.11,244.33,244.09,244.21,3522.0,244.21,32
2024-01-09 15:15:00-05:00,244.14,244.31,244.04,244.31,3061.0,244.222,20
2024-01-09 15:20:00-05:00,244.28,244.5,244.25,244.34,5884.0,244.386,53
2024-01-09 15:25:00-05:00,244.38,244.39,244.22,244.22,3198.0,244.295,30
2024-01-09 15:30:00-05:00,244.24,244.32,244.12,244.32,4571.0,244.252,43
2024-01-09 15:35:00-05:00,244.29,244.42,244.27,244.34,5864.0,244.33,52
2024-01-09 15:40:00-05:00,244.32,244.33,244.0,244.25,7426.0,244.159,62
2024-01-09 15:45:00-05:00,244.24,244.24,244.0,244.0,9711.0,244.129,87
2024-01-09 15:50:00-05:00,243.98,244.4,243.91,244.4,18795.0,244.259,154
2024-01-09 15:55:00-05:00,244.48,244.62,244.21,244.47,41363.0,244.385,327
2024-01-10 09:30:00-05:00,245.0,245.04,244.86,244.9,11852.0,244.881,8
2024-01-10 09:35:00-05:00,245.07,245.08,244.57,244.57,313.0,244.905,3
2024-01-10 09:40:00-05:00,244.57,245.27,244.57,245.27,500.0,244.99,5
2024-01-10 09:45:00-05:00,245.19,245.45,244.9,245.45,1302.0,245.275,11
2024-01-10 09:50:00-05:00,245.49,245.55,244.91,245.01,2596.0,245.237,23
2024-01-10 09:55:00-05:00,244.99,244.99,244.57,244.99,2926.0,244.88,25
2024-01-10 10:00:00-05:00,244.86,244.86,244.54,244.68,4637.0,244.679,42
2024-01-10 10:05:00-05:00,244.37,244.4,244.08,244.08,500.0,244.304,4
2024-01-10 10:10:00-05:00,244.23,244.55,244.23,244.42,2173.0,244.404,18
2024-01-10 10:15:00-05:00,244.31,244.7,244.31,244.51,3012.0,244.447,30
2024-01-10 10:20:00-05:00,244.55,245.03,244.55,245.03,10571.0,244.958,24
2024-01-10 10:25:00-05:00,244.88,245.41,244.82,245.34,3517.0,245.123,31
2024-01-10 10:30:00-05:00,245.43,245.89,245.35,245.76,4564.0,245.543,41
2024-01-10 10:35:00-05:00,245.68,245.98,245.65,245.97,3767.0,245.8,33
2024-01-10 10:40:00-05:00,245.9,245.99,245.7,245.75,10802.0,245.875,47
2024-01-10 10:45:00-05:00,245.63,245.7,245.12,245.63,3285.0,245.366,30
2024-01-10 10:50:00-05:00,245.72,245.8,245.64,245.72,2100.0,245.709,21
2024-01-10 10:55:00-05:00,245.81,245.89,245.72,245.81,4004.0,245.783,38
2024-01-10 11:00:00-05:00,245.75,245.79,245.63,245.65,1448.0,245.7,14
2024-01-10 11:05:00-05:00,245.64,245.67,245.45,245.67,4581.0,245.553,34
2024-01-10 11:10:00-05:00,245.56,245.58,245.26,245.26,3943.0,245.415,34
2024-01-10 11:15:00-05:00,245.23,245.28,244.96,245.04,4004.0,245.086,33
2024-01-10 11:20:00-05:00,245.03,245.21,244.83,244.88,21597.0,245.146,51
2024-01-10 11:25:00-05:00,244.87,245.04,244.81,244.81,2930.0,244.957,28
2024-01-10 11:30:00-05:00,244.8,245.03,244.79,244.82,3800.0,244.949,24
2024-01-10 11:35:00-05:00,244.96,245.02,244.78,244.93,3467.0,244.897,33
2024-01-10 11:40:00-05:00,244.93,245.05,244.92,245.0,2872.0,244.968,17
2024-01-10 11:45:00-05:00,245.0,245.09,244.92,244.92,2589.0,245.024,25
2024-01-10 11:50:00-05:00,244.77,244.81,244.69,244.81,1600.0,244.778,15
2024-01-10 11:55:00-05:00,244.79,244.79,244.55,244.55,752.0,244.688,6
2024-01-10 12:00:00-05:00,244.7,244.77,244.59,244.77,4341.0,244.673,18
2024-01-10 12:05:00-05:00,244.78,245.02,244.67,245.0,6771.0,244.879,60
2024-01-10 12:10:00-05:00,244.91,244.91,244.86,244.91,800.0,244.884,8
2024-01-10 12:15:00-05:00,244.84,244.92,244.7,244.72,2810.0,244.832,22
2024-01-10 12:20:00-05:00,244.78,244.91,244.78,244.87,5466.0,244.834,52
2024-01-10 12:25:00-05:00,244.92,245.03,244.91,245.02,2702.0,244.992,23
2024-01-10 12:30:00-05:00,244.98,244.99,244.86,244.99,3246.0,244.888,15
2024-01-10 12:35:00-05:00,244.97,244.99,244.83,244.96,3521.0,244.899,18
2024-01-10 12:40:00-05:00,244.96,244.96,244.77,244.85,1464.0,244.839,13
2024-01-10 12:45:00-05:00,244.76,245.03,244.74,245.03,3079.0,244.849,25
2024-01-10 12:50:00-05:00,245.12,245.12,244.83,244.87,2529.0,244.976,23
2024-01-10 12:55:00-05:00,244.88,244.88,244.77,244.8,1519.0,244.817,15
2024-01-10 13:00:00-05:00,244.76,245.22,244.74,245.12,4833.0,244.992,42
2024-01-10 13:05:00-05:00,245.18,245.18,244.91,244.96,616.0,245.065,6
2024-01-10 13:10:00-05:00,244.82,244.82,244.67,244.81,1474.0,244.759,14
2024-01-10 13:15:00-05:00,244.72,245.01,244.72,244.92,2156.0,244.876,14
2024-01-10 13:20:00-05:00,244.8,244.88,244.73,244.87,1598.0,244.814,15
2024-01-10 13:25:00-05:00,244.87,244.99,244.82,244.82,10825.0,244.911,46
2024-01-10 13:30:00-05:00,244.86,245.06,244.86,245.05,12917.0,245.003,35
2024-01-10 13:35:00-05:00,245.02,245.02,244.84,244.95,4011.0,244.962,36
2024-01-10 13:40:00-05:00,244.92,244.93,244.87,244.93,900.0,244.909,9
2024-01-10 13:45:00-05:00,244.93,244.93,244.73,244.82,3223.0,244.798,26
2024-01-10 13:50:00-05:00,244.82,244.84,244.76,244.78,600.0,244.808,6
2024-01-10 13:55:00-05:00,244.79,244.94,244.76,244.79,5778.0,244.852,51
2024-01-10 14:00:00-05:00,244.75,244.87,244.7,244.86,3202.0,244.815,19
2024-01-10 14:05:00-05:00,244.88,244.98,244.8,244.87,1796.0,244.872,16
2024-01-10 14:10:00-05:00,244.93,245.25,244.89,245.09,8134.0,245.125,75
2024-01-10 14:15:00-05:00,245.15,245.23,244.93,245.04,5717.0,245.055,48
2024-01-10 14:20:00-05:00,245.02,245.14,244.88,245.14,4504.0,245.018,42
2024-01-10 14:25:00-05:00,245.19,245.25,245.09,245.11,5340.0,245.173,52
2024-01-10 14:30:00-05:00,245.15,245.21,245.06,245.16,4674.0,245.142,46
2024-01-10 14:35:00-05:00,245.18,245.28,245.09,245.26,9477.0,245.173,82
2024-01-10 14:40:00-05:00,245.26,245.45,245.21,245.45,9273.0,245.29,85
2024-01-10 14:45:00-05:00,245.47,245.58,245.42,245.46,5800.0,245.491,46
2024-01-10 14:50:00-05:00,245.45,245.82,245.45,245.75,4748.0,245.648,42
2024-01-10 14:55:00-05:00,245.8,245.95,245.76,245.87,5921.0,245.856,46
2024-01-10 15:00:00-05:00,245.92,246.05,245.78,246.05,5976.0,245.94,45
2024-01-10 15:05:00-05:00,246.04,246.29,246.01,246.18,5235.0,246.146,44
2024-01-10 15:10:00-05:00,246.2,246.23,245.89,246.02,6839.0,246.087,49
2024-01-10 15:15:00-05:00,245.91,246.12,245.79,245.82,5471.0,245.98,48
2024-01-10 15:20:00-05:00,245.84,245.85,245.4,245.42,5612.0,245.573,50
2024-01-10 15:25:00-05:00,245.49,245.62,245.33,245.38,5920.0,245.481,54
2024-01-10 15:30:00-05:00,245.38,245.72,245.27,245.66,7300.0,245.464,65
2024-01-10 15:35:00-05:00,245.65,245.79,245.58,245.71,6641.0,245.676,53
2024-01-10 15:40:00-05:00,245.66,245.66,245.44,245.45,7523.0,245.56,59
2024-01-10 15:45:00-05:00,245.44,245.45,245.06,245.08,10639.0,245.294,86
2024-01-10 15:50:00-05:00,244.9,245.59,244.9,245.59,13584.0,245.224,112
2024-01-10 15:55:00-05:00,245.66,246.0,245.6,245.79,66718.0,245.833,474
2024-01-11 09:30:00-05:00,247.12,247.47,244.6,244.6,11239.0,246.113,13
2024-01-11 09:35:00-05:00,244.49,245.97,244.26,244.78,921.0,244.761,9
2024-01-11 09:40:00-05:00,245.04,245.41,244.81,245.28,2090.0,245.153,19
2024-01-11 09:45:00-05:00,244.88,244.93,243.75,244.34,10343.0,244.308,63
2024-01-11 09:50:00-05:00,244.36,244.36,243.93,244.25,7692.0,244.172,35
2024-01-11 09:55:00-05:00,244.24,244.67,244.08,244.65,9636.0,244.354,86
2024-01-11 10:00:00-05:00,244.77,244.77,243.86,243.86,12007.0,244.265,76
2024-01-11 10:05:00-05:00,243.81,243.81,243.15,243.27,9938.0,243.502,83
2024-01-11 10:10:00-05:00,242.95,243.55,242.93,243.36,6510.0,243.32,57
2024-01-11 10:15:00-05:00,243.34,244.63,243.34,244.63,7758.0,243.845,71
2024-01-11 10:20:00-05:00,244.49,244.59,244.24,244.38,5909.0,244.419,56
2024-01-11 10:25:00-05:00,244.5,244.71,244.27,244.47,5915.0,244.502,53
2024-01-11 10:30:00-05:00,244.6,244.62,244.11,244.14,15491.0,244.37,111
2024-01-11 10:35:00-05:00,244.2,244.43,244.16,244.41,6044.0,244.298,51
2024-01-11 10:40:00-05:00,244.25,244.5,244.1,244.42,6561.0,244.277,59
2024-01-11 10:45:00-05:00,244.53,244.53,243.67,243.75,8128.0,244.071,66
2024-01-11 10:50:00-05:00,243.82,243.82,243.48,243.69,4247.0,243.646,29
2024-01-11 10:55:00-05:00,243.62,243.7,243.29,243.33,5365.0,243.539,41
2024-01-11 11:00:00-05:00,243.38,243.51,243.07,243.15,3170.0,243.321,24
2024-01-11 11:05:00-05:00,243.14,243.57,243.14,243.56,7849.0,243.388,54
2024-01-11 11:10:00-05:00,243.57,243.68,242.85,242.85,6051.0,243.311,39
2024-01-11 11:15:00-05:00,242.67,242.71,242.51,242.71,2368.0,242.624,21
2024-01-11 11:20:00-05:00,242.75,242.84,242.69,242.71,4007.0,242.765,34
2024-01-11 11:25:00-05:00,242.72,242.91,242.54,242.8,5176.0,242.735,41
2024-01-11 11:30:00-05:00,242.68,242.87,242.5,242.65,6259.0,242.644,47
2024-01-11 11:35:00-05:00,242.65,242.82,242.51,242.54,25386.0,242.784,40
2024-01-11 11:40:00-05:00,242.66,242.78,242.6,242.63,3110.0,242.681,31
2024-01-11 11:45:00-05:00,242.58,243.11,242.49,243.03,7144.0,242.669,40
2024-01-11 11:50:00-05:00,243.27,243.3,242.95,242.95,3825.0,243.143,33
2024-01-11 11:55:00-05:00,242.98,242.98,242.49,242.49,3835.0,242.657,37
2024-01-11 12:00:00-05:00,242.6,242.78,242.53,242.75,3490.0,242.669,31
2024-01-11 12:05:00-05:00,242.68,242.78,242.6,242.72,2348.0,242.689,23
2024-01-11 12:10:00-05:00,242.65,243.31,242.63,243.25,5383.0,242.964,45
2024-01-11 12:15:00-05:00,243.31,243.47,243.28,243.31,9579.0,243.36,84
2024-01-11 12:20:00-05:00,243.25,243.59,243.19,243.46,11238.0,243.395,108
2024-01-11 12:25:00-05:00,243.44,243.45,243.26,243.39,4265.0,243.371,41
2024-01-11 12:30:00-05:00,243.48,243.63,243.45,243.58,5541.0,243.537,45
2024-01-11 12:35:00-05:00,243.55,243.55,243.15,243.39,7238.0,243.408,69
2024-01-11 12:40:00-05:00,243.41,243.68,243.32,243.56,2056.0,243.503,18
2024-01-11 12:45:00-05:00,243.68,243.69,243.59,243.63,1916.0,243.677,18
2024-01-11 12:50:00-05:00,243.7,244.05,243.69,243.81,4809.0,243.89,43
2024-01-11 12:55:00-05:00,243.88,244.14,243.83,244.13,7289.0,243.976,65
2024-01-11 13:00:00-05:00,244.12,244.48,244.07,244.31,6215.0,244.245,57
2024-01-11 13:05:00-05:00,244.38,244.49,244.23,244.44,2499.0,244.385,22
2024-01-11 13:10:00-05:00,244.43,244.68,244.43,244.68,1491.0,244.559,13
2024-01-11 13:15:00-05:00,244.67,244.73,244.51,244.51,1630.0,244.601,15
2024-01-11 13:20:00-05:00,244.57,244.57,244.28,244.29,1141.0,244.403,11
2024-01-11 13:25:00-05:00,244.34,244.34,244.28,244.29,600.0,244.31,6
2024-01-11 13:30:00-05:00,244.46,244.46,244.09,244.29,1400.0,244.268,14
2024-01-11 13:35:00-05:00,244.3,244.46,244.25,244.34,3048.0,244.39,21
2024-01-11 13:40:00-05:00,244.45,244.6,244.45,244.6,3053.0,244.506,28
2024-01-11 13:45:00-05:00,244.61,244.65,244.36,244.45,2099.0,244.526,19
2024-01-11 13:50:00-05:00,244.47,244.64,244.24,244.52,3487.0,244.47,32
2024-01-11 13:55:00-05:00,244.44,244.78,244.37,244.78,3301.0,244.636,22
2024-01-11 14:00:00-05:00,244.8,244.9,244.4,244.4,5851.0,244.716,53
2024-01-11 14:05:00-05:00,244.28,244.41,243.93,243.93,4276.0,244.177,39
2024-01-11 14:10:00-05:00,243.95,244.52,243.94,244.49,4596.0,244.226,40
2024-01-11 14:15:00-05:00,244.48,244.74,244.48,244.49,2143.0,244.599,21
2024-01-11 14:20:00-05:00,244.55,244.77,244.55,244.63,2000.0,244.636,18
2024-01-11 14:25:00-05:00,244.59,244.77,244.56,244.7,3358.0,244.648,30
2024-01-11 14:30:00-05:00,244.69,244.82,244.64,244.82,2316.0,244.758,20
2024-01-11 14:35:00-05:00,244.82,244.96,244.82,244.96,3872.0,244.904,32
2024-01-11 14:40:00-05:00,244.97,245.04,244.83,244.84,1900.0,244.957,19
2024-01-11 14:45:00-05:00,244.84,244.96,244.75,244.96,3343.0,244.862,31
2024-01-11 14:50:00-05:00,244.95,245.17,244.95,245.16,3156.0,245.085,29
2024-01-11 14:55:00-05:00,245.16,245.48,245.16,245.3,4054.0,245.339,37
2024-01-11 15:00:00-05:00,245.34,245.35,245.07,245.13,3307.0,245.198,32
2024-01-11 15:05:00-05:00,245.1,245.34,244.97,245.07,9143.0,245.12,53
2024-01-11 15:10:00-05:00,245.05,245.05,244.76,244.93,4262.0,244.947,42
2024-01-11 15:15:00-05:00,244.83,244.93,244.59,244.93,6413.0,244.77,58
2024-01-11 15:20:00-05:00,244.96,245.2,244.93,245.06,6805.0,245.061,61
2024-01-11 15:25:00-05:00,245.06,245.42,245.06,245.17,9872.0,245.248,64
2024-01-11 15:30:00-05:00,245.13,245.5,245.13,245.37,6579.0,245.332,59
2024-01-11 15:35:00-05:00,245.39,245.4,245.06,245.23,9578.0,245.213,79
2024-01-11 15:40:00-05:00,245.12,245.39,245.11,245.34,10446.0,245.23,85
2024-01-11 15:45:00-05:00,245.34,245.61,245.25,245.47,10395.0,245.432,92
2024-01-11 15:50:00-05:00,245.27,245.67,245.06,245.65,23414.0,245.371,191
2024-01-11 15:55:00-05:00,245.71,246.21,245.71,245.99,66205.0,245.983,490
2024-01-12 09:30:00-05:00,247.76,247.76,245.77,245.77,15175.0,247.033,35
2024-01-12 09:35:00-05:00,245.76,247.41,245.37,247.12,5046.0,246.703,36
2024-01-12 09:40:00-05:00,247.1,247.25,246.3,246.45,4328.0,246.733,39
2024-01-12 09:45:00-05:00,246.44,246.69,246.02,246.13,3504.0,246.453,31
2024-01-12 09:50:00-05:00,246.14,246.44,245.08,245.08,3788.0,245.66,27
2024-01-12 09:55:00-05:00,244.96,245.24,244.64,244.8,6318.0,244.935,51
2024-01-12 10:00:00-05:00,244.63,245.48,244.57,245.32,6775.0,244.945,57
2024-01-12 10:05:00-05:00,245.14,245.57,245.1,245.38,4427.0,245.325,40
2024-01-12 10:10:00-05:00,245.49,245.73,245.08,245.29,4640.0,245.397,44
2024-01-12 10:15:00-05:00,245.31,245.36,244.67,244.76,2849.0,245.019,24
2024-01-12 10:20:00-05:00,244.76,244.76,244.35,244.55,2558.0,244.545,21
2024-01-12 10:25:00-05:00,244.58,244.73,244.24,244.56,4962.0,244.448,36
2024-01-12 10:30:00-05:00,244.71,244.78,244.52,244.56,2807.0,244.64,25
2024-01-12 10:35:00-05:00,244.73,244.75,244.37,244.5,2856.0,244.485,18
2024-01-12 10:40:00-05:00,244.36,244.76,244.3,244.76,5699.0,244.459,50
2024-01-12 10:45:00-05:00,244.73,244.88,244.52,244.52,3049.0,244.675,28
2024-01-12 10:50:00-05:00,244.46,244.55,244.25,244.38,3484.0,244.403,34
2024-01-12 10:55:00-05:00,244.43,244.82,244.36,244.7,5501.0,244.634,49
2024-01-12 11:00:00-05:00,244.71,245.25,244.6,245.21,3452.0,244.824,31
2024-01-12 11:05:00-05:00,245.12,245.31,244.9,245.29,1407.0,245.14,11
2024-01-12 11:10:00-05:00,245.24,245.37,245.18,245.24,2159.0,245.29,21
2024-01-12 11:15:00-05:00,245.18,245.51,245.18,245.44,1184.0,245.402,11
2024-01-12 11:20:00-05:00,245.44,245.64,245.38,245.59,2585.0,245.488,25
2024-01-12 11:25:00-05:00,245.67,245.69,245.45,245.48,1612.0,245.596,15
2024-01-12 11:30:00-05:00,245.43,245.83,245.41,245.77,2348.0,245.627,18
2024-01-12 11:35:00-05:00,245.67,245.67,244.98,244.99,2334.0,245.428,19
2024-01-12 11:40:00-05:00,245.11,245.11,244.96,245.01,600.0,245.045,6
2024-01-12 11:45:00-05:00,244.78,245.1,244.77,244.91,1519.0,244.923,8
2024-01-12 11:50:00-05:00,244.92,245.06,244.8,245.01,3297.0,244.889,25
2024-01-12 11:55:00-05:00,245.0,245.12,244.92,245.04,842.0,245.038,7
2024-01-12 12:00:00-05:00,245.05,245.08,244.88,245.06,800.0,245.017,8
2024-01-12 12:05:00-05:00,245.05,245.22,245.04,245.22,1354.0,245.105,9
2024-01-12 12:10:00-05:00,245.23,245.43,245.12,245.27,3399.0,245.294,25
2024-01-12 12:15:00-05:00,245.39,245.5,245.37,245.5,1100.0,245.439,11
2024-01-12 12:20:00-05:00,245.53,245.53,245.27,245.29,2436.0,245.381,20
2024-01-12 12:25:00-05:00,245.17,245.17,244.99,245.12,1502.0,245.069,13
2024-01-12 12:30:00-05:00,244.99,244.99,244.91,244.91,300.0,244.963,3
2024-01-12 12:35:00-05:00,244.87,245.13,244.82,245.13,1300.0,244.91,13
2024-01-12 12:40:00-05:00,245.21,245.21,244.95,245.16,2117.0,245.068,17
2024-01-12 12:45:00-05:00,245.11,245.11,244.98,244.99,520.0,245.049,5
2024-01-12 12:50:00-05:00,245.11,245.32,245.1,245.32,795.0,245.193,7
2024-01-12 12:55:00-05:00,245.36,245.36,245.18,245.18,1090.0,245.277,9
2024-01-12 13:00:00-05:00,245.13,245.31,245.13,245.22,2105.0,245.226,17
2024-01-12 13:05:00-05:00,245.24,245.35,245.19,245.35,1600.0,245.272,16
2024-01-12 13:10:00-05:00,245.41,245.49,245.38,245.48,1466.0,245.432,13
2024-01-12 13:15:00-05:00,245.48,245.48,245.35,245.42,1982.0,245.421,14
2024-01-12 13:20:00-05:00,245.54,245.66,245.23,245.66,1218.0,245.386,8
2024-01-12 13:25:00-05:00,245.45,245.53,245.44,245.53,400.0,245.48,4
2024-01-12 13:30:00-05:00,245.58,245.72,245.58,245.63,1020.0,245.644,7
2024-01-12 13:35:00-05:00,245.62,245.76,245.6,245.76,1339.0,245.687,13
2024-01-12 13:40:00-05:00,245.8,245.8,245.59,245.65,775.0,245.687,7
2024-01-12 13:45:00-05:00,245.53,245.67,245.51,245.59,2021.0,245.598,17
2024-01-12 13:50:00-05:00,245.54,245.54,245.47,245.47,376.0,245.506,3
2024-01-12 13:55:00-05:00,245.49,245.9,245.44,245.89,4327.0,245.673,38
2024-01-12 14:00:00-05:00,245.92,245.92,245.7,245.75,3812.0,245.836,28
2024-01-12 14:05:00-05:00,245.83,245.94,245.7,245.89,5701.0,245.798,47
2024-01-12 14:10:00-05:00,245.94,245.94,245.83,245.83,843.0,245.882,8
2024-01-12 14:15:00-05:00,245.76,245.83,245.75,245.77,1003.0,245.78,10
2024-01-12 14:20:00-05:00,245.82,245.85,245.46,245.56,2512.0,245.648,24
2024-01-12 14:25:00-05:00,245.6,245.66,245.52,245.53,1016.0,245.567,7
2024-01-12 14:30:00-05:00,245.48,245.52,245.34,245.35,1450.0,245.445,14
2024-01-12 14:35:00-05:00,245.44,245.44,245.27,245.29,1745.0,245.327,13
2024-01-12 14:40:00-05:00,245.36,245.36,245.24,245.25,700.0,245.282,6
2024-01-12 14:45:00-05:00,245.24,245.3,245.2,245.3,800.0,245.243,8
2024-01-12 14:50:00-05:00,245.32,245.46,245.3,245.39,1400.0,245.365,13
2024-01-12 14:55:00-05:00,245.35,245.51,245.28,245.39,1585.0,245.392,15
2024-01-12 15:00:00-05:00,245.28,245.32,245.25,245.26,1172.0,245.283,9
2024-01-12 15:05:00-05:00,245.24,245.33,245.12,245.12,1982.0,245.234,15
2024-01-12 15:10:00-05:00,245.12,245.26,245.12,245.2,1300.0,245.207,12
2024-01-12 15:15:00-05:00,245.23,245.28,245.11,245.27,2067.0,245.204,20
2024-01-12 15:20:00-05:00,245.25,245.29,244.96,245.07,3002.0,245.127,30
2024-01-12 15:25:00-05:00,245.19,245.33,245.11,245.31,2116.0,245.214,21
2024-01-12 15:30:00-05:00,245.29,245.37,245.17,245.27,2284.0,245.297,22
2024-01-12 15:35:00-05:00,245.5,245.5,245.41,245.45,3027.0,245.456,25
2024-01-12 15:40:00-05:00,245.38,245.58,245.3,245.58,3099.0,245.441,27
2024-01-12 15:45:00-05:00,245.61,245.81,245.61,245.78,3918.0,245.716,33
2024-01-12 15:50:00-05:00,245.9,246.02,245.66,246.01,18266.0,245.872,158
2024-01-12 15:55:00-05:00,246.02,246.3,245.9,246.27,38661.0,246.143,314
2024-01-16 09:30:00-05:00,245.6,245.6,244.95,245.46,14318.0,244.984,18
2024-01-16 09:35:00-05:00,245.51,245.9,244.74,245.4,2260.0,245.37,19
2024-01-16 09:40:00-05:00,245.28,245.72,245.08,245.33,6978.0,245.51,29
2024-01-16 09:45:00-05:00,244.91,244.91,244.38,244.38,1712.0,244.62,16
2024-01-16 09:50:00-05:00,244.25,244.79,244.12,244.64,4424.0,244.397,38
2024-01-16 09:55:00-05:00,244.5,244.99,244.25,244.99,3009.0,244.504,27
2024-01-16 10:00:00-05:00,245.27,245.54,245.17,245.21,6201.0,245.316,53
2024-01-16 10:05:00-05:00,245.34,245.69,245.33,245.64,4681.0,245.473,42
2024-01-16 10:10:00-05:00,245.59,246.72,245.42,246.54,14168.0,246.114,114
2024-01-16 10:15:00-05:00,246.51,246.54,245.95,245.99,2529.0,246.327,18
2024-01-16 10:20:00-05:00,246.12,246.22,245.66,245.96,4065.0,246.006,38
2024-01-16 10:25:00-05:00,246.0,246.15,245.68,245.92,3068.0,245.951,29
2024-01-16 10:30:00-05:00,246.09,246.22,245.98,246.16,6840.0,246.088,29
2024-01-16 10:35:00-05:00,246.16,246.32,245.95,246.32,1725.0,246.091,15
2024-01-16 10:40:00-05:00,246.22,246.43,246.12,246.22,2620.0,246.276,21
2024-01-16 10:45:00-05:00,246.26,246.4,245.93,245.99,2713.0,246.115,24
2024-01-16 10:50:00-05:00,246.14,246.14,245.78,246.12,1907.0,246.007,15
2024-01-16 10:55:00-05:00,245.99,246.12,245.69,245.69,2406.0,245.884,18
2024-01-16 11:00:00-05:00,245.71,245.8,244.94,245.14,5518.0,245.274,51
2024-01-16 11:05:00-05:00,245.11,245.3,244.76,244.84,5743.0,244.98,54
2024-01-16 11:10:00-05:00,244.81,245.08,244.63,245.02,5790.0,244.83,53
2024-01-16 11:15:00-05:00,245.09,245.26,244.9,245.1,2732.0,245.075,26
2024-01-16 11:20:00-05:00,245.12,245.35,244.92,245.02,3153.0,245.158,29
2024-01-16 11:25:00-05:00,244.95,245.12,244.77,244.81,2200.0,244.921,21
2024-01-16 11:30:00-05:00,244.95,244.95,244.37,244.45,14156.0,244.584,127
2024-01-16 11:35:00-05:00,244.36,244.37,244.2,244.37,2537.0,244.311,24
2024-01-16 11:40:00-05:00,244.3,244.3,244.0,244.2,9728.0,244.141,73
2024-01-16 11:45:00-05:00,244.14,244.4,244.1,244.31,3485.0,244.218,29
2024-01-16 11:50:00-05:00,244.24,244.39,244.14,244.15,1632.0,244.28,16
2024-01-16 11:55:00-05:00,244.16,244.34,244.16,244.29,1862.0,244.261,17
2024-01-16 12:00:00-05:00,244.27,244.47,244.27,244.36,2295.0,244.371,21
2024-01-16 12:05:00-05:00,244.32,244.39,244.23,244.27,1571.0,244.299,14
2024-01-16 12:10:00-05:00,244.38,244.49,244.25,244.25,2066.0,244.389,19
2024-01-16 12:15:00-05:00,244.24,244.5,244.22,244.29,2552.0,244.362,21
2024-01-16 12:20:00-05:00,244.39,244.53,244.39,244.52,2571.0,244.476,23
2024-01-16 12:25:00-05:00,244.52,244.52,244.3,244.31,1447.0,244.423,12
2024-01-16 12:30:00-05:00,244.45,244.45,244.19,244.25,1474.0,244.329,13
2024-01-16 12:35:00-05:00,244.23,244.51,244.23,244.46,5493.0,244.486,11
2024-01-16 12:40:00-05:00,244.39,244.65,244.37,244.59,2638.0,244.575,24
2024-01-16 12:45:00-05:00,244.69,244.73,244.26,244.39,1422.0,244.551,12
2024-01-16 12:50:00-05:00,244.48,244.61,244.43,244.61,1086.0,244.534,10
2024-01-16 12:55:00-05:00,244.48,244.48,244.18,244.33,1000.0,244.305,8
2024-01-16 13:00:00-05:00,244.39,244.53,244.37,244.52,2338.0,244.491,11
2024-01-16 13:05:00-05:00,244.45,244.73,244.45,244.72,2352.0,244.637,19
2024-01-16 13:10:00-05:00,244.8,244.86,244.73,244.73,2814.0,244.8,20
2024-01-16 13:15:00-05:00,244.88,245.23,244.84,244.96,2120.0,245.003,19
2024-01-16 13:20:00-05:00,244.8,244.8,244.65,244.65,500.0,244.71,4
2024-01-16 13:25:00-05:00,244.66,244.91,244.66,244.79,1768.0,244.749,13
2024-01-16 13:30:00-05:00,245.0,245.04,244.8,245.03,1239.0,244.936,11
2024-01-16 13:35:00-05:00,244.97,245.04,244.86,244.89,3568.0,244.925,31
2024-01-16 13:40:00-05:00,244.92,245.01,244.86,244.87,2610.0,244.909,26
2024-01-16 13:45:00-05:00,244.78,244.82,244.72,244.76,1330.0,244.767,12
2024-01-16 13:50:00-05:00,244.88,244.99,244.6,244.61,2835.0,244.823,25
2024-01-16 13:55:00-05:00,244.51,244.55,244.22,244.51,3302.0,244.423,29
2024-01-16 14:00:00-05:00,244.63,244.63,244.39,244.39,1500.0,244.532,15
2024-01-16 14:05:00-05:00,244.28,244.53,244.28,244.36,2805.0,244.401,26
2024-01-16 14:10:00-05:00,244.36,244.4,244.08,244.29,9421.0,244.247,92
2024-01-16 14:15:00-05:00,244.23,244.24,244.02,244.24,6601.0,244.167,64
2024-01-16 14:20:00-05:00,244.24,244.35,244.2,244.3,4102.0,244.282,31
2024-01-16 14:25:00-05:00,244.27,244.81,244.27,244.72,7060.0,244.603,54
2024-01-16 14:30:00-05:00,244.72,245.05,244.55,245.05,7449.0,244.775,58
2024-01-16 14:35:00-05:00,245.01,245.06,244.91,245.0,4508.0,244.976,36
2024-01-16 14:40:00-05:00,245.02,245.06,244.79,244.83,8335.0,244.907,42
2024-01-16 14:45:00-05:00,244.76,245.11,244.61,244.75,5043.0,244.794,33
2024-01-16 14:50:00-05:00,244.81,244.83,244.73,244.73,665.0,244.775,6
2024-01-16 14:55:00-05:00,244.79,244.91,244.74,244.74,6365.0,244.817,53
2024-01-16 15:00:00-05:00,244.72,244.85,244.43,244.43,12333.0,244.637,67
2024-01-16 15:05:00-05:00,244.39,244.46,244.1,244.11,18911.0,244.354,89
2024-01-16 15:10:00-05:00,244.15,244.21,243.99,244.02,6929.0,244.059,63
2024-01-16 15:15:00-05:00,244.02,244.1,243.83,244.04,5975.0,243.979,56
2024-01-16 15:20:00-05:00,244.01,244.28,243.97,244.24,2822.0,244.154,25
2024-01-16 15:25:00-05:00,244.23,244.3,243.93,244.09,5071.0,244.161,38
2024-01-16 15:30:00-05:00,244.18,244.28,243.98,244.0,8674.0,244.11,53
2024-01-16 15:35:00-05:00,244.14,244.19,243.95,244.12,6911.0,244.061,56
2024-01-16 15:40:00-05:00,244.12,244.49,244.11,244.48,7937.0,244.269,74
2024-01-16 15:45:00-05:00,244.44,245.05,244.42,245.05,10526.0,244.595,99
2024-01-16 15:50:00-05:00,244.93,245.24,244.8,245.1,25831.0,245.085,219
2024-01-16 15:55:00-05:00,245.15,245.58,245.03,245.43,43354.0,245.322,354
2024-01-17 09:30:00-05:00,242.81,246.46,242.81,244.76,22916.0,243.179,37
2024-01-17 09:35:00-05:00,245.02,245.26,243.98,244.17,9617.0,244.497,60
2024-01-17 09:40:00-05:00,244.26,244.61,243.63,244.12,5216.0,244.152,48
2024-01-17 09:45:00-05:00,243.87,245.19,243.87,245.19,2230.0,244.591,21
2024-01-17 09:50:00-05:00,245.29,245.36,245.05,245.21,3012.0,245.191,25
2024-01-17 09:55:00-05:00,245.2,245.73,245.06,245.53,3561.0,245.44,27
2024-01-17 10:00:00-05:00,245.61,246.2,245.48,245.66,6985.0,245.96,39
2024-01-17 10:05:00-05:00,245.45,245.54,245.11,245.21,4365.0,245.365,37
2024-01-17 10:10:00-05:00,245.24,245.28,244.7,245.04,2338.0,245.066,22
2024-01-17 10:15:00-05:00,245.3,245.3,244.17,244.17,6898.0,244.586,42
2024-01-17 10:20:00-05:00,244.25,244.73,244.23,244.65,2769.0,244.456,24
2024-01-17 10:25:00-05:00,244.65,244.95,244.63,244.72,3584.0,244.779,30
2024-01-17 10:30:00-05:00,244.49,244.81,244.48,244.79,810.0,244.686,6
2024-01-17 10:35:00-05:00,244.71,244.86,244.62,244.74,3582.0,244.704,32
2024-01-17 10:40:00-05:00,244.68,245.0,244.47,245.0,3367.0,244.729,30
2024-01-17 10:45:00-05:00,245.0,245.09,244.7,244.79,3858.0,244.848,35
2024-01-17 10:50:00-05:00,244.97,245.35,244.97,245.09,10938.0,245.179,99
2024-01-17 10:55:00-05:00,245.02,245.34,244.77,245.34,3132.0,244.99,25
2024-01-17 11:00:00-05:00,245.37,245.74,245.37,245.73,3373.0,245.629,33
2024-01-17 11:05:00-05:00,245.75,246.12,245.74,245.95,31703.0,245.951,186
2024-01-17 11:10:00-05:00,245.97,246.08,245.71,245.93,22390.0,245.931,202
2024-01-17 11:15:00-05:00,245.93,246.13,245.84,246.1,6040.0,245.989,55
2024-01-17 11:20:00-05:00,246.22,246.22,245.87,246.0,11839.0,246.022,59
2024-01-17 11:25:00-05:00,245.89,246.16,245.89,246.09,2523.0,246.033,24
2024-01-17 11:30:00-05:00,246.0,246.12,245.96,245.97,3677.0,245.995,25
2024-01-17 11:35:00-05:00,245.97,246.05,245.92,246.03,2000.0,245.989,16
2024-01-17 11:40:00-05:00,246.03,246.06,245.81,246.05,5723.0,245.979,47
2024-01-17 11:45:00-05:00,246.0,246.17,245.82,245.92,4723.0,246.023,19
2024-01-17 11:50:00-05:00,245.97,246.0,245.73,245.99,3445.0,245.927,31
2024-01-17 11:55:00-05:00,245.96,246.03,245.88,245.94,2900.0,245.938,25
2024-01-17 12:00:00-05:00,245.95,245.95,245.57,245.58,5307.0,245.804,51
2024-01-17 12:05:00-05:00,245.6,245.62,245.4,245.49,10115.0,245.434,29
2024-01-17 12:10:00-05:00,245.54,245.69,245.38,245.38,2117.0,245.537,20
2024-01-17 12:15:00-05:00,245.25,245.38,245.11,245.38,1849.0,245.21,17
2024-01-17 12:20:00-05:00,245.33,245.44,245.17,245.4,4107.0,245.31,40
2024-01-17 12:25:00-05:00,245.47,245.47,245.33,245.38,2200.0,245.394,17
2024-01-17 12:30:00-05:00,245.31,245.38,245.17,245.33,2600.0,245.263,19
2024-01-17 12:35:00-05:00,245.33,245.42,245.27,245.3,4180.0,245.342,40
2024-01-17 12:40:00-05:00,245.25,245.34,245.15,245.34,1400.0,245.229,14
2024-01-17 12:45:00-05:00,245.29,245.43,245.26,245.31,6457.0,245.349,49
2024-01-17 12:50:00-05:00,245.3,245.72,245.17,245.71,6425.0,245.491,56
2024-01-17 12:55:00-05:00,245.62,245.63,245.52,245.54,1320.0,245.582,13
2024-01-17 13:00:00-05:00,245.54,245.86,245.54,245.86,3643.0,245.697,29
2024-01-17 13:05:00-05:00,245.83,245.83,245.61,245.61,510.0,245.755,4
2024-01-17 13:10:00-05:00,245.61,245.61,245.32,245.33,1732.0,245.466,17
2024-01-17 13:15:00-05:00,245.24,245.36,245.2,245.27,1500.0,245.283,14
2024-01-17 13:20:00-05:00,245.17,245.17,244.89,244.94,2400.0,244.974,24
2024-01-17 13:25:00-05:00,245.1,245.1,244.95,244.95,1600.0,244.997,8
2024-01-17 13:30:00-05:00,244.82,244.84,244.66,244.76,3000.0,244.777,25
2024-01-17 13:35:00-05:00,244.65,244.8,244.43,244.47,1822.0,244.549,17
2024-01-17 13:40:00-05:00,244.45,244.45,244.13,244.15,800.0,244.274,8
2024-01-17 13:45:00-05:00,244.15,244.24,244.04,244.17,1201.0,244.142,12
2024-01-17 13:50:00-05:00,244.26,244.41,244.13,244.33,8548.0,244.265,56
2024-01-17 13:55:00-05:00,244.31,244.52,244.23,244.5,1426.0,244.353,14
2024-01-17 14:00:00-05:00,244.5,244.73,244.35,244.35,3516.0,244.552,34
2024-01-17 14:05:00-05:00,244.34,244.38,244.11,244.13,4373.0,244.286,26
2024-01-17 14:10:00-05:00,244.23,244.23,244.04,244.05,2085.0,244.144,17
2024-01-17 14:15:00-05:00,244.01,244.25,243.97,244.25,2571.0,244.096,24
2024-01-17 14:20:00-05:00,244.17,244.38,244.16,244.34,2267.0,244.277,20
2024-01-17 14:25:00-05:00,244.38,244.46,244.15,244.24,4213.0,244.283,36
2024-01-17 14:30:00-05:00,244.29,244.29,244.06,244.14,1755.0,244.245,17
2024-01-17 14:35:00-05:00,244.15,244.39,244.15,244.29,3159.0,244.284,29
2024-01-17 14:40:00-05:00,244.3,244.57,244.21,244.47,6419.0,244.334,61
2024-01-17 14:45:00-05:00,244.47,244.47,244.2,244.29,2162.0,244.323,19
2024-01-17 14:50:00-05:00,244.34,244.34,244.22,244.24,2966.0,244.326,7
2024-01-17 14:55:00-05:00,244.36,244.47,244.34,244.43,3054.0,244.404,29
2024-01-17 15:00:00-05:00,244.36,244.44,244.17,244.24,3149.0,244.33,30
2024-01-17 15:05:00-05:00,244.25,244.34,244.12,244.15,2010.0,244.256,17
2024-01-17 15:10:00-05:00,244.02,244.03,243.74,243.74,2335.0,243.937,19
2024-01-17 15:15:00-05:00,243.87,244.04,243.8,243.98,1591.0,243.89,13
2024-01-17 15:20:00-05:00,243.92,243.92,243.69,243.76,2837.0,243.808,27
2024-01-17 15:25:00-05:00,243.81,243.97,243.8,243.82,3502.0,243.886,34
2024-01-17 15:30:00-05:00,243.8,244.05,243.8,244.05,1950.0,243.956,19
2024-01-17 15:35:00-05:00,244.08,244.27,244.08,244.13,1855.0,244.179,16
2024-01-17 15:40:00-05:00,244.21,244.38,244.2,244.28,4013.0,244.258,38
2024-01-17 15:45:00-05:00,244.28,244.39,244.12,244.13,6119.0,244.265,55
2024-01-17 15:50:00-05:00,244.16,244.46,244.1,244.39,9062.0,244.326,81
2024-01-17 15:55:00-05:00,244.38,244.77,244.38,244.44,26427.0,244.605,218
2024-01-18 09:30:00-05:00,245.33,246.45,245.24,246.42,9766.0,245.443,13
2024-01-18 09:35:00-05:00,246.48,246.67,246.16,246.43,6183.0,246.484,57
2024-01-18 09:40:00-05:00,246.51,246.63,245.92,245.92,3788.0,246.326,20
2024-01-18 09:45:00-05:00,245.89,246.22,245.87,246.22,3072.0,246.142,17
2024-01-18 09:50:00-05:00,245.98,246.02,245.7,246.02,1800.0,245.892,17
2024-01-18 09:55:00-05:00,245.93,246.8,245.78,246.43,11051.0,246.187,62
2024-01-18 10:00:00-05:00,246.39,246.44,246.22,246.44,1344.0,246.338,11
2024-01-18 10:05:00-05:00,246.75,246.92,246.21,246.35,3732.0,246.751,30
2024-01-18 10:10:00-05:00,246.05,246.79,246.02,246.75,1600.0,246.342,16
2024-01-18 10:15:00-05:00,246.59,246.98,246.53,246.98,1829.0,246.765,17
2024-01-18 10:20:00-05:00,246.98,246.98,246.69,246.84,2852.0,246.825,26
2024-01-18 10:25:00-05:00,246.92,247.0,246.8,246.88,3203.0,246.882,20
2024-01-18 10:30:00-05:00,246.8,247.11,246.7,246.94,7338.0,246.945,62
2024-01-18 10:35:00-05:00,247.08,247.26,246.96,247.17,2300.0,247.16,18
2024-01-18 10:40:00-05:00,247.1,247.23,247.01,247.23,1407.0,247.118,11
2024-01-18 10:45:00-05:00,247.18,247.41,247.11,247.39,3440.0,247.269,33
2024-01-18 10:50:00-05:00,247.4,247.49,247.05,247.06,2489.0,247.259,22
2024-01-18 10:55:00-05:00,247.05,247.05,246.34,246.51,4874.0,246.599,23
2024-01-18 11:00:00-05:00,246.52,246.52,245.91,246.06,2026.0,246.122,18
2024-01-18 11:05:00-05:00,246.02,246.2,245.95,246.09,1454.0,246.048,13
2024-01-18 11:10:00-05:00,246.11,246.26,246.06,246.06,4174.0,246.099,13
2024-01-18 11:15:00-05:00,245.94,246.1,245.89,246.01,4545.0,245.998,42
2024-01-18 11:20:00-05:00,245.9,246.1,245.77,246.01,5850.0,245.997,55
2024-01-18 11:25:00-05:00,246.01,246.22,245.79,245.92,4274.0,246.032,35
2024-01-18 11:30:00-05:00,245.83,246.0,245.53,245.98,3888.0,245.784,37
2024-01-18 11:35:00-05:00,245.99,246.04,245.76,245.93,2094.0,245.913,20
2024-01-18 11:40:00-05:00,245.82,246.03,245.61,245.61,2388.0,245.852,22
2024-01-18 11:45:00-05:00,245.48,245.48,245.26,245.26,3250.0,245.353,28
2024-01-18 11:50:00-05:00,245.39,245.63,245.38,245.41,1779.0,245.502,17
2024-01-18 11:55:00-05:00,245.38,245.44,245.01,245.01,1932.0,245.249,18
2024-01-18 12:00:00-05:00,244.81,244.82,244.4,244.59,1100.0,244.656,11
2024-01-18 12:05:00-05:00,244.71,244.82,244.63,244.71,1201.0,244.738,12
2024-01-18 12:10:00-05:00,244.68,244.82,244.52,244.82,1213.0,244.675,11
2024-01-18 12:15:00-05:00,244.72,244.9,244.71,244.77,901.0,244.792,9
2024-01-18 12:20:00-05:00,244.85,244.86,244.65,244.66,1500.0,244.784,15
2024-01-18 12:25:00-05:00,244.66,244.86,244.66,244.75,2166.0,244.788,12
2024-01-18 12:30:00-05:00,244.68,244.69,244.59,244.59,1124.0,244.623,11
2024-01-18 12:35:00-05:00,244.39,244.86,244.39,244.86,4482.0,244.703,34
2024-01-18 12:40:00-05:00,244.86,244.96,244.73,244.96,3085.0,244.799,27
2024-01-18 12:45:00-05:00,244.99,245.0,244.7,244.7,2958.0,244.94,18
2024-01-18 12:50:00-05:00,244.76,244.86,244.66,244.83,8183.0,244.774,33
2024-01-18 12:55:00-05:00,244.82,244.85,244.61,244.61,3910.0,244.797,37
2024-01-18 13:00:00-05:00,244.62,244.67,244.39,244.39,1407.0,244.531,14
2024-01-18 13:05:00-05:00,244.47,244.52,244.22,244.22,500.0,244.414,5
2024-01-18 13:10:00-05:00,244.3,244.41,244.27,244.37,1836.0,244.319,17
2024-01-18 13:15:00-05:00,244.27,244.49,244.2,244.43,1765.0,244.365,11
2024-01-18 13:20:00-05:00,244.51,244.51,244.28,244.44,912.0,244.412,9
2024-01-18 13:25:00-05:00,244.33,244.58,244.3,244.39,2354.0,244.458,22
2024-01-18 13:30:00-05:00,244.38,244.45,244.21,244.36,6016.0,244.363,41
2024-01-18 13:35:00-05:00,244.44,244.44,244.11,244.4,2664.0,244.246,22
2024-01-18 13:40:00-05:00,244.5,244.57,244.35,244.45,3264.0,244.46,29
2024-01-18 13:45:00-05:00,244.48,244.79,244.47,244.79,4886.0,244.543,46
2024-01-18 13:50:00-05:00,244.84,245.04,244.83,245.02,2688.0,244.968,25
2024-01-18 13:55:00-05:00,245.11,245.2,245.07,245.2,1150.0,245.141,11
2024-01-18 14:00:00-05:00,245.27,245.36,245.23,245.32,2146.0,245.287,21
2024-01-18 14:05:00-05:00,245.25,245.33,245.21,245.26,844.0,245.271,8
2024-01-18 14:10:00-05:00,245.36,245.73,245.36,245.73,3079.0,245.597,18
2024-01-18 14:15:00-05:00,245.69,245.93,245.6,245.72,1145.0,245.732,11
2024-01-18 14:20:00-05:00,245.77,246.17,245.73,246.06,1804.0,245.881,16
2024-01-18 14:25:00-05:00,246.06,246.14,246.02,246.14,949.0,246.083,9
2024-01-18 14:30:00-05:00,246.27,246.36,245.93,245.93,3470.0,246.168,30
2024-01-18 14:35:00-05:00,245.92,246.28,245.92,246.23,3040.0,246.145,27
2024-01-18 14:40:00-05:00,246.32,246.33,245.98,246.1,2390.0,246.133,18
2024-01-18 14:45:00-05:00,246.02,246.28,245.89,246.21,6208.0,245.975,24
2024-01-18 14:50:00-05:00,246.25,246.48,246.24,246.41,1546.0,246.373,14
2024-01-18 14:55:00-05:00,246.47,246.47,246.32,246.36,1081.0,246.375,7
2024-01-18 15:00:00-05:00,246.47,246.62,246.47,246.51,3685.0,246.52,27
2024-01-18 15:05:00-05:00,246.6,247.02,246.6,247.0,1499.0,246.752,12
2024-01-18 15:10:00-05:00,246.92,246.95,246.79,246.84,3035.0,246.851,24
2024-01-18 15:15:00-05:00,246.78,246.92,246.78,246.92,1709.0,246.886,14
2024-01-18 15:20:00-05:00,246.82,247.23,246.7,247.23,3000.0,246.972,21
2024-01-18 15:25:00-05:00,247.29,247.46,247.29,247.45,4271.0,247.361,38
2024-01-18 15:30:00-05:00,247.5,247.67,247.32,247.35,5140.0,247.444,44
2024-01-18 15:35:00-05:00,247.4,247.43,247.24,247.28,5359.0,247.374,52
2024-01-18 15:40:00-05:00,247.35,247.51,247.28,247.48,2389.0,247.412,17
2024-01-18 15:45:00-05:00,247.48,247.63,247.37,247.51,10460.0,247.465,58
2024-01-18 15:50:00-05:00,247.31,247.83,247.3,247.39,8700.0,247.54,77
2024-01-18 15:55:00-05:00,247.36,247.49,247.17,247.23,29540.0,247.316,232
2024-01-19 09:30:00-05:00,249.0,249.0,246.74,246.76,70183.0,248.027,42
2024-01-19 09:35:00-05:00,246.67,247.08,246.58,246.58,1106.0,246.807,8
2024-01-19 09:40:00-05:00,246.35,246.45,245.97,245.98,2875.0,246.187,20
2024-01-19 09:45:00-05:00,245.8,246.43,245.3,246.43,5971.0,245.7,42
2024-01-19 09:50:00-05:00,246.28,246.82,246.04,246.56,5690.0,246.515,23
2024-01-19 09:55:00-05:00,246.4,247.02,246.4,246.97,1665.0,246.745,12
2024-01-19 10:00:00-05:00,247.22,247.49,246.3,246.4,3834.0,246.728,29
2024-01-19 10:05:00-05:00,246.66,246.66,245.91,245.94,4840.0,246.164,20
2024-01-19 10:10:00-05:00,246.05,246.6,245.94,246.17,2172.0,246.201,20
2024-01-19 10:15:00-05:00,246.28,246.51,245.97,246.51,7704.0,246.229,42
2024-01-19 10:20:00-05:00,246.65,246.96,246.38,246.5,5945.0,246.678,41
2024-01-19 10:25:00-05:00,246.55,246.56,245.93,246.21,529.0,246.258,4
2024-01-19 10:30:00-05:00,246.14,246.14,245.76,245.76,2604.0,246.001,21
2024-01-19 10:35:00-05:00,245.94,246.09,245.9,246.06,2838.0,245.985,26
2024-01-19 10:40:00-05:00,246.15,246.45,246.01,246.45,1235.0,246.26,11
2024-01-19 10:45:00-05:00,246.4,246.91,246.4,246.57,4024.0,246.711,37
2024-01-19 10:50:00-05:00,246.47,246.5,246.31,246.31,623.0,246.437,6
2024-01-19 10:55:00-05:00,246.27,246.47,246.08,246.22,2503.0,246.251,25
2024-01-19 11:00:00-05:00,246.31,246.67,246.28,246.56,4451.0,246.42,42
2024-01-19 11:05:00-05:00,246.56,246.98,246.56,246.68,6733.0,246.849,49
2024-01-19 11:10:00-05:00,246.53,246.92,246.52,246.57,1901.0,246.726,13
2024-01-19 11:15:00-05:00,246.54,246.55,246.44,246.45,616.0,246.504,6
2024-01-19 11:20:00-05:00,246.49,246.7,246.33,246.58,5963.0,246.478,47
2024-01-19 11:25:00-05:00,246.62,246.77,246.52,246.77,9417.0,246.602,39
2024-01-19 11:30:00-05:00,246.68,246.69,246.36,246.4,2925.0,246.517,26
2024-01-19 11:35:00-05:00,246.33,246.53,246.25,246.45,5385.0,246.367,41
2024-01-19 11:40:00-05:00,246.55,246.55,246.36,246.48,2633.0,246.479,22
2024-01-19 11:45:00-05:00,246.38,246.44,246.27,246.29,2783.0,246.356,26
2024-01-19 11:50:00-05:00,246.28,246.4,246.15,246.34,2354.0,246.288,20
2024-01-19 11:55:00-05:00,246.33,246.66,246.23,246.66,4594.0,246.582,43
2024-01-19 12:00:00-05:00,246.65,246.77,246.57,246.58,5191.0,246.649,43
2024-01-19 12:05:00-05:00,246.67,246.67,246.47,246.51,3024.0,246.605,24
2024-01-19 12:10:00-05:00,246.54,246.96,246.49,246.96,4442.0,246.659,40
2024-01-19 12:15:00-05:00,247.03,247.16,247.03,247.1,1600.0,247.11,16
2024-01-19 12:20:00-05:00,247.13,247.23,247.08,247.23,3439.0,247.137,23
2024-01-19 12:25:00-05:00,247.16,247.29,247.15,247.21,5309.0,247.167,14
2024-01-19 12:30:00-05:00,247.31,247.6,247.26,247.41,1265.0,247.422,11
2024-01-19 12:35:00-05:00,247.55,247.74,247.5,247.51,800.0,247.546,8
2024-01-19 12:40:00-05:00,247.48,247.6,247.38,247.6,1200.0,247.469,12
2024-01-19 12:45:00-05:00,247.78,247.78,247.58,247.74,2015.0,247.711,19
2024-01-19 12:50:00-05:00,247.82,248.0,247.81,248.0,1400.0,247.943,14
2024-01-19 12:55:00-05:00,248.02,248.02,247.84,247.97,4274.0,247.948,37
2024-01-19 13:00:00-05:00,247.93,248.09,247.92,248.09,4150.0,247.995,39
2024-01-19 13:05:00-05:00,248.09,248.23,248.03,248.23,1920.0,248.136,18
2024-01-19 13:10:00-05:00,248.22,248.35,248.12,248.33,906.0,248.236,9
2024-01-19 13:15:00-05:00,248.22,248.41,248.22,248.39,1509.0,248.334,14
2024-01-19 13:20:00-05:00,248.39,248.7,248.39,248.58,2577.0,248.581,22
2024-01-19 13:25:00-05:00,248.65,248.65,248.47,248.61,3187.0,248.558,24
2024-01-19 13:30:00-05:00,248.62,248.67,248.59,248.61,1600.0,248.654,4
2024-01-19 13:35:00-05:00,248.64,248.94,248.64,248.94,3726.0,248.855,17
2024-01-19 13:40:00-05:00,248.85,248.98,248.82,248.85,6634.0,248.955,16
2024-01-19 13:45:00-05:00,248.8,248.95,248.7,248.8,1748.0,248.761,16
2024-01-19 13:50:00-05:00,248.87,248.94,248.66,248.66,1639.0,248.817,15
2024-01-19 13:55:00-05:00,248.66,248.89,248.65,248.85,1533.0,248.805,14
2024-01-19 14:00:00-05:00,248.82,248.83,248.72,248.83,1602.0,248.805,14
2024-01-19 14:05:00-05:00,248.92,249.0,248.84,248.88,2413.0,248.949,12
2024-01-19 14:10:00-05:00,248.97,249.37,248.96,249.37,7166.0,249.227,16
2024-01-19 14:15:00-05:00,249.38,249.38,249.1,249.29,2742.0,249.232,26
2024-01-19 14:20:00-05:00,249.3,249.53,249.2,249.5,4481.0,249.376,38
2024-01-19 14:25:00-05:00,249.57,249.86,249.4,249.44,4283.0,249.638,41
2024-01-19 14:30:00-05:00,249.48,249.55,249.28,249.36,5932.0,249.407,39
2024-01-19 14:35:00-05:00,249.32,249.5,249.17,249.5,1400.0,249.294,13
2024-01-19 14:40:00-05:00,249.52,249.62,249.15,249.24,2548.0,249.399,21
2024-01-19 14:45:00-05:00,249.35,249.43,249.13,249.41,2354.0,249.354,20
2024-01-19 14:50:00-05:00,249.3,249.39,249.26,249.3,2221.0,249.323,21
2024-01-19 14:55:00-05:00,249.33,249.41,249.2,249.37,4545.0,249.298,39
2024-01-19 15:00:00-05:00,249.43,249.7,249.32,249.63,8060.0,249.498,70
2024-01-19 15:05:00-05:00,249.64,249.65,249.47,249.47,2291.0,249.564,21
2024-01-19 15:10:00-05:00,249.45,249.57,249.25,249.5,5942.0,249.367,32
2024-01-19 15:15:00-05:00,249.62,249.62,249.32,249.4,4378.0,249.485,27
2024-01-19 15:20:00-05:00,249.43,249.54,249.27,249.4,2454.0,249.388,23
2024-01-19 15:25:00-05:00,249.34,249.62,249.33,249.61,3044.0,249.511,28
2024-01-19 15:30:00-05:00,249.61,249.89,249.47,249.78,8909.0,249.679,46
2024-01-19 15:35:00-05:00,249.75,249.76,249.31,249.4,3264.0,249.51,27
2024-01-19 15:40:00-05:00,249.41,249.49,249.28,249.28,3922.0,249.4,35
2024-01-19 15:45:00-05:00,249.38,249.47,249.19,249.27,6605.0,249.314,56
2024-01-19 15:50:00-05:00,249.21,249.29,248.89,249.09,7171.0,249.067,62
2024-01-19 15:55:00-05:00,249.2,249.36,248.84,248.99,33201.0,249.039,252
2024-01-22 09:30:00-05:00,250.62,251.46,250.11,251.44,21004.0,250.231,32
2024-01-22 09:35:00-05:00,251.45,251.5,251.15,251.15,1700.0,251.323,17
2024-01-22 09:40:00-05:00,251.14,251.44,250.53,251.01,2745.0,251.065,26
2024-01-22 09:45:00-05:00,251.05,251.51,250.96,251.34,6500.0,251.047,65
2024-01-22 09:50:00-05:00,251.04,251.77,250.98,251.72,4501.0,251.414,41
2024-01-22 09:55:00-05:00,251.65,251.65,251.14,251.33,2358.0,251.362,18
2024-01-22 10:00:00-05:00,251.46,252.12,251.33,251.91,8608.0,251.767,79
2024-01-22 10:05:00-05:00,251.77,252.15,251.56,252.13,3600.0,251.843,31
2024-01-22 10:10:00-05:00,252.14,252.62,252.14,252.62,2615.0,252.403,15
2024-01-22 10:15:00-05:00,252.5,252.81,252.05,252.05,3341.0,252.38,29
2024-01-22 10:20:00-05:00,252.2,252.29,252.04,252.27,1424.0,252.181,10
2024-01-22 10:25:00-05:00,252.34,252.44,252.07,252.39,5403.0,252.383,11
2024-01-22 10:30:00-05:00,252.48,252.48,251.88,251.9,6512.0,252.053,35
2024-01-22 10:35:00-05:00,251.76,252.02,251.58,252.02,1125.0,251.85,10
2024-01-22 10:40:00-05:00,252.0,252.11,251.87,251.91,2279.0,251.982,15
2024-01-22 10:45:00-05:00,251.86,251.91,251.7,251.84,5402.0,251.773,14
2024-01-22 10:50:00-05:00,251.82,251.95,251.76,251.77,1167.0,251.868,10
2024-01-22 10:55:00-05:00,251.62,251.62,251.36,251.36,2200.0,251.46,22
2024-01-22 11:00:00-05:00,251.37,251.37,250.95,250.95,2800.0,251.141,28
2024-01-22 11:05:00-05:00,251.05,251.64,251.04,251.53,7338.0,251.323,56
2024-01-22 11:10:00-05:00,251.62,251.82,251.52,251.81,952.0,251.682,9
2024-01-22 11:15:00-05:00,251.65,251.78,251.57,251.78,1421.0,251.642,14
2024-01-22 11:20:00-05:00,251.91,251.95,251.68,251.78,3300.0,251.83,32
2024-01-22 11:25:00-05:00,251.84,252.03,251.69,251.91,3373.0,251.883,32
2024-01-22 11:30:00-05:00,251.89,251.95,251.67,251.91,1055.0,251.826,9
2024-01-22 11:35:00-05:00,251.76,251.76,251.73,251.73,200.0,251.743,2
2024-01-22 11:40:00-05:00,251.79,252.0,251.67,251.67,3159.0,251.857,28
2024-01-22 11:45:00-05:00,251.76,251.92,251.75,251.82,1000.0,251.849,10
2024-01-22 11:50:00-05:00,251.75,251.76,251.5,251.52,2938.0,251.634,13
2024-01-22 11:55:00-05:00,251.51,251.85,251.51,251.81,3327.0,251.669,29
2024-01-22 12:00:00-05:00,251.81,251.81,251.57,251.7,1507.0,251.634,14
2024-01-22 12:05:00-05:00,251.56,251.63,251.23,251.29,4801.0,251.491,37
2024-01-22 12:10:00-05:00,251.26,251.48,251.24,251.47,3750.0,251.339,37
2024-01-22 12:15:00-05:00,251.45,251.67,251.27,251.67,4887.0,251.496,42
2024-01-22 12:20:00-05:00,251.68,251.75,251.56,251.56,1216.0,251.648,9
2024-01-22 12:25:00-05:00,251.66,251.66,251.51,251.64,2500.0,251.602,24
2024-01-22 12:30:00-05:00,251.71,251.78,251.48,251.5,4312.0,251.632,39
2024-01-22 12:35:00-05:00,251.39,251.56,251.31,251.53,4996.0,251.398,48
2024-01-22 12:40:00-05:00,251.48,251.52,251.38,251.39,300.0,251.46,3
2024-01-22 12:45:00-05:00,251.4,251.61,251.34,251.61,2300.0,251.527,23
2024-01-22 12:50:00-05:00,251.53,251.89,251.52,251.71,2753.0,251.763,20
2024-01-22 12:55:00-05:00,251.82,251.89,251.74,251.77,1400.0,251.814,14
2024-01-22 13:00:00-05:00,251.61,251.61,251.49,251.49,535.0,251.553,5
2024-01-22 13:05:00-05:00,251.71,251.81,251.68,251.7,1129.0,251.743,11
2024-01-22 13:10:00-05:00,251.72,251.89,251.72,251.86,1779.0,251.803,15
2024-01-22 13:15:00-05:00,251.95,251.95,251.73,251.81,1200.0,251.838,11
2024-01-22 13:20:00-05:00,251.73,252.15,251.73,251.96,2602.0,252.01,25
2024-01-22 13:25:00-05:00,252.06,252.07,251.72,251.72,1198.0,251.934,11
2024-01-22 13:30:00-05:00,251.72,252.01,251.71,252.01,1857.0,251.913,16
2024-01-22 13:35:00-05:00,252.09,252.33,252.08,252.3,1789.0,252.253,14
2024-01-22 13:40:00-05:00,252.23,252.32,252.22,252.22,1557.0,252.266,13
2024-01-22 13:45:00-05:00,252.11,252.36,252.08,252.28,1728.0,252.269,13
2024-01-22 13:50:00-05:00,252.21,252.5,252.21,252.5,1417.0,252.386,14
2024-01-22 13:55:00-05:00,252.5,252.54,252.43,252.49,5432.0,252.494,54
2024-01-22 14:00:00-05:00,252.49,252.49,252.35,252.44,2046.0,252.426,18
2024-01-22 14:05:00-05:00,252.42,252.42,252.28,252.28,1444.0,252.353,11
2024-01-22 14:10:00-05:00,252.29,252.31,252.14,252.24,1197.0,252.229,11
2024-01-22 14:15:00-05:00,252.17,252.25,251.92,252.04,2329.0,252.093,12
2024-01-22 14:20:00-05:00,251.93,252.37,251.85,252.37,4301.0,252.09,41
2024-01-22 14:25:00-05:00,252.37,252.37,252.15,252.3,2257.0,252.288,20
2024-01-22 14:30:00-05:00,252.34,252.38,252.19,252.2,3333.0,252.308,17
2024-01-22 14:35:00-05:00,252.09,252.27,252.09,252.21,500.0,252.203,5
2024-01-22 14:40:00-05:00,252.26,252.26,252.16,252.2,2293.0,252.192,12
2024-01-22 14:45:00-05:00,252.14,252.18,252.05,252.17,2823.0,252.123,25
2024-01-22 14:50:00-05:00,252.09,252.32,252.09,252.21,5400.0,252.256,30
2024-01-22 14:55:00-05:00,252.13,252.37,252.13,252.3,2069.0,252.29,19
2024-01-22 15:00:00-05:00,252.28,252.28,252.15,252.15,2907.0,252.219,16
2024-01-22 15:05:00-05:00,252.15,252.48,252.13,252.48,2408.0,252.249,23
2024-01-22 15:10:00-05:00,252.45,252.61,252.29,252.45,3487.0,252.49,31
2024-01-22 15:15:00-05:00,252.52,252.71,252.48,252.69,1693.0,252.572,16
2024-01-22 15:20:00-05:00,252.74,252.84,252.73,252.76,1072.0,252.786,10
2024-01-22 15:25:00-05:00,252.94,253.08,252.82,253.0,4718.0,252.948,42
2024-01-22 15:30:00-05:00,253.07,253.15,252.96,253.09,2638.0,253.066,24
2024-01-22 15:35:00-05:00,253.15,253.29,252.96,253.0,5343.0,253.185,43
2024-01-22 15:40:00-05:00,253.03,253.1,252.95,253.09,5939.0,253.043,52
2024-01-22 15:45:00-05:00,253.02,253.11,252.75,252.78,9665.0,253.011,71
2024-01-22 15:50:00-05:00,252.32,252.93,252.27,252.72,10469.0,252.777,97
2024-01-22 15:55:00-05:00,252.66,253.0,252.61,252.64,51580.0,252.792,381
2024-01-23 09:30:00-05:00,251.95,252.39,251.48,251.7,22976.0,252.018,48
2024-01-23 09:35:00-05:00,251.53,251.75,251.11,251.47,4357.0,251.288,39
2024-01-23 09:40:00-05:00,251.74,251.74,250.97,251.32,4832.0,251.293,23
2024-01-23 09:45:00-05:00,251.32,251.8,251.11,251.68,7677.0,251.482,66
2024-01-23 09:50:00-05:00,251.56,251.9,251.43,251.82,10113.0,251.592,67
2024-01-23 09:55:00-05:00,251.82,251.9,251.06,251.06,2712.0,251.602,21
2024-01-23 10:00:00-05:00,251.25,251.25,250.33,250.42,3170.0,250.762,27
2024-01-23 10:05:00-05:00,250.43,250.68,250.24,250.68,2083.0,250.394,19
2024-01-23 10:10:00-05:00,250.71,250.76,250.36,250.52,1292.0,250.622,10
2024-01-23 10:15:00-05:00,250.5,250.56,250.4,250.52,1250.0,250.442,12
2024-01-23 10:20:00-05:00,250.44,250.44,249.7,249.74,3898.0,250.072,35
2024-01-23 10:25:00-05:00,249.74,250.38,249.73,250.3,13558.0,250.013,66
2024-01-23 10:30:00-05:00,250.31,250.49,249.77,249.96,5676.0,249.982,54
2024-01-23 10:35:00-05:00,249.81,250.05,249.48,249.58,51899.0,249.99,19
2024-01-23 10:40:00-05:00,249.59,249.69,249.59,249.69,500.0,249.613,5
2024-01-23 10:45:00-05:00,249.73,249.79,249.21,249.62,11558.0,249.451,53
2024-01-23 10:50:00-05:00,249.81,250.18,249.6,250.03,40656.0,250.035,87
2024-01-23 10:55:00-05:00,250.17,250.58,250.17,250.54,1900.0,250.352,19
2024-01-23 11:00:00-05:00,250.58,251.0,250.51,250.76,3000.0,250.753,28
2024-01-23 11:05:00-05:00,250.94,251.05,250.74,250.86,4100.0,250.908,27
2024-01-23 11:10:00-05:00,250.79,251.06,250.79,250.89,8400.0,250.945,64
2024-01-23 11:15:00-05:00,250.79,251.05,250.63,250.83,15673.0,250.97,78
2024-01-23 11:20:00-05:00,250.8,250.81,250.43,250.54,5060.0,250.599,40
2024-01-23 11:25:00-05:00,250.59,250.76,250.43,250.46,7660.0,250.574,69
2024-01-23 11:30:00-05:00,250.74,250.74,250.4,250.66,7789.0,250.573,52
2024-01-23 11:35:00-05:00,250.65,251.0,250.5,251.0,2319.0,250.808,13
2024-01-23 11:40:00-05:00,251.0,251.09,250.67,251.08,8064.0,250.926,77
2024-01-23 11:45:00-05:00,251.03,251.03,250.82,250.87,3670.0,250.929,30
2024-01-23 11:50:00-05:00,250.92,251.08,250.81,250.91,2999.0,250.953,27
2024-01-23 11:55:00-05:00,250.91,251.04,250.9,250.96,521.0,250.973,5
2024-01-23 12:00:00-05:00,250.95,251.25,250.95,251.25,3183.0,251.125,24
2024-01-23 12:05:00-05:00,251.28,251.28,251.02,251.25,6977.0,251.163,62
2024-01-23 12:10:00-05:00,251.27,251.32,251.01,251.13,6766.0,251.14,60
2024-01-23 12:15:00-05:00,251.31,251.34,251.12,251.22,3482.0,251.219,30
2024-01-23 12:20:00-05:00,251.21,251.3,251.18,251.18,1687.0,251.226,16
2024-01-23 12:25:00-05:00,251.17,251.49,251.17,251.31,14870.0,251.394,87
2024-01-23 12:30:00-05:00,251.31,251.51,251.19,251.26,7734.0,251.341,69
2024-01-23 12:35:00-05:00,251.25,251.4,251.19,251.39,3298.0,251.251,30
2024-01-23 12:40:00-05:00,251.32,251.43,251.3,251.39,3506.0,251.373,33
2024-01-23 12:45:00-05:00,251.43,251.45,251.37,251.38,1500.0,251.394,15
2024-01-23 12:50:00-05:00,251.34,251.4,251.19,251.25,10230.0,251.257,81
2024-01-23 12:55:00-05:00,251.25,251.53,251.24,251.44,15784.0,251.413,107
2024-01-23 13:00:00-05:00,251.34,251.45,251.14,251.39,4839.0,251.286,47
2024-01-23 13:05:00-05:00,251.31,251.65,251.3,251.56,2225.0,251.463,22
2024-01-23 13:10:00-05:00,251.68,251.68,251.47,251.55,1897.0,251.549,17
2024-01-23 13:15:00-05:00,251.66,251.77,251.47,251.71,15260.0,251.722,50
2024-01-23 13:20:00-05:00,251.73,251.78,251.55,251.56,4416.0,251.71,41
2024-01-23 13:25:00-05:00,251.55,251.63,251.44,251.54,3404.0,251.552,34
2024-01-23 13:30:00-05:00,251.5,251.73,251.43,251.61,7324.0,251.552,67
2024-01-23 13:35:00-05:00,251.61,251.74,251.57,251.63,1478.0,251.613,12
2024-01-23 13:40:00-05:00,251.72,251.79,251.65,251.66,4188.0,251.737,37
2024-01-23 13:45:00-05:00,251.77,251.77,251.6,251.66,1480.0,251.687,9
2024-01-23 13:50:00-05:00,251.76,251.85,251.68,251.75,13597.0,251.767,88
2024-01-23 13:55:00-05:00,251.85,251.95,251.69,251.95,4048.0,251.835,35
2024-01-23 14:00:00-05:00,251.99,252.16,251.81,251.91,3155.0,251.986,29
2024-01-23 14:05:00-05:00,251.91,252.0,251.7,251.85,5590.0,251.82,29
2024-01-23 14:10:00-05:00,251.86,252.13,251.85,251.95,4143.0,252.006,31
2024-01-23 14:15:00-05:00,251.95,251.95,251.62,251.7,4163.0,251.793,37
2024-01-23 14:20:00-05:00,251.61,251.73,251.55,251.65,2959.0,251.652,24
2024-01-23 14:25:00-05:00,251.71,251.8,251.54,251.8,12167.0,251.724,29
2024-01-23 14:30:00-05:00,251.9,251.9,251.6,251.66,4543.0,251.751,39
2024-01-23 14:35:00-05:00,251.67,252.07,251.66,252.07,3579.0,251.846,35
2024-01-23 14:40:00-05:00,252.19,252.34,252.07,252.34,3842.0,252.206,35
2024-01-23 14:45:00-05:00,252.41,253.05,252.35,253.05,11405.0,252.567,55
2024-01-23 14:50:00-05:00,252.92,253.09,252.73,252.91,8448.0,252.875,74
2024-01-23 14:55:00-05:00,253.0,253.42,252.94,253.05,9536.0,253.187,76
2024-01-23 15:00:00-05:00,253.07,253.16,252.67,252.92,36534.0,253.069,107
2024-01-23 15:05:00-05:00,252.92,253.24,252.69,252.7,68969.0,253.035,76
2024-01-23 15:10:00-05:00,252.72,253.3,252.64,253.3,16624.0,252.898,95
2024-01-23 15:15:00-05:00,253.29,253.37,253.11,253.19,5824.0,253.197,52
2024-01-23 15:20:00-05:00,253.21,253.33,253.15,253.28,6039.0,253.232,57
2024-01-23 15:25:00-05:00,253.24,253.32,253.08,253.23,8261.0,253.195,76
2024-01-23 15:30:00-05:00,253.16,253.29,252.8,253.06,20898.0,253.077,156
2024-01-23 15:35:00-05:00,253.01,253.27,252.98,253.11,19631.0,253.06,135
2024-01-23 15:40:00-05:00,253.05,253.24,252.99,253.01,11372.0,253.117,89
2024-01-23 15:45:00-05:00,253.06,253.37,252.89,253.06,21075.0,253.204,143
2024-01-23 15:50:00-05:00,252.95,253.47,252.76,253.23,40453.0,253.166,260
2024-01-23 15:55:00-05:00,253.23,253.56,253.19,253.19,71959.0,253.385,543
2024-01-24 09:30:00-05:00,254.5,255.0,253.04,253.04,17134.0,254.142,40
2024-01-24 09:35:00-05:00,253.46,253.88,253.05,253.64,3200.0,253.379,31
2024-01-24 09:40:00-05:00,253.64,253.86,253.0,253.58,4300.0,253.245,40
2024-01-24 09:45:00-05:00,253.2,253.25,252.76,252.8,10106.0,252.926,81
2024-01-24 09:50:00-05:00,252.4,253.2,252.03,252.39,22349.0,252.397,180
2024-01-24 09:55:00-05:00,252.39,253.3,252.35,252.75,7370.0,252.776,61
2024-01-24 10:00:00-05:00,253.03,253.18,251.98,251.98,11596.0,252.569,97
2024-01-24 10:05:00-05:00,252.06,252.42,251.74,252.14,17608.0,252.151,134
2024-01-24 10:10:00-05:00,252.19,252.51,252.0,252.51,8246.0,252.218,63
2024-01-24 10:15:00-05:00,252.51,253.1,252.32,253.04,8531.0,252.57,63
2024-01-24 10:20:00-05:00,253.32,253.32,252.86,253.04,4634.0,253.052,42
2024-01-24 10:25:00-05:00,253.04,253.69,252.83,253.11,8469.0,253.144,70
2024-01-24 10:30:00-05:00,253.0,253.0,252.47,252.71,3045.0,252.698,29
2024-01-24 10:35:00-05:00,252.95,253.65,252.85,253.65,6422.0,253.173,62
2024-01-24 10:40:00-05:00,253.65,254.25,253.58,254.25,2693.0,253.936,26
2024-01-24 10:45:00-05:00,254.33,254.35,254.05,254.29,8176.0,254.115,23
2024-01-24 10:50:00-05:00,254.32,254.4,253.71,253.71,7831.0,254.036,47
2024-01-24 10:55:00-05:00,253.69,253.78,253.37,253.67,4594.0,253.568,37
2024-01-24 11:00:00-05:00,253.8,253.99,253.8,253.98,4957.0,253.934,41
2024-01-24 11:05:00-05:00,253.91,254.09,253.84,254.05,4851.0,253.979,41
2024-01-24 11:10:00-05:00,254.05,254.11,253.82,253.82,2666.0,254.014,26
2024-01-24 11:15:00-05:00,253.9,254.33,253.9,254.25,5204.0,254.133,45
2024-01-24 11:20:00-05:00,254.34,254.51,254.22,254.46,4528.0,254.376,42
2024-01-24 11:25:00-05:00,254.44,254.64,254.29,254.37,4496.0,254.524,38
2024-01-24 11:30:00-05:00,254.39,254.48,254.07,254.07,5563.0,254.251,52
2024-01-24 11:35:00-05:00,254.24,254.28,254.09,254.14,3591.0,254.2,31
2024-01-24 11:40:00-05:00,254.25,254.35,254.05,254.05,3243.0,254.254,31
2024-01-24 11:45:00-05:00,254.07,254.45,254.07,254.31,2053.0,254.319,19
2024-01-24 11:50:00-05:00,254.47,254.5,254.31,254.34,1107.0,254.412,11
2024-01-24 11:55:00-05:00,254.34,254.39,254.27,254.3,1919.0,254.327,18
2024-01-24 12:00:00-05:00,254.26,254.35,254.03,254.03,5018.0,254.291,15
2024-01-24 12:05:00-05:00,254.08,254.23,254.0,254.21,2114.0,254.106,21
2024-01-24 12:10:00-05:00,254.21,254.44,254.19,254.41,7198.0,254.274,69
2024-01-24 12:15:00-05:00,254.37,254.52,254.27,254.42,5472.0,254.388,47
2024-01-24 12:20:00-05:00,254.36,254.38,254.22,254.38,3120.0,254.307,25
2024-01-24 12:25:00-05:00,254.4,254.51,254.26,254.32,4116.0,254.385,27
2024-01-24 12:30:00-05:00,254.51,254.62,254.46,254.62,1728.0,254.534,14
2024-01-24 12:35:00-05:00,254.57,254.66,254.45,254.66,2840.0,254.563,20
2024-01-24 12:40:00-05:00,254.61,254.61,254.36,254.36,901.0,254.481,9
2024-01-24 12:45:00-05:00,254.35,254.57,254.3,254.55,2834.0,254.398,27
2024-01-24 12:50:00-05:00,254.54,254.71,254.46,254.64,3270.0,254.605,29
2024-01-24 12:55:00-05:00,254.64,254.71,254.63,254.71,755.0,254.661,7
2024-01-24 13:00:00-05:00,254.68,254.78,254.42,254.42,3887.0,254.633,35
2024-01-24 13:05:00-05:00,254.45,254.45,254.21,254.28,11713.0,254.313,64
2024-01-24 13:10:00-05:00,254.13,254.13,253.71,253.82,1090.0,253.921,9
2024-01-24 13:15:00-05:00,253.69,253.79,253.41,253.55,1244.0,253.583,12
2024-01-24 13:20:00-05:00,253.55,253.58,253.34,253.57,3396.0,253.518,32
2024-01-24 13:25:00-05:00,253.46,253.55,253.36,253.37,2671.0,253.465,24
2024-01-24 13:30:00-05:00,253.26,253.3,252.86,253.26,6044.0,253.124,40
2024-01-24 13:35:00-05:00,253.27,253.27,252.76,252.76,2603.0,253.019,24
2024-01-24 13:40:00-05:00,252.6,252.82,252.6,252.6,11283.0,252.609,11
2024-01-24 13:45:00-05:00,252.6,252.77,252.54,252.73,4019.0,252.621,35
2024-01-24 13:50:00-05:00,252.6,252.73,252.57,252.61,2440.0,252.641,23
2024-01-24 13:55:00-05:00,252.6,252.73,252.55,252.73,2600.0,252.606,26
2024-01-24 14:00:00-05:00,252.7,252.7,252.55,252.64,11388.0,252.569,34
2024-01-24 14:05:00-05:00,252.7,252.7,252.24,252.24,2896.0,252.482,27
2024-01-24 14:10:00-05:00,252.23,252.47,252.0,252.01,6217.0,252.325,43
2024-01-24 14:15:00-05:00,252.03,252.14,251.94,251.94,2788.0,252.038,27
2024-01-24 14:20:00-05:00,251.8,251.8,251.25,251.45,5930.0,251.446,45
2024-01-24 14:25:00-05:00,251.43,251.69,251.32,251.48,7158.0,251.524,64
2024-01-24 14:30:00-05:00,251.48,251.67,251.37,251.44,6123.0,251.469,47
2024-01-24 14:35:00-05:00,251.44,251.45,251.12,251.12,2978.0,251.32,26
2024-01-24 14:40:00-05:00,251.17,251.63,251.16,251.49,14964.0,251.498,87
2024-01-24 14:45:00-05:00,251.66,252.1,251.66,252.1,7623.0,251.867,64
2024-01-24 14:50:00-05:00,251.94,252.25,251.9,252.18,4115.0,252.126,36
2024-01-24 14:55:00-05:00,252.18,252.18,251.87,252.0,8821.0,252.052,71
2024-01-24 15:00:00-05:00,251.91,252.43,251.9,252.3,3753.0,252.207,34
2024-01-24 15:05:00-05:00,252.31,252.4,252.3,252.31,2650.0,252.338,23
2024-01-24 15:10:00-05:00,252.28,252.3,251.76,251.77,14550.0,252.132,127
2024-01-24 15:15:00-05:00,251.68,251.73,251.49,251.49,3855.0,251.631,33
2024-01-24 15:20:00-05:00,251.56,251.59,251.07,251.46,7263.0,251.404,60
2024-01-24 15:25:00-05:00,251.47,251.55,251.22,251.31,3786.0,251.395,30
2024-01-24 15:30:00-05:00,251.5,251.65,251.3,251.48,11905.0,251.51,83
2024-01-24 15:35:00-05:00,251.49,251.96,251.48,251.81,6993.0,251.75,62
2024-01-24 15:40:00-05:00,251.89,252.05,251.84,251.84,9575.0,251.943,62
2024-01-24 15:45:00-05:00,251.84,251.94,251.45,251.45,11104.0,251.779,105
2024-01-24 15:50:00-05:00,251.42,251.59,251.32,251.48,13373.0,251.474,119
2024-01-24 15:55:00-05:00,251.51,251.71,251.05,251.13,47432.0,251.322,376
2024-01-25 09:30:00-05:00,253.0,253.54,251.7,251.71,19550.0,252.927,24
2024-01-25 09:35:00-05:00,252.69,252.69,251.13,251.13,600.0,252.268,6
2024-01-25 09:40:00-05:00,251.56,252.68,251.47,251.47,9108.0,252.152,64
2024-01-25 09:45:00-05:00,251.87,252.13,251.48,251.96,2155.0,251.913,17
2024-01-25 09:50:00-05:00,251.86,252.67,251.86,252.58,7263.0,252.245,59
2024-01-25 09:55:00-05:00,252.56,252.68,251.81,251.82,1700.0,252.179,17
2024-01-25 10:00:00-05:00,252.0,252.06,251.16,251.3,9705.0,251.753,82
2024-01-25 10:05:00-05:00,251.34,251.34,250.77,251.07,6222.0,251.019,50
2024-01-25 10:10:00-05:00,251.08,251.22,250.67,250.8,3390.0,250.975,32
2024-01-25 10:15:00-05:00,250.84,251.55,250.68,251.55,7568.0,251.24,55
2024-01-25 10:20:00-05:00,251.55,252.06,251.47,252.02,16149.0,251.65,59
2024-01-25 10:25:00-05:00,251.89,252.37,251.88,251.94,2862.0,252.085,27
2024-01-25 10:30:00-05:00,252.17,252.21,251.71,251.74,4132.0,251.912,33
2024-01-25 10:35:00-05:00,251.72,251.95,251.47,251.75,6615.0,251.666,56
2024-01-25 10:40:00-05:00,251.85,251.87,251.39,251.39,4821.0,251.668,39
2024-01-25 10:45:00-05:00,251.28,251.49,250.8,250.94,5516.0,251.184,42
2024-01-25 10:50:00-05:00,250.93,251.54,250.81,251.31,7774.0,251.227,57
2024-01-25 10:55:00-05:00,251.1,251.44,251.1,251.41,2622.0,251.243,12
2024-01-25 11:00:00-05:00,251.3,251.77,251.29,251.65,5130.0,251.479,27
2024-01-25 11:05:00-05:00,251.77,252.12,251.77,251.97,3284.0,251.968,31
2024-01-25 11:10:00-05:00,252.03,252.23,251.94,252.08,2972.0,252.097,27
2024-01-25 11:15:00-05:00,252.09,252.63,252.09,252.47,6810.0,252.268,39
2024-01-25 11:20:00-05:00,252.47,252.49,252.06,252.06,2468.0,252.34,23
2024-01-25 11:25:00-05:00,252.04,252.33,252.03,252.33,1572.0,252.209,13
2024-01-25 11:30:00-05:00,252.28,252.28,252.12,252.25,1417.0,252.225,13
2024-01-25 11:35:00-05:00,252.23,252.35,252.08,252.11,2748.0,252.225,23
2024-01-25 11:40:00-05:00,252.05,252.08,251.82,251.88,4485.0,251.95,34
2024-01-25 11:45:00-05:00,251.76,251.9,251.71,251.72,2126.0,251.827,17
2024-01-25 11:50:00-05:00,251.64,252.05,251.59,251.94,7661.0,251.889,45
2024-01-25 11:55:00-05:00,251.95,251.95,251.72,251.88,3206.0,251.862,31
2024-01-25 12:00:00-05:00,251.91,251.95,251.72,251.72,2688.0,251.901,21
2024-01-25 12:05:00-05:00,251.75,251.82,251.3,251.63,5021.0,251.554,39
2024-01-25 12:10:00-05:00,251.68,252.07,251.67,251.95,10405.0,251.744,25
2024-01-25 12:15:00-05:00,251.93,252.3,251.93,252.16,4233.0,252.129,35
2024-01-25 12:20:00-05:00,252.17,252.29,252.08,252.2,2252.0,252.164,20
2024-01-25 12:25:00-05:00,252.15,252.48,252.15,252.25,4627.0,252.345,41
2024-01-25 12:30:00-05:00,252.33,252.42,252.15,252.19,1436.0,252.295,14
2024-01-25 12:35:00-05:00,252.11,252.33,252.11,252.33,1600.0,252.233,16
2024-01-25 12:40:00-05:00,252.34,252.37,252.18,252.27,2353.0,252.291,23
2024-01-25 12:45:00-05:00,252.38,252.38,252.24,252.24,1106.0,252.335,10
2024-01-25 12:50:00-05:00,252.21,252.38,252.11,252.3,3405.0,252.24,33
2024-01-25 12:55:00-05:00,252.27,252.55,252.25,252.48,7827.0,252.366,61
2024-01-25 13:00:00-05:00,252.48,252.74,252.37,252.64,12235.0,252.498,78
2024-01-25 13:05:00-05:00,252.53,252.73,252.33,252.33,3319.0,252.565,31
2024-01-25 13:10:00-05:00,252.25,252.51,252.19,252.21,4528.0,252.388,41
2024-01-25 13:15:00-05:00,252.05,252.15,251.91,251.92,2237.0,252.022,21
2024-01-25 13:20:00-05:00,251.92,251.98,251.77,251.79,3022.0,251.898,27
2024-01-25 13:25:00-05:00,251.69,251.78,251.47,251.65,6653.0,251.651,62
2024-01-25 13:30:00-05:00,251.65,251.78,251.55,251.71,10469.0,251.659,76
2024-01-25 13:35:00-05:00,251.79,251.85,251.71,251.77,5840.0,251.789,54
2024-01-25 13:40:00-05:00,251.73,252.11,251.71,252.11,6447.0,251.82,62
2024-01-25 13:45:00-05:00,252.08,252.19,252.07,252.16,1995.0,252.138,19
2024-01-25 13:50:00-05:00,252.16,252.22,252.0,252.1,6202.0,252.126,50
2024-01-25 13:55:00-05:00,252.09,252.14,251.92,252.05,3306.0,252.024,28
2024-01-25 14:00:00-05:00,251.96,251.96,251.66,251.91,949.0,251.834,9
2024-01-25 14:05:00-05:00,251.91,252.04,251.75,251.81,3201.0,251.936,30
2024-01-25 14:10:00-05:00,251.74,251.95,251.73,251.8,1818.0,251.852,17
2024-01-25 14:15:00-05:00,251.79,251.79,251.5,251.77,3891.0,251.605,37
2024-01-25 14:20:00-05:00,251.81,251.96,251.76,251.82,2229.0,251.868,20
2024-01-25 14:25:00-05:00,251.92,252.24,251.92,252.24,8123.0,252.144,48
2024-01-25 14:30:00-05:00,252.19,252.33,251.9,251.9,5650.0,252.187,46
2024-01-25 14:35:00-05:00,251.63,251.99,251.63,251.99,7113.0,251.816,47
2024-01-25 14:40:00-05:00,251.96,251.96,251.66,251.66,1500.0,251.769,15
2024-01-25 14:45:00-05:00,251.68,251.75,251.49,251.75,3837.0,251.605,37
2024-01-25 14:50:00-05:00,251.66,251.89,251.59,251.83,1906.0,251.773,19
2024-01-25 14:55:00-05:00,251.92,252.12,251.85,252.08,4881.0,251.968,38
2024-01-25 15:00:00-05:00,252.08,252.08,251.9,251.9,7605.0,251.97,64
2024-01-25 15:05:00-05:00,251.93,252.04,251.89,251.91,8333.0,251.964,73
2024-01-25 15:10:00-05:00,251.9,251.96,251.65,251.81,8861.0,251.87,73
2024-01-25 15:15:00-05:00,251.63,251.74,251.56,251.68,7843.0,251.647,46
2024-01-25 15:20:00-05:00,251.66,251.67,251.56,251.64,4986.0,251.615,47
2024-01-25 15:25:00-05:00,251.56,251.62,251.52,251.57,3030.0,251.569,28
2024-01-25 15:30:00-05:00,251.56,252.03,251.56,251.88,20221.0,251.876,185
2024-01-25 15:35:00-05:00,251.92,252.03,251.83,251.94,15140.0,251.957,142
2024-01-25 15:40:00-05:00,251.99,252.01,251.79,251.83,18065.0,251.925,140
2024-01-25 15:45:00-05:00,251.84,252.0,251.76,251.76,9112.0,251.879,81
2024-01-25 15:50:00-05:00,251.86,252.25,251.8,252.01,16552.0,252.015,139
2024-01-25 15:55:00-05:00,252.0,252.36,251.91,252.12,125491.0,252.14,842
2024-01-26 09:30:00-05:00,251.16,252.45,251.16,252.4,23483.0,252.12,30
2024-01-26 09:35:00-05:00,252.96,252.96,251.38,251.8,3161.0,251.99,29
2024-01-26 09:40:00-05:00,251.66,252.21,251.31,251.44,18664.0,251.859,79
2024-01-26 09:45:00-05:00,251.32,251.65,250.17,250.77,17798.0,250.714,129
2024-01-26 09:50:00-05:00,250.75,251.0,250.07,250.4,4725.0,250.624,39
2024-01-26 09:55:00-05:00,250.24,250.72,250.18,250.71,11198.0,250.464,97
2024-01-26 10:00:00-05:00,250.71,251.23,250.46,251.03,6256.0,250.798,48
2024-01-26 10:05:00-05:00,250.95,251.05,250.68,250.68,4422.0,250.87,40
2024-01-26 10:10:00-05:00,250.84,251.11,250.83,250.88,5065.0,250.926,40
2024-01-26 10:15:00-05:00,250.77,250.77,250.06,250.36,36812.0,250.287,112
2024-01-26 10:20:00-05:00,250.46,250.73,250.32,250.65,9432.0,250.503,71
2024-01-26 10:25:00-05:00,250.55,251.16,250.42,250.94,6044.0,250.804,50
2024-01-26 10:30:00-05:00,250.78,251.3,250.76,250.9,9529.0,250.943,71
2024-01-26 10:35:00-05:00,250.89,251.25,250.88,251.19,14166.0,251.112,40
2024-01-26 10:40:00-05:00,251.28,251.44,251.14,251.39,6965.0,251.249,59
2024-01-26 10:45:00-05:00,251.47,251.48,251.32,251.39,5228.0,251.39,43
2024-01-26 10:50:00-05:00,251.59,251.84,251.53,251.77,3458.0,251.705,32
2024-01-26 10:55:00-05:00,251.78,251.95,251.77,251.95,2308.0,251.826,20
2024-01-26 11:00:00-05:00,251.94,251.96,251.65,251.93,2255.0,251.797,20
2024-01-26 11:05:00-05:00,251.96,251.98,251.84,251.95,1106.0,251.949,10
2024-01-26 11:10:00-05:00,251.93,252.12,251.82,252.03,2306.0,252.019,11
2024-01-26 11:15:00-05:00,252.05,252.59,252.05,252.3,1942.0,252.335,18
2024-01-26 11:20:00-05:00,252.27,252.51,252.15,252.23,8846.0,252.345,37
2024-01-26 11:25:00-05:00,252.41,252.42,252.21,252.39,1410.0,252.335,12
2024-01-26 11:30:00-05:00,252.38,252.51,252.25,252.32,1969.0,252.396,15
2024-01-26 11:35:00-05:00,252.4,252.47,252.11,252.17,4367.0,252.263,34
2024-01-26 11:40:00-05:00,252.17,252.2,251.86,251.93,4177.0,252.03,37
2024-01-26 11:45:00-05:00,251.93,252.02,251.83,252.02,832.0,251.927,8
2024-01-26 11:50:00-05:00,252.01,252.11,251.95,251.95,1876.0,252.037,17
2024-01-26 11:55:00-05:00,252.03,252.08,251.87,252.04,5996.0,251.983,43
2024-01-26 12:00:00-05:00,252.03,252.2,251.87,251.87,2722.0,252.01,26
2024-01-26 12:05:00-05:00,251.86,252.02,251.65,251.69,6260.0,251.88,51
2024-01-26 12:10:00-05:00,251.69,251.8,251.59,251.75,3300.0,251.714,28
2024-01-26 12:15:00-05:00,251.75,251.96,251.75,251.86,8501.0,251.827,60
2024-01-26 12:20:00-05:00,251.86,251.86,251.63,251.63,2400.0,251.782,19
2024-01-26 12:25:00-05:00,251.6,251.69,251.53,251.69,4119.0,251.622,40
2024-01-26 12:30:00-05:00,251.67,251.67,251.34,251.6,3793.0,251.509,27
2024-01-26 12:35:00-05:00,251.51,251.52,251.1,251.15,1910.0,251.295,17
2024-01-26 12:40:00-05:00,251.25,251.38,251.18,251.25,1711.0,251.263,13
2024-01-26 12:45:00-05:00,251.18,251.18,250.85,250.87,1621.0,251.008,15
2024-01-26 12:50:00-05:00,250.94,251.19,250.94,251.19,2291.0,251.059,18
2024-01-26 12:55:00-05:00,251.17,251.19,251.03,251.16,4909.0,251.151,19
2024-01-26 13:00:00-05:00,251.06,251.07,250.98,250.98,1600.0,251.021,13
2024-01-26 13:05:00-05:00,250.94,251.24,250.93,251.21,8945.0,250.991,21
2024-01-26 13:10:00-05:00,251.26,251.33,251.16,251.24,900.0,251.231,7
2024-01-26 13:15:00-05:00,251.24,251.24,251.07,251.09,4309.0,251.122,36
2024-01-26 13:20:00-05:00,251.1,251.42,251.08,251.42,3441.0,251.203,24
2024-01-26 13:25:00-05:00,251.45,251.47,251.35,251.38,1433.0,251.39,14
2024-01-26 13:30:00-05:00,251.48,251.48,251.29,251.37,2100.0,251.385,15
2024-01-26 13:35:00-05:00,251.37,251.37,251.28,251.3,1004.0,251.322,8
2024-01-26 13:40:00-05:00,251.22,251.26,250.93,251.09,3638.0,251.084,27
2024-01-26 13:45:00-05:00,251.06,251.09,250.92,251.09,1515.0,251.008,14
2024-01-26 13:50:00-05:00,251.13,251.2,251.07,251.11,2110.0,251.141,18
2024-01-26 13:55:00-05:00,251.16,251.48,251.14,251.43,5327.0,251.371,30
2024-01-26 14:00:00-05:00,251.53,251.53,251.36,251.48,2113.0,251.43,19
2024-01-26 14:05:00-05:00,251.44,251.62,251.4,251.45,4087.0,251.522,22
2024-01-26 14:10:00-05:00,251.48,251.6,251.38,251.52,1717.0,251.503,15
2024-01-26 14:15:00-05:00,251.55,251.65,251.55,251.62,1976.0,251.617,17
2024-01-26 14:20:00-05:00,251.73,252.1,251.5,251.81,7094.0,251.753,66
2024-01-26 14:25:00-05:00,251.93,252.93,251.91,252.93,9412.0,252.293,79
2024-01-26 14:30:00-05:00,253.0,253.17,252.24,252.33,11764.0,252.632,92
2024-01-26 14:35:00-05:00,252.41,252.65,252.23,252.57,8143.0,252.441,60
2024-01-26 14:40:00-05:00,252.62,252.78,252.6,252.62,3952.0,252.706,20
2024-01-26 14:45:00-05:00,252.5,252.5,252.15,252.33,6543.0,252.288,59
2024-01-26 14:50:00-05:00,252.33,252.35,252.08,252.24,3216.0,252.209,29
2024-01-26 14:55:00-05:00,252.24,252.45,252.19,252.45,3103.0,252.323,30
2024-01-26 15:00:00-05:00,252.45,252.56,252.03,252.1,2554.0,252.213,23
2024-01-26 15:05:00-05:00,252.01,252.13,251.97,252.13,2679.0,252.052,21
2024-01-26 15:10:00-05:00,252.13,252.18,252.0,252.18,2612.0,252.108,25
2024-01-26 15:15:00-05:00,252.21,252.27,252.09,252.14,4010.0,252.174,33
2024-01-26 15:20:00-05:00,252.11,252.28,252.1,252.28,3560.0,252.19,34
2024-01-26 15:25:00-05:00,252.33,252.51,252.26,252.34,1763.0,252.378,16
2024-01-26 15:30:00-05:00,252.42,252.42,252.13,252.2,2947.0,252.273,25
2024-01-26 15:35:00-05:00,252.18,252.21,252.02,252.16,4614.0,252.14,41
2024-01-26 15:40:00-05:00,252.06,252.21,252.04,252.15,2852.0,252.141,24
2024-01-26 15:45:00-05:00,252.14,252.15,251.93,251.96,13792.0,252.049,102
2024-01-26 15:50:00-05:00,251.98,252.05,251.75,251.81,10373.0,251.898,94
2024-01-26 15:55:00-05:00,251.83,251.96,251.42,251.49,47723.0,251.605,395
2024-01-29 09:30:00-05:00,251.91,251.91,251.0,251.12,13556.0,251.018,9
2024-01-29 09:35:00-05:00,251.09,251.93,251.09,251.43,6860.0,251.597,56
2024-01-29 09:40:00-05:00,251.47,251.83,251.17,251.83,3909.0,251.453,38
2024-01-29 09:45:00-05:00,251.7,252.06,251.7,251.97,1800.0,251.896,18
2024-01-29 09:50:00-05:00,251.99,252.34,251.94,252.34,3781.0,252.126,31
2024-01-29 09:55:00-05:00,252.29,252.37,251.97,252.18,6269.0,252.104,58
2024-01-29 10:00:00-05:00,252.15,252.27,251.92,251.96,5351.0,252.069,41
2024-01-29 10:05:00-05:00,252.0,252.29,252.0,252.12,2304.0,252.135,23
2024-01-29 10:10:00-05:00,252.12,252.13,251.49,251.56,4482.0,251.765,37
2024-01-29 10:15:00-05:00,251.64,251.8,251.56,251.68,6172.0,251.654,41
2024-01-29 10:20:00-05:00,251.58,251.6,250.85,250.91,5229.0,251.269,39
2024-01-29 10:25:00-05:00,251.09,251.18,250.77,251.18,3300.0,251.053,25
2024-01-29 10:30:00-05:00,251.2,251.31,250.84,251.15,3400.0,251.169,34
2024-01-29 10:35:00-05:00,251.12,251.36,250.99,251.27,4885.0,251.22,46
2024-01-29 10:40:00-05:00,251.27,251.32,251.04,251.22,3983.0,251.167,30
2024-01-29 10:45:00-05:00,251.15,251.27,251.1,251.25,11669.0,251.225,49
2024-01-29 10:50:00-05:00,251.19,251.36,251.05,251.35,2661.0,251.257,26
2024-01-29 10:55:00-05:00,251.34,251.61,251.34,251.59,5305.0,251.445,39
2024-01-29 11:00:00-05:00,251.62,251.73,251.46,251.57,3979.0,251.59,35
2024-01-29 11:05:00-05:00,251.58,251.72,251.51,251.71,4280.0,251.597,41
2024-01-29 11:10:00-05:00,251.76,252.07,251.72,251.92,10465.0,252.02,28
2024-01-29 11:15:00-05:00,251.78,252.16,251.66,252.14,11679.0,251.84,49
2024-01-29 11:20:00-05:00,252.14,252.27,252.02,252.17,8578.0,252.151,33
2024-01-29 11:25:00-05:00,252.15,252.26,252.15,252.25,3001.0,252.215,30
2024-01-29 11:30:00-05:00,252.22,252.22,252.04,252.13,3238.0,252.145,26
2024-01-29 11:35:00-05:00,252.18,252.25,252.13,252.24,1151.0,252.209,11
2024-01-29 11:40:00-05:00,252.22,252.29,252.14,252.22,1747.0,252.224,12
2024-01-29 11:45:00-05:00,252.15,252.23,252.09,252.21,1998.0,252.171,19
2024-01-29 11:50:00-05:00,252.26,252.28,252.08,252.09,3226.0,252.185,27
2024-01-29 11:55:00-05:00,252.11,252.2,252.08,252.2,2624.0,252.123,20
2024-01-29 12:00:00-05:00,252.13,252.13,251.78,251.79,5644.0,251.907,39
2024-01-29 12:05:00-05:00,251.82,252.01,251.75,252.01,4030.0,251.894,39
2024-01-29 12:10:00-05:00,252.05,252.14,252.04,252.1,2617.0,252.08,23
2024-01-29 12:15:00-05:00,252.1,252.4,252.1,252.13,5514.0,252.27,43
2024-01-29 12:20:00-05:00,252.21,252.21,252.06,252.12,3409.0,252.126,33
2024-01-29 12:25:00-05:00,252.17,252.28,252.06,252.18,6923.0,252.174,32
2024-01-29 12:30:00-05:00,252.15,252.18,251.97,251.99,1808.0,252.092,16
2024-01-29 12:35:00-05:00,251.96,252.11,251.9,251.93,3238.0,252.015,29
2024-01-29 12:40:00-05:00,251.93,251.93,251.7,251.7,2002.0,251.845,20
2024-01-29 12:45:00-05:00,251.79,251.89,251.53,251.62,3266.0,251.69,31
2024-01-29 12:50:00-05:00,251.66,251.66,251.43,251.43,1998.0,251.507,17
2024-01-29 12:55:00-05:00,251.41,251.75,251.41,251.73,4012.0,251.574,40
2024-01-29 13:00:00-05:00,251.73,251.99,251.73,251.94,9534.0,251.865,78
2024-01-29 13:05:00-05:00,252.01,252.18,252.0,252.16,1708.0,252.106,17
2024-01-29 13:10:00-05:00,252.09,252.34,252.08,252.26,6766.0,252.252,44
2024-01-29 13:15:00-05:00,252.27,252.32,252.1,252.22,3882.0,252.23,29
2024-01-29 13:20:00-05:00,252.23,252.45,252.23,252.45,2372.0,252.349,23
2024-01-29 13:25:00-05:00,252.46,252.54,252.46,252.49,951.0,252.482,9
2024-01-29 13:30:00-05:00,252.53,252.7,252.32,252.32,5774.0,252.511,44
2024-01-29 13:35:00-05:00,252.32,252.54,252.31,252.38,9083.0,252.366,43
2024-01-29 13:40:00-05:00,252.33,252.45,252.31,252.39,2135.0,252.38,20
2024-01-29 13:45:00-05:00,252.4,252.45,252.2,252.4,8114.0,252.308,39
2024-01-29 13:50:00-05:00,252.34,252.34,252.18,252.18,2405.0,252.278,21
2024-01-29 13:55:00-05:00,252.2,252.31,252.19,252.31,2201.0,252.241,19
2024-01-29 14:00:00-05:00,252.25,252.48,252.23,252.38,4247.0,252.357,30
2024-01-29 14:05:00-05:00,252.46,252.81,252.45,252.72,4514.0,252.64,40
2024-01-29 14:10:00-05:00,252.84,253.13,252.84,253.13,6211.0,253.009,52
2024-01-29 14:15:00-05:00,253.11,253.23,253.06,253.16,4920.0,253.145,47
2024-01-29 14:20:00-05:00,253.21,253.42,253.13,253.42,5798.0,253.238,52
2024-01-29 14:25:00-05:00,253.37,253.46,253.31,253.44,4152.0,253.386,39
2024-01-29 14:30:00-05:00,253.46,253.57,253.36,253.57,6823.0,253.474,64
2024-01-29 14:35:00-05:00,253.66,253.72,253.59,253.67,5770.0,253.65,53
2024-01-29 14:40:00-05:00,253.72,253.86,253.53,253.71,8866.0,253.711,75
2024-01-29 14:45:00-05:00,253.68,253.77,253.48,253.63,10355.0,253.664,94
2024-01-29 14:50:00-05:00,253.63,253.64,253.38,253.49,3638.0,253.494,35
2024-01-29 14:55:00-05:00,253.46,253.49,253.3,253.42,3053.0,253.393,27
2024-01-29 15:00:00-05:00,253.47,254.07,253.47,254.06,8162.0,253.896,75
2024-01-29 15:05:00-05:00,254.0,254.29,253.99,254.08,4290.0,254.113,39
2024-01-29 15:10:00-05:00,254.11,254.19,253.87,253.87,2774.0,254.081,21
2024-01-29 15:15:00-05:00,253.8,254.21,253.8,254.16,6246.0,254.04,56
2024-01-29 15:20:00-05:00,254.21,254.38,254.2,254.26,2234.0,254.263,22
2024-01-29 15:25:00-05:00,254.33,254.6,254.28,254.38,10254.0,254.485,96
2024-01-29 15:30:00-05:00,254.43,254.52,254.22,254.31,4813.0,254.366,44
2024-01-29 15:35:00-05:00,254.25,254.37,254.21,254.28,5335.0,254.292,49
2024-01-29 15:40:00-05:00,254.24,254.29,254.1,254.22,8283.0,254.208,80
2024-01-29 15:45:00-05:00,254.24,254.38,254.04,254.2,7117.0,254.213,64
2024-01-29 15:50:00-05:00,254.23,254.52,254.23,254.4,12347.0,254.4,112
2024-01-29 15:55:00-05:00,254.47,254.97,254.42,254.76,34541.0,254.703,279
2024-01-30 09:30:00-05:00,254.05,254.05,252.74,253.36,23115.0,253.154,30
2024-01-30 09:35:00-05:00,252.9,253.04,252.38,252.7,4353.0,252.69,36
2024-01-30 09:40:00-05:00,252.57,252.9,252.22,252.9,14802.0,252.669,120
2024-01-30 09:45:00-05:00,252.99,253.11,252.03,252.55,24444.0,252.659,79
2024-01-30 09:50:00-05:00,252.95,253.85,252.75,253.84,3163.0,253.432,29
2024-01-30 09:55:00-05:00,253.85,254.37,253.58,254.29,8103.0,254.094,60
2024-01-30 10:00:00-05:00,254.04,254.13,253.55,254.1,6697.0,253.928,40
2024-01-30 10:05:00-05:00,254.15,254.25,253.73,253.74,3967.0,254.096,30
2024-01-30 10:10:00-05:00,253.86,254.11,252.83,253.07,7717.0,253.375,46
2024-01-30 10:15:00-05:00,253.06,253.88,253.06,253.72,4274.0,253.522,38
2024-01-30 10:20:00-05:00,253.6,253.7,252.83,253.5,8646.0,253.287,72
2024-01-30 10:25:00-05:00,253.7,253.71,253.35,253.36,3869.0,253.562,33
2024-01-30 10:30:00-05:00,253.45,253.86,253.45,253.86,3201.0,253.673,32
2024-01-30 10:35:00-05:00,253.59,254.07,253.56,254.0,7118.0,253.913,57
2024-01-30 10:40:00-05:00,254.0,254.58,253.88,254.54,22514.0,254.046,164
2024-01-30 10:45:00-05:00,254.46,254.63,254.27,254.62,12428.0,254.501,35
2024-01-30 10:50:00-05:00,254.45,254.63,254.29,254.29,2198.0,254.536,20
2024-01-30 10:55:00-05:00,254.17,255.09,254.17,255.09,35509.0,254.912,99
2024-01-30 11:00:00-05:00,254.99,255.58,254.99,255.58,11254.0,255.384,85
2024-01-30 11:05:00-05:00,255.46,255.83,255.31,255.75,4427.0,255.573,40
2024-01-30 11:10:00-05:00,255.74,255.84,255.55,255.79,5844.0,255.702,52
2024-01-30 11:15:00-05:00,255.76,255.87,255.66,255.73,1500.0,255.776,14
2024-01-30 11:20:00-05:00,255.72,255.95,255.67,255.95,3904.0,255.834,37
2024-01-30 11:25:00-05:00,255.85,256.32,255.83,256.06,32442.0,256.221,68
2024-01-30 11:30:00-05:00,256.05,256.4,255.8,256.36,6527.0,256.198,48
2024-01-30 11:35:00-05:00,256.33,256.64,256.22,256.43,13014.0,256.432,79
2024-01-30 11:40:00-05:00,256.49,256.53,256.14,256.47,5933.0,256.398,56
2024-01-30 11:45:00-05:00,256.44,256.67,256.44,256.64,9070.0,256.52,85
2024-01-30 11:50:00-05:00,256.51,256.94,256.39,256.83,6892.0,256.632,54
2024-01-30 11:55:00-05:00,257.04,257.2,256.95,257.12,6461.0,257.061,48
2024-01-30 12:00:00-05:00,257.14,257.14,257.03,257.14,1340.0,257.119,12
2024-01-30 12:05:00-05:00,257.11,257.61,257.1,257.51,7462.0,257.352,55
2024-01-30 12:10:00-05:00,257.4,257.45,257.02,257.18,5607.0,257.245,36
2024-01-30 12:15:00-05:00,257.19,257.27,256.97,257.27,3148.0,257.069,19
2024-01-30 12:20:00-05:00,257.15,257.29,257.14,257.15,2530.0,257.193,21
2024-01-30 12:25:00-05:00,257.22,257.52,257.22,257.48,3703.0,257.388,35
2024-01-30 12:30:00-05:00,257.34,257.34,256.71,256.72,4206.0,256.987,38
2024-01-30 12:35:00-05:00,256.83,257.02,256.71,256.99,12244.0,256.878,97
2024-01-30 12:40:00-05:00,257.03,257.1,256.95,257.01,1515.0,257.02,15
2024-01-30 12:45:00-05:00,257.04,257.45,256.82,257.41,5289.0,257.174,43
2024-01-30 12:50:00-05:00,257.29,257.52,257.27,257.49,4694.0,257.437,37
2024-01-30 12:55:00-05:00,257.52,257.56,257.36,257.54,2701.0,257.478,26
2024-01-30 13:00:00-05:00,257.41,257.44,257.12,257.25,4976.0,257.297,42
2024-01-30 13:05:00-05:00,257.36,257.36,256.98,257.01,2981.0,257.112,27
2024-01-30 13:10:00-05:00,257.0,257.16,256.92,256.92,1978.0,257.031,16
2024-01-30 13:15:00-05:00,256.98,257.25,256.97,257.17,3796.0,257.147,37
2024-01-30 13:20:00-05:00,257.2,257.5,257.16,257.37,5995.0,257.33,52
2024-01-30 13:25:00-05:00,257.37,257.6,257.35,257.44,6852.0,257.426,27
2024-01-30 13:30:00-05:00,257.51,258.52,257.51,258.44,15849.0,258.08,143
2024-01-30 13:35:00-05:00,258.42,258.47,257.85,258.2,34698.0,258.307,81
2024-01-30 13:40:00-05:00,258.05,258.35,257.78,258.33,79008.0,258.141,185
2024-01-30 13:45:00-05:00,258.18,258.22,257.36,257.39,31389.0,258.074,57
2024-01-30 13:50:00-05:00,257.39,258.08,257.34,258.03,9762.0,257.78,94
2024-01-30 13:55:00-05:00,258.0,258.73,257.96,258.61,30521.0,258.47,269
2024-01-30 14:00:00-05:00,258.69,258.83,257.01,257.44,69152.0,258.643,147
2024-01-30 14:05:00-05:00,257.5,258.05,257.4,257.99,13168.0,257.7,110
2024-01-30 14:10:00-05:00,257.99,258.24,257.61,258.13,9017.0,257.961,75
2024-01-30 14:15:00-05:00,258.06,258.11,257.93,258.07,5209.0,258.038,45
2024-01-30 14:20:00-05:00,258.06,258.84,258.05,258.78,34079.0,258.725,81
2024-01-30 14:25:00-05:00,258.69,258.94,258.31,258.7,24368.0,258.544,132
2024-01-30 14:30:00-05:00,258.69,259.09,258.44,258.62,13267.0,258.731,123
2024-01-30 14:35:00-05:00,258.64,258.65,258.0,258.07,4000.0,258.407,33
2024-01-30 14:40:00-05:00,257.93,258.13,257.8,257.81,6498.0,258.034,31
2024-01-30 14:45:00-05:00,257.72,258.01,257.7,258.01,2820.0,257.88,28
2024-01-30 14:50:00-05:00,257.96,257.96,257.69,257.77,1200.0,257.793,12
2024-01-30 14:55:00-05:00,257.82,258.14,257.74,258.14,1640.0,257.912,15
2024-01-30 15:00:00-05:00,258.09,258.2,257.74,257.74,4234.0,258.073,38
2024-01-30 15:05:00-05:00,257.73,258.0,257.68,257.94,6005.0,257.872,43
2024-01-30 15:10:00-05:00,258.02,258.18,257.85,257.85,5192.0,258.057,46
2024-01-30 15:15:00-05:00,257.81,257.87,257.65,257.87,2874.0,257.791,24
2024-01-30 15:20:00-05:00,257.84,257.9,257.48,257.48,7800.0,257.697,69
2024-01-30 15:25:00-05:00,257.51,257.84,257.46,257.74,7960.0,257.63,68
2024-01-30 15:30:00-05:00,257.83,257.83,257.35,257.45,7165.0,257.566,57
2024-01-30 15:35:00-05:00,257.4,257.77,257.39,257.69,12520.0,257.553,88
2024-01-30 15:40:00-05:00,257.65,257.72,257.52,257.59,5566.0,257.644,52
2024-01-30 15:45:00-05:00,257.63,257.92,257.54,257.81,11905.0,257.688,106
2024-01-30 15:50:00-05:00,257.87,258.28,257.55,257.6,29764.0,257.769,261
2024-01-30 15:55:00-05:00,257.61,258.06,257.21,257.77,171386.0,257.726,1067
2024-01-31 09:30:00-05:00,257.33,257.43,255.35,255.88,22947.0,255.926,44
2024-01-31 09:35:00-05:00,255.88,257.73,255.88,257.27,2908.0,256.941,21
2024-01-31 09:40:00-05:00,257.41,257.48,256.15,256.24,5162.0,256.885,39
2024-01-31 09:45:00-05:00,256.28,256.98,256.03,256.6,4448.0,256.543,40
2024-01-31 09:50:00-05:00,256.8,257.26,256.68,256.88,9662.0,256.924,65
2024-01-31 09:55:00-05:00,256.56,256.84,256.08,256.24,7096.0,256.389,51
2024-01-31 10:00:00-05:00,256.27,257.06,256.17,256.67,10440.0,256.72,86
2024-01-31 10:05:00-05:00,256.52,256.67,255.85,256.29,7983.0,256.303,73
2024-01-31 10:10:00-05:00,256.48,256.77,255.8,256.13,29757.0,256.179,209
2024-01-31 10:15:00-05:00,256.05,256.06,255.54,255.74,3908.0,255.777,34
2024-01-31 10:20:00-05:00,255.51,255.58,254.6,255.07,5360.0,255.029,47
2024-01-31 10:25:00-05:00,254.97,255.37,254.8,254.81,4476.0,255.081,42
2024-01-31 10:30:00-05:00,254.97,255.04,254.13,254.33,7989.0,254.507,71
2024-01-31 10:35:00-05:00,254.32,254.42,253.54,253.82,12572.0,253.949,108
2024-01-31 10:40:00-05:00,253.83,254.04,253.56,253.57,4150.0,253.837,33
2024-01-31 10:45:00-05:00,253.62,253.85,253.43,253.83,5796.0,253.707,50
2024-01-31 10:50:00-05:00,253.78,254.24,253.64,253.74,20262.0,253.865,106
2024-01-31 10:55:00-05:00,253.88,254.24,253.67,253.84,8114.0,253.999,68
2024-01-31 11:00:00-05:00,253.95,254.15,253.7,254.02,8426.0,253.957,80
2024-01-31 11:05:00-05:00,253.98,254.43,253.84,254.04,12349.0,254.218,112
2024-01-31 11:10:00-05:00,254.17,254.5,253.88,254.47,8346.0,254.298,76
2024-01-31 11:15:00-05:00,254.31,254.58,254.01,254.57,16563.0,254.313,150
2024-01-31 11:20:00-05:00,254.46,254.88,254.46,254.55,9731.0,254.707,94
2024-01-31 11:25:00-05:00,254.48,254.7,254.45,254.63,13477.0,254.61,125
2024-01-31 11:30:00-05:00,254.62,254.73,254.42,254.66,7812.0,254.639,75
2024-01-31 11:35:00-05:00,254.4,254.67,254.3,254.48,7731.0,254.459,68
2024-01-31 11:40:00-05:00,254.52,254.52,253.88,254.14,14033.0,254.16,125
2024-01-31 11:45:00-05:00,254.03,254.09,253.62,253.71,5699.0,253.943,52
2024-01-31 11:50:00-05:00,253.69,253.74,253.39,253.45,6551.0,253.548,64
2024-01-31 11:55:00-05:00,253.45,253.74,253.32,253.67,6705.0,253.526,63
2024-01-31 12:00:00-05:00,253.48,253.7,253.06,253.07,7450.0,253.419,61
2024-01-31 12:05:00-05:00,253.0,254.13,252.99,253.98,8465.0,253.556,71
2024-01-31 12:10:00-05:00,253.97,254.09,253.77,254.0,3944.0,253.991,35
2024-01-31 12:15:00-05:00,254.0,254.01,253.63,253.94,9965.0,253.794,71
2024-01-31 12:20:00-05:00,253.94,253.98,253.72,253.88,5999.0,253.851,57
2024-01-31 12:25:00-05:00,253.84,253.95,253.71,253.72,15180.0,253.825,145
2024-01-31 12:30:00-05:00,253.69,253.88,253.61,253.78,15020.0,253.768,138
2024-01-31 12:35:00-05:00,253.72,253.79,253.29,253.29,8449.0,253.471,79
2024-01-31 12:40:00-05:00,253.29,253.54,253.1,253.51,21709.0,253.271,189
2024-01-31 12:45:00-05:00,253.49,253.95,253.43,253.92,15958.0,253.636,142
2024-01-31 12:50:00-05:00,253.92,254.11,253.83,254.06,23843.0,253.971,145
2024-01-31 12:55:00-05:00,254.07,254.5,253.95,254.38,11142.0,254.171,102
2024-01-31 13:00:00-05:00,254.49,254.49,254.07,254.14,6573.0,254.309,62
2024-01-31 13:05:00-05:00,254.14,254.18,253.82,254.05,5606.0,254.029,55
2024-01-31 13:10:00-05:00,254.09,254.23,253.83,254.23,7853.0,254.027,62
2024-01-31 13:15:00-05:00,254.2,254.25,253.98,253.98,5311.0,254.173,46
2024-01-31 13:20:00-05:00,254.11,254.12,253.78,253.95,5188.0,253.921,51
2024-01-31 13:25:00-05:00,253.99,254.14,253.77,253.88,9498.0,253.995,59
2024-01-31 13:30:00-05:00,253.87,254.08,253.87,254.04,5104.0,253.986,47
2024-01-31 13:35:00-05:00,254.07,254.16,253.99,254.12,3120.0,254.091,30
2024-01-31 13:40:00-05:00,254.16,254.25,254.06,254.17,17540.0,254.186,146
2024-01-31 13:45:00-05:00,254.15,254.25,253.98,254.19,6833.0,254.145,57
2024-01-31 13:50:00-05:00,254.23,254.27,254.07,254.07,20186.0,254.183,93
2024-01-31 13:55:00-05:00,254.02,254.02,253.73,253.81,9698.0,253.858,54
2024-01-31 14:00:00-05:00,253.85,254.02,252.58,253.2,13474.0,253.195,130
2024-01-31 14:05:00-05:00,253.22,253.4,252.45,253.13,27786.0,252.995,156
2024-01-31 14:10:00-05:00,253.12,253.38,253.05,253.16,31051.0,253.191,261
2024-01-31 14:15:00-05:00,253.08,253.39,252.98,253.06,5247.0,253.214,46
2024-01-31 14:20:00-05:00,253.02,253.08,252.25,252.52,8526.0,252.591,79
2024-01-31 14:25:00-05:00,252.34,252.61,252.17,252.46,11064.0,252.441,86
2024-01-31 14:30:00-05:00,252.5,252.81,252.14,252.81,8018.0,252.505,74
2024-01-31 14:35:00-05:00,252.74,254.14,252.74,253.97,14399.0,253.295,127
2024-01-31 14:40:00-05:00,254.0,254.25,253.63,253.75,14689.0,253.924,128
2024-01-31 14:45:00-05:00,253.79,253.94,253.2,253.43,14336.0,253.597,118
2024-01-31 14:50:00-05:00,253.43,253.43,252.46,252.92,8362.0,252.908,74
2024-01-31 14:55:00-05:00,252.86,253.15,252.48,252.69,8732.0,252.786,76
2024-01-31 15:00:00-05:00,252.53,252.53,250.87,250.9,23500.0,251.43,190
2024-01-31 15:05:00-05:00,251.08,251.66,250.79,251.66,13722.0,251.209,125
2024-01-31 15:10:00-05:00,251.76,252.12,251.4,251.89,11873.0,251.799,107
2024-01-31 15:15:00-05:00,251.66,251.95,251.45,251.67,13945.0,251.691,120
2024-01-31 15:20:00-05:00,251.81,252.37,251.53,252.12,8894.0,252.061,83
2024-01-31 15:25:00-05:00,252.01,252.17,251.68,251.91,11710.0,251.934,106
2024-01-31 15:30:00-05:00,251.77,251.9,251.29,251.49,10212.0,251.542,91
2024-01-31 15:35:00-05:00,251.52,251.56,251.17,251.56,14246.0,251.344,121
2024-01-31 15:40:00-05:00,251.44,252.0,251.35,251.65,27391.0,251.635,192
2024-01-31 15:45:00-05:00,251.62,252.25,251.41,252.25,33225.0,251.732,251
2024-01-31 15:50:00-05:00,252.25,252.25,251.73,252.21,48249.0,251.952,388
2024-01-31 15:55:00-05:00,252.23,252.34,251.86,252.28,98773.0,252.071,719
2024-02-01 09:30:00-05:00,268.5,268.5,265.84,267.78,34518.0,266.983,38
2024-02-01 09:35:00-05:00,266.95,269.78,266.02,268.36,37810.0,267.934,300
2024-02-01 09:40:00-05:00,268.23,268.4,266.06,268.08,32104.0,267.309,191
2024-02-01 09:45:00-05:00,267.74,268.89,267.17,267.28,18232.0,268.087,127
2024-02-01 09:50:00-05:00,267.48,268.06,264.96,265.85,30403.0,266.798,207
2024-02-01 09:55:00-05:00,265.85,265.85,263.81,263.98,32265.0,264.632,256
2024-02-01 10:00:00-05:00,263.6,265.5,263.12,265.5,32629.0,264.223,221
2024-02-01 10:05:00-05:00,265.27,267.0,264.4,267.0,26321.0,265.602,153
2024-02-01 10:10:00-05:00,266.97,267.88,266.79,267.1,47370.0,267.172,192
2024-02-01 10:15:00-05:00,266.93,266.93,265.78,266.16,18025.0,266.296,128
2024-02-01 10:20:00-05:00,266.31,267.56,265.87,267.06,21072.0,266.617,171
2024-02-01 10:25:00-05:00,267.34,269.28,267.06,268.28,40423.0,268.338,179
2024-02-01 10:30:00-05:00,268.26,268.31,266.24,266.54,19630.0,267.026,162
2024-02-01 10:35:00-05:00,266.69,267.94,266.69,267.04,8636.0,267.315,67
2024-02-01 10:40:00-05:00,267.05,268.24,266.69,266.94,37252.0,267.776,146
2024-02-01 10:45:00-05:00,267.12,267.52,265.28,265.3,39041.0,266.397,169
2024-02-01 10:50:00-05:00,265.06,266.8,265.06,266.04,35156.0,266.218,252
2024-02-01 10:55:00-05:00,266.09,266.4,265.28,265.38,38211.0,266.134,135
2024-02-01 11:00:00-05:00,265.31,265.57,264.71,264.71,8217.0,265.273,64
2024-02-01 11:05:00-05:00,264.77,266.02,264.72,266.01,20861.0,265.383,131
2024-02-01 11:10:00-05:00,265.78,266.13,264.97,265.14,31411.0,265.928,113
2024-02-01 11:15:00-05:00,265.33,267.06,265.14,266.8,24722.0,266.304,200
2024-02-01 11:20:00-05:00,266.85,267.92,266.61,267.81,18146.0,267.128,132
2024-02-01 11:25:00-05:00,267.67,268.84,267.67,268.07,33313.0,268.448,204
2024-02-01 11:30:00-05:00,267.85,267.94,266.14,266.75,12130.0,267.152,76
2024-02-01 11:35:00-05:00,266.63,267.96,266.41,267.56,35618.0,267.749,140
2024-02-01 11:40:00-05:00,267.56,268.48,267.41,268.42,16127.0,268.009,140
2024-02-01 11:45:00-05:00,268.57,268.57,267.13,267.58,10521.0,267.664,56
2024-02-01 11:50:00-05:00,267.66,268.08,267.39,267.39,7595.0,267.767,66
2024-02-01 11:55:00-05:00,267.46,267.84,267.11,267.46,8080.0,267.496,68
2024-02-01 12:00:00-05:00,267.62,268.99,267.45,268.82,42385.0,268.506,114
2024-02-01 12:05:00-05:00,268.84,270.7,268.84,269.75,21176.0,269.851,157
2024-02-01 12:10:00-05:00,269.59,270.05,269.26,269.33,5308.0,269.651,42
2024-02-01 12:15:00-05:00,269.35,269.59,268.97,268.97,5528.0,269.354,51
2024-02-01 12:20:00-05:00,269.0,269.79,268.89,269.75,7555.0,269.205,52
2024-02-01 12:25:00-05:00,269.96,269.96,269.57,269.88,2462.0,269.748,24
2024-02-01 12:30:00-05:00,269.74,269.8,269.26,269.42,6399.0,269.538,57
2024-02-01 12:35:00-05:00,269.25,270.09,269.22,270.01,10245.0,269.643,69
2024-02-01 12:40:00-05:00,269.91,270.65,269.91,270.53,30271.0,270.117,89
2024-02-01 12:45:00-05:00,270.5,270.88,270.31,270.85,6263.0,270.593,54
2024-02-01 12:50:00-05:00,270.87,272.07,270.87,271.64,44084.0,271.822,169
2024-02-01 12:55:00-05:00,271.74,272.03,270.71,270.72,11212.0,271.393,92
2024-02-01 13:00:00-05:00,270.78,271.2,270.22,270.24,6140.0,270.795,53
2024-02-01 13:05:00-05:00,270.28,270.28,269.76,269.82,5886.0,269.98,38
2024-02-01 13:10:00-05:00,270.04,270.54,269.68,269.69,6961.0,270.018,61
2024-02-01 13:15:00-05:00,269.65,269.68,269.31,269.37,4470.0,269.5,33
2024-02-01 13:20:00-05:00,269.37,269.38,268.63,268.71,6862.0,269.001,50
2024-02-01 13:25:00-05:00,268.73,268.8,268.56,268.6,2048.0,268.658,20
2024-02-01 13:30:00-05:00,268.73,269.33,268.5,268.71,13111.0,268.929,111
2024-02-01 13:35:00-05:00,268.71,268.71,268.11,268.25,4774.0,268.374,42
2024-02-01 13:40:00-05:00,268.32,268.53,268.16,268.46,4541.0,268.334,41
2024-02-01 13:45:00-05:00,268.45,268.87,268.18,268.21,4483.0,268.556,43
2024-02-01 13:50:00-05:00,268.22,268.48,267.89,268.3,8682.0,268.258,69
2024-02-01 13:55:00-05:00,268.35,268.65,268.25,268.28,3373.0,268.432,27
2024-02-01 14:00:00-05:00,268.56,268.56,267.92,267.93,2283.0,268.256,15
2024-02-01 14:05:00-05:00,268.02,268.64,267.94,268.54,7040.0,268.25,58
2024-02-01 14:10:00-05:00,268.5,268.67,268.15,268.35,8193.0,268.427,80
2024-02-01 14:15:00-05:00,268.28,268.77,268.28,268.66,5294.0,268.592,44
2024-02-01 14:20:00-05:00,268.77,268.96,268.72,268.87,7588.0,268.854,58
2024-02-01 14:25:00-05:00,268.86,268.93,268.0,268.66,51103.0,268.578,263
2024-02-01 14:30:00-05:00,268.69,268.69,267.72,267.79,31063.0,268.089,87
2024-02-01 14:35:00-05:00,267.82,268.48,267.7,268.48,53197.0,268.042,166
2024-02-01 14:40:00-05:00,268.49,268.71,268.38,268.57,6696.0,268.592,62
2024-02-01 14:45:00-05:00,268.48,269.15,268.4,268.56,14389.0,268.741,125
2024-02-01 14:50:00-05:00,268.71,269.52,268.71,269.32,7737.0,269.075,71
2024-02-01 14:55:00-05:00,269.34,269.76,269.18,269.39,12846.0,269.521,103
2024-02-01 15:00:00-05:00,269.39,270.14,269.39,270.12,7359.0,269.82,58
2024-02-01 15:05:00-05:00,270.2,270.69,270.13,270.15,8622.0,270.293,76
2024-02-01 15:10:00-05:00,270.1,270.41,269.79,270.41,6741.0,270.106,57
2024-02-01 15:15:00-05:00,270.34,270.6,270.03,270.22,45486.0,270.517,139
2024-02-01 15:20:00-05:00,270.19,270.6,269.29,269.41,14078.0,270.017,115
2024-02-01 15:25:00-05:00,269.43,269.59,269.23,269.48,4066.0,269.401,39
2024-02-01 15:30:00-05:00,269.55,269.62,269.35,269.55,11506.0,269.493,108
2024-02-01 15:35:00-05:00,269.55,270.18,269.55,270.18,10994.0,269.874,100
2024-02-01 15:40:00-05:00,270.22,270.72,270.05,270.64,12063.0,270.391,101
2024-02-01 15:45:00-05:00,270.65,271.0,270.56,270.85,17218.0,270.779,156
2024-02-01 15:50:00-05:00,270.8,270.8,270.19,270.27,32619.0,270.406,280
2024-02-01 15:55:00-05:00,270.32,270.99,270.28,270.74,63491.0,270.774,505
2024-02-02 09:30:00-05:00,272.0,274.75,270.49,273.16,62395.0,272.394,159
2024-02-02 09:35:00-05:00,273.13,274.92,273.09,273.46,8408.0,273.701,69
2024-02-02 09:40:00-05:00,273.09,274.03,272.86,274.03,9002.0,273.375,83
2024-02-02 09:45:00-05:00,274.67,275.36,274.46,275.25,14061.0,274.896,92
2024-02-02 09:50:00-05:00,275.14,275.51,274.48,274.66,10505.0,274.956,97
2024-02-02 09:55:00-05:00,274.66,274.66,273.02,273.59,9908.0,273.873,85
2024-02-02 10:00:00-05:00,273.59,273.65,272.93,273.43,12223.0,273.265,101
2024-02-02 10:05:00-05:00,273.43,273.9,272.92,273.3,8245.0,273.472,64
2024-02-02 10:10:00-05:00,273.35,273.89,272.77,273.17,19502.0,273.087,60
2024-02-02 10:15:00-05:00,273.17,274.28,273.16,273.94,7400.0,273.799,71
2024-02-02 10:20:00-05:00,273.87,274.51,273.63,274.51,3081.0,274.107,24
2024-02-02 10:25:00-05:00,274.7,274.87,274.09,274.87,6397.0,274.505,41
2024-02-02 10:30:00-05:00,274.92,274.92,273.63,274.01,9789.0,274.319,87
2024-02-02 10:35:00-05:00,273.88,274.01,273.26,273.64,5568.0,273.618,48
2024-02-02 10:40:00-05:00,273.66,273.97,273.2,273.97,6908.0,273.728,51
2024-02-02 10:45:00-05:00,274.0,274.04,273.25,273.29,7823.0,273.761,43
2024-02-02 10:50:00-05:00,273.06,274.17,273.0,273.92,14382.0,273.391,70
2024-02-02 10:55:00-05:00,274.06,275.12,273.8,275.1,5801.0,274.591,47
2024-02-02 11:00:00-05:00,275.19,275.28,274.26,274.5,12358.0,274.778,89
2024-02-02 11:05:00-05:00,274.5,274.54,274.22,274.22,2193.0,274.434,21
2024-02-02 11:10:00-05:00,274.05,274.23,273.79,273.82,3577.0,274.024,34
2024-02-02 11:15:00-05:00,273.93,274.51,273.88,274.51,7213.0,274.21,62
2024-02-02 11:20:00-05:00,274.38,274.62,274.25,274.62,9999.0,274.488,79
2024-02-02 11:25:00-05:00,274.63,275.23,274.62,275.14,11123.0,274.955,97
2024-02-02 11:30:00-05:00,275.25,275.73,275.17,275.72,7370.0,275.517,56
2024-02-02 11:35:00-05:00,275.65,276.4,275.58,276.4,13799.0,275.943,111
2024-02-02 11:40:00-05:00,276.29,276.84,276.23,276.23,11342.0,276.595,99
2024-02-02 11:45:00-05:00,276.36,276.41,276.1,276.32,3573.0,276.225,32
2024-02-02 11:50:00-05:00,276.32,276.38,276.03,276.09,9549.0,276.24,55
2024-02-02 11:55:00-05:00,276.14,276.14,275.54,275.75,2659.0,275.882,20
2024-02-02 12:00:00-05:00,275.75,276.01,275.75,275.91,4427.0,275.876,38
2024-02-02 12:05:00-05:00,275.99,276.22,275.9,275.91,6292.0,276.064,58
2024-02-02 12:10:00-05:00,275.94,276.03,275.37,275.49,7032.0,275.792,37
2024-02-02 12:15:00-05:00,275.51,275.83,275.14,275.72,8596.0,275.437,53
2024-02-02 12:20:00-05:00,275.71,275.71,275.29,275.34,2256.0,275.474,17
2024-02-02 12:25:00-05:00,275.36,275.38,274.93,275.28,41060.0,275.257,47
2024-02-02 12:30:00-05:00,275.31,276.35,275.31,276.17,6619.0,275.855,54
2024-02-02 12:35:00-05:00,276.24,276.3,276.18,276.27,2851.0,276.238,23
2024-02-02 12:40:00-05:00,276.37,276.4,275.47,275.56,5852.0,276.131,56
2024-02-02 12:45:00-05:00,274.62,275.87,274.18,275.71,6946.0,275.023,45
2024-02-02 12:50:00-05:00,275.63,275.63,274.73,275.05,5118.0,275.138,35
2024-02-02 12:55:00-05:00,275.19,275.46,274.99,275.46,2643.0,275.269,25
2024-02-02 13:00:00-05:00,275.73,275.83,275.66,275.71,1770.0,275.747,13
2024-02-02 13:05:00-05:00,275.88,275.94,275.23,275.32,3950.0,275.66,36
2024-02-02 13:10:00-05:00,275.48,275.5,275.2,275.33,2980.0,275.332,22
2024-02-02 13:15:00-05:00,275.43,275.92,275.39,275.92,4024.0,275.642,31
2024-02-02 13:20:00-05:00,275.87,276.5,275.78,276.19,7900.0,276.154,65
2024-02-02 13:25:00-05:00,276.11,276.31,275.63,275.85,8939.0,275.985,77
2024-02-02 13:30:00-05:00,275.99,276.44,275.93,276.32,8498.0,276.24,79
2024-02-02 13:35:00-05:00,276.44,276.71,276.18,276.71,7160.0,276.474,64
2024-02-02 13:40:00-05:00,276.77,277.34,276.73,277.22,11689.0,277.021,89
2024-02-02 13:45:00-05:00,277.1,277.41,276.68,277.09,9950.0,277.104,89
2024-02-02 13:50:00-05:00,277.15,277.37,277.05,277.21,10895.0,277.251,98
2024-02-02 13:55:00-05:00,277.21,277.34,276.75,276.87,12952.0,277.091,113
2024-02-02 14:00:00-05:00,276.87,277.5,276.77,277.3,22447.0,277.195,97
2024-02-02 14:05:00-05:00,277.15,277.57,277.15,277.56,5914.0,277.362,51
2024-02-02 14:10:00-05:00,277.6,277.89,277.44,277.72,16584.0,277.654,114
2024-02-02 14:15:00-05:00,277.59,277.97,277.33,277.33,9259.0,277.693,83
2024-02-02 14:20:00-05:00,277.42,277.58,277.22,277.46,8442.0,277.381,74
2024-02-02 14:25:00-05:00,277.44,277.44,276.64,276.66,11471.0,277.142,97
2024-02-02 14:30:00-05:00,276.69,277.17,276.56,277.13,4875.0,276.89,45
2024-02-02 14:35:00-05:00,277.19,277.54,277.12,277.53,12465.0,277.286,104
2024-02-02 14:40:00-05:00,277.64,278.04,277.63,277.9,13521.0,277.89,115
2024-02-02 14:45:00-05:00,277.94,278.37,277.91,278.33,17436.0,278.092,152
2024-02-02 14:50:00-05:00,278.32,278.37,277.75,277.9,15974.0,278.053,146
2024-02-02 14:55:00-05:00,277.94,278.0,277.73,277.98,8038.0,277.86,69
2024-02-02 15:00:00-05:00,277.95,277.96,276.6,276.96,13039.0,277.169,107
2024-02-02 15:05:00-05:00,277.09,277.99,276.95,277.9,11191.0,277.416,86
2024-02-02 15:10:00-05:00,277.86,278.2,277.76,278.19,11646.0,277.898,105
2024-02-02 15:15:00-05:00,278.12,278.36,277.92,278.06,16734.0,278.16,153
2024-02-02 15:20:00-05:00,278.08,278.36,277.77,278.09,18717.0,278.083,166
2024-02-02 15:25:00-05:00,278.03,278.68,277.78,278.68,24326.0,278.108,165
2024-02-02 15:30:00-05:00,278.78,278.81,277.5,277.53,34146.0,278.11,205
2024-02-02 15:35:00-05:00,277.44,277.67,276.91,277.62,18514.0,277.275,155
2024-02-02 15:40:00-05:00,277.59,277.59,276.91,276.95,17352.0,277.206,152
2024-02-02 15:45:00-05:00,276.85,277.23,276.7,277.23,38898.0,276.957,243
2024-02-02 15:50:00-05:00,277.11,277.77,277.1,277.66,37603.0,277.424,297
2024-02-02 15:55:00-05:00,277.68,278.07,276.43,276.73,133134.0,276.889,903
2024-02-05 09:30:00-05:00,273.8,275.43,273.1,273.38,33823.0,273.783,86
2024-02-05 09:35:00-05:00,273.56,273.64,272.47,273.63,17233.0,273.197,70
2024-02-05 09:40:00-05:00,273.56,274.54,273.56,274.05,5421.0,274.1,54
2024-02-05 09:45:00-05:00,273.89,273.89,272.87,273.05,2167.0,273.446,19
2024-02-05 09:50:00-05:00,273.03,273.48,272.75,273.15,2399.0,273.1,22
2024-02-05 09:55:00-05:00,273.18,273.18,271.74,272.12,3887.0,272.251,35
2024-02-05 10:00:00-05:00,271.69,272.29,271.14,271.14,5951.0,271.622,54
2024-02-05 10:05:00-05:00,271.09,272.27,271.09,271.63,7759.0,271.777,65
2024-02-05 10:10:00-05:00,272.01,272.36,271.88,272.08,5136.0,272.155,39
2024-02-05 10:15:00-05:00,272.15,272.15,270.66,271.09,10484.0,271.467,76
2024-02-05 10:20:00-05:00,271.02,272.13,271.02,272.02,6048.0,271.623,52
2024-02-05 10:25:00-05:00,271.9,272.22,271.58,271.58,3979.0,271.952,32
2024-02-05 10:30:00-05:00,271.48,271.76,270.99,270.99,12892.0,271.373,46
2024-02-05 10:35:00-05:00,270.97,271.26,270.7,270.74,7634.0,271.019,70
2024-02-05 10:40:00-05:00,270.86,270.86,270.14,270.3,5046.0,270.575,38
2024-02-05 10:45:00-05:00,270.28,270.43,270.14,270.43,6709.0,270.321,58
2024-02-05 10:50:00-05:00,270.38,270.5,269.92,270.05,7676.0,270.268,68
2024-02-05 10:55:00-05:00,270.06,270.27,269.76,270.05,16869.0,269.948,66
2024-02-05 11:00:00-05:00,270.15,270.17,269.93,270.06,4432.0,270.034,39
2024-02-05 11:05:00-05:00,270.08,270.23,269.89,270.1,4320.0,270.099,38
2024-02-05 11:10:00-05:00,270.1,270.36,270.01,270.28,5395.0,270.165,49
2024-02-05 11:15:00-05:00,270.28,271.25,270.14,271.19,6393.0,270.583,57
2024-02-05 11:20:00-05:00,271.05,271.05,270.5,270.64,4669.0,270.725,43
2024-02-05 11:25:00-05:00,270.63,270.81,270.44,270.64,5726.0,270.65,44
2024-02-05 11:30:00-05:00,270.67,271.46,270.67,271.16,11610.0,270.937,72
2024-02-05 11:35:00-05:00,271.11,271.17,270.6,270.93,4048.0,270.839,28
2024-02-05 11:40:00-05:00,270.84,270.96,270.46,270.86,6485.0,270.702,52
2024-02-05 11:45:00-05:00,270.87,271.24,270.86,271.0,10255.0,271.068,75
2024-02-05 11:50:00-05:00,270.98,271.07,270.58,270.92,6962.0,270.881,57
2024-02-05 11:55:00-05:00,270.94,271.87,270.85,271.85,3203.0,271.254,30
2024-02-05 12:00:00-05:00,271.81,271.99,271.67,271.9,2100.0,271.823,20
2024-02-05 12:05:00-05:00,271.97,272.24,271.82,271.87,8434.0,272.039,73
2024-02-05 12:10:00-05:00,271.72,272.25,271.72,272.03,3115.0,272.056,30
2024-02-05 12:15:00-05:00,272.02,272.14,271.32,271.63,7962.0,271.6,56
2024-02-05 12:20:00-05:00,271.7,271.75,271.06,271.06,4600.0,271.33,35
2024-02-05 12:25:00-05:00,270.96,271.14,270.85,271.09,4036.0,270.98,33
2024-02-05 12:30:00-05:00,271.11,271.31,271.09,271.19,3415.0,271.223,31
2024-02-05 12:35:00-05:00,271.18,271.85,271.12,271.79,4827.0,271.424,43
2024-02-05 12:40:00-05:00,271.76,271.93,271.56,271.56,3427.0,271.757,33
2024-02-05 12:45:00-05:00,271.6,271.73,271.32,271.44,3648.0,271.493,33
2024-02-05 12:50:00-05:00,271.44,271.6,271.34,271.53,3406.0,271.48,31
2024-02-05 12:55:00-05:00,271.53,271.62,271.39,271.57,4546.0,271.559,29
2024-02-05 13:00:00-05:00,271.69,271.69,270.96,270.96,4204.0,271.309,28
2024-02-05 13:05:00-05:00,271.22,271.35,271.15,271.15,2499.0,271.281,23
2024-02-05 13:10:00-05:00,271.15,271.79,271.1,271.66,12408.0,271.457,86
2024-02-05 13:15:00-05:00,271.7,271.86,271.59,271.59,1447.0,271.73,14
2024-02-05 13:20:00-05:00,271.76,271.96,271.75,271.83,1971.0,271.89,19
2024-02-05 13:25:00-05:00,271.77,271.92,271.77,271.88,2637.0,271.852,24
2024-02-05 13:30:00-05:00,271.87,272.13,271.79,272.1,8108.0,271.954,60
2024-02-05 13:35:00-05:00,272.15,272.27,271.74,271.85,2785.0,272.002,21
2024-02-05 13:40:00-05:00,272.0,272.0,271.48,271.49,2758.0,271.741,22
2024-02-05 13:45:00-05:00,271.61,272.18,271.61,271.79,2746.0,271.947,26
2024-02-05 13:50:00-05:00,271.85,271.85,271.62,271.67,2253.0,271.753,20
2024-02-05 13:55:00-05:00,271.6,271.74,271.59,271.68,2673.0,271.666,15
2024-02-05 14:00:00-05:00,271.72,271.84,271.48,271.76,1333.0,271.7,13
2024-02-05 14:05:00-05:00,271.78,271.9,271.64,271.88,4573.0,271.776,42
2024-02-05 14:10:00-05:00,271.92,271.92,271.42,271.42,2707.0,271.699,24
2024-02-05 14:15:00-05:00,271.48,271.59,271.4,271.41,1539.0,271.507,15
2024-02-05 14:20:00-05:00,271.57,271.86,271.57,271.83,1756.0,271.717,14
2024-02-05 14:25:00-05:00,271.86,272.31,271.84,272.26,3514.0,272.055,32
2024-02-05 14:30:00-05:00,272.3,272.3,271.87,271.94,4433.0,272.093,39
2024-02-05 14:35:00-05:00,271.91,272.2,271.86,272.07,3340.0,272.064,31
2024-02-05 14:40:00-05:00,272.08,272.94,272.02,272.94,8531.0,272.566,68
2024-02-05 14:45:00-05:00,272.98,273.06,272.75,272.84,2206.0,272.901,19
2024-02-05 14:50:00-05:00,272.94,272.94,272.66,272.89,2223.0,272.776,19
2024-02-05 14:55:00-05:00,272.93,273.09,272.9,273.03,2290.0,272.981,17
2024-02-05 15:00:00-05:00,273.08,273.14,272.93,273.13,4142.0,273.026,22
2024-02-05 15:05:00-05:00,272.97,272.97,272.41,272.59,2871.0,272.65,27
2024-02-05 15:10:00-05:00,272.65,272.65,272.25,272.27,4062.0,272.432,36
2024-02-05 15:15:00-05:00,272.25,272.51,272.1,272.37,11436.0,272.415,36
2024-02-05 15:20:00-05:00,272.45,272.92,272.45,272.84,4769.0,272.672,42
2024-02-05 15:25:00-05:00,272.86,273.19,272.77,273.04,5312.0,272.993,47
2024-02-05 15:30:00-05:00,273.1,273.33,272.95,273.33,7673.0,273.13,70
2024-02-05 15:35:00-05:00,273.35,273.37,272.96,273.0,6632.0,273.178,55
2024-02-05 15:40:00-05:00,273.01,273.07,272.52,272.54,5907.0,272.721,51
2024-02-05 15:45:00-05:00,272.49,272.61,272.15,272.15,6677.0,272.427,61
2024-02-05 15:50:00-05:00,272.14,272.58,271.85,272.01,16117.0,272.203,154
2024-02-05 15:55:00-05:00,272.01,272.32,271.45,271.69,56512.0,271.851,358
2024-02-06 09:30:00-05:00,272.03,272.95,271.53,271.85,7399.0,272.031,11
2024-02-06 09:35:00-05:00,271.64,271.79,270.53,271.43,4466.0,271.155,37
2024-02-06 09:40:00-05:00,271.35,271.35,270.92,271.19,640.0,271.093,6
2024-02-07 09:30:00-05:00,272.89,274.36,271.69,273.11,34538.0,273.05,84
2024-02-07 09:35:00-05:00,273.25,273.26,272.24,272.25,13704.0,272.58,36
2024-02-07 09:40:00-05:00,272.25,272.99,272.01,272.99,14166.0,272.386,46
2024-02-07 09:45:00-05:00,272.98,273.5,272.89,273.5,5833.0,273.153,43
2024-02-07 09:50:00-05:00,273.49,274.86,273.33,274.15,12146.0,273.906,48
2024-02-07 09:55:00-05:00,274.42,274.68,273.88,274.39,5700.0,274.415,42
2024-02-07 10:00:00-05:00,274.2,275.39,273.92,275.33,12532.0,274.729,90
2024-02-07 10:05:00-05:00,275.35,275.64,275.04,275.25,6022.0,275.339,43
2024-02-07 10:10:00-05:00,275.3,276.29,275.12,276.02,36366.0,275.689,114
2024-02-07 10:15:00-05:00,276.02,276.03,275.47,275.99,25296.0,275.806,39
2024-02-07 10:20:00-05:00,276.07,276.07,275.44,275.6,3874.0,275.701,32
2024-02-07 10:25:00-05:00,275.8,275.93,275.31,275.83,5920.0,275.717,34
2024-02-07 10:30:00-05:00,275.73,275.73,275.26,275.31,4049.0,275.433,19
2024-02-07 10:35:00-05:00,275.46,275.74,275.24,275.39,2650.0,275.466,23
2024-02-07 10:40:00-05:00,275.52,275.81,275.18,275.54,30134.0,275.569,55
2024-02-07 10:45:00-05:00,275.54,275.77,275.31,275.67,6737.0,275.497,44
2024-02-07 10:50:00-05:00,275.61,275.85,275.5,275.67,3389.0,275.696,31
2024-02-07 10:55:00-05:00,275.47,275.67,275.23,275.33,2871.0,275.415,22
2024-02-07 11:00:00-05:00,275.26,275.75,275.22,275.54,6478.0,275.408,38
2024-02-07 11:05:00-05:00,275.52,275.86,275.51,275.78,1827.0,275.703,16
2024-02-07 11:10:00-05:00,275.81,275.82,275.45,275.47,1900.0,275.639,19
2024-02-07 11:15:00-05:00,275.54,275.59,275.14,275.43,9383.0,275.352,71
2024-02-07 11:20:00-05:00,275.34,275.65,275.18,275.49,3812.0,275.462,36
2024-02-07 11:25:00-05:00,275.66,275.74,275.5,275.64,2672.0,275.648,22
2024-02-07 11:30:00-05:00,275.56,275.77,275.56,275.77,1588.0,275.697,12
2024-02-07 11:35:00-05:00,275.6,275.6,275.43,275.52,2576.0,275.536,23
2024-02-07 11:40:00-05:00,275.53,275.65,275.44,275.62,2030.0,275.553,18
2024-02-07 11:45:00-05:00,275.63,275.7,275.4,275.6,3800.0,275.528,21
2024-02-07 11:50:00-05:00,275.43,275.67,275.4,275.67,1503.0,275.552,15
2024-02-07 11:55:00-05:00,275.67,275.82,275.65,275.81,3727.0,275.686,13
2024-02-07 12:00:00-05:00,275.82,275.95,275.75,275.83,5876.0,275.838,37
2024-02-07 12:05:00-05:00,275.86,275.96,275.63,275.64,3455.0,275.801,27
2024-02-07 12:10:00-05:00,275.58,275.6,275.36,275.6,4607.0,275.45,23
2024-02-07 12:15:00-05:00,275.61,275.75,275.4,275.75,3438.0,275.591,22
2024-02-07 12:20:00-05:00,275.72,275.86,275.69,275.69,3257.0,275.787,28
2024-02-07 12:25:00-05:00,275.73,275.73,275.54,275.7,2682.0,275.663,24
2024-02-07 12:30:00-05:00,275.73,275.74,275.48,275.74,3697.0,275.554,18
2024-02-07 12:35:00-05:00,275.69,275.75,275.51,275.73,2124.0,275.627,20
2024-02-07 12:40:00-05:00,275.69,275.69,275.48,275.49,1302.0,275.606,13
2024-02-07 12:45:00-05:00,275.67,275.67,275.51,275.55,2731.0,275.572,26
2024-02-07 12:50:00-05:00,275.54,275.69,275.45,275.66,3040.0,275.551,27
2024-02-07 12:55:00-05:00,275.66,275.78,275.55,275.76,2722.0,275.654,22
2024-02-07 13:00:00-05:00,275.73,276.33,275.58,275.94,24237.0,276.006,55
2024-02-07 13:05:00-05:00,275.81,275.87,275.4,275.41,1207.0,275.65,12
2024-02-07 13:10:00-05:00,275.7,275.7,275.58,275.59,500.0,275.63,4
2024-02-07 13:15:00-05:00,275.7,275.77,275.57,275.67,3089.0,275.641,13
2024-02-07 13:20:00-05:00,275.46,275.57,275.29,275.3,1596.0,275.486,15
2024-02-07 13:25:00-05:00,275.29,275.39,275.28,275.35,1405.0,275.325,14
2024-02-07 13:30:00-05:00,275.4,275.57,275.38,275.53,3304.0,275.455,27
2024-02-07 13:35:00-05:00,275.56,275.83,275.45,275.71,2743.0,275.68,23
2024-02-07 13:40:00-05:00,275.63,275.69,275.38,275.45,2102.0,275.549,19
2024-02-07 13:45:00-05:00,275.44,275.66,275.35,275.63,3300.0,275.47,29
2024-02-07 13:50:00-05:00,275.58,275.77,275.57,275.67,3498.0,275.655,26
2024-02-07 13:55:00-05:00,275.71,275.77,275.57,275.65,7356.0,275.665,66
2024-02-07 14:00:00-05:00,275.68,275.96,275.61,275.91,5176.0,275.757,37
2024-02-07 14:05:00-05:00,275.9,276.03,275.78,275.79,1443.0,275.93,13
2024-02-07 14:10:00-05:00,275.92,275.92,275.6,275.61,2878.0,275.737,24
2024-02-07 14:15:00-05:00,275.61,275.82,275.47,275.48,8676.0,275.66,72
2024-02-07 14:20:00-05:00,275.48,275.48,275.12,275.3,18357.0,275.285,168
2024-02-07 14:25:00-05:00,275.3,275.52,275.21,275.33,11458.0,275.405,77
2024-02-07 14:30:00-05:00,275.37,275.77,275.36,275.68,4075.0,275.537,37
2024-02-07 14:35:00-05:00,275.67,275.79,275.57,275.79,2663.0,275.699,25
2024-02-07 14:40:00-05:00,275.8,275.93,275.59,275.93,5245.0,275.69,21
2024-02-07 14:45:00-05:00,275.93,276.18,275.93,275.99,2734.0,276.032,24
2024-02-07 14:50:00-05:00,276.02,276.19,275.93,276.16,3287.0,276.036,32
2024-02-07 14:55:00-05:00,276.07,276.15,275.98,276.03,3017.0,276.08,25
2024-02-07 15:00:00-05:00,276.04,276.08,275.87,276.01,2922.0,275.991,27
2024-02-07 15:05:00-05:00,275.94,275.94,275.61,275.62,3009.0,275.726,23
2024-02-07 15:10:00-05:00,275.63,275.64,275.06,275.06,3227.0,275.369,29
2024-02-07 15:15:00-05:00,275.06,275.27,274.93,275.08,6322.0,275.097,51
2024-02-07 15:20:00-05:00,275.04,275.43,275.04,275.36,5739.0,275.275,54
2024-02-07 15:25:00-05:00,275.35,275.35,275.19,275.26,4911.0,275.29,43
2024-02-07 15:30:00-05:00,275.31,275.35,275.09,275.14,6371.0,275.213,49
2024-02-07 15:35:00-05:00,275.18,275.27,274.69,274.76,8452.0,275.054,75
2024-02-07 15:40:00-05:00,274.83,274.89,274.18,274.38,18245.0,274.404,131
2024-02-07 15:45:00-05:00,274.32,274.4,273.74,273.85,26556.0,274.063,171
2024-02-07 15:50:00-05:00,273.75,273.98,273.19,273.39,35270.0,273.543,219
2024-02-07 15:55:00-05:00,273.48,273.73,273.28,273.43,59668.0,273.475,416
2024-02-08 09:30:00-05:00,274.45,274.46,273.42,273.46,13979.0,273.493,11
2024-02-08 09:35:00-05:00,273.74,273.75,273.05,273.05,2121.0,273.452,18
2024-02-08 09:40:00-05:00,273.11,274.16,273.11,274.05,3510.0,273.723,31
2024-02-08 09:45:00-05:00,274.34,274.43,273.1,273.29,2908.0,273.889,27
2024-02-08 09:50:00-05:00,273.31,273.31,272.62,272.62,7395.0,272.982,64
2024-02-08 09:55:00-05:00,272.88,273.02,272.69,272.92,4247.0,272.89,40
2024-02-08 10:00:00-05:00,273.02,273.18,272.46,272.51,5582.0,272.731,46
2024-02-08 10:05:00-05:00,272.61,272.92,272.61,272.66,12848.0,272.837,106
2024-02-08 10:10:00-05:00,272.61,272.83,272.17,272.71,8871.0,272.426,74
2024-02-08 10:15:00-05:00,272.69,272.74,271.82,271.82,4926.0,272.363,41
2024-02-08 10:20:00-05:00,271.91,272.39,271.74,271.97,12835.0,271.921,99
2024-02-08 10:25:00-05:00,271.84,272.35,271.84,272.35,3064.0,272.062,30
2024-02-08 10:30:00-05:00,272.35,272.48,272.24,272.36,2230.0,272.347,22
2024-02-08 10:35:00-05:00,272.36,272.75,272.04,272.25,6119.0,272.3,35
2024-02-08 10:40:00-05:00,272.15,272.35,271.95,272.31,3812.0,272.132,34
2024-02-08 10:45:00-05:00,272.32,272.32,271.98,272.21,3316.0,272.106,31
2024-02-08 10:50:00-05:00,272.0,272.0,271.67,271.88,2600.0,271.885,23
2024-02-08 10:55:00-05:00,271.87,272.3,271.87,272.22,7713.0,272.135,53
2024-02-08 11:00:00-05:00,272.29,272.51,272.29,272.43,5067.0,272.4,40
2024-02-08 11:05:00-05:00,272.37,272.52,272.28,272.37,4445.0,272.402,43
2024-02-08 11:10:00-05:00,272.37,272.5,272.37,272.43,2240.0,272.424,19
2024-02-08 11:15:00-05:00,272.43,272.63,272.33,272.33,4804.0,272.512,45
2024-02-08 11:20:00-05:00,272.3,272.46,272.21,272.29,1823.0,272.325,18
2024-02-08 11:25:00-05:00,272.3,272.58,272.09,272.51,2983.0,272.321,29
2024-02-08 11:30:00-05:00,272.51,272.58,272.08,272.36,4297.0,272.266,40
2024-02-08 11:35:00-05:00,272.3,272.3,272.04,272.18,2942.0,272.164,18
2024-02-08 11:40:00-05:00,272.13,272.13,271.92,272.0,1658.0,271.988,14
2024-02-08 11:45:00-05:00,271.98,272.08,271.53,271.96,14228.0,271.81,80
2024-02-08 11:50:00-05:00,271.88,272.48,271.79,272.46,29677.0,271.994,104
2024-02-08 11:55:00-05:00,272.43,272.55,272.29,272.29,2476.0,272.442,23
2024-02-08 12:00:00-05:00,272.23,272.34,272.16,272.28,1421.0,272.26,12
2024-02-08 12:05:00-05:00,272.28,272.34,272.1,272.21,3151.0,272.238,29
2024-02-08 12:10:00-05:00,272.26,272.29,272.21,272.29,2651.0,272.264,22
2024-02-08 12:15:00-05:00,272.33,272.35,272.1,272.23,6777.0,272.21,55
2024-02-08 12:20:00-05:00,272.25,272.49,272.19,272.3,10906.0,272.328,90
2024-02-08 12:25:00-05:00,272.26,272.37,272.2,272.2,8698.0,272.303,77
2024-02-08 12:30:00-05:00,272.26,272.26,272.05,272.06,4279.0,272.157,35
2024-02-08 12:35:00-05:00,272.16,272.31,272.12,272.28,4592.0,272.218,42
2024-02-08 12:40:00-05:00,272.19,272.33,272.16,272.26,4139.0,272.271,41
2024-02-08 12:45:00-05:00,272.26,272.31,272.13,272.24,5331.0,272.236,51
2024-02-08 12:50:00-05:00,272.24,272.32,272.0,272.19,10205.0,272.196,86
2024-02-08 12:55:00-05:00,272.24,272.27,271.98,272.09,5294.0,272.155,52
2024-02-08 13:00:00-05:00,272.17,272.67,272.04,272.63,22961.0,272.414,219
2024-02-08 13:05:00-05:00,272.55,272.57,272.27,272.31,8299.0,272.404,76
2024-02-08 13:10:00-05:00,272.32,272.38,272.14,272.34,3675.0,272.28,35
2024-02-08 13:15:00-05:00,272.34,272.4,272.27,272.3,12644.0,272.311,65
2024-02-08 13:20:00-05:00,272.3,272.44,272.24,272.35,4250.0,272.343,40
2024-02-08 13:25:00-05:00,272.35,272.46,272.31,272.33,9051.0,272.396,74
2024-02-08 13:30:00-05:00,272.41,272.41,272.22,272.22,6720.0,272.345,55
2024-02-08 13:35:00-05:00,272.19,272.41,272.14,272.35,9354.0,272.287,84
2024-02-08 13:40:00-05:00,272.35,272.35,272.03,272.03,2300.0,272.213,21
2024-02-08 13:45:00-05:00,272.1,272.27,272.05,272.15,4646.0,272.167,44
2024-02-08 13:50:00-05:00,272.17,272.17,271.87,271.87,8284.0,271.96,36
2024-02-08 13:55:00-05:00,271.85,272.06,271.78,271.99,12302.0,271.947,92
2024-02-08 14:00:00-05:00,272.0,272.11,271.93,272.01,14596.0,272.019,66
2024-02-08 14:05:00-05:00,272.01,272.12,271.93,271.93,7970.0,272.02,69
2024-02-08 14:10:00-05:00,271.98,272.1,271.91,271.97,8686.0,272.007,76
2024-02-08 14:15:00-05:00,272.04,272.1,271.92,272.05,5587.0,272.034,50
2024-02-08 14:20:00-05:00,272.0,272.08,271.91,271.98,5916.0,272.002,55
2024-02-08 14:25:00-05:00,271.99,272.06,271.91,271.94,3619.0,272.009,35
2024-02-08 14:30:00-05:00,271.99,272.06,271.7,271.77,6167.0,271.902,47
2024-02-08 14:35:00-05:00,271.74,271.74,271.41,271.44,8306.0,271.622,57
2024-02-08 14:40:00-05:00,271.43,271.49,271.17,271.17,5950.0,271.327,45
2024-02-08 14:45:00-05:00,271.16,271.24,270.95,270.95,12467.0,271.062,108
2024-02-08 14:50:00-05:00,271.02,271.19,270.94,271.15,8551.0,271.061,79
2024-02-08 14:55:00-05:00,271.16,271.19,270.99,271.06,8403.0,271.087,64
2024-02-08 15:00:00-05:00,271.06,271.1,270.82,270.82,5544.0,270.942,51
2024-02-08 15:05:00-05:00,270.84,270.86,270.63,270.73,8348.0,270.766,73
2024-02-08 15:10:00-05:00,270.73,270.73,270.43,270.49,13617.0,270.543,96
2024-02-08 15:15:00-05:00,270.54,271.08,270.47,271.02,9838.0,270.734,85
2024-02-08 15:20:00-05:00,271.01,271.08,270.72,270.78,4532.0,270.887,43
2024-02-08 15:25:00-05:00,270.78,270.85,270.43,270.44,9720.0,270.646,92
2024-02-08 15:30:00-05:00,270.51,270.53,270.14,270.4,24617.0,270.333,196
2024-02-08 15:35:00-05:00,270.34,270.61,270.18,270.61,23962.0,270.302,218
2024-02-08 15:40:00-05:00,270.6,271.03,270.59,270.74,14799.0,270.831,129
2024-02-08 15:45:00-05:00,270.76,270.77,269.89,269.89,28799.0,270.262,259
2024-02-08 15:50:00-05:00,270.0,270.33,269.86,269.86,36367.0,270.08,257
2024-02-08 15:55:00-05:00,269.87,270.09,269.61,269.85,107283.0,269.812,805
2024-02-09 09:30:00-05:00,269.9,270.73,269.9,270.73,17601.0,269.917,8
2024-02-09 09:35:00-05:00,270.22,270.93,270.22,270.72,3803.0,270.55,26
2024-02-09 09:40:00-05:00,270.56,270.82,269.95,270.14,2169.0,270.492,19
2024-02-09 09:45:00-05:00,270.16,270.87,270.16,270.77,1718.0,270.702,16
2024-02-09 09:50:00-05:00,270.77,270.87,270.56,270.87,1616.0,270.705,16
2024-02-09 09:55:00-05:00,271.48,272.38,271.29,272.38,4116.0,271.797,23
2024-02-09 10:00:00-05:00,272.13,272.34,271.58,272.05,9649.0,271.962,60
2024-02-09 10:05:00-05:00,271.93,272.41,271.9,272.17,4114.0,272.144,34
2024-02-09 10:10:00-05:00,272.0,272.12,271.73,271.92,2505.0,271.887,21
2024-02-09 10:15:00-05:00,271.76,272.24,271.7,272.09,5757.0,272.078,47
2024-02-09 10:20:00-05:00,272.03,272.07,271.72,271.91,5755.0,271.883,44
2024-02-09 10:25:00-05:00,271.88,271.95,271.66,271.73,7038.0,271.784,56
2024-02-09 10:30:00-05:00,271.81,272.16,271.53,271.91,7742.0,271.899,65
2024-02-09 10:35:00-05:00,271.82,272.16,271.74,272.08,6928.0,271.996,52
2024-02-09 10:40:00-05:00,271.98,272.18,271.83,271.93,3051.0,272.028,28
2024-02-09 10:45:00-05:00,272.01,272.11,271.82,271.88,2606.0,271.95,22
2024-02-09 10:50:00-05:00,271.9,272.62,271.69,272.5,7582.0,271.976,68
2024-02-09 10:55:00-05:00,272.39,272.9,272.32,272.34,9057.0,272.528,67
2024-02-09 11:00:00-05:00,272.42,273.03,272.09,272.9,5514.0,272.66,31
2024-02-09 11:05:00-05:00,272.93,273.09,272.83,272.93,3285.0,272.973,29
2024-02-09 11:10:00-05:00,272.97,272.98,272.79,272.93,2668.0,272.877,22
2024-02-09 11:15:00-05:00,272.98,273.07,272.56,272.78,2403.0,272.812,22
2024-02-09 11:20:00-05:00,272.81,273.02,272.69,272.79,2600.0,272.842,24
2024-02-09 11:25:00-05:00,272.83,273.24,272.81,273.17,2962.0,273.056,22
2024-02-09 11:30:00-05:00,273.12,273.3,272.96,273.0,2021.0,273.111,19
2024-02-09 11:35:00-05:00,272.96,273.12,272.67,272.79,3000.0,272.901,28
2024-02-09 11:40:00-05:00,272.73,273.11,272.73,273.03,1800.0,272.948,14
2024-02-09 11:45:00-05:00,273.19,273.4,273.19,273.3,1100.0,273.295,10
2024-02-09 11:50:00-05:00,273.35,273.35,273.18,273.19,1100.0,273.255,8
2024-02-09 11:55:00-05:00,273.22,273.3,273.09,273.1,4315.0,273.161,27
2024-02-09 12:00:00-05:00,273.22,273.36,273.04,273.23,1951.0,273.249,18
2024-02-09 12:05:00-05:00,273.41,273.53,273.29,273.3,3510.0,273.399,29
2024-02-09 12:10:00-05:00,273.41,273.78,273.4,273.59,6046.0,273.595,49
2024-02-09 12:15:00-05:00,273.63,273.86,273.39,273.49,3267.0,273.66,30
2024-02-09 12:20:00-05:00,273.5,273.59,273.22,273.39,4439.0,273.367,36
2024-02-09 12:25:00-05:00,273.39,273.67,273.35,273.56,3519.0,273.449,21
2024-02-09 12:30:00-05:00,273.61,273.61,273.21,273.51,3016.0,273.423,27
2024-02-09 12:35:00-05:00,273.49,273.87,273.47,273.87,2399.0,273.574,23
2024-02-09 12:40:00-05:00,273.82,274.1,273.82,274.03,4301.0,273.885,19
2024-02-09 12:45:00-05:00,274.05,274.14,274.02,274.14,2624.0,274.059,21
2024-02-09 12:50:00-05:00,274.19,274.22,274.04,274.13,3756.0,274.141,36
2024-02-09 12:55:00-05:00,274.07,274.07,273.86,273.93,1614.0,273.979,12
2024-02-09 13:00:00-05:00,273.95,273.99,273.85,273.88,829.0,273.925,6
2024-02-09 13:05:00-05:00,273.93,274.31,273.93,274.31,2884.0,274.103,28
2024-02-09 13:10:00-05:00,274.29,274.38,274.21,274.21,1037.0,274.297,10
2024-02-09 13:15:00-05:00,274.19,274.2,274.07,274.12,800.0,274.139,8
2024-02-09 13:20:00-05:00,274.33,274.53,274.29,274.51,1779.0,274.389,16
2024-02-09 13:25:00-05:00,274.56,274.63,274.41,274.52,1638.0,274.509,16
2024-02-09 13:30:00-05:00,274.6,274.79,274.46,274.69,4595.0,274.667,41
2024-02-09 13:35:00-05:00,274.71,274.76,274.54,274.63,3423.0,274.636,30
2024-02-09 13:40:00-05:00,274.62,274.62,274.39,274.52,2972.0,274.476,23
2024-02-09 13:45:00-05:00,274.53,274.66,274.26,274.27,5069.0,274.51,45
2024-02-09 13:50:00-05:00,274.29,274.45,274.29,274.4,1423.0,274.369,14
2024-02-09 13:55:00-05:00,274.51,274.73,274.34,274.73,2282.0,274.529,17
2024-02-09 14:00:00-05:00,274.74,275.03,274.66,274.95,1526.0,274.789,13
2024-02-09 14:05:00-05:00,274.87,274.87,274.74,274.74,1942.0,274.811,17
2024-02-09 14:10:00-05:00,274.76,275.0,274.76,275.0,2240.0,274.91,18
2024-02-09 14:15:00-05:00,274.98,275.12,274.92,274.92,4033.0,275.004,32
2024-02-09 14:20:00-05:00,274.98,275.19,274.98,275.05,2716.0,275.075,23
2024-02-09 14:25:00-05:00,275.03,275.28,274.97,275.06,3104.0,275.116,28
2024-02-09 14:30:00-05:00,275.11,275.27,274.93,275.21,2101.0,275.125,18
2024-02-09 14:35:00-05:00,275.11,275.32,275.11,275.32,2495.0,275.217,22
2024-02-09 14:40:00-05:00,275.32,275.43,275.24,275.29,2297.0,275.322,19
2024-02-09 14:45:00-05:00,275.3,275.3,274.99,275.03,8490.0,275.197,49
2024-02-09 14:50:00-05:00,275.2,275.3,274.99,274.99,5833.0,275.152,50
2024-02-09 14:55:00-05:00,275.08,275.29,275.02,275.15,2423.0,275.137,19
2024-02-09 15:00:00-05:00,275.06,275.12,274.88,274.88,3005.0,274.996,24
2024-02-09 15:05:00-05:00,274.91,274.95,274.77,274.93,3057.0,274.867,22
2024-02-09 15:10:00-05:00,275.0,275.11,274.92,275.1,2457.0,275.024,20
2024-02-09 15:15:00-05:00,275.03,275.21,274.99,275.12,2162.0,275.102,18
2024-02-09 15:20:00-05:00,275.12,275.2,274.98,275.14,7935.0,275.056,32
2024-02-09 15:25:00-05:00,275.08,275.22,275.04,275.16,3213.0,275.113,27
2024-02-09 15:30:00-05:00,275.12,275.17,274.85,274.91,5661.0,275.001,43
2024-02-09 15:35:00-05:00,274.91,275.08,274.88,275.0,5221.0,275.0,44
2024-02-09 15:40:00-05:00,275.0,275.1,274.71,274.71,6664.0,274.855,42
2024-02-09 15:45:00-05:00,274.71,274.78,274.57,274.58,8557.0,274.686,74
2024-02-09 15:50:00-05:00,274.64,275.07,274.63,274.98,12144.0,274.859,98
2024-02-09 15:55:00-05:00,275.1,275.49,274.92,275.45,57248.0,275.156,361
2024-02-12 09:30:00-05:00,275.17,275.2,274.13,274.13,11204.0,274.871,31
2024-02-12 09:35:00-05:00,274.08,274.08,273.5,273.62,4374.0,273.872,33
2024-02-12 09:40:00-05:00,273.51,273.77,272.76,272.76,2400.0,273.339,23
2024-02-12 09:45:00-05:00,272.79,272.83,272.43,272.72,3440.0,272.637,29
2024-02-12 09:50:00-05:00,272.71,273.17,272.7,272.79,4003.0,272.935,37
2024-02-12 09:55:00-05:00,272.31,272.43,271.87,272.29,10153.0,272.136,61
2024-02-12 10:00:00-05:00,272.37,272.7,272.32,272.44,2975.0,272.459,27
2024-02-12 10:05:00-05:00,272.56,273.12,272.54,273.12,7883.0,272.745,39
2024-02-12 10:10:00-05:00,272.92,273.7,272.91,273.58,2783.0,273.267,26
2024-02-12 10:15:00-05:00,273.72,273.72,273.28,273.39,4122.0,273.467,18
2024-02-12 10:20:00-05:00,273.24,273.45,273.1,273.45,1749.0,273.239,16
2024-02-12 10:25:00-05:00,273.49,273.68,273.48,273.64,1320.0,273.595,13
2024-02-12 10:30:00-05:00,273.69,273.87,273.66,273.81,1275.0,273.755,12
2024-02-12 10:35:00-05:00,273.74,273.91,273.4,273.56,2774.0,273.629,25
2024-02-12 10:40:00-05:00,273.46,273.68,273.45,273.59,2256.0,273.542,18
2024-02-12 10:45:00-05:00,273.57,273.58,273.08,273.2,2300.0,273.27,23
2024-02-12 10:50:00-05:00,273.17,273.29,273.07,273.21,2100.0,273.208,21
2024-02-12 10:55:00-05:00,273.22,273.41,273.11,273.29,6918.0,273.25,61
2024-02-12 11:00:00-05:00,273.2,273.23,272.91,273.12,4635.0,273.046,39
2024-02-12 11:05:00-05:00,273.12,273.32,273.03,273.26,13919.0,273.213,56
2024-02-12 11:10:00-05:00,273.22,273.22,273.02,273.03,1672.0,273.139,13
2024-02-12 11:15:00-05:00,273.1,273.19,272.97,273.07,6293.0,273.06,55
2024-02-12 11:20:00-05:00,273.0,273.46,272.92,273.44,3606.0,273.139,35
2024-02-12 11:25:00-05:00,273.44,273.67,273.43,273.5,2055.0,273.517,18
2024-02-12 11:30:00-05:00,273.51,273.97,273.51,273.8,2159.0,273.743,18
2024-02-12 11:35:00-05:00,273.8,273.83,273.65,273.72,1609.0,273.759,16
2024-02-12 11:40:00-05:00,273.63,273.85,273.55,273.69,1310.0,273.659,13
2024-02-12 11:45:00-05:00,273.69,273.69,273.53,273.65,1201.0,273.624,12
2024-02-12 11:50:00-05:00,273.7,273.78,273.68,273.68,2455.0,273.74,12
2024-02-12 11:55:00-05:00,273.69,273.72,273.67,273.67,1500.0,273.688,15
2024-02-12 12:00:00-05:00,273.6,273.6,273.47,273.49,1905.0,273.539,18
2024-02-12 12:05:00-05:00,273.44,273.49,273.23,273.24,20082.0,273.262,27
2024-02-12 12:10:00-05:00,273.24,273.51,273.23,273.51,3967.0,273.323,38
2024-02-12 12:15:00-05:00,273.43,273.43,273.28,273.3,4534.0,273.374,35
2024-02-12 12:20:00-05:00,273.28,273.42,273.24,273.4,3616.0,273.349,20
2024-02-12 12:25:00-05:00,273.36,273.62,273.33,273.52,6407.0,273.413,28
2024-02-12 12:30:00-05:00,273.49,273.51,273.32,273.39,2003.0,273.381,17
2024-02-12 12:35:00-05:00,273.47,273.47,273.26,273.32,3001.0,273.362,14
2024-02-12 12:40:00-05:00,273.32,273.39,273.25,273.39,2376.0,273.285,19
2024-02-12 12:45:00-05:00,273.32,273.49,273.21,273.49,2000.0,273.321,17
2024-02-12 12:50:00-05:00,273.48,273.74,273.47,273.68,600.0,273.657,6
2024-02-12 12:55:00-05:00,273.69,274.0,273.69,274.0,1241.0,273.774,12
2024-02-12 13:00:00-05:00,273.87,274.0,273.85,273.97,807.0,273.922,8
2024-02-12 13:05:00-05:00,274.02,274.04,273.8,273.88,2669.0,273.903,26
2024-02-12 13:10:00-05:00,273.92,273.97,273.87,273.88,1208.0,273.915,12
2024-02-12 13:15:00-05:00,273.87,273.87,273.75,273.75,1650.0,273.816,15
2024-02-12 13:20:00-05:00,273.78,273.78,273.55,273.58,3366.0,273.676,32
2024-02-12 13:25:00-05:00,273.62,273.65,273.27,273.29,2619.0,273.466,24
2024-02-12 13:30:00-05:00,273.34,273.5,273.24,273.38,1999.0,273.377,18
2024-02-12 13:35:00-05:00,273.35,273.45,273.06,273.15,2949.0,273.288,24
2024-02-12 13:40:00-05:00,273.16,273.29,272.93,273.01,4500.0,273.101,34
2024-02-12 13:45:00-05:00,273.08,273.34,273.08,273.16,5854.0,273.208,45
2024-02-12 13:50:00-05:00,273.21,273.26,273.13,273.14,2500.0,273.207,11
2024-02-12 13:55:00-05:00,273.09,273.11,272.89,272.89,9766.0,273.036,26
2024-02-12 14:00:00-05:00,272.85,273.06,272.8,273.06,2108.0,272.938,18
2024-02-12 14:05:00-05:00,273.04,273.04,272.87,272.87,2963.0,272.978,13
2024-02-12 14:10:00-05:00,272.87,272.92,272.77,272.77,8788.0,272.889,32
2024-02-12 14:15:00-05:00,272.72,272.72,272.04,272.06,8097.0,272.378,61
2024-02-12 14:20:00-05:00,271.94,272.41,271.91,272.22,6203.0,272.211,46
2024-02-12 14:25:00-05:00,272.31,272.33,272.12,272.12,2919.0,272.204,27
2024-02-12 14:30:00-05:00,272.11,272.26,272.0,272.0,4224.0,272.147,30
2024-02-12 14:35:00-05:00,271.9,272.03,271.89,271.89,2658.0,271.962,25
2024-02-12 14:40:00-05:00,271.86,271.87,271.68,271.75,3583.0,271.783,28
2024-02-12 14:45:00-05:00,271.75,271.99,271.75,271.93,3700.0,271.928,34
2024-02-12 14:50:00-05:00,271.89,271.93,271.59,271.59,14544.0,271.796,66
2024-02-12 14:55:00-05:00,271.61,271.87,271.61,271.81,2400.0,271.767,24
2024-02-12 15:00:00-05:00,271.87,272.05,271.81,271.82,3189.0,271.893,30
2024-02-12 15:05:00-05:00,271.86,271.86,271.66,271.78,5687.0,271.776,40
2024-02-12 15:10:00-05:00,271.84,272.05,271.84,271.92,4669.0,271.947,41
2024-02-12 15:15:00-05:00,271.86,272.0,271.53,271.92,3689.0,271.726,30
2024-02-12 15:20:00-05:00,271.92,271.97,271.71,271.74,2996.0,271.854,24
2024-02-12 15:25:00-05:00,271.67,271.81,271.61,271.67,4592.0,271.727,40
2024-02-12 15:30:00-05:00,271.72,271.8,271.63,271.67,3654.0,271.716,33
2024-02-12 15:35:00-05:00,271.68,271.96,271.68,271.91,5790.0,271.87,53
2024-02-12 15:40:00-05:00,271.91,272.16,271.88,272.02,8511.0,272.011,65
2024-02-12 15:45:00-05:00,272.01,272.07,271.9,272.06,6850.0,272.001,53
2024-02-12 15:50:00-05:00,272.03,272.78,271.85,271.95,14493.0,272.038,117
2024-02-12 15:55:00-05:00,271.9,272.12,271.82,272.02,52284.0,271.935,416
2024-02-13 09:30:00-05:00,266.93,267.69,266.17,267.06,48621.0,267.037,134
2024-02-13 09:35:00-05:00,267.02,267.43,266.21,266.44,5392.0,266.715,47
2024-02-13 09:40:00-05:00,266.66,266.97,266.23,266.56,8503.0,266.619,60
2024-02-13 09:45:00-05:00,266.8,267.03,266.49,266.63,7378.0,266.765,65
2024-02-13 09:50:00-05:00,266.32,266.43,265.79,265.87,13580.0,266.115,89
2024-02-13 09:55:00-05:00,266.0,266.33,265.37,266.16,13040.0,266.081,73
2024-02-13 10:00:00-05:00,266.2,266.2,265.4,265.41,4101.0,265.969,40
2024-02-13 10:05:00-05:00,265.44,265.75,265.44,265.72,6300.0,265.56,27
2024-02-13 10:10:00-05:00,265.84,266.33,265.84,266.16,25192.0,266.072,35
2024-02-13 10:15:00-05:00,266.22,266.49,265.86,266.49,6507.0,266.25,46
2024-02-13 10:20:00-05:00,266.55,267.03,266.48,266.91,7800.0,266.78,52
2024-02-13 10:25:00-05:00,266.87,267.59,266.87,267.59,4595.0,267.366,39
2024-02-13 10:30:00-05:00,267.6,267.77,267.01,267.69,12029.0,267.448,103
2024-02-13 10:35:00-05:00,267.66,267.87,267.47,267.82,4207.0,267.694,40
2024-02-13 10:40:00-05:00,267.73,267.92,267.54,267.86,6332.0,267.788,28
2024-02-13 10:45:00-05:00,267.96,268.55,267.75,268.31,9944.0,268.105,88
2024-02-13 10:50:00-05:00,268.22,268.53,267.91,268.35,2816.0,268.126,24
2024-02-13 10:55:00-05:00,268.39,268.42,268.02,268.42,3165.0,268.254,27
2024-02-13 11:00:00-05:00,268.25,269.0,268.21,269.0,6000.0,268.621,38
2024-02-13 11:05:00-05:00,269.14,269.24,268.99,269.12,3192.0,269.064,29
2024-02-13 11:10:00-05:00,269.15,269.29,268.97,269.29,1252.0,269.135,12
2024-02-13 11:15:00-05:00,269.3,269.43,269.18,269.35,6126.0,269.25,45
2024-02-13 11:20:00-05:00,269.47,269.63,269.42,269.6,1903.0,269.537,19
2024-02-13 11:25:00-05:00,269.58,269.92,269.55,269.62,3882.0,269.737,32
2024-02-13 11:30:00-05:00,269.96,270.28,269.72,270.01,3380.0,269.974,31
2024-02-13 11:35:00-05:00,270.13,270.13,269.83,269.98,2633.0,269.989,21
2024-02-13 11:40:00-05:00,269.98,269.99,269.76,269.93,3086.0,269.869,23
2024-02-13 11:45:00-05:00,269.82,269.98,269.66,269.73,15190.0,269.807,41
2024-02-13 11:50:00-05:00,269.73,269.74,269.46,269.46,3258.0,269.606,30
2024-02-13 11:55:00-05:00,269.5,269.5,269.3,269.41,2185.0,269.403,20
2024-02-13 12:00:00-05:00,269.4,269.4,269.11,269.4,2580.0,269.262,24
2024-02-13 12:05:00-05:00,269.18,269.74,269.14,269.69,3418.0,269.361,33
2024-02-13 12:10:00-05:00,269.46,269.8,269.44,269.8,1011.0,269.538,9
2024-02-13 12:15:00-05:00,269.8,269.95,269.67,269.75,3610.0,269.788,33
2024-02-13 12:20:00-05:00,269.66,269.78,269.52,269.59,5618.0,269.69,46
2024-02-13 12:25:00-05:00,269.51,269.51,269.31,269.38,1703.0,269.423,15
2024-02-13 12:30:00-05:00,269.35,269.63,269.35,269.55,1172.0,269.54,11
2024-02-13 12:35:00-05:00,269.59,269.72,269.44,269.72,3115.0,269.582,24
2024-02-13 12:40:00-05:00,269.74,269.86,268.8,269.19,16904.0,269.277,132
2024-02-13 12:45:00-05:00,269.22,269.28,269.06,269.27,1113.0,269.208,10
2024-02-13 12:50:00-05:00,269.27,269.27,268.79,268.79,2292.0,268.98,21
2024-02-13 12:55:00-05:00,268.74,268.74,268.46,268.53,2577.0,268.592,23
2024-02-13 13:00:00-05:00,268.58,268.64,268.12,268.12,2055.0,268.405,17
2024-02-13 13:05:00-05:00,268.11,268.29,268.01,268.05,7117.0,268.073,36
2024-02-13 13:10:00-05:00,268.16,268.29,268.13,268.29,3610.0,268.192,25
2024-02-13 13:15:00-05:00,268.39,268.44,268.27,268.33,3131.0,268.355,26
2024-02-13 13:20:00-05:00,268.32,268.37,268.2,268.31,3287.0,268.275,26
2024-02-13 13:25:00-05:00,268.36,268.55,268.27,268.42,10791.0,268.411,28
2024-02-13 13:30:00-05:00,268.56,268.63,268.38,268.38,2674.0,268.504,22
2024-02-13 13:35:00-05:00,268.47,268.85,268.43,268.85,3313.0,268.544,26
2024-02-13 13:40:00-05:00,268.79,268.79,268.43,268.54,3430.0,268.566,32
2024-02-13 13:45:00-05:00,268.61,268.83,268.61,268.63,2241.0,268.646,14
2024-02-13 13:50:00-05:00,268.63,268.88,268.48,268.75,3712.0,268.674,32
2024-02-13 13:55:00-05:00,268.69,268.83,268.6,268.77,5319.0,268.714,33
2024-02-13 14:00:00-05:00,268.73,268.73,268.43,268.45,2245.0,268.562,20
2024-02-13 14:05:00-05:00,268.38,268.38,268.07,268.2,1850.0,268.237,13
2024-02-13 14:10:00-05:00,268.09,268.15,267.72,267.81,2876.0,267.925,28
2024-02-13 14:15:00-05:00,267.88,268.07,267.68,267.95,4144.0,267.869,37
2024-02-13 14:20:00-05:00,267.9,268.11,267.9,268.03,1546.0,268.047,12
2024-02-13 14:25:00-05:00,267.94,268.13,267.84,268.08,2728.0,267.973,24
2024-02-13 14:30:00-05:00,267.99,268.2,267.97,268.0,3552.0,268.086,33
2024-02-13 14:35:00-05:00,268.0,268.42,268.0,268.41,3923.0,268.275,36
2024-02-13 14:40:00-05:00,268.51,268.74,268.46,268.68,3057.0,268.621,29
2024-02-13 14:45:00-05:00,268.68,268.68,268.16,268.25,7439.0,268.454,74
2024-02-13 14:50:00-05:00,268.26,268.26,267.98,268.12,4973.0,268.108,47
2024-02-13 14:55:00-05:00,268.12,268.44,267.94,268.13,7815.0,268.231,74
2024-02-13 15:00:00-05:00,268.29,268.29,267.68,267.75,6796.0,267.853,55
2024-02-13 15:05:00-05:00,267.79,268.27,267.79,268.16,6162.0,268.074,50
2024-02-13 15:10:00-05:00,268.27,268.32,268.07,268.14,2664.0,268.21,26
2024-02-13 15:15:00-05:00,268.26,268.26,267.84,267.91,8630.0,267.977,51
2024-02-13 15:20:00-05:00,267.92,268.02,267.91,267.91,4087.0,267.947,20
2024-02-13 15:25:00-05:00,267.96,268.52,267.93,268.43,5300.0,268.199,48
2024-02-13 15:30:00-05:00,268.3,268.49,268.04,268.46,3972.0,268.295,37
2024-02-13 15:35:00-05:00,268.46,268.53,268.32,268.37,4142.0,268.388,30
2024-02-13 15:40:00-05:00,268.32,268.96,268.28,268.86,5485.0,268.602,45
2024-02-13 15:45:00-05:00,268.79,268.91,268.63,268.77,6154.0,268.796,59
2024-02-13 15:50:00-05:00,268.9,268.93,268.54,268.87,13308.0,268.734,122
2024-02-13 15:55:00-05:00,268.9,269.65,268.9,269.45,51164.0,269.359,371
2024-02-14 09:30:00-05:00,272.33,273.14,272.14,272.32,10293.0,272.337,6
2024-02-14 09:35:00-05:00,272.29,272.29,271.15,271.15,2314.0,271.495,20
2024-02-14 09:40:00-05:00,270.83,271.66,270.8,271.15,4282.0,271.348,41
2024-02-14 09:45:00-05:00,271.14,271.68,271.09,271.09,1701.0,271.391,17
2024-02-14 09:50:00-05:00,270.86,271.1,270.69,270.75,1500.0,270.837,13
2024-02-14 09:55:00-05:00,270.99,271.49,270.99,271.12,2193.0,271.257,20
2024-02-14 10:00:00-05:00,271.34,271.76,271.06,271.76,2980.0,271.443,25
2024-02-14 10:05:00-05:00,271.9,272.19,271.79,272.06,2522.0,271.963,22
2024-02-14 10:10:00-05:00,272.09,272.68,272.08,272.63,1101.0,272.44,11
2024-02-14 10:15:00-05:00,272.43,272.57,272.21,272.22,2447.0,272.422,22
2024-02-14 10:20:00-05:00,272.31,272.61,272.29,272.53,2022.0,272.456,17
2024-02-14 10:25:00-05:00,272.58,272.68,272.16,272.25,3113.0,272.382,30
2024-02-14 10:30:00-05:00,272.25,272.37,272.01,272.01,2143.0,272.253,20
2024-02-14 10:35:00-05:00,272.0,272.23,271.94,271.99,11680.0,272.02,27
2024-02-14 10:40:00-05:00,271.97,271.97,271.27,271.27,3009.0,271.596,29
2024-02-14 10:45:00-05:00,271.5,271.75,271.44,271.56,2720.0,271.601,25
2024-02-14 10:50:00-05:00,271.43,271.67,271.05,271.67,11704.0,271.318,72
2024-02-14 10:55:00-05:00,271.73,271.73,271.03,271.24,2203.0,271.266,20
2024-02-14 11:00:00-05:00,271.04,271.28,270.76,271.22,3217.0,270.966,29
2024-02-14 11:05:00-05:00,271.22,271.52,271.22,271.49,2106.0,271.357,21
2024-02-14 11:10:00-05:00,271.51,271.74,271.51,271.59,1700.0,271.628,17
2024-02-14 11:15:00-05:00,271.56,271.7,271.47,271.7,2584.0,271.55,24
2024-02-14 11:20:00-05:00,271.74,272.06,271.49,272.04,2200.0,271.785,22
2024-02-14 11:25:00-05:00,272.08,272.18,272.05,272.18,1400.0,272.11,14
2024-02-14 11:30:00-05:00,272.14,272.28,272.14,272.19,600.0,272.189,6
2024-02-14 11:35:00-05:00,272.25,272.45,272.18,272.25,3982.0,272.373,26
2024-02-14 11:40:00-05:00,272.31,272.4,272.13,272.15,1400.0,272.268,14
2024-02-14 11:45:00-05:00,272.25,272.26,272.18,272.19,200.0,272.22,2
2024-02-14 11:50:00-05:00,272.22,272.42,272.13,272.41,1971.0,272.297,19
2024-02-14 11:55:00-05:00,272.21,272.21,271.89,271.89,700.0,272.041,7
2024-02-14 12:00:00-05:00,271.86,271.86,271.41,271.41,4697.0,271.681,43
2024-02-14 12:05:00-05:00,271.33,271.43,271.07,271.39,4497.0,271.298,42
2024-02-14 12:10:00-05:00,271.39,271.54,271.32,271.41,2002.0,271.422,19
2024-02-14 12:15:00-05:00,271.31,271.54,271.27,271.51,7790.0,271.431,53
2024-02-14 12:20:00-05:00,271.45,271.63,271.3,271.6,2450.0,271.467,18
2024-02-14 12:25:00-05:00,271.6,272.0,271.59,272.0,2281.0,271.821,21
2024-02-14 12:30:00-05:00,272.0,272.0,271.78,271.8,1100.0,271.928,9
2024-02-14 12:35:00-05:00,271.81,271.81,271.56,271.68,3396.0,271.67,24
2024-02-14 12:40:00-05:00,271.65,271.77,271.47,271.64,3976.0,271.642,36
2024-02-14 12:45:00-05:00,271.64,271.82,271.58,271.81,2601.0,271.682,23
2024-02-14 12:50:00-05:00,271.8,271.91,271.79,271.87,3329.0,271.844,33
2024-02-14 12:55:00-05:00,271.93,272.12,271.81,272.1,6187.0,271.942,56
2024-02-14 13:00:00-05:00,272.05,272.16,272.03,272.15,800.0,272.078,8
2024-02-14 13:05:00-05:00,272.24,272.24,271.97,272.01,1000.0,272.094,10
2024-02-14 13:10:00-05:00,271.81,271.92,271.6,271.63,2638.0,271.764,26
2024-02-14 13:15:00-05:00,271.72,271.98,271.72,271.91,700.0,271.859,7
2024-02-14 13:20:00-05:00,271.8,272.14,271.8,271.94,1458.0,272.013,11
2024-02-14 13:25:00-05:00,271.96,272.1,271.96,272.1,400.0,272.026,4
2024-02-14 13:30:00-05:00,272.09,272.09,272.0,272.0,2022.0,272.037,14
2024-02-14 13:35:00-05:00,272.11,272.38,272.1,272.38,830.0,272.241,6
2024-02-14 13:40:00-05:00,272.68,272.79,272.41,272.57,2353.0,272.586,23
2024-02-14 13:45:00-05:00,272.53,272.68,272.44,272.57,1878.0,272.55,14
2024-02-14 13:50:00-05:00,272.59,272.64,272.59,272.64,200.0,272.615,2
2024-02-14 13:55:00-05:00,272.67,272.69,272.51,272.69,1000.0,272.584,10
2024-02-14 14:00:00-05:00,272.81,273.08,272.7,272.84,2069.0,272.915,13
2024-02-14 14:05:00-05:00,272.8,272.85,272.47,272.6,2389.0,272.656,23
2024-02-14 14:10:00-05:00,272.57,272.65,272.42,272.65,817.0,272.536,7
2024-02-14 14:15:00-05:00,272.8,272.83,272.79,272.8,600.0,272.806,6
2024-02-14 14:20:00-05:00,272.98,272.98,272.77,272.77,1395.0,272.893,11
2024-02-14 14:25:00-05:00,272.82,273.12,272.82,273.03,950.0,273.018,9
2024-02-14 14:30:00-05:00,273.36,273.37,273.22,273.28,1015.0,273.29,9
2024-02-14 14:35:00-05:00,273.37,273.6,273.26,273.6,2201.0,273.488,18
2024-02-14 14:40:00-05:00,273.52,273.52,273.27,273.29,2001.0,273.402,20
2024-02-14 14:45:00-05:00,273.22,273.37,273.11,273.37,1002.0,273.247,10
2024-02-14 14:50:00-05:00,273.26,273.36,273.26,273.31,1658.0,273.311,14
2024-02-14 14:55:00-05:00,273.24,273.45,273.18,273.39,1824.0,273.323,18
2024-02-14 15:00:00-05:00,273.53,273.53,273.19,273.4,3051.0,273.387,28
2024-02-14 15:05:00-05:00,273.4,273.49,273.24,273.49,2034.0,273.353,17
2024-02-14 15:10:00-05:00,273.34,273.43,273.15,273.29,2075.0,273.282,18
2024-02-14 15:15:00-05:00,273.37,273.37,273.24,273.24,2138.0,273.298,18
2024-02-14 15:20:00-05:00,273.29,273.38,273.21,273.24,1099.0,273.276,10
2024-02-14 15:25:00-05:00,273.39,273.68,273.35,273.5,3332.0,273.579,32
2024-02-14 15:30:00-05:00,273.41,273.47,273.06,273.11,6249.0,273.265,56
2024-02-14 15:35:00-05:00,273.11,273.27,272.98,273.14,9520.0,273.112,88
2024-02-14 15:40:00-05:00,273.21,273.27,273.04,273.26,7610.0,273.141,67
2024-02-14 15:45:00-05:00,273.2,273.39,273.19,273.26,5564.0,273.299,50
2024-02-14 15:50:00-05:00,273.34,273.34,272.81,272.81,9548.0,273.116,74
2024-02-14 15:55:00-05:00,272.93,273.01,272.45,272.74,22360.0,272.655,178
2024-02-15 09:30:00-05:00,273.93,274.0,273.58,273.63,11037.0,273.904,10
2024-02-15 09:35:00-05:00,274.01,274.25,273.1,273.1,4556.0,273.853,33
2024-02-15 09:40:00-05:00,273.48,273.69,273.13,273.6,1636.0,273.408,10
2024-02-15 09:45:00-05:00,273.6,273.69,272.62,272.62,1767.0,273.459,17
2024-02-15 09:50:00-05:00,272.56,272.75,271.85,271.99,7324.0,272.373,37
2024-02-15 09:55:00-05:00,271.79,272.28,271.78,272.1,6720.0,272.062,50
2024-02-15 10:00:00-05:00,272.19,272.62,272.04,272.04,3400.0,272.299,31
2024-02-15 10:05:00-05:00,272.15,272.43,272.15,272.43,1889.0,272.189,14
2024-02-15 10:10:00-05:00,272.43,272.63,272.32,272.38,3976.0,272.485,39
2024-02-15 10:15:00-05:00,272.41,272.74,272.25,272.62,1600.0,272.478,16
2024-02-15 10:20:00-05:00,272.78,272.85,272.38,272.62,4589.0,272.671,34
2024-02-15 10:25:00-05:00,272.73,272.73,272.24,272.24,3005.0,272.356,15
2024-02-15 10:30:00-05:00,272.26,272.51,272.24,272.47,4551.0,272.387,32
2024-02-15 10:35:00-05:00,272.45,273.18,272.42,273.05,3758.0,272.839,31
2024-02-15 10:40:00-05:00,273.25,273.43,272.97,272.97,7169.0,273.297,66
2024-02-15 10:45:00-05:00,272.67,273.44,272.67,273.44,1010.0,272.934,5
2024-02-15 10:50:00-05:00,273.54,274.12,273.49,273.85,1821.0,273.748,16
2024-02-15 10:55:00-05:00,273.88,274.01,273.49,273.62,1501.0,273.781,15
2024-02-15 11:00:00-05:00,273.49,273.6,273.12,273.12,3774.0,273.397,29
2024-02-15 11:05:00-05:00,273.13,273.14,272.81,272.84,2662.0,272.971,18
2024-02-15 11:10:00-05:00,272.9,273.09,272.84,272.99,2526.0,272.951,23
2024-02-15 11:15:00-05:00,272.97,272.97,272.8,272.87,3027.0,272.888,21
2024-02-15 11:20:00-05:00,272.86,272.94,272.75,272.87,1840.0,272.867,15
2024-02-15 11:25:00-05:00,272.95,273.01,272.89,272.94,2153.0,272.95,19
2024-02-15 11:30:00-05:00,272.81,272.81,272.56,272.65,1282.0,272.665,12
2024-02-15 11:35:00-05:00,272.69,272.82,272.61,272.63,1000.0,272.673,10
2024-02-15 11:40:00-05:00,272.86,272.92,272.68,272.76,2307.0,272.797,21
2024-02-15 11:45:00-05:00,272.78,272.84,272.57,272.57,1800.0,272.711,17
2024-02-15 11:50:00-05:00,272.56,272.82,272.47,272.76,6997.0,272.6,51
2024-02-15 11:55:00-05:00,272.75,272.76,272.52,272.53,2224.0,272.597,17
2024-02-15 12:00:00-05:00,272.69,272.73,272.53,272.73,648.0,272.642,6
2024-02-15 12:05:00-05:00,272.73,272.77,272.57,272.59,2123.0,272.706,19
2024-02-15 12:10:00-05:00,272.71,272.95,272.71,272.85,800.0,272.785,8
2024-02-15 12:15:00-05:00,272.89,273.25,272.6,273.25,2939.0,272.862,23
2024-02-15 12:20:00-05:00,273.08,273.08,272.84,272.89,2125.0,272.914,18
2024-02-15 12:25:00-05:00,272.95,272.95,272.79,272.84,901.0,272.844,9
2024-02-15 12:30:00-05:00,272.76,272.76,272.59,272.62,4849.0,272.623,19
2024-02-15 12:35:00-05:00,272.73,272.81,272.7,272.73,2053.0,272.746,15
2024-02-15 12:40:00-05:00,272.74,272.92,272.73,272.91,5517.0,272.834,42
2024-02-15 12:45:00-05:00,272.79,272.92,272.74,272.76,2759.0,272.812,19
2024-02-15 12:50:00-05:00,272.88,272.98,272.87,272.97,1695.0,272.915,14
2024-02-15 12:55:00-05:00,272.97,272.97,272.55,272.55,3271.0,272.861,19
2024-02-15 13:00:00-05:00,272.59,272.66,272.58,272.59,900.0,272.606,9
2024-02-15 13:05:00-05:00,272.59,273.14,272.59,273.13,3117.0,272.786,24
2024-02-15 13:10:00-05:00,273.15,273.26,273.03,273.13,2682.0,273.146,22
2024-02-15 13:15:00-05:00,273.18,273.32,273.13,273.29,1600.0,273.243,16
2024-02-15 13:20:00-05:00,273.41,273.41,273.03,273.25,2209.0,273.182,22
2024-02-15 13:25:00-05:00,273.05,273.13,272.98,273.12,1492.0,273.072,12
2024-02-15 13:30:00-05:00,273.27,273.28,273.14,273.14,1525.0,273.21,15
2024-02-15 13:35:00-05:00,273.09,273.09,272.9,272.92,2227.0,272.966,15
2024-02-15 13:40:00-05:00,273.05,273.16,272.87,272.87,908.0,272.999,8
2024-02-15 13:45:00-05:00,273.19,273.56,273.15,273.28,2770.0,273.396,26
2024-02-15 13:50:00-05:00,273.25,273.38,273.21,273.26,2003.0,273.305,12
2024-02-15 13:55:00-05:00,273.27,273.44,273.19,273.44,821.0,273.34,5
2024-02-15 14:00:00-05:00,273.46,273.77,273.38,273.72,1434.0,273.571,9
2024-02-15 14:05:00-05:00,273.69,273.98,273.65,273.93,1200.0,273.837,12
2024-02-15 14:10:00-05:00,273.92,274.06,273.85,273.9,2302.0,273.948,23
2024-02-15 14:15:00-05:00,273.86,273.96,273.75,273.75,1720.0,273.832,16
2024-02-15 14:20:00-05:00,273.71,273.82,273.67,273.76,1342.0,273.738,13
2024-02-15 14:25:00-05:00,273.71,273.77,273.49,273.58,2783.0,273.619,27
2024-02-15 14:30:00-05:00,273.65,273.79,273.58,273.78,700.0,273.692,7
2024-02-15 14:35:00-05:00,273.8,273.93,273.75,273.89,1400.0,273.838,14
2024-02-15 14:40:00-05:00,273.9,273.96,273.85,273.93,2059.0,273.927,14
2024-02-15 14:45:00-05:00,273.91,274.03,273.87,273.88,2055.0,273.942,18
2024-02-15 14:50:00-05:00,273.87,274.01,273.84,274.01,1300.0,273.902,13
2024-02-15 14:55:00-05:00,273.99,274.09,273.67,273.78,2639.0,273.898,25
2024-02-15 15:00:00-05:00,273.97,273.97,273.81,273.93,1076.0,273.886,10
2024-02-15 15:05:00-05:00,273.88,273.91,273.66,273.79,2655.0,273.785,21
2024-02-15 15:10:00-05:00,273.9,274.13,273.88,274.02,1597.0,273.993,15
2024-02-15 15:15:00-05:00,274.1,274.17,273.74,273.74,4746.0,274.0,46
2024-02-15 15:20:00-05:00,273.85,273.95,273.79,273.95,1740.0,273.883,17
2024-02-15 15:25:00-05:00,274.03,274.14,273.94,274.11,1867.0,274.011,16
2024-02-15 15:30:00-05:00,274.07,274.22,274.07,274.16,2137.0,274.159,21
2024-02-15 15:35:00-05:00,274.14,274.14,273.92,273.99,2930.0,274.039,28
2024-02-15 15:40:00-05:00,273.92,273.93,273.61,273.61,6204.0,273.838,56
2024-02-15 15:45:00-05:00,273.6,273.67,273.24,273.24,9078.0,273.483,66
2024-02-15 15:50:00-05:00,273.33,273.35,273.03,273.12,11197.0,273.173,103
2024-02-15 15:55:00-05:00,273.16,273.19,272.83,272.96,38109.0,272.982,277
2024-02-16 09:30:00-05:00,272.57,273.88,272.4,273.42,38509.0,272.615,23
2024-02-16 09:35:00-05:00,273.42,273.88,272.61,272.64,4842.0,273.058,30
2024-02-16 09:40:00-05:00,273.08,273.47,273.0,273.22,7140.0,273.306,41
2024-02-16 09:45:00-05:00,273.12,274.21,273.1,274.2,2533.0,273.563,17
2024-02-16 09:50:00-05:00,274.13,274.37,273.69,273.73,5408.0,273.999,37
2024-02-16 09:55:00-05:00,273.73,274.25,273.48,273.8,3726.0,273.905,27
2024-02-16 10:00:00-05:00,274.13,274.63,273.69,274.45,7327.0,274.083,42
2024-02-16 10:05:00-05:00,274.6,275.59,274.48,275.5,6377.0,275.021,46
2024-02-16 10:10:00-05:00,275.23,275.66,274.92,275.46,6273.0,275.434,39
2024-02-16 10:15:00-05:00,275.56,275.59,275.0,275.27,8234.0,275.242,58
2024-02-16 10:20:00-05:00,275.3,275.52,274.88,275.13,5920.0,275.134,51
2024-02-16 10:25:00-05:00,275.13,275.51,275.0,275.44,2927.0,275.188,23
2024-02-16 10:30:00-05:00,275.19,275.33,274.93,275.21,8103.0,275.065,47
2024-02-16 10:35:00-05:00,275.33,275.33,274.79,274.89,5380.0,274.94,39
2024-02-16 10:40:00-05:00,274.9,275.2,274.87,275.2,6607.0,274.991,42
2024-02-16 10:45:00-05:00,275.18,275.4,275.07,275.19,3607.0,275.196,26
2024-02-16 10:50:00-05:00,275.28,275.28,274.98,275.02,3386.0,275.046,30
2024-02-16 10:55:00-05:00,275.04,275.04,274.67,274.8,3455.0,274.842,29
2024-02-16 11:00:00-05:00,274.95,274.95,274.55,274.79,3670.0,274.743,30
2024-02-16 11:05:00-05:00,274.69,274.97,274.66,274.97,1763.0,274.786,14
2024-02-16 11:10:00-05:00,274.95,275.2,274.94,275.18,3083.0,275.055,29
2024-02-16 11:15:00-05:00,275.12,275.47,275.06,275.44,5661.0,275.266,45
2024-02-16 11:20:00-05:00,275.6,275.97,275.6,275.88,3995.0,275.749,34
2024-02-16 11:25:00-05:00,275.95,275.95,275.65,275.71,2500.0,275.755,25
2024-02-16 11:30:00-05:00,275.83,275.9,275.56,275.62,3946.0,275.737,31
2024-02-16 11:35:00-05:00,275.55,275.55,275.33,275.53,3375.0,275.442,26
2024-02-16 11:40:00-05:00,275.5,275.53,275.17,275.17,2301.0,275.407,22
2024-02-16 11:45:00-05:00,275.26,275.26,275.15,275.15,400.0,275.205,4
2024-02-16 11:50:00-05:00,275.12,275.37,275.11,275.23,2573.0,275.219,23
2024-02-16 11:55:00-05:00,275.16,275.26,275.02,275.05,2838.0,275.104,27
2024-02-16 12:00:00-05:00,275.06,275.16,274.88,275.01,4326.0,275.015,41
2024-02-16 12:05:00-05:00,274.97,274.97,274.7,274.82,3246.0,274.812,28
2024-02-16 12:10:00-05:00,274.76,274.77,274.5,274.53,1100.0,274.6,11
2024-02-16 12:15:00-05:00,274.36,274.36,274.09,274.22,2943.0,274.221,27
2024-02-16 12:20:00-05:00,274.21,274.31,274.11,274.29,4825.0,274.247,39
2024-02-16 12:25:00-05:00,274.29,274.29,274.02,274.13,3341.0,274.168,30
2024-02-16 12:30:00-05:00,274.31,274.34,274.16,274.2,2952.0,274.244,26
2024-02-16 12:35:00-05:00,274.13,274.13,273.65,273.81,3397.0,273.924,29
2024-02-16 12:40:00-05:00,273.84,273.92,273.84,273.92,300.0,273.873,3
2024-02-16 12:45:00-05:00,274.04,274.04,273.88,273.91,2118.0,273.953,20
2024-02-16 12:50:00-05:00,273.89,273.89,273.55,273.55,948.0,273.664,9
2024-02-16 12:55:00-05:00,273.64,273.64,273.36,273.36,2833.0,273.469,19
2024-02-16 13:00:00-05:00,273.34,273.36,273.12,273.19,1827.0,273.233,17
2024-02-16 13:05:00-05:00,273.12,273.23,273.02,273.21,1100.0,273.114,11
2024-02-16 13:10:00-05:00,273.18,273.18,272.96,273.04,2700.0,273.015,27
2024-02-16 13:15:00-05:00,272.98,273.15,272.96,273.12,6159.0,273.023,57
2024-02-16 13:20:00-05:00,273.22,273.66,273.21,273.66,1323.0,273.415,13
2024-02-16 13:25:00-05:00,273.6,273.84,273.49,273.56,3132.0,273.607,27
2024-02-16 13:30:00-05:00,273.72,273.81,273.72,273.81,763.0,273.734,4
2024-02-16 13:35:00-05:00,273.81,274.08,273.76,274.08,2617.0,273.864,25
2024-02-16 13:40:00-05:00,274.17,274.17,273.87,273.87,1802.0,273.975,13
2024-02-16 13:45:00-05:00,274.04,274.07,273.78,274.07,3059.0,273.906,26
2024-02-16 13:50:00-05:00,273.94,273.95,273.63,273.63,2103.0,273.761,17
2024-02-16 13:55:00-05:00,273.66,273.78,273.63,273.71,1250.0,273.7,10
2024-02-16 14:00:00-05:00,273.76,273.95,273.76,273.92,2579.0,273.833,24
2024-02-16 14:05:00-05:00,273.91,274.11,273.86,273.91,2186.0,273.921,18
2024-02-16 14:10:00-05:00,273.93,273.99,273.85,273.85,1293.0,273.91,9
2024-02-16 14:15:00-05:00,273.9,273.95,273.81,273.91,1650.0,273.866,14
2024-02-16 14:20:00-05:00,273.93,273.96,273.84,273.84,3686.0,273.889,31
2024-02-16 14:25:00-05:00,273.84,273.94,273.8,273.92,1524.0,273.86,15
2024-02-16 14:30:00-05:00,273.89,273.89,273.6,273.67,3674.0,273.777,33
2024-02-16 14:35:00-05:00,273.58,273.63,273.29,273.53,5867.0,273.501,57
2024-02-16 14:40:00-05:00,273.49,273.49,273.25,273.27,3346.0,273.338,32
2024-02-16 14:45:00-05:00,273.24,273.28,271.74,272.35,7645.0,272.495,62
2024-02-16 14:50:00-05:00,272.31,272.83,272.17,272.64,4439.0,272.453,31
2024-02-16 14:55:00-05:00,272.73,272.97,272.54,272.97,5227.0,272.682,39
2024-02-16 15:00:00-05:00,272.98,273.07,272.76,272.79,5065.0,272.881,44
2024-02-16 15:05:00-05:00,272.94,273.04,272.72,272.79,2747.0,272.879,22
2024-02-16 15:10:00-05:00,272.82,272.83,272.51,272.77,2090.0,272.65,18
2024-02-16 15:15:00-05:00,272.58,273.03,272.57,272.86,13441.0,272.887,45
2024-02-16 15:20:00-05:00,272.89,273.08,272.88,272.97,5512.0,272.986,44
2024-02-16 15:25:00-05:00,272.98,273.03,272.75,272.79,4471.0,272.905,41
2024-02-16 15:30:00-05:00,272.82,273.0,272.73,272.86,6398.0,272.844,56
2024-02-16 15:35:00-05:00,272.84,272.84,272.47,272.58,5633.0,272.694,53
2024-02-16 15:40:00-05:00,272.56,272.56,272.01,272.08,7615.0,272.257,67
2024-02-16 15:45:00-05:00,272.03,272.09,271.81,271.81,9733.0,271.936,86
2024-02-16 15:50:00-05:00,271.81,272.39,271.81,272.2,16087.0,272.063,132
2024-02-16 15:55:00-05:00,272.26,272.41,272.08,272.28,39202.0,272.209,239
2024-02-20 09:30:00-05:00,272.23,272.45,270.5,272.45,18809.0,270.69,18
2024-02-20 09:35:00-05:00,272.97,272.97,271.28,271.69,4495.0,271.813,32
2024-02-20 09:40:00-05:00,271.61,272.6,271.61,272.19,3877.0,272.198,36
2024-02-20 09:45:00-05:00,272.12,272.52,271.81,272.52,10012.0,272.119,25
2024-02-20 09:50:00-05:00,272.52,272.89,272.52,272.75,5601.0,272.738,35
2024-02-20 09:55:00-05:00,272.75,273.1,271.76,271.87,9088.0,272.522,78
2024-02-20 10:00:00-05:00,272.32,272.52,272.19,272.24,5041.0,272.353,37
2024-02-20 10:05:00-05:00,272.16,272.77,272.13,272.65,3457.0,272.54,24
2024-02-20 10:10:00-05:00,272.95,272.95,272.34,272.53,17120.0,272.678,39
2024-02-20 10:15:00-05:00,272.49,272.89,272.47,272.89,9030.0,272.688,70
2024-02-20 10:20:00-05:00,272.88,273.24,272.76,273.17,2800.0,273.011,26
2024-02-20 10:25:00-05:00,273.11,274.1,273.11,273.79,5894.0,273.676,49
2024-02-20 10:30:00-05:00,273.79,273.88,273.63,273.84,3828.0,273.796,34
2024-02-20 10:35:00-05:00,273.8,273.82,273.58,273.66,6384.0,273.742,49
2024-02-20 10:40:00-05:00,273.74,274.45,273.74,274.2,13072.0,274.119,108
2024-02-20 10:45:00-05:00,274.2,274.82,274.2,274.25,6576.0,274.535,62
2024-02-20 10:50:00-05:00,274.1,274.96,273.92,274.96,5120.0,274.327,45
2024-02-20 10:55:00-05:00,274.85,275.68,274.84,275.0,38630.0,275.3,105
2024-02-20 11:00:00-05:00,275.08,275.88,274.71,275.52,16423.0,275.307,150
2024-02-20 11:05:00-05:00,275.38,275.7,274.82,274.82,29742.0,275.44,41
2024-02-20 11:10:00-05:00,274.84,275.69,274.83,275.56,23136.0,275.431,172
2024-02-20 11:15:00-05:00,275.68,276.11,275.56,275.69,58166.0,275.917,148
2024-02-20 11:20:00-05:00,275.66,275.66,275.15,275.19,3776.0,275.377,36
2024-02-20 11:25:00-05:00,275.13,276.27,275.13,275.57,32851.0,275.9,97
2024-02-20 11:30:00-05:00,275.41,275.72,275.24,275.61,7844.0,275.478,67
2024-02-20 11:35:00-05:00,275.66,276.08,275.38,275.73,12305.0,275.684,79
2024-02-20 11:40:00-05:00,275.57,277.06,275.41,276.74,13420.0,276.433,113
2024-02-20 11:45:00-05:00,276.8,276.96,275.86,275.87,7583.0,276.446,70
2024-02-20 11:50:00-05:00,275.74,276.12,275.68,276.06,3006.0,275.945,26
2024-02-20 11:55:00-05:00,276.08,276.17,275.49,275.49,3477.0,275.84,27
2024-02-20 12:00:00-05:00,275.48,275.48,274.71,274.92,5651.0,274.907,45
2024-02-20 12:05:00-05:00,274.74,274.98,274.64,274.98,2011.0,274.831,17
2024-02-20 12:10:00-05:00,274.83,275.11,274.83,274.97,1887.0,274.988,18
2024-02-20 12:15:00-05:00,274.95,274.95,274.67,274.79,700.0,274.825,7
2024-02-20 12:20:00-05:00,274.9,275.13,274.65,274.65,3773.0,274.919,36
2024-02-20 12:25:00-05:00,274.86,275.08,274.86,274.99,906.0,274.961,9
2024-02-20 12:30:00-05:00,275.13,275.44,274.91,275.44,3908.0,275.069,25
2024-02-20 12:35:00-05:00,275.37,275.44,274.51,274.51,2197.0,274.934,18
2024-02-20 12:40:00-05:00,274.61,275.0,274.55,275.0,5540.0,274.834,25
2024-02-20 12:45:00-05:00,275.18,275.28,274.84,274.87,2455.0,275.029,24
2024-02-20 12:50:00-05:00,274.88,275.23,274.88,275.23,1963.0,275.064,18
2024-02-20 12:55:00-05:00,275.28,275.28,275.13,275.24,1600.0,275.213,15
2024-02-20 13:00:00-05:00,275.29,275.46,275.14,275.46,4837.0,275.305,29
2024-02-20 13:05:00-05:00,275.26,275.56,275.26,275.56,1666.0,275.444,14
2024-02-20 13:10:00-05:00,275.53,275.55,275.33,275.5,1179.0,275.455,10
2024-02-20 13:15:00-05:00,275.31,275.64,275.11,275.64,2763.0,275.371,25
2024-02-20 13:20:00-05:00,275.55,275.65,275.55,275.65,500.0,275.596,5
2024-02-20 13:25:00-05:00,275.53,275.53,275.16,275.34,2882.0,275.345,27
2024-02-20 13:30:00-05:00,275.31,275.43,275.24,275.24,2600.0,275.32,25
2024-02-20 13:35:00-05:00,275.41,275.47,275.22,275.32,2318.0,275.343,23
2024-02-20 13:40:00-05:00,275.47,275.85,275.47,275.83,4400.0,275.699,36
2024-02-20 13:45:00-05:00,275.76,276.08,275.7,275.7,9249.0,275.808,34
2024-02-20 13:50:00-05:00,275.79,276.21,275.79,275.89,3301.0,275.969,30
2024-02-20 13:55:00-05:00,275.89,275.96,275.81,275.84,1100.0,275.863,11
2024-02-20 14:00:00-05:00,275.82,275.82,275.66,275.67,1116.0,275.748,10
2024-02-20 14:05:00-05:00,275.58,275.74,275.49,275.51,3285.0,275.636,30
2024-02-20 14:10:00-05:00,275.5,275.54,275.41,275.49,1520.0,275.494,14
2024-02-20 14:15:00-05:00,275.54,275.85,275.38,275.85,5529.0,275.495,35
2024-02-20 14:20:00-05:00,275.91,275.96,275.67,275.96,2621.0,275.805,24
2024-02-20 14:25:00-05:00,275.97,276.2,275.76,276.2,2526.0,276.044,25
2024-02-20 14:30:00-05:00,276.13,276.17,276.0,276.0,2459.0,276.067,23
2024-02-20 14:35:00-05:00,276.07,276.36,276.07,276.31,2378.0,276.234,23
2024-02-20 14:40:00-05:00,276.36,276.6,276.35,276.36,2302.0,276.461,23
2024-02-20 14:45:00-05:00,276.49,276.57,276.24,276.43,3217.0,276.398,32
2024-02-20 14:50:00-05:00,276.49,276.49,276.32,276.32,1305.0,276.411,13
2024-02-20 14:55:00-05:00,276.39,276.54,276.15,276.38,4091.0,276.374,36
2024-02-20 15:00:00-05:00,276.32,276.32,275.77,275.97,7582.0,275.933,37
2024-02-20 15:05:00-05:00,275.96,276.11,275.7,275.71,3019.0,275.898,28
2024-02-20 15:10:00-05:00,275.8,276.1,275.76,276.02,5182.0,275.94,39
2024-02-20 15:15:00-05:00,275.95,276.11,275.81,275.91,3651.0,275.988,34
2024-02-20 15:20:00-05:00,275.89,276.13,275.89,276.13,6347.0,276.01,54
2024-02-20 15:25:00-05:00,276.17,276.52,276.16,276.46,6755.0,276.383,58
2024-02-20 15:30:00-05:00,276.44,276.52,275.46,275.66,11137.0,276.164,98
2024-02-20 15:35:00-05:00,275.66,275.71,275.45,275.53,5436.0,275.579,49
2024-02-20 15:40:00-05:00,275.48,275.81,275.4,275.81,7831.0,275.612,60
2024-02-20 15:45:00-05:00,275.86,275.86,275.57,275.61,6860.0,275.709,66
2024-02-20 15:50:00-05:00,275.54,275.79,275.23,275.4,11608.0,275.511,110
2024-02-20 15:55:00-05:00,275.46,276.51,275.37,276.3,72778.0,275.948,451
2024-02-21 09:30:00-05:00,275.86,277.03,274.99,276.45,14466.0,275.944,32
2024-02-21 09:35:00-05:00,276.25,277.32,276.25,276.78,1969.0,276.598,12
2024-02-21 09:40:00-05:00,276.52,277.32,276.52,276.88,828.0,276.964,8
2024-02-21 09:45:00-05:00,277.04,277.04,276.17,276.25,2047.0,276.396,15
2024-02-21 09:50:00-05:00,275.93,276.22,275.75,275.97,1886.0,275.967,16
2024-02-21 09:55:00-05:00,276.23,276.51,276.0,276.21,1220.0,276.342,12
2024-02-21 10:00:00-05:00,276.34,276.98,276.34,276.72,1699.0,276.648,16
2024-02-21 10:05:00-05:00,276.5,276.5,275.87,275.88,1508.0,276.092,15
2024-02-21 10:10:00-05:00,275.78,276.27,275.77,276.15,3012.0,276.033,23
2024-02-21 10:15:00-05:00,276.12,276.32,276.11,276.32,1722.0,276.159,10
2024-02-21 10:20:00-05:00,276.33,276.56,276.13,276.31,2478.0,276.344,23
2024-02-21 10:25:00-05:00,276.25,276.31,275.88,275.88,6888.0,275.976,31
2024-02-21 10:30:00-05:00,275.88,275.88,275.23,275.23,3848.0,275.504,32
2024-02-21 10:35:00-05:00,275.23,275.51,275.23,275.36,4979.0,275.351,41
2024-02-21 10:40:00-05:00,275.19,275.22,274.95,274.95,1089.0,275.117,10
2024-02-21 10:45:00-05:00,275.01,275.35,274.77,275.28,3189.0,275.013,28
2024-02-21 10:50:00-05:00,275.29,275.52,275.27,275.35,2100.0,275.372,21
2024-02-21 10:55:00-05:00,275.68,276.07,275.68,276.0,921.0,275.928,8
2024-02-21 11:00:00-05:00,276.22,276.62,276.22,276.49,1877.0,276.432,16
2024-02-21 11:05:00-05:00,276.45,276.71,276.35,276.61,3295.0,276.604,24
2024-02-21 11:10:00-05:00,276.62,276.81,276.61,276.8,2373.0,276.664,9
2024-02-21 11:15:00-05:00,276.73,277.17,276.73,277.1,6585.0,276.934,52
2024-02-21 11:20:00-05:00,276.99,276.99,276.83,276.83,3242.0,276.883,19
2024-02-21 11:25:00-05:00,276.89,276.94,276.7,276.86,3235.0,276.8,32
2024-02-21 11:30:00-05:00,276.86,276.86,276.46,276.46,2675.0,276.634,25
2024-02-21 11:35:00-05:00,276.57,276.57,276.27,276.57,3298.0,276.391,28
2024-02-21 11:40:00-05:00,276.45,276.55,276.25,276.25,1697.0,276.398,12
2024-02-21 11:45:00-05:00,276.32,276.32,275.92,275.92,2600.0,276.022,23
2024-02-21 11:50:00-05:00,275.92,275.93,275.55,275.56,3090.0,275.786,29
2024-02-21 11:55:00-05:00,275.67,276.11,275.67,275.83,5124.0,275.905,37
2024-02-21 12:00:00-05:00,275.83,276.04,275.82,276.04,1305.0,275.878,12
2024-02-21 12:05:00-05:00,275.91,275.91,275.56,275.64,1879.0,275.683,12
2024-02-21 12:10:00-05:00,275.55,275.78,275.53,275.78,1535.0,275.6,12
2024-02-21 12:15:00-05:00,275.83,276.0,275.83,275.96,1805.0,275.91,12
2024-02-21 12:20:00-05:00,276.24,276.3,276.11,276.3,3302.0,276.185,23
2024-02-21 12:25:00-05:00,276.21,276.24,276.0,276.02,2445.0,276.151,20
2024-02-21 12:30:00-05:00,276.08,276.17,276.07,276.1,1342.0,276.118,13
2024-02-21 12:35:00-05:00,276.13,276.14,276.04,276.04,659.0,276.095,6
2024-02-21 12:40:00-05:00,276.0,276.09,275.83,275.84,1661.0,275.965,13
2024-02-21 12:45:00-05:00,276.0,276.31,276.0,276.24,647.0,276.14,6
2024-02-21 12:50:00-05:00,276.28,276.76,276.28,276.75,1100.0,276.557,11
2024-02-21 12:55:00-05:00,276.57,276.89,276.57,276.79,2548.0,276.784,21
2024-02-21 13:00:00-05:00,276.78,276.81,276.1,276.33,3782.0,276.518,33
2024-02-21 13:05:00-05:00,276.18,276.48,276.13,276.48,2244.0,276.285,16
2024-02-21 13:10:00-05:00,276.43,276.72,276.43,276.5,3746.0,276.553,32
2024-02-21 13:15:00-05:00,276.57,276.77,276.57,276.7,905.0,276.652,9
2024-02-21 13:20:00-05:00,276.69,276.8,276.65,276.78,2275.0,276.723,18
2024-02-21 13:25:00-05:00,276.7,276.85,276.6,276.8,8299.0,276.738,51
2024-02-21 13:30:00-05:00,276.94,276.94,276.54,276.64,2511.0,276.751,24
2024-02-21 13:35:00-05:00,276.48,276.7,276.39,276.69,3895.0,276.58,29
2024-02-21 13:40:00-05:00,276.69,276.86,276.57,276.66,5365.0,276.689,44
2024-02-21 13:45:00-05:00,276.66,276.71,276.35,276.47,1400.0,276.531,14
2024-02-21 13:50:00-05:00,276.58,276.72,276.44,276.44,4397.0,276.582,18
2024-02-21 13:55:00-05:00,276.28,276.28,276.09,276.09,837.0,276.191,8
2024-02-21 14:00:00-05:00,275.99,276.32,275.76,276.21,3586.0,276.024,35
2024-02-21 14:05:00-05:00,276.08,276.12,275.92,276.04,1437.0,276.025,13
2024-02-21 14:10:00-05:00,275.9,275.97,275.7,275.71,1702.0,275.88,17
2024-02-21 14:15:00-05:00,275.66,276.04,275.66,276.04,3101.0,275.793,27
2024-02-21 14:20:00-05:00,276.1,276.1,275.79,275.79,1300.0,275.973,13
2024-02-21 14:25:00-05:00,275.68,275.71,275.44,275.65,2240.0,275.568,19
2024-02-21 14:30:00-05:00,275.61,275.61,275.33,275.45,800.0,275.466,8
2024-02-21 14:35:00-05:00,275.47,275.47,275.24,275.34,2056.0,275.354,19
2024-02-21 14:40:00-05:00,275.34,275.49,275.34,275.38,1705.0,275.424,17
2024-02-21 14:45:00-05:00,275.47,275.83,275.47,275.83,1801.0,275.654,18
2024-02-21 14:50:00-05:00,275.93,276.08,275.89,276.07,2025.0,275.982,19
2024-02-21 14:55:00-05:00,276.07,276.21,275.99,275.99,1236.0,276.057,9
2024-02-21 15:00:00-05:00,275.93,276.03,275.87,275.87,2400.0,275.95,24
2024-02-21 15:05:00-05:00,275.79,275.93,275.77,275.87,1575.0,275.847,15
2024-02-21 15:10:00-05:00,275.86,275.96,275.49,275.55,3523.0,275.679,25
2024-02-21 15:15:00-05:00,275.52,275.63,275.36,275.55,10723.0,275.52,62
2024-02-21 15:20:00-05:00,275.61,275.61,275.19,275.28,2235.0,275.331,20
2024-02-21 15:25:00-05:00,275.38,275.79,275.34,275.74,2257.0,275.585,20
2024-02-21 15:30:00-05:00,275.76,276.14,275.67,276.14,4615.0,275.884,42
2024-02-21 15:35:00-05:00,276.18,276.88,276.15,276.67,4542.0,276.552,41
2024-02-21 15:40:00-05:00,276.78,276.86,276.65,276.75,5602.0,276.746,51
2024-02-21 15:45:00-05:00,276.81,276.86,276.54,276.67,8683.0,276.669,76
2024-02-21 15:50:00-05:00,276.55,276.91,276.5,276.85,9759.0,276.712,86
2024-02-21 15:55:00-05:00,276.95,277.4,276.44,276.5,54685.0,276.752,358
2024-02-22 09:30:00-05:00,280.62,281.06,280.5,281.06,2049.0,280.845,13
2024-02-22 09:35:00-05:00,281.66,283.12,281.46,282.87,25391.0,281.851,66
2024-02-22 09:40:00-05:00,282.9,282.9,281.87,282.23,5338.0,282.245,40
2024-02-22 09:45:00-05:00,281.99,282.62,281.61,282.14,6862.0,282.09,50
2024-02-22 09:50:00-05:00,282.3,283.18,282.07,282.32,6205.0,282.506,40
2024-02-22 09:55:00-05:00,282.26,282.78,282.06,282.12,4433.0,282.471,39
2024-02-22 10:00:00-05:00,282.12,282.5,281.99,281.99,1517.0,282.202,14
2024-02-22 10:05:00-05:00,282.06,282.07,281.44,281.44,1500.0,281.763,14
2024-02-22 10:10:00-05:00,281.61,282.0,281.29,281.3,3382.0,281.739,32
2024-02-22 10:15:00-05:00,281.32,282.25,281.32,281.91,10311.0,281.823,83
2024-02-22 10:20:00-05:00,282.07,282.76,282.07,282.37,6583.0,282.497,56
2024-02-22 10:25:00-05:00,282.41,282.55,282.15,282.42,2401.0,282.288,19
2024-02-22 10:30:00-05:00,282.26,282.79,281.99,282.63,6100.0,282.335,53
2024-02-22 10:35:00-05:00,282.63,283.09,282.56,282.91,8842.0,282.792,60
2024-02-22 10:40:00-05:00,282.88,283.14,282.35,282.51,8713.0,282.726,71
2024-02-22 10:45:00-05:00,282.48,282.82,282.39,282.6,10801.0,282.625,76
2024-02-22 10:50:00-05:00,282.56,282.79,282.54,282.65,6323.0,282.636,41
2024-02-22 10:55:00-05:00,282.66,282.99,282.39,282.4,11595.0,282.699,66
2024-02-22 11:00:00-05:00,282.38,282.76,282.33,282.62,6511.0,282.614,45
2024-02-22 11:05:00-05:00,282.61,283.04,282.6,282.82,6762.0,282.905,49
2024-02-22 11:10:00-05:00,282.94,283.25,282.91,283.18,7233.0,283.026,41
2024-02-22 11:15:00-05:00,283.11,283.11,282.81,282.81,7682.0,282.923,27
2024-02-22 11:20:00-05:00,282.79,282.79,282.27,282.42,4630.0,282.523,35
2024-02-22 11:25:00-05:00,282.42,282.42,281.83,281.88,1994.0,282.103,18
2024-02-22 11:30:00-05:00,281.74,281.82,281.52,281.68,1526.0,281.67,14
2024-02-22 11:35:00-05:00,281.56,281.58,281.14,281.15,1678.0,281.385,14
2024-02-22 11:40:00-05:00,281.18,281.36,281.1,281.28,10148.0,281.235,63
2024-02-22 11:45:00-05:00,281.34,281.71,281.24,281.26,10136.0,281.448,75
2024-02-22 11:50:00-05:00,281.26,281.26,280.98,281.21,7733.0,281.073,58
2024-02-22 11:55:00-05:00,281.09,281.65,281.09,281.45,5025.0,281.342,42
2024-02-22 12:00:00-05:00,281.45,281.84,281.26,281.84,3280.0,281.512,29
2024-02-22 12:05:00-05:00,281.84,281.97,281.58,281.59,2718.0,281.712,24
2024-02-22 12:10:00-05:00,281.59,281.59,281.15,281.2,5596.0,281.405,49
2024-02-22 12:15:00-05:00,281.16,281.3,280.99,281.2,1866.0,281.141,17
2024-02-22 12:20:00-05:00,281.19,281.55,281.19,281.53,5010.0,281.408,43
2024-02-22 12:25:00-05:00,281.6,281.82,281.51,281.81,1769.0,281.683,14
2024-02-22 12:30:00-05:00,281.91,282.0,281.9,281.97,1385.0,281.945,12
2024-02-22 12:35:00-05:00,281.99,282.12,281.83,281.99,5386.0,281.982,49
2024-02-22 12:40:00-05:00,281.96,282.01,281.55,281.76,2042.0,281.764,20
2024-02-22 12:45:00-05:00,281.79,281.79,281.76,281.79,500.0,281.784,5
2024-02-22 12:50:00-05:00,281.79,282.16,281.79,282.06,2224.0,281.972,20
2024-02-22 12:55:00-05:00,282.11,282.22,281.98,282.18,1550.0,282.128,15
2024-02-22 13:00:00-05:00,282.05,282.05,281.81,281.99,8785.0,281.943,23
2024-02-22 13:05:00-05:00,281.94,281.94,281.67,281.83,2750.0,281.804,26
2024-02-22 13:10:00-05:00,281.76,281.77,281.46,281.46,2011.0,281.601,19
2024-02-22 13:15:00-05:00,281.38,281.69,281.37,281.69,2925.0,281.56,27
2024-02-22 13:20:00-05:00,281.54,281.81,281.54,281.81,2223.0,281.707,20
2024-02-22 13:25:00-05:00,281.77,281.91,281.67,281.72,1644.0,281.817,16
2024-02-22 13:30:00-05:00,281.86,281.91,281.19,281.48,2522.0,281.589,25
2024-02-22 13:35:00-05:00,281.38,281.79,281.38,281.54,7558.0,281.585,57
2024-02-22 13:40:00-05:00,281.54,281.54,281.01,281.02,3550.0,281.197,34
2024-02-22 13:45:00-05:00,281.11,281.37,281.0,281.34,4052.0,281.193,39
2024-02-22 13:50:00-05:00,281.36,281.36,280.79,280.79,2210.0,281.1,22
2024-02-22 13:55:00-05:00,280.87,281.26,280.86,281.18,3283.0,281.089,26
2024-02-22 14:00:00-05:00,281.25,281.66,281.25,281.46,2260.0,281.445,22
2024-02-22 14:05:00-05:00,281.44,281.72,281.44,281.63,3057.0,281.626,30
2024-02-22 14:10:00-05:00,281.75,282.11,281.61,282.06,7856.0,281.902,63
2024-02-22 14:15:00-05:00,282.06,282.46,282.06,282.26,8732.0,282.286,75
2024-02-22 14:20:00-05:00,282.16,282.57,282.09,282.45,3600.0,282.284,34
2024-02-22 14:25:00-05:00,282.44,282.7,282.4,282.63,2101.0,282.526,21
2024-02-22 14:30:00-05:00,282.63,282.67,282.12,282.22,2100.0,282.464,20
2024-02-22 14:35:00-05:00,282.21,282.34,282.13,282.26,3350.0,282.231,31
2024-02-22 14:40:00-05:00,282.21,282.21,281.97,282.1,2108.0,282.093,18
2024-02-22 14:45:00-05:00,282.05,282.11,282.0,282.06,1300.0,282.05,12
2024-02-22 14:50:00-05:00,281.93,282.02,281.89,281.97,1336.0,281.945,13
2024-02-22 14:55:00-05:00,282.03,282.03,281.55,281.8,2579.0,281.812,24
2024-02-22 15:00:00-05:00,281.71,282.07,281.7,281.97,2372.0,281.82,22
2024-02-22 15:05:00-05:00,281.92,282.08,281.92,281.97,1340.0,281.993,13
2024-02-22 15:10:00-05:00,281.95,282.09,281.95,282.04,1981.0,282.006,14
2024-02-22 15:15:00-05:00,282.12,282.19,282.04,282.11,2400.0,282.101,22
2024-02-22 15:20:00-05:00,282.14,282.22,282.02,282.1,3448.0,282.102,32
2024-02-22 15:25:00-05:00,282.1,282.1,281.72,281.73,3376.0,281.945,32
2024-02-22 15:30:00-05:00,281.73,281.73,281.11,281.28,2878.0,281.338,28
2024-02-22 15:35:00-05:00,281.31,281.72,281.31,281.6,5384.0,281.528,47
2024-02-22 15:40:00-05:00,281.69,281.87,281.41,281.42,4806.0,281.699,48
2024-02-22 15:45:00-05:00,281.4,281.81,281.39,281.62,6672.0,281.601,64
2024-02-22 15:50:00-05:00,281.71,282.35,281.71,282.3,7192.0,281.978,69
2024-02-22 15:55:00-05:00,282.41,282.61,281.84,282.25,43458.0,282.169,322
2024-02-23 09:30:00-05:00,283.37,284.59,283.37,284.49,12996.0,283.476,11
2024-02-23 09:35:00-05:00,284.24,284.54,284.12,284.45,2741.0,284.179,7
2024-02-23 09:40:00-05:00,284.33,284.45,284.22,284.26,1100.0,284.318,10
2024-02-23 09:45:00-05:00,284.45,285.19,284.29,284.31,7673.0,284.839,46
2024-02-23 09:50:00-05:00,284.4,285.18,284.28,285.1,5425.0,284.71,38
2024-02-23 09:55:00-05:00,285.16,285.17,284.28,284.86,3880.0,284.73,35
2024-02-23 10:00:00-05:00,284.8,284.98,284.36,284.45,6919.0,284.792,39
2024-02-23 10:05:00-05:00,284.32,284.55,284.08,284.13,2606.0,284.262,25
2024-02-23 10:10:00-05:00,284.03,284.16,283.68,284.16,2775.0,283.89,26
2024-02-23 10:15:00-05:00,284.03,284.15,283.73,284.09,4021.0,283.909,35
2024-02-23 10:20:00-05:00,284.2,284.45,283.7,283.71,1756.0,284.075,16
2024-02-23 10:25:00-05:00,283.7,283.76,283.4,283.67,1984.0,283.635,16
2024-02-23 10:30:00-05:00,283.68,284.08,283.54,283.58,4264.0,283.773,32
2024-02-23 10:35:00-05:00,283.68,284.0,283.6,283.84,2700.0,283.791,26
2024-02-23 10:40:00-05:00,283.88,283.97,283.19,283.33,3879.0,283.627,37
2024-02-23 10:45:00-05:00,283.26,283.43,283.18,283.18,5153.0,283.278,44
2024-02-23 10:50:00-05:00,283.35,283.35,282.73,282.79,4205.0,283.095,41
2024-02-23 10:55:00-05:00,282.78,282.83,282.33,282.82,19796.0,282.704,39
2024-02-23 11:00:00-05:00,282.85,282.93,282.19,282.19,7089.0,282.756,62
2024-02-23 11:05:00-05:00,282.23,282.31,282.12,282.15,3048.0,282.196,24
2024-02-23 11:10:00-05:00,282.06,282.06,281.52,281.52,6865.0,281.797,26
2024-02-23 11:15:00-05:00,281.42,281.63,281.27,281.56,2106.0,281.469,14
2024-02-23 11:20:00-05:00,281.55,281.76,281.48,281.48,2083.0,281.622,20
2024-02-23 11:25:00-05:00,281.76,281.93,281.59,281.75,1800.0,281.812,17
2024-02-23 11:30:00-05:00,281.9,282.04,281.68,281.73,800.0,281.851,8
2024-02-23 11:35:00-05:00,281.73,281.92,281.72,281.85,2016.0,281.861,17
2024-02-23 11:40:00-05:00,282.0,282.13,281.95,281.98,932.0,282.018,9
2024-02-23 11:45:00-05:00,281.96,282.32,281.95,282.06,956.0,282.159,9
2024-02-23 11:50:00-05:00,282.0,282.33,281.96,282.15,2232.0,282.105,15
2024-02-23 11:55:00-05:00,282.15,282.15,282.06,282.07,900.0,282.089,9
2024-02-23 12:00:00-05:00,282.12,282.37,282.11,282.33,3701.0,282.288,11
2024-02-23 12:05:00-05:00,282.25,282.5,282.15,282.5,1522.0,282.325,12
2024-02-23 12:10:00-05:00,282.46,282.8,282.46,282.8,612.0,282.627,6
2024-02-23 12:15:00-05:00,282.77,282.78,282.44,282.52,1200.0,282.581,12
2024-02-23 12:20:00-05:00,282.56,282.58,282.2,282.22,1236.0,282.351,12
2024-02-23 12:25:00-05:00,282.22,282.23,282.1,282.19,1107.0,282.195,10
2024-02-23 12:30:00-05:00,282.2,282.2,281.91,281.91,1615.0,282.023,16
2024-02-23 12:35:00-05:00,282.0,282.03,281.8,281.94,3070.0,281.913,30
2024-02-23 12:40:00-05:00,281.86,282.08,281.82,282.04,1412.0,281.952,13
2024-02-23 12:45:00-05:00,282.0,282.21,281.95,282.13,1668.0,282.073,12
2024-02-23 12:50:00-05:00,282.13,282.13,282.02,282.02,700.0,282.09,7
2024-02-23 12:55:00-05:00,282.13,282.16,281.9,282.15,2479.0,282.055,20
2024-02-23 13:00:00-05:00,282.22,282.22,282.04,282.12,1976.0,282.08,5
2024-02-23 13:05:00-05:00,282.12,282.13,281.97,282.08,1458.0,282.056,9
2024-02-23 13:10:00-05:00,282.09,282.42,282.09,282.38,1100.0,282.245,10
2024-02-23 13:15:00-05:00,282.38,282.53,282.35,282.48,1237.0,282.445,11
2024-02-23 13:20:00-05:00,282.47,282.78,282.47,282.7,1512.0,282.64,14
2024-02-23 13:25:00-05:00,282.74,282.74,282.55,282.56,2665.0,282.622,19
2024-02-23 13:30:00-05:00,282.46,282.62,282.46,282.61,1200.0,282.561,11
2024-02-23 13:35:00-05:00,282.61,282.65,282.53,282.62,1667.0,282.606,13
2024-02-23 13:40:00-05:00,282.57,282.57,282.37,282.38,500.0,282.452,5
2024-02-23 13:45:00-05:00,282.42,282.5,282.35,282.44,1200.0,282.438,10
2024-02-23 13:50:00-05:00,282.1,282.13,282.05,282.13,800.0,282.085,8
2024-02-23 13:55:00-05:00,282.03,282.03,281.88,281.88,600.0,281.958,5
2024-02-23 14:00:00-05:00,281.87,282.1,281.87,282.08,3783.0,282.005,28
2024-02-23 14:05:00-05:00,282.1,282.23,282.0,282.05,1217.0,282.13,11
2024-02-23 14:10:00-05:00,281.83,281.96,281.73,281.89,1000.0,281.865,9
2024-02-23 14:15:00-05:00,281.89,281.89,281.58,281.58,980.0,281.692,8
2024-02-23 14:20:00-05:00,281.58,281.75,281.58,281.75,3501.0,281.68,31
2024-02-23 14:25:00-05:00,281.75,281.75,281.48,281.61,1007.0,281.587,9
2024-02-23 14:30:00-05:00,281.69,281.77,281.69,281.77,700.0,281.735,7
2024-02-23 14:35:00-05:00,281.73,282.0,281.73,281.93,2869.0,281.923,20
2024-02-23 14:40:00-05:00,281.94,281.99,281.76,281.76,1719.0,281.868,15
2024-02-23 14:45:00-05:00,281.64,281.9,281.64,281.71,1400.0,281.801,13
2024-02-23 14:50:00-05:00,281.75,281.95,281.74,281.94,1923.0,281.796,6
2024-02-23 14:55:00-05:00,281.94,282.12,281.93,282.1,1947.0,282.036,14
2024-02-23 15:00:00-05:00,282.18,282.18,281.99,282.0,7973.0,282.08,62
2024-02-23 15:05:00-05:00,282.0,282.08,281.87,281.87,10671.0,281.963,51
2024-02-23 15:10:00-05:00,281.86,282.1,281.85,282.06,1908.0,281.993,19
2024-02-23 15:15:00-05:00,281.9,282.38,281.9,282.26,903.0,282.169,9
2024-02-23 15:20:00-05:00,282.3,282.41,282.21,282.34,1424.0,282.32,13
2024-02-23 15:25:00-05:00,282.49,282.62,282.28,282.28,2255.0,282.409,15
2024-02-23 15:30:00-05:00,282.33,282.38,282.2,282.3,3340.0,282.273,23
2024-02-23 15:35:00-05:00,282.32,282.51,282.22,282.36,3436.0,282.373,27
2024-02-23 15:40:00-05:00,282.36,282.58,282.33,282.34,2897.0,282.5,23
2024-02-23 15:45:00-05:00,282.43,282.86,282.39,282.73,5093.0,282.689,47
2024-02-23 15:50:00-05:00,282.74,282.87,282.03,282.08,7043.0,282.555,64
2024-02-23 15:55:00-05:00,282.1,282.28,281.7,281.73,28719.0,282.034,202
2024-02-26 09:30:00-05:00,282.91,283.61,282.5,283.2,15415.0,282.92,15
2024-02-26 09:35:00-05:00,283.43,284.19,283.16,283.17,2700.0,283.725,23
2024-02-26 09:40:00-05:00,283.33,283.76,283.11,283.31,7181.0,283.385,19
2024-02-26 09:45:00-05:00,283.32,283.32,282.47,282.5,5532.0,282.998,14
2024-02-26 09:50:00-05:00,282.77,282.98,282.74,282.94,1600.0,282.898,15
2024-02-26 09:55:00-05:00,282.96,283.59,282.89,283.59,1302.0,283.184,13
2024-02-26 10:00:00-05:00,283.2,283.43,282.68,282.82,3518.0,283.043,26
2024-02-26 10:05:00-05:00,282.96,283.63,282.74,283.51,2288.0,283.064,22
2024-02-26 10:10:00-05:00,283.45,283.53,283.45,283.48,300.0,283.485,3
2024-02-26 10:15:00-05:00,283.53,284.42,283.52,284.42,2903.0,284.057,29
2024-02-26 10:20:00-05:00,284.42,284.42,283.96,284.19,2308.0,284.173,22
2024-02-26 10:25:00-05:00,284.21,284.22,283.53,283.85,2266.0,284.031,15
2024-02-26 10:30:00-05:00,283.97,284.41,283.95,284.25,6252.0,284.171,33
2024-02-26 10:35:00-05:00,284.27,284.61,284.27,284.33,2217.0,284.472,19
2024-02-26 10:40:00-05:00,284.52,284.58,284.19,284.32,3380.0,284.481,22
2024-02-26 10:45:00-05:00,284.32,284.58,284.08,284.31,1932.0,284.389,16
2024-02-26 10:50:00-05:00,284.31,284.41,283.82,283.9,4526.0,284.151,34
2024-02-26 10:55:00-05:00,283.82,284.08,283.78,284.08,6559.0,283.904,24
2024-02-26 11:00:00-05:00,284.24,284.44,284.19,284.27,2580.0,284.318,24
2024-02-26 11:05:00-05:00,284.36,284.39,284.07,284.39,1000.0,284.243,10
2024-02-26 11:10:00-05:00,284.48,284.68,284.48,284.68,1065.0,284.584,9
2024-02-26 11:15:00-05:00,284.57,284.58,284.33,284.56,3115.0,284.464,29
2024-02-26 11:20:00-05:00,284.48,284.48,284.24,284.39,600.0,284.37,6
2024-02-26 11:25:00-05:00,284.39,284.66,284.31,284.66,2535.0,284.473,22
2024-02-26 11:30:00-05:00,284.6,284.9,284.55,284.8,2412.0,284.656,21
2024-02-26 11:35:00-05:00,284.81,285.38,284.61,285.38,5874.0,284.943,41
2024-02-26 11:40:00-05:00,285.31,285.66,285.31,285.55,5357.0,285.508,49
2024-02-26 11:45:00-05:00,285.64,285.77,285.47,285.58,3072.0,285.616,29
2024-02-26 11:50:00-05:00,285.59,285.6,285.35,285.57,2586.0,285.442,21
2024-02-26 11:55:00-05:00,285.49,286.0,285.36,285.93,4463.0,285.726,37
2024-02-26 12:00:00-05:00,285.98,286.1,285.78,286.1,4536.0,285.971,42
2024-02-26 12:05:00-05:00,286.1,286.1,285.62,285.62,4291.0,285.892,42
2024-02-26 12:10:00-05:00,285.79,286.04,285.79,286.04,1301.0,285.946,13
2024-02-26 12:15:00-05:00,285.92,286.09,285.9,286.02,4285.0,285.994,17
2024-02-26 12:20:00-05:00,286.0,286.4,286.0,286.4,2721.0,286.225,25
2024-02-26 12:25:00-05:00,286.4,286.52,286.31,286.52,2304.0,286.458,18
2024-02-26 12:30:00-05:00,286.51,286.51,286.29,286.38,1806.0,286.442,18
2024-02-26 12:35:00-05:00,286.37,286.38,286.09,286.13,3915.0,286.236,32
2024-02-26 12:40:00-05:00,286.1,286.23,285.95,285.96,2267.0,286.107,16
2024-02-26 12:45:00-05:00,286.1,286.28,286.05,286.05,800.0,286.163,8
2024-02-26 12:50:00-05:00,286.11,286.11,285.79,285.85,2200.0,285.886,22
2024-02-26 12:55:00-05:00,285.86,286.08,285.86,286.06,1224.0,285.983,9
2024-02-26 13:00:00-05:00,286.07,286.12,285.67,285.67,2966.0,285.892,23
2024-02-26 13:05:00-05:00,285.66,285.66,285.53,285.54,4802.0,285.569,14
2024-02-26 13:10:00-05:00,285.53,285.72,285.52,285.72,1357.0,285.619,11
2024-02-26 13:15:00-05:00,285.71,285.8,285.6,285.61,4266.0,285.719,37
2024-02-26 13:20:00-05:00,285.61,285.61,285.44,285.44,1809.0,285.514,16
2024-02-26 13:25:00-05:00,285.46,285.62,285.08,285.16,8495.0,285.423,74
2024-02-26 13:30:00-05:00,285.08,285.2,284.85,285.13,3100.0,285.029,26
2024-02-26 13:35:00-05:00,285.11,285.18,284.92,285.17,2271.0,285.056,20
2024-02-26 13:40:00-05:00,285.18,285.78,285.17,285.78,3171.0,285.467,30
2024-02-26 13:45:00-05:00,285.7,285.81,285.6,285.74,5900.0,285.727,51
2024-02-26 13:50:00-05:00,285.74,285.84,285.65,285.84,1903.0,285.752,19
2024-02-26 13:55:00-05:00,285.88,286.17,285.88,286.17,4148.0,285.991,40
2024-02-26 14:00:00-05:00,286.19,286.19,285.83,285.94,6734.0,285.986,63
2024-02-26 14:05:00-05:00,285.94,286.09,285.94,286.0,6139.0,285.998,54
2024-02-26 14:10:00-05:00,285.99,286.03,285.74,286.0,12102.0,285.92,112
2024-02-26 14:15:00-05:00,286.01,286.02,285.74,285.95,2573.0,285.893,21
2024-02-26 14:20:00-05:00,285.97,286.16,285.86,286.09,3535.0,285.989,34
2024-02-26 14:25:00-05:00,286.19,286.37,286.18,286.37,954.0,286.242,8
2024-02-26 14:30:00-05:00,286.31,286.33,285.9,286.06,5326.0,286.111,49
2024-02-26 14:35:00-05:00,286.12,286.14,285.94,286.0,1960.0,286.035,19
2024-02-26 14:40:00-05:00,286.06,286.13,286.01,286.09,4082.0,286.072,31
2024-02-26 14:45:00-05:00,286.15,286.26,286.11,286.25,3220.0,286.184,29
2024-02-26 14:50:00-05:00,286.3,286.33,286.03,286.09,5125.0,286.23,46
2024-02-26 14:55:00-05:00,286.08,286.19,285.9,285.91,4099.0,286.059,32
2024-02-26 15:00:00-05:00,285.98,286.19,285.87,286.05,3692.0,286.032,36
2024-02-26 15:05:00-05:00,286.16,286.29,285.95,286.29,4843.0,286.079,32
2024-02-26 15:10:00-05:00,286.34,286.59,286.2,286.26,11721.0,286.337,56
2024-02-26 15:15:00-05:00,286.24,286.24,285.6,285.6,3513.0,285.848,28
2024-02-26 15:20:00-05:00,285.72,286.0,285.68,285.99,9957.0,285.837,53
2024-02-26 15:25:00-05:00,285.98,286.16,285.89,286.0,5288.0,285.99,49
2024-02-26 15:30:00-05:00,285.97,285.97,285.29,285.29,4145.0,285.62,38
2024-02-26 15:35:00-05:00,285.25,285.25,285.08,285.17,3154.0,285.17,28
2024-02-26 15:40:00-05:00,285.11,285.21,284.98,285.13,5382.0,285.092,45
2024-02-26 15:45:00-05:00,285.06,285.47,285.06,285.38,5245.0,285.246,48
2024-02-26 15:50:00-05:00,285.47,285.49,285.03,285.25,12551.0,285.189,104
2024-02-26 15:55:00-05:00,285.19,285.29,284.63,284.64,89033.0,284.875,567
2024-02-27 09:30:00-05:00,284.64,285.48,284.26,284.26,17369.0,284.68,38
2024-02-27 09:35:00-05:00,284.23,284.69,284.07,284.69,1922.0,284.346,19
2024-02-27 09:40:00-05:00,284.6,284.87,283.8,283.98,22499.0,284.454,55
2024-02-27 09:45:00-05:00,284.13,285.23,284.02,285.23,6704.0,284.554,62
2024-02-27 09:50:00-05:00,285.25,285.25,284.78,284.81,5131.0,284.972,43
2024-02-27 09:55:00-05:00,284.74,285.08,284.58,284.86,3290.0,284.913,30
2024-02-27 10:00:00-05:00,284.86,285.2,284.66,284.85,3407.0,284.86,28
2024-02-27 10:05:00-05:00,284.7,284.7,284.21,284.48,7183.0,284.416,26
2024-02-27 10:10:00-05:00,284.4,284.73,284.39,284.69,1580.0,284.587,10
2024-02-27 10:15:00-05:00,284.61,285.12,284.44,285.01,2476.0,284.799,23
2024-02-27 10:20:00-05:00,285.0,285.29,284.84,284.99,6335.0,285.082,35
2024-02-27 10:25:00-05:00,285.0,285.11,284.88,285.11,2166.0,284.971,20
2024-02-27 10:30:00-05:00,285.04,285.14,284.96,284.96,2087.0,285.024,20
2024-02-27 10:35:00-05:00,284.98,285.06,284.84,284.87,4377.0,284.955,38
2024-02-27 10:40:00-05:00,284.87,284.87,284.43,284.48,8014.0,284.708,39
2024-02-27 10:45:00-05:00,284.42,284.92,284.42,284.69,2851.0,284.604,28
2024-02-27 10:50:00-05:00,284.72,284.74,284.59,284.61,2222.0,284.673,18
2024-02-27 10:55:00-05:00,284.72,284.72,284.36,284.67,1893.0,284.598,15
2024-02-27 11:00:00-05:00,284.67,284.77,284.6,284.73,1669.0,284.683,16
2024-02-27 11:05:00-05:00,284.69,284.69,284.47,284.56,3834.0,284.539,37
2024-02-27 11:10:00-05:00,284.53,284.64,284.44,284.58,2503.0,284.557,20
2024-02-27 11:15:00-05:00,284.59,284.6,284.42,284.44,5570.0,284.493,51
2024-02-27 11:20:00-05:00,284.43,284.44,284.28,284.28,2110.0,284.352,20
2024-02-27 11:25:00-05:00,284.22,284.22,283.29,283.29,10796.0,283.836,36
2024-02-27 11:30:00-05:00,283.11,283.24,283.01,283.03,3000.0,283.098,30
2024-02-27 11:35:00-05:00,283.03,283.09,282.76,282.98,3000.0,282.944,29
2024-02-27 11:40:00-05:00,282.99,283.03,282.79,282.86,1989.0,282.927,19
2024-02-27 11:45:00-05:00,283.01,283.21,282.95,282.95,4531.0,283.089,39
2024-02-27 11:50:00-05:00,283.09,283.09,282.87,282.94,3608.0,282.978,33
2024-02-27 11:55:00-05:00,282.99,283.01,282.66,282.66,2500.0,282.828,25
2024-02-27 12:00:00-05:00,282.75,282.77,282.57,282.69,2010.0,282.677,18
2024-02-27 12:05:00-05:00,282.6,282.6,282.34,282.34,2038.0,282.43,20
2024-02-27 12:10:00-05:00,282.38,282.4,282.3,282.38,2000.0,282.37,14
2024-02-27 12:15:00-05:00,282.28,282.49,282.06,282.36,11287.0,282.286,85
2024-02-27 12:20:00-05:00,282.4,282.46,282.28,282.28,1700.0,282.371,12
2024-02-27 12:25:00-05:00,282.46,283.18,282.46,283.1,2767.0,282.772,26
2024-02-27 12:30:00-05:00,283.17,283.61,283.12,283.61,1660.0,283.352,16
2024-02-27 12:35:00-05:00,283.63,283.63,283.28,283.37,3309.0,283.437,25
2024-02-27 12:40:00-05:00,283.16,283.16,283.1,283.1,600.0,283.13,6
2024-02-27 12:45:00-05:00,283.17,283.28,283.09,283.19,1710.0,283.178,17
2024-02-27 12:50:00-05:00,283.18,283.25,283.09,283.14,600.0,283.173,6
2024-02-27 12:55:00-05:00,283.06,283.06,282.79,282.79,1703.0,282.916,16
2024-02-27 13:00:00-05:00,282.81,282.81,282.58,282.74,6901.0,282.695,59
2024-02-27 13:05:00-05:00,282.74,282.91,282.58,282.91,3105.0,282.775,27
2024-02-27 13:10:00-05:00,282.92,282.98,282.84,282.89,1925.0,282.895,15
2024-02-27 13:15:00-05:00,282.9,282.98,282.88,282.88,967.0,282.909,9
2024-02-27 13:20:00-05:00,282.98,282.99,282.37,282.71,6651.0,282.691,49
2024-02-27 13:25:00-05:00,282.75,282.94,282.61,282.93,2815.0,282.796,23
2024-02-27 13:30:00-05:00,282.93,283.08,282.93,283.07,1369.0,283.018,12
2024-02-27 13:35:00-05:00,283.18,283.19,283.03,283.03,1711.0,283.115,15
2024-02-27 13:40:00-05:00,283.11,283.11,282.77,282.77,1000.0,282.897,10
2024-02-27 13:45:00-05:00,282.78,282.79,282.49,282.71,4161.0,282.636,31
2024-02-27 13:50:00-05:00,282.81,282.96,282.63,282.63,3656.0,282.738,27
2024-02-27 13:55:00-05:00,282.63,282.68,282.24,282.37,6543.0,282.48,57
2024-02-27 14:00:00-05:00,282.31,282.32,281.97,282.02,2774.0,282.156,27
2024-02-27 14:05:00-05:00,282.17,282.62,282.16,282.49,3684.0,282.418,30
2024-02-27 14:10:00-05:00,282.5,282.55,282.45,282.45,805.0,282.491,7
2024-02-27 14:15:00-05:00,282.45,282.96,282.45,282.73,4541.0,282.724,31
2024-02-27 14:20:00-05:00,282.7,282.7,282.42,282.68,3020.0,282.563,16
2024-02-27 14:25:00-05:00,282.71,282.71,282.41,282.44,3292.0,282.534,28
2024-02-27 14:30:00-05:00,282.42,282.63,282.41,282.49,1798.0,282.502,14
2024-02-27 14:35:00-05:00,282.6,282.71,282.39,282.39,3552.0,282.604,17
2024-02-27 14:40:00-05:00,282.48,282.52,282.35,282.35,1822.0,282.438,17
2024-02-27 14:45:00-05:00,282.35,282.69,282.35,282.61,6852.0,282.592,30
2024-02-27 14:50:00-05:00,282.59,282.73,282.42,282.53,2956.0,282.564,27
2024-02-27 14:55:00-05:00,282.6,282.84,282.55,282.78,2518.0,282.697,23
2024-02-27 15:00:00-05:00,282.8,283.03,282.79,283.03,2762.0,282.885,15
2024-02-27 15:05:00-05:00,283.04,283.05,282.91,283.02,2165.0,283.001,17
2024-02-27 15:10:00-05:00,283.07,283.07,282.85,282.85,1816.0,282.94,14
2024-02-27 15:15:00-05:00,282.85,282.91,282.67,282.79,2317.0,282.804,21
2024-02-27 15:20:00-05:00,282.74,282.98,282.73,282.85,2684.0,282.853,18
2024-02-27 15:25:00-05:00,282.93,283.2,282.93,283.17,2139.0,283.054,19
2024-02-27 15:30:00-05:00,283.2,283.33,283.1,283.15,6397.0,283.208,41
2024-02-27 15:35:00-05:00,283.16,283.23,283.14,283.23,2330.0,283.196,21
2024-02-27 15:40:00-05:00,283.17,283.65,283.11,283.63,4322.0,283.314,33
2024-02-27 15:45:00-05:00,283.58,283.6,283.43,283.43,13506.0,283.526,34
2024-02-27 15:50:00-05:00,283.54,283.87,283.51,283.72,8956.0,283.684,71
2024-02-27 15:55:00-05:00,283.69,284.04,283.51,283.54,24482.0,283.788,192
2024-02-28 09:30:00-05:00,284.92,285.47,283.66,283.99,12762.0,284.764,23
2024-02-28 09:35:00-05:00,284.38,284.82,283.81,284.35,3112.0,284.215,28
2024-02-28 09:40:00-05:00,284.0,284.82,284.0,284.5,4004.0,284.536,29
2024-02-28 09:45:00-05:00,284.64,285.37,284.63,285.37,2200.0,284.798,19
2024-02-28 09:50:00-05:00,285.22,285.4,284.67,284.74,2380.0,284.918,22
2024-02-28 09:55:00-05:00,284.74,284.99,284.4,284.67,8078.0,284.683,60
2024-02-28 10:00:00-05:00,284.77,284.77,283.72,284.54,19996.0,284.294,56
2024-02-28 10:05:00-05:00,284.5,284.74,284.42,284.5,3697.0,284.537,17
2024-02-28 10:10:00-05:00,284.76,285.36,284.74,285.22,4057.0,284.95,37
2024-02-28 10:15:00-05:00,285.05,285.79,285.0,285.64,4570.0,285.489,38
2024-02-28 10:20:00-05:00,285.66,286.73,285.63,286.54,11331.0,286.153,101
2024-02-28 10:25:00-05:00,286.6,286.95,286.29,286.32,12777.0,286.511,97
2024-02-28 10:30:00-05:00,286.22,286.26,285.45,285.86,3905.0,285.797,34
2024-02-28 10:35:00-05:00,285.91,285.96,285.69,285.92,1300.0,285.813,13
2024-02-28 10:40:00-05:00,285.91,285.91,285.69,285.75,1700.0,285.783,17
2024-02-28 10:45:00-05:00,285.77,286.45,285.77,285.87,4106.0,286.048,39
2024-02-28 10:50:00-05:00,285.74,285.87,285.06,285.06,3438.0,285.596,30
2024-02-28 10:55:00-05:00,285.11,285.55,285.06,285.53,2420.0,285.356,19
2024-02-28 11:00:00-05:00,285.31,285.6,285.23,285.6,4528.0,285.437,26
2024-02-28 11:05:00-05:00,285.61,285.76,285.53,285.54,2801.0,285.657,22
2024-02-28 11:10:00-05:00,285.53,285.74,285.39,285.48,5024.0,285.519,39
2024-02-28 11:15:00-05:00,285.47,285.62,285.42,285.61,2541.0,285.52,19
2024-02-28 11:20:00-05:00,285.56,285.7,285.41,285.55,12328.0,285.488,70
2024-02-28 11:25:00-05:00,285.54,285.62,285.31,285.59,5649.0,285.467,54
2024-02-28 11:30:00-05:00,285.65,285.72,284.94,284.94,5904.0,285.512,54
2024-02-28 11:35:00-05:00,285.12,285.18,284.94,285.0,5417.0,285.062,48
2024-02-28 11:40:00-05:00,285.13,285.31,284.98,285.01,2062.0,285.16,19
2024-02-28 11:45:00-05:00,285.1,285.13,284.53,284.53,3440.0,284.818,23
2024-02-28 11:50:00-05:00,284.61,284.75,284.35,284.48,4353.0,284.494,37
2024-02-28 11:55:00-05:00,284.47,284.47,283.81,283.81,2153.0,284.195,17
2024-02-28 12:00:00-05:00,283.74,284.02,283.7,283.97,4312.0,283.881,40
2024-02-28 12:05:00-05:00,283.94,284.11,283.86,283.98,5125.0,283.992,38
2024-02-28 12:10:00-05:00,283.98,284.11,283.88,284.09,2561.0,283.971,23
2024-02-28 12:15:00-05:00,284.19,284.22,284.07,284.18,1607.0,284.151,16
2024-02-28 12:20:00-05:00,284.08,284.08,283.56,283.56,3126.0,283.814,29
2024-02-28 12:25:00-05:00,283.65,283.77,283.49,283.77,4811.0,283.624,43
2024-02-28 12:30:00-05:00,283.78,283.85,283.28,283.28,5130.0,283.594,45
2024-02-28 12:35:00-05:00,283.36,283.56,283.0,283.36,9099.0,283.326,72
2024-02-28 12:40:00-05:00,283.37,283.69,283.37,283.69,3911.0,283.51,38
2024-02-28 12:45:00-05:00,283.71,283.81,283.25,283.25,16466.0,283.539,146
2024-02-28 12:50:00-05:00,283.3,283.74,283.3,283.63,8470.0,283.43,76
2024-02-28 12:55:00-05:00,283.74,284.0,283.65,284.0,2910.0,283.8,28
2024-02-28 13:00:00-05:00,284.05,284.12,283.9,283.91,2811.0,283.976,22
2024-02-28 13:05:00-05:00,284.01,284.06,283.75,284.01,3643.0,283.921,36
2024-02-28 13:10:00-05:00,283.86,283.9,283.59,283.9,4209.0,283.757,41
2024-02-28 13:15:00-05:00,283.97,284.07,283.97,284.03,950.0,284.024,9
2024-02-28 13:20:00-05:00,284.03,284.21,283.91,284.08,2272.0,284.112,21
2024-02-28 13:25:00-05:00,284.09,284.2,283.98,284.01,2103.0,284.1,19
2024-02-28 13:30:00-05:00,284.01,284.17,284.01,284.07,800.0,284.116,8
2024-02-28 13:35:00-05:00,284.14,284.17,283.92,283.92,2133.0,284.094,21
2024-02-28 13:40:00-05:00,283.92,283.94,283.48,283.48,2561.0,283.786,25
2024-02-28 13:45:00-05:00,283.43,283.43,283.0,283.17,3160.0,283.212,29
2024-02-28 13:50:00-05:00,283.14,283.49,283.13,283.38,2740.0,283.334,25
2024-02-28 13:55:00-05:00,283.52,283.74,283.51,283.61,2222.0,283.597,21
2024-02-28 14:00:00-05:00,283.54,283.6,283.4,283.59,3885.0,283.505,33
2024-02-28 14:05:00-05:00,283.52,283.55,283.39,283.45,2800.0,283.499,28
2024-02-28 14:10:00-05:00,283.38,283.39,283.09,283.1,3520.0,283.212,35
2024-02-28 14:15:00-05:00,283.09,283.95,283.08,283.67,5556.0,283.6,32
2024-02-28 14:20:00-05:00,283.6,283.78,283.53,283.56,4197.0,283.665,36
2024-02-28 14:25:00-05:00,283.69,283.7,283.54,283.67,1100.0,283.636,10
2024-02-28 14:30:00-05:00,283.65,283.88,283.64,283.86,2376.0,283.757,23
2024-02-28 14:35:00-05:00,283.79,284.03,283.74,283.97,1344.0,283.896,12
2024-02-28 14:40:00-05:00,284.04,284.21,283.99,284.08,4849.0,284.074,43
2024-02-28 14:45:00-05:00,284.0,284.19,283.89,283.89,2151.0,284.004,19
2024-02-28 14:50:00-05:00,283.86,283.86,283.73,283.86,1700.0,283.806,17
2024-02-28 14:55:00-05:00,283.88,284.23,283.8,284.23,3119.0,283.994,31
2024-02-28 15:00:00-05:00,284.14,284.36,284.11,284.25,3625.0,284.261,18
2024-02-28 15:05:00-05:00,284.22,284.22,283.82,283.98,6659.0,284.09,34
2024-02-28 15:10:00-05:00,284.03,284.12,283.81,284.0,6066.0,283.958,52
2024-02-28 15:15:00-05:00,284.0,284.01,283.85,283.96,2347.0,283.946,19
2024-02-28 15:20:00-05:00,283.96,284.03,283.86,283.96,3382.0,283.942,30
2024-02-28 15:25:00-05:00,283.87,283.95,283.62,283.95,2437.0,283.783,24
2024-02-28 15:30:00-05:00,283.81,283.82,283.56,283.56,2526.0,283.724,24
2024-02-28 15:35:00-05:00,283.56,283.56,283.32,283.32,5702.0,283.456,48
2024-02-28 15:40:00-05:00,283.37,283.52,283.37,283.46,4348.0,283.45,42
2024-02-28 15:45:00-05:00,283.5,283.5,283.12,283.36,5572.0,283.301,53
2024-02-28 15:50:00-05:00,283.41,283.5,283.14,283.25,8136.0,283.27,79
2024-02-28 15:55:00-05:00,283.24,283.78,283.23,283.78,46570.0,283.604,373
2024-02-29 09:30:00-05:00,283.64,283.64,282.62,282.89,21204.0,283.528,39
2024-02-29 09:35:00-05:00,282.86,283.56,282.84,283.34,4900.0,283.002,28
2024-02-29 09:40:00-05:00,283.15,283.34,282.69,282.69,4167.0,283.013,33
2024-02-29 09:45:00-05:00,282.73,282.74,281.83,282.55,4703.0,282.384,42
2024-02-29 09:50:00-05:00,282.48,282.48,282.18,282.36,700.0,282.346,7
2024-02-29 09:55:00-05:00,282.36,282.94,282.34,282.67,4382.0,282.551,42
2024-02-29 10:00:00-05:00,282.96,283.46,282.75,283.25,2854.0,283.161,26
2024-02-29 10:05:00-05:00,283.34,283.42,283.05,283.37,1913.0,283.258,17
2024-02-29 10:10:00-05:00,283.32,283.33,281.95,281.99,4203.0,282.489,32
2024-02-29 10:15:00-05:00,281.97,282.13,281.66,281.95,5051.0,281.97,34
2024-02-29 10:20:00-05:00,282.07,282.08,281.79,282.01,2753.0,281.96,23
2024-02-29 10:25:00-05:00,281.95,282.13,281.89,282.13,1451.0,282.002,13
2024-02-29 10:30:00-05:00,282.21,282.58,282.16,282.58,3743.0,282.322,30
2024-02-29 10:35:00-05:00,282.58,282.8,282.54,282.69,1516.0,282.659,14
2024-02-29 10:40:00-05:00,282.61,282.71,282.46,282.62,2953.0,282.592,25
2024-02-29 10:45:00-05:00,282.66,282.92,282.47,282.92,2066.0,282.611,19
2024-02-29 10:50:00-05:00,282.91,282.91,282.37,282.46,2261.0,282.639,21
2024-02-29 10:55:00-05:00,282.31,282.55,282.31,282.4,1206.0,282.471,12
2024-02-29 11:00:00-05:00,282.55,282.84,282.42,282.84,2331.0,282.589,17
2024-02-29 11:05:00-05:00,283.02,283.26,282.99,283.13,1934.0,283.113,18
2024-02-29 11:10:00-05:00,283.1,283.17,283.0,283.06,2251.0,283.085,20
2024-02-29 11:15:00-05:00,282.98,283.34,282.98,283.34,2555.0,283.157,23
2024-02-29 11:20:00-05:00,283.27,283.27,283.06,283.06,1303.0,283.164,13
2024-02-29 11:25:00-05:00,283.03,283.07,282.86,282.86,1805.0,282.955,16
2024-02-29 11:30:00-05:00,282.82,282.87,282.75,282.77,4323.0,282.796,36
2024-02-29 11:35:00-05:00,282.84,282.89,282.34,282.34,2698.0,282.684,26
2024-02-29 11:40:00-05:00,282.26,282.36,282.09,282.24,2242.0,282.195,22
2024-02-29 11:45:00-05:00,282.14,282.7,282.07,282.61,1964.0,282.416,14
2024-02-29 11:50:00-05:00,282.53,283.02,282.53,283.01,3173.0,282.724,29
2024-02-29 11:55:00-05:00,283.02,283.13,282.69,282.69,2223.0,282.884,21
2024-02-29 12:00:00-05:00,282.69,282.75,282.5,282.59,1203.0,282.641,12
2024-02-29 12:05:00-05:00,282.53,282.53,282.29,282.29,1303.0,282.393,13
2024-02-29 12:10:00-05:00,282.41,282.5,282.3,282.44,1720.0,282.388,14
2024-02-29 12:15:00-05:00,282.53,282.64,282.27,282.64,4075.0,282.41,40
2024-02-29 12:20:00-05:00,282.8,282.8,282.6,282.6,2262.0,282.695,21
2024-02-29 12:25:00-05:00,282.64,282.8,282.58,282.68,1635.0,282.707,12
2024-02-29 12:30:00-05:00,282.71,282.8,282.62,282.69,1548.0,282.699,14
2024-02-29 12:35:00-05:00,282.76,283.05,282.74,282.79,3242.0,282.858,27
2024-02-29 12:40:00-05:00,282.86,282.86,282.68,282.8,1951.0,282.799,19
2024-02-29 12:45:00-05:00,282.76,282.96,282.75,282.94,1792.0,282.83,16
2024-02-29 12:50:00-05:00,282.92,283.38,282.92,283.38,2102.0,283.116,21
2024-02-29 12:55:00-05:00,283.2,283.26,283.01,283.2,2695.0,283.152,25
2024-02-29 13:00:00-05:00,283.2,283.43,283.13,283.34,1600.0,283.223,16
2024-02-29 13:05:00-05:00,283.47,283.47,283.14,283.14,1230.0,283.263,12
2024-02-29 13:10:00-05:00,283.29,283.29,283.03,283.03,1366.0,283.17,13
2024-02-29 13:15:00-05:00,283.01,283.1,282.99,283.04,1567.0,283.027,15
2024-02-29 13:20:00-05:00,283.05,283.43,283.04,283.43,4839.0,283.164,45
2024-02-29 13:25:00-05:00,283.5,283.95,283.5,283.62,5148.0,283.768,37
2024-02-29 13:30:00-05:00,283.55,283.55,283.22,283.22,2161.0,283.408,13
2024-02-29 13:35:00-05:00,283.14,283.26,283.12,283.15,836.0,283.17,8
2024-02-29 13:40:00-05:00,283.14,283.19,283.06,283.12,1443.0,283.13,13
2024-02-29 13:45:00-05:00,283.13,283.26,283.0,283.15,3035.0,283.121,25
2024-02-29 13:50:00-05:00,283.1,283.13,283.0,283.13,1000.0,283.069,10
2024-02-29 13:55:00-05:00,283.04,283.06,282.94,282.99,2194.0,283.013,21
2024-02-29 14:00:00-05:00,282.95,283.23,282.95,283.19,2314.0,283.067,21
2024-02-29 14:05:00-05:00,283.12,283.21,283.09,283.13,1400.0,283.153,14
2024-02-29 14:10:00-05:00,283.19,283.38,283.18,283.38,1000.0,283.265,8
2024-02-29 14:15:00-05:00,283.44,283.8,283.41,283.69,1712.0,283.591,16
2024-02-29 14:20:00-05:00,283.6,283.6,283.36,283.38,907.0,283.486,9
2024-02-29 14:25:00-05:00,283.3,283.3,282.84,283.0,3626.0,282.993,35
2024-02-29 14:30:00-05:00,282.9,282.93,282.76,282.86,5121.0,282.829,27
2024-02-29 14:35:00-05:00,282.85,282.98,282.74,282.88,3231.0,282.853,22
2024-02-29 14:40:00-05:00,282.98,282.98,282.83,282.84,700.0,282.891,7
2024-02-29 14:45:00-05:00,282.82,282.89,282.73,282.88,1743.0,282.83,17
2024-02-29 14:50:00-05:00,282.87,282.99,282.76,282.76,2531.0,282.895,17
2024-02-29 14:55:00-05:00,282.79,282.87,282.7,282.87,1749.0,282.766,16
2024-02-29 15:00:00-05:00,283.0,283.06,282.85,283.02,4734.0,282.946,25
2024-02-29 15:05:00-05:00,283.06,283.16,283.01,283.03,2954.0,283.073,25
2024-02-29 15:10:00-05:00,282.96,283.02,282.89,282.9,1860.0,282.95,17
2024-02-29 15:15:00-05:00,282.88,283.2,282.86,283.0,24416.0,283.038,71
2024-02-29 15:20:00-05:00,283.17,283.45,283.12,283.12,23869.0,283.2,51
2024-02-29 15:25:00-05:00,283.12,283.12,282.94,282.94,3278.0,283.042,28
2024-02-29 15:30:00-05:00,282.98,282.98,282.61,282.67,3156.0,282.725,25
2024-02-29 15:35:00-05:00,282.68,282.69,282.39,282.68,9326.0,282.49,63
2024-02-29 15:40:00-05:00,282.67,282.81,282.4,282.42,5780.0,282.561,52
2024-02-29 15:45:00-05:00,282.52,282.63,282.38,282.48,8841.0,282.483,72
2024-02-29 15:50:00-05:00,282.53,282.92,282.39,282.39,17636.0,282.631,132
2024-02-29 15:55:00-05:00,282.37,282.77,281.7,281.7,69240.0,282.188,486
2024-03-01 09:30:00-05:00,281.88,283.01,281.51,282.06,16570.0,282.019,35
2024-03-01 09:35:00-05:00,282.65,283.17,281.61,282.42,7596.0,282.22,60
2024-03-01 09:40:00-05:00,282.42,283.39,282.06,282.77,6860.0,282.654,55
2024-03-01 09:45:00-05:00,283.12,283.24,282.43,282.81,4212.0,282.816,33
2024-03-01 09:50:00-05:00,282.78,283.85,282.77,283.21,5978.0,283.361,46
2024-03-01 09:55:00-05:00,283.3,283.58,283.05,283.44,4448.0,283.228,23
2024-03-01 10:00:00-05:00,283.83,284.57,283.66,283.88,5346.0,284.023,43
2024-03-01 10:05:00-05:00,284.07,284.46,283.71,284.1,5056.0,284.158,43
2024-03-01 10:10:00-05:00,284.18,284.19,283.58,283.79,3390.0,283.895,26
2024-03-01 10:15:00-05:00,284.0,284.01,283.56,283.73,3347.0,283.707,25
2024-03-01 10:20:00-05:00,283.82,284.03,283.49,283.5,2884.0,283.72,23
2024-03-01 10:25:00-05:00,283.49,284.0,283.49,283.85,3949.0,283.71,35
2024-03-01 10:30:00-05:00,283.81,283.82,283.33,283.53,5960.0,283.646,45
2024-03-01 10:35:00-05:00,283.41,283.41,282.81,283.1,3279.0,283.17,26
2024-03-01 10:40:00-05:00,283.1,283.54,283.08,283.34,3630.0,283.302,32
2024-03-01 10:45:00-05:00,283.47,284.01,283.3,284.01,3072.0,283.712,21
2024-03-01 10:50:00-05:00,284.02,284.63,284.02,284.51,2793.0,284.289,20
2024-03-01 10:55:00-05:00,284.48,284.72,284.17,284.17,5575.0,284.425,42
2024-03-01 11:00:00-05:00,284.18,284.32,283.67,283.84,2832.0,283.959,24
2024-03-01 11:05:00-05:00,283.65,284.14,283.65,283.82,2767.0,283.906,22
2024-03-01 11:10:00-05:00,283.82,283.97,283.2,283.47,3637.0,283.624,30
2024-03-01 11:15:00-05:00,283.31,283.68,283.31,283.33,2293.0,283.481,20
2024-03-01 11:20:00-05:00,283.51,283.84,283.37,283.84,4242.0,283.573,42
2024-03-01 11:25:00-05:00,283.89,284.04,283.6,283.7,5028.0,283.856,43
2024-03-01 11:30:00-05:00,283.8,283.8,283.41,283.49,3069.0,283.524,29
2024-03-01 11:35:00-05:00,283.48,283.99,283.31,283.91,4067.0,283.616,31
2024-03-01 11:40:00-05:00,284.06,284.2,283.91,284.2,1864.0,284.026,16
2024-03-01 11:45:00-05:00,284.31,284.86,284.21,284.82,3384.0,284.51,23
2024-03-01 11:50:00-05:00,284.63,284.98,284.63,284.98,1981.0,284.8,18
2024-03-01 11:55:00-05:00,284.99,285.09,284.69,284.73,4125.0,284.876,33
2024-03-01 12:00:00-05:00,284.72,285.0,284.52,284.68,4511.0,284.82,41
2024-03-01 12:05:00-05:00,284.72,284.72,284.41,284.49,1404.0,284.515,11
2024-03-01 12:10:00-05:00,284.5,284.67,284.46,284.46,1245.0,284.537,10
2024-03-01 12:15:00-05:00,284.62,284.82,284.54,284.72,2477.0,284.647,22
2024-03-01 12:20:00-05:00,284.81,285.37,284.62,285.24,5807.0,284.924,49
2024-03-01 12:25:00-05:00,285.24,285.47,285.19,285.19,2777.0,285.286,22
2024-03-01 12:30:00-05:00,285.3,285.49,285.3,285.43,5914.0,285.438,29
2024-03-01 12:35:00-05:00,285.49,285.58,285.45,285.47,900.0,285.505,8
2024-03-01 12:40:00-05:00,285.43,285.5,285.26,285.47,5192.0,285.366,33
2024-03-01 12:45:00-05:00,285.37,285.82,285.36,285.63,2679.0,285.584,19
2024-03-01 12:50:00-05:00,285.82,285.88,285.62,285.88,3855.0,285.697,28
2024-03-01 12:55:00-05:00,285.81,286.0,285.72,285.86,4158.0,285.833,39
2024-03-01 13:00:00-05:00,285.9,286.0,285.78,285.9,14085.0,285.872,50
2024-03-01 13:05:00-05:00,286.0,286.15,285.84,285.87,4142.0,285.987,39
2024-03-01 13:10:00-05:00,285.92,286.22,285.89,285.89,3813.0,286.046,30
2024-03-01 13:15:00-05:00,285.9,286.0,285.8,285.96,6057.0,285.92,23
2024-03-01 13:20:00-05:00,286.06,286.2,286.06,286.17,2923.0,286.166,17
2024-03-01 13:25:00-05:00,286.18,286.28,286.17,286.26,1465.0,286.224,12
2024-03-01 13:30:00-05:00,286.31,286.33,286.04,286.05,5196.0,286.187,41
2024-03-01 13:35:00-05:00,286.05,286.16,285.92,286.04,2658.0,286.049,23
2024-03-01 13:40:00-05:00,286.03,286.13,285.97,286.05,2058.0,286.036,17
2024-03-01 13:45:00-05:00,286.03,286.13,285.78,285.78,5170.0,285.931,35
2024-03-01 13:50:00-05:00,285.86,285.98,285.79,285.8,1891.0,285.887,15
2024-03-01 13:55:00-05:00,285.9,286.0,285.82,285.94,1500.0,285.906,15
2024-03-01 14:00:00-05:00,285.97,286.43,285.97,286.38,3933.0,286.203,33
2024-03-01 14:05:00-05:00,286.44,286.44,285.93,285.98,3400.0,286.195,32
2024-03-01 14:10:00-05:00,285.98,286.3,285.89,286.3,3323.0,286.081,25
2024-03-01 14:15:00-05:00,286.26,286.52,286.26,286.31,5904.0,286.395,53
2024-03-01 14:20:00-05:00,286.22,286.23,285.98,286.05,2604.0,286.094,26
2024-03-01 14:25:00-05:00,286.05,286.21,286.05,286.21,1000.0,286.132,10
2024-03-01 14:30:00-05:00,286.22,286.3,285.93,285.94,5880.0,286.106,37
2024-03-01 14:35:00-05:00,285.93,286.03,285.86,285.91,4212.0,285.944,22
2024-03-01 14:40:00-05:00,285.86,286.02,285.86,286.01,1920.0,285.974,15
2024-03-01 14:45:00-05:00,286.07,286.1,286.0,286.03,3906.0,286.054,32
2024-03-01 14:50:00-05:00,286.03,286.21,286.03,286.19,3500.0,286.103,27
2024-03-01 14:55:00-05:00,286.23,286.68,286.23,286.68,7576.0,286.468,64
2024-03-01 15:00:00-05:00,286.63,286.69,286.47,286.56,4062.0,286.568,34
2024-03-01 15:05:00-05:00,286.57,286.57,286.02,286.08,16321.0,286.301,91
2024-03-01 15:10:00-05:00,285.96,286.21,285.88,286.18,6278.0,286.021,53
2024-03-01 15:15:00-05:00,286.17,286.19,285.9,286.12,7456.0,286.047,65
2024-03-01 15:20:00-05:00,286.13,286.21,286.08,286.13,2959.0,286.138,28
2024-03-01 15:25:00-05:00,286.02,286.33,285.96,286.31,6091.0,286.094,49
2024-03-01 15:30:00-05:00,286.34,286.61,286.31,286.61,4571.0,286.461,41
2024-03-01 15:35:00-05:00,286.53,286.7,286.3,286.3,3374.0,286.528,27
2024-03-01 15:40:00-05:00,286.19,286.28,285.88,286.04,6637.0,286.13,60
2024-03-01 15:45:00-05:00,286.03,286.24,285.97,286.14,7456.0,286.082,67
2024-03-01 15:50:00-05:00,286.14,286.69,285.97,286.47,17362.0,286.219,113
2024-03-01 15:55:00-05:00,286.64,286.65,285.93,285.95,50063.0,286.085,321
2024-03-04 09:30:00-05:00,286.0,287.88,285.03,287.24,17982.0,286.221,44
2024-03-04 09:35:00-05:00,287.09,287.54,286.8,287.34,16006.0,287.063,76
2024-03-04 09:40:00-05:00,287.88,288.46,287.88,288.13,3256.0,288.121,23
2024-03-04 09:45:00-05:00,288.22,288.82,288.14,288.14,9085.0,288.633,24
2024-03-04 09:50:00-05:00,288.03,288.69,288.03,288.69,1704.0,288.315,15
2024-03-04 09:55:00-05:00,288.8,289.22,288.79,289.07,2945.0,288.964,23
2024-03-04 10:00:00-05:00,289.21,289.47,288.97,289.05,2284.0,289.105,8
2024-03-04 10:05:00-05:00,289.15,289.19,288.6,288.65,2922.0,288.867,26
2024-03-04 10:10:00-05:00,288.63,288.86,288.48,288.83,6178.0,288.785,22
2024-03-04 10:15:00-05:00,288.59,288.62,288.29,288.44,2693.0,288.51,23
2024-03-04 10:20:00-05:00,288.57,288.77,288.21,288.22,16789.0,288.459,50
2024-03-04 10:25:00-05:00,288.35,288.91,288.25,288.68,5002.0,288.597,45
2024-03-04 10:30:00-05:00,288.72,288.72,287.76,287.81,2828.0,288.202,22
2024-03-04 10:35:00-05:00,287.87,288.0,287.26,287.26,2750.0,287.572,22
2024-03-04 10:40:00-05:00,287.42,287.87,287.41,287.72,2691.0,287.603,20
2024-03-04 10:45:00-05:00,287.76,287.77,287.42,287.72,5454.0,287.559,36
2024-03-04 10:50:00-05:00,287.68,287.84,287.54,287.57,7841.0,287.683,56
2024-03-04 10:55:00-05:00,287.59,287.76,287.58,287.76,3748.0,287.683,21
2024-03-04 11:00:00-05:00,287.77,288.12,287.75,288.02,8737.0,287.997,34
2024-03-04 11:05:00-05:00,288.1,288.14,287.68,287.87,4012.0,287.991,37
2024-03-04 11:10:00-05:00,287.98,287.98,287.35,287.57,3354.0,287.653,33
2024-03-04 11:15:00-05:00,287.25,287.61,287.25,287.55,3505.0,287.507,35
2024-03-04 11:20:00-05:00,287.48,287.61,287.35,287.56,2796.0,287.501,24
2024-03-04 11:25:00-05:00,287.68,287.84,287.51,287.57,1874.0,287.703,14
2024-03-04 11:30:00-05:00,287.63,287.84,287.61,287.78,2147.0,287.74,18
2024-03-04 11:35:00-05:00,287.8,287.9,287.69,287.79,2905.0,287.788,24
2024-03-04 11:40:00-05:00,287.75,287.82,287.47,287.61,1801.0,287.632,17
2024-03-04 11:45:00-05:00,287.56,287.81,287.56,287.68,2998.0,287.707,27
2024-03-04 11:50:00-05:00,287.63,287.85,287.62,287.8,1980.0,287.77,17
2024-03-04 11:55:00-05:00,287.73,288.0,287.61,287.88,1311.0,287.849,13
2024-03-04 12:00:00-05:00,287.8,287.94,287.67,287.88,3496.0,287.802,27
2024-03-04 12:05:00-05:00,288.0,288.06,287.79,288.06,2902.0,287.886,19
2024-03-04 12:10:00-05:00,287.99,288.03,287.91,287.91,1156.0,287.993,11
2024-03-04 12:15:00-05:00,288.13,288.13,287.86,288.04,1207.0,288.034,12
2024-03-04 12:20:00-05:00,288.04,288.51,287.97,288.51,2853.0,288.173,20
2024-03-04 12:25:00-05:00,288.48,288.65,288.48,288.65,900.0,288.521,9
2024-03-04 12:30:00-05:00,288.63,288.91,288.63,288.88,1000.0,288.786,10
2024-03-04 12:35:00-05:00,288.98,289.02,288.73,288.73,2740.0,288.918,24
2024-03-04 12:40:00-05:00,288.84,288.84,288.49,288.6,1286.0,288.673,9
2024-03-04 12:45:00-05:00,288.62,288.72,288.52,288.59,1597.0,288.599,14
2024-03-04 12:50:00-05:00,288.55,288.6,288.26,288.26,1006.0,288.496,9
2024-03-04 12:55:00-05:00,288.33,288.41,288.09,288.39,2566.0,288.325,18
2024-03-04 13:00:00-05:00,288.43,288.43,288.26,288.38,1403.0,288.382,11
2024-03-04 13:05:00-05:00,288.32,288.41,288.3,288.35,2083.0,288.352,16
2024-03-04 13:10:00-05:00,288.35,288.49,288.34,288.38,1360.0,288.419,13
2024-03-04 13:15:00-05:00,288.41,288.56,288.36,288.5,1419.0,288.476,12
2024-03-04 13:20:00-05:00,288.45,288.68,288.39,288.45,2685.0,288.544,24
2024-03-04 13:25:00-05:00,288.59,288.88,288.47,288.88,3699.0,288.724,29
2024-03-04 13:30:00-05:00,288.84,288.84,288.53,288.66,879.0,288.653,8
2024-03-04 13:35:00-05:00,288.67,288.73,288.65,288.65,300.0,288.683,3
2024-03-04 13:40:00-05:00,288.68,288.75,288.67,288.73,868.0,288.72,8
2024-03-04 13:45:00-05:00,288.72,288.79,288.61,288.68,2149.0,288.69,19
2024-03-04 13:50:00-05:00,288.57,288.66,288.45,288.66,3466.0,288.552,26
2024-03-04 13:55:00-05:00,288.58,288.71,288.53,288.68,1228.0,288.639,11
2024-03-04 14:00:00-05:00,288.59,288.9,288.59,288.89,1696.0,288.787,15
2024-03-04 14:05:00-05:00,288.88,289.16,288.88,289.01,2356.0,289.018,19
2024-03-04 14:10:00-05:00,289.18,289.18,289.01,289.15,844.0,289.087,8
2024-03-04 14:15:00-05:00,289.17,289.29,289.09,289.2,2281.0,289.158,19
2024-03-04 14:20:00-05:00,289.2,289.31,289.07,289.31,3453.0,289.183,30
2024-03-04 14:25:00-05:00,289.33,289.33,288.83,288.93,3382.0,289.062,29
2024-03-04 14:30:00-05:00,289.02,289.02,288.74,288.74,1307.0,288.842,13
2024-03-04 14:35:00-05:00,288.83,289.42,288.83,289.42,5268.0,289.221,45
2024-03-04 14:40:00-05:00,289.54,289.57,289.27,289.57,3012.0,289.391,30
2024-03-04 14:45:00-05:00,289.52,289.64,289.34,289.64,2700.0,289.426,25
2024-03-04 14:50:00-05:00,289.63,289.79,289.62,289.62,3062.0,289.681,18
2024-03-04 14:55:00-05:00,289.66,289.73,289.32,289.32,3072.0,289.538,26
2024-03-04 15:00:00-05:00,289.17,289.19,288.92,288.92,1299.0,289.045,12
2024-03-04 15:05:00-05:00,288.98,289.02,288.84,288.99,3298.0,288.951,18
2024-03-04 15:10:00-05:00,288.99,289.23,288.95,289.16,5801.0,289.079,41
2024-03-04 15:15:00-05:00,289.15,289.48,289.14,289.39,2473.0,289.338,24
2024-03-04 15:20:00-05:00,289.39,289.46,289.25,289.46,3796.0,289.354,27
2024-03-04 15:25:00-05:00,289.46,289.46,289.03,289.12,4835.0,289.229,38
2024-03-04 15:30:00-05:00,289.08,289.08,288.46,288.46,7891.0,288.822,58
2024-03-04 15:35:00-05:00,288.48,288.66,288.13,288.66,6625.0,288.398,49
2024-03-04 15:40:00-05:00,288.72,288.77,288.47,288.47,4278.0,288.68,41
2024-03-04 15:45:00-05:00,288.36,288.36,287.86,287.86,4221.0,288.079,36
2024-03-04 15:50:00-05:00,287.91,288.0,287.77,287.77,8861.0,287.861,66
2024-03-04 15:55:00-05:00,287.9,288.38,287.87,288.13,37103.0,288.207,293
2024-03-05 09:30:00-05:00,287.15,289.23,286.15,287.5,11025.0,287.298,11
2024-03-05 09:35:00-05:00,287.32,287.74,286.79,287.07,2402.0,287.168,17
2024-03-05 09:40:00-05:00,287.53,288.39,287.4,288.39,2002.0,287.735,13
2024-03-05 09:45:00-05:00,288.12,288.63,288.08,288.27,1301.0,288.358,10
2024-03-05 09:50:00-05:00,288.59,288.88,288.35,288.41,1942.0,288.584,15
2024-03-05 09:55:00-05:00,288.73,288.92,288.61,288.92,1739.0,288.761,16
2024-03-05 10:00:00-05:00,288.75,288.82,288.23,288.35,2275.0,288.548,16
2024-03-05 10:05:00-05:00,288.27,288.35,287.58,287.69,1989.0,288.043,17
2024-03-05 10:10:00-05:00,287.55,288.12,287.55,287.88,3526.0,287.828,20
2024-03-05 10:15:00-05:00,288.09,288.09,287.56,287.56,4173.0,287.801,34
2024-03-05 10:20:00-05:00,287.55,287.69,287.48,287.49,1719.0,287.578,16
2024-03-05 10:25:00-05:00,287.5,287.82,287.5,287.75,1235.0,287.73,12
2024-03-05 10:30:00-05:00,287.74,287.8,287.32,287.32,4336.0,287.595,36
2024-03-05 10:35:00-05:00,287.22,287.23,287.01,287.09,3556.0,287.104,22
2024-03-05 10:40:00-05:00,286.99,287.1,286.84,286.98,3211.0,286.978,24
2024-03-05 10:45:00-05:00,286.98,287.07,286.66,286.84,10777.0,286.847,52
2024-03-05 10:50:00-05:00,286.85,287.2,286.79,287.09,1951.0,287.004,17
2024-03-05 10:55:00-05:00,287.12,287.34,287.03,287.03,9598.0,287.177,24
2024-03-05 11:00:00-05:00,287.1,287.4,287.06,287.4,1354.0,287.161,13
2024-03-05 11:05:00-05:00,287.45,288.0,287.45,288.0,2165.0,287.798,18
2024-03-05 11:10:00-05:00,287.99,288.0,287.62,287.65,1522.0,287.746,11
2024-03-05 11:15:00-05:00,287.63,287.63,287.22,287.3,1606.0,287.371,11
2024-03-05 11:20:00-05:00,287.37,287.61,287.31,287.61,1408.0,287.46,14
2024-03-05 11:25:00-05:00,287.52,287.57,287.42,287.51,4860.0,287.478,14
2024-03-05 11:30:00-05:00,287.53,287.7,287.53,287.61,1553.0,287.622,13
2024-03-05 11:35:00-05:00,287.75,287.83,287.53,287.7,2054.0,287.664,18
2024-03-05 11:40:00-05:00,287.72,287.86,287.12,287.16,6910.0,287.632,29
2024-03-05 11:45:00-05:00,287.08,287.4,287.08,287.25,1580.0,287.265,12
2024-03-05 11:50:00-05:00,287.12,287.27,287.0,287.27,900.0,287.156,7
2024-03-05 11:55:00-05:00,287.22,287.23,286.92,287.13,2487.0,287.074,22
2024-03-05 12:00:00-05:00,287.18,287.18,287.07,287.07,900.0,287.117,9
2024-03-05 12:05:00-05:00,287.13,287.13,286.96,287.1,2506.0,287.047,24
2024-03-05 12:10:00-05:00,286.99,287.11,286.84,286.88,2535.0,286.942,20
2024-03-05 12:15:00-05:00,286.91,286.96,286.82,286.89,2000.0,286.881,18
2024-03-05 12:20:00-05:00,286.89,286.89,286.71,286.84,2357.0,286.819,17
2024-03-05 12:25:00-05:00,286.78,286.85,286.69,286.75,1539.0,286.751,14
2024-03-05 12:30:00-05:00,286.69,286.69,286.27,286.38,6642.0,286.406,30
2024-03-05 12:35:00-05:00,286.38,286.47,286.25,286.44,4953.0,286.38,41
2024-03-05 12:40:00-05:00,286.38,286.38,286.0,286.22,4619.0,286.116,26
2024-03-05 12:45:00-05:00,286.22,286.34,285.68,285.68,2131.0,286.129,19
2024-03-05 12:50:00-05:00,285.6,285.69,285.4,285.69,4404.0,285.577,35
2024-03-05 12:55:00-05:00,285.6,286.03,285.6,285.92,3972.0,285.867,37
2024-03-05 13:00:00-05:00,285.92,285.92,285.43,285.43,2793.0,285.651,25
2024-03-05 13:05:00-05:00,285.41,285.47,285.33,285.44,2899.0,285.436,26
2024-03-05 13:10:00-05:00,285.43,285.43,285.1,285.37,4400.0,285.285,36
2024-03-05 13:15:00-05:00,285.47,285.48,284.94,284.96,2220.0,285.199,18
2024-03-05 13:20:00-05:00,284.96,284.96,284.39,284.49,3100.0,284.707,31
2024-03-05 13:25:00-05:00,284.4,284.64,284.25,284.53,10864.0,284.526,91
2024-03-05 13:30:00-05:00,284.43,284.99,284.26,284.83,6307.0,284.729,56
2024-03-05 13:35:00-05:00,284.63,284.65,284.07,284.07,4381.0,284.363,42
2024-03-05 13:40:00-05:00,284.04,284.26,283.85,283.86,3705.0,284.109,27
2024-03-05 13:45:00-05:00,283.78,283.96,283.47,283.63,6830.0,283.791,63
2024-03-05 13:50:00-05:00,283.4,283.61,283.4,283.44,8870.0,283.527,73
2024-03-05 13:55:00-05:00,283.37,283.5,283.22,283.33,4220.0,283.414,35
2024-03-05 14:00:00-05:00,283.36,283.82,283.23,283.82,5845.0,283.441,48
2024-03-05 14:05:00-05:00,283.73,284.0,283.66,283.9,7748.0,283.76,58
2024-03-05 14:10:00-05:00,283.93,284.12,283.92,284.0,8909.0,283.987,68
2024-03-05 14:15:00-05:00,283.99,284.16,283.98,284.06,3019.0,284.036,29
2024-03-05 14:20:00-05:00,284.07,284.25,283.97,284.18,3473.0,284.078,32
2024-03-05 14:25:00-05:00,284.13,284.13,283.84,283.91,4596.0,283.949,40
2024-03-05 14:30:00-05:00,283.91,283.91,283.62,283.67,7506.0,283.737,69
2024-03-05 14:35:00-05:00,283.69,283.78,283.6,283.69,8226.0,283.714,46
2024-03-05 14:40:00-05:00,283.69,283.7,283.33,283.34,4317.0,283.476,27
2024-03-05 14:45:00-05:00,283.41,283.43,283.03,283.06,3594.0,283.274,22
2024-03-05 14:50:00-05:00,283.07,283.39,283.0,283.24,7609.0,283.279,33
2024-03-05 14:55:00-05:00,283.23,283.45,283.18,283.33,6016.0,283.267,34
2024-03-05 15:00:00-05:00,283.35,283.6,283.32,283.56,3446.0,283.485,31
2024-03-05 15:05:00-05:00,283.73,283.75,283.38,283.38,2031.0,283.555,14
2024-03-05 15:10:00-05:00,283.34,283.43,282.73,282.81,9475.0,283.053,54
2024-03-05 15:15:00-05:00,282.81,283.05,282.81,283.03,3567.0,282.978,21
2024-03-05 15:20:00-05:00,283.03,283.23,282.95,283.22,3426.0,283.094,28
2024-03-05 15:25:00-05:00,283.15,283.21,282.98,283.01,3380.0,283.082,27
2024-03-05 15:30:00-05:00,283.0,283.21,282.94,283.21,8559.0,283.084,55
2024-03-05 15:35:00-05:00,283.22,283.37,283.2,283.26,5282.0,283.271,38
2024-03-05 15:40:00-05:00,283.28,283.6,283.18,283.6,10276.0,283.29,66
2024-03-05 15:45:00-05:00,283.61,283.94,283.55,283.88,6229.0,283.751,53
2024-03-05 15:50:00-05:00,283.84,284.06,283.43,284.02,20172.0,283.824,158
2024-03-05 15:55:00-05:00,284.09,284.59,283.92,283.94,46289.0,284.276,310
2024-03-06 09:30:00-05:00,285.4,286.07,284.66,285.73,17459.0,285.431,57
2024-03-06 09:35:00-05:00,285.53,285.71,284.26,285.38,6665.0,285.234,57
2024-03-06 09:40:00-05:00,285.1,285.91,285.1,285.7,6234.0,285.601,53
2024-03-06 09:45:00-05:00,285.85,286.87,285.7,286.31,8213.0,286.413,66
2024-03-06 09:50:00-05:00,286.31,286.77,286.07,286.69,8115.0,286.438,71
2024-03-06 09:55:00-05:00,286.42,286.91,286.41,286.91,16253.0,286.758,80
2024-03-06 10:00:00-05:00,286.65,286.71,285.5,285.54,9453.0,286.155,66
2024-03-06 10:05:00-05:00,285.54,285.64,284.95,285.26,11305.0,285.298,69
2024-03-06 10:10:00-05:00,285.26,285.57,285.19,285.24,4743.0,285.377,41
2024-03-06 10:15:00-05:00,285.24,285.81,285.23,285.59,7149.0,285.609,58
2024-03-06 10:20:00-05:00,285.73,286.27,285.44,286.14,6554.0,285.73,44
2024-03-06 10:25:00-05:00,286.25,286.5,286.22,286.33,6294.0,286.327,16
2024-03-06 10:30:00-05:00,286.17,286.47,286.03,286.47,3525.0,286.247,26
2024-03-06 10:35:00-05:00,286.68,286.89,286.51,286.84,4708.0,286.756,32
2024-03-06 10:40:00-05:00,286.85,286.85,286.59,286.75,5397.0,286.796,23
2024-03-06 10:45:00-05:00,286.75,286.75,286.26,286.28,3114.0,286.501,23
2024-03-06 10:50:00-05:00,286.3,286.73,286.18,286.69,7023.0,286.526,44
2024-03-06 10:55:00-05:00,286.69,286.99,286.65,286.89,2649.0,286.838,25
2024-03-06 11:00:00-05:00,286.99,287.47,286.99,287.22,3703.0,287.217,36
2024-03-06 11:05:00-05:00,287.2,287.34,287.01,287.31,3417.0,287.164,32
2024-03-06 11:10:00-05:00,287.3,287.45,287.11,287.14,2543.0,287.31,24
2024-03-06 11:15:00-05:00,286.92,287.17,286.87,287.17,2440.0,287.074,23
2024-03-06 11:20:00-05:00,287.19,287.3,287.06,287.25,2659.0,287.196,25
2024-03-06 11:25:00-05:00,287.21,287.41,287.19,287.32,3223.0,287.314,23
2024-03-06 11:30:00-05:00,287.24,287.35,286.95,287.1,4547.0,287.147,40
2024-03-06 11:35:00-05:00,287.1,287.43,287.1,287.4,2913.0,287.297,28
2024-03-06 11:40:00-05:00,287.3,287.42,287.18,287.37,2203.0,287.327,21
2024-03-06 11:45:00-05:00,287.35,287.39,287.07,287.07,2282.0,287.246,22
2024-03-06 11:50:00-05:00,287.13,287.32,287.13,287.25,2615.0,287.226,24
2024-03-06 11:55:00-05:00,287.25,287.36,287.08,287.13,2549.0,287.263,24
2024-03-06 12:00:00-05:00,287.17,287.74,287.17,287.74,2896.0,287.477,26
2024-03-06 12:05:00-05:00,287.69,287.69,287.1,287.1,15159.0,287.474,63
2024-03-06 12:10:00-05:00,287.14,287.5,287.14,287.43,3739.0,287.29,32
2024-03-06 12:15:00-05:00,287.3,287.41,286.81,286.81,3427.0,287.143,30
2024-03-06 12:20:00-05:00,286.82,286.94,286.32,286.32,3323.0,286.762,31
2024-03-06 12:25:00-05:00,286.4,286.74,286.4,286.69,8691.0,286.577,51
2024-03-06 12:30:00-05:00,286.62,286.85,286.59,286.67,2541.0,286.735,23
2024-03-06 12:35:00-05:00,286.71,286.83,286.58,286.71,3276.0,286.73,26
2024-03-06 12:40:00-05:00,286.6,286.71,286.43,286.71,2581.0,286.594,23
2024-03-06 12:45:00-05:00,286.8,286.81,286.44,286.66,2583.0,286.655,22
2024-03-06 12:50:00-05:00,286.58,286.75,286.5,286.61,1485.0,286.641,14
2024-03-06 12:55:00-05:00,286.52,286.66,286.35,286.38,2628.0,286.482,22
2024-03-06 13:00:00-05:00,286.4,286.49,286.28,286.33,11858.0,286.355,31
2024-03-06 13:05:00-05:00,286.22,286.3,285.95,286.13,2860.0,286.085,27
2024-03-06 13:10:00-05:00,286.2,286.28,285.93,285.93,2351.0,286.182,23
2024-03-06 13:15:00-05:00,285.91,286.19,285.88,286.19,3928.0,286.051,34
2024-03-06 13:20:00-05:00,286.23,286.43,286.22,286.43,1001.0,286.355,10
2024-03-06 13:25:00-05:00,286.43,286.78,286.43,286.74,1404.0,286.642,14
2024-03-06 13:30:00-05:00,286.73,286.79,285.84,286.13,5080.0,286.331,45
2024-03-06 13:35:00-05:00,285.95,286.06,285.52,286.06,8108.0,285.793,27
2024-03-06 13:40:00-05:00,286.2,286.52,286.2,286.39,1511.0,286.447,11
2024-03-06 13:45:00-05:00,286.46,286.55,285.78,285.78,2847.0,286.218,26
2024-03-06 13:50:00-05:00,285.46,286.12,285.39,286.12,6834.0,285.648,36
2024-03-06 13:55:00-05:00,285.78,286.43,285.78,286.43,1672.0,286.262,12
2024-03-06 14:00:00-05:00,286.38,286.42,285.86,286.05,4651.0,286.178,42
2024-03-06 14:05:00-05:00,286.12,286.7,286.12,286.63,3723.0,286.493,28
2024-03-06 14:10:00-05:00,286.41,286.55,286.02,286.05,5211.0,286.317,36
2024-03-06 14:15:00-05:00,286.05,286.2,285.77,286.04,4702.0,286.019,39
2024-03-06 14:20:00-05:00,286.16,286.45,285.99,286.39,3840.0,286.225,36
2024-03-06 14:25:00-05:00,286.31,286.56,286.24,286.38,4343.0,286.396,24
2024-03-06 14:30:00-05:00,286.3,286.36,285.93,285.93,2475.0,286.188,24
2024-03-06 14:35:00-05:00,285.85,286.1,285.74,285.86,2627.0,285.901,24
2024-03-06 14:40:00-05:00,285.81,285.95,285.63,285.63,1656.0,285.778,15
2024-03-06 14:45:00-05:00,285.22,285.45,285.16,285.34,2455.0,285.281,23
2024-03-06 14:50:00-05:00,285.45,285.63,285.39,285.56,3200.0,285.53,29
2024-03-06 14:55:00-05:00,285.59,285.73,285.52,285.63,3913.0,285.621,39
2024-03-06 15:00:00-05:00,285.63,286.0,285.53,285.98,4225.0,285.705,37
2024-03-06 15:05:00-05:00,286.03,286.32,285.95,285.99,3340.0,286.081,26
2024-03-06 15:10:00-05:00,286.06,286.3,285.48,285.49,4423.0,286.037,37
2024-03-06 15:15:00-05:00,285.57,285.83,285.54,285.71,3506.0,285.693,34
2024-03-06 15:20:00-05:00,285.63,285.72,285.23,285.26,5483.0,285.424,48
2024-03-06 15:25:00-05:00,285.26,285.84,285.26,285.71,4663.0,285.501,32
2024-03-06 15:30:00-05:00,285.88,285.92,285.62,285.63,6091.0,285.728,56
2024-03-06 15:35:00-05:00,285.61,286.05,285.56,286.03,6174.0,285.785,57
2024-03-06 15:40:00-05:00,286.08,286.17,285.98,286.05,6215.0,286.072,57
2024-03-06 15:45:00-05:00,285.99,286.44,285.87,286.43,6711.0,286.2,59
2024-03-06 15:50:00-05:00,286.31,286.45,286.01,286.45,11196.0,286.193,99
2024-03-06 15:55:00-05:00,286.45,286.74,286.23,286.45,34186.0,286.385,256
2024-03-07 09:30:00-05:00,288.04,289.0,288.04,288.5,16189.0,288.292,32
2024-03-07 09:35:00-05:00,289.01,289.27,288.5,289.27,2368.0,288.961,19
2024-03-07 09:40:00-05:00,289.2,289.51,289.11,289.11,1101.0,289.243,9
2024-03-07 09:40:00-05:00,289.2,289.51,289.11,289.11,1301.0,289.223,11
2024-03-07 09:45:00-05:00,288.8,289.03,288.0,288.08,7652.0,288.564,36
2024-03-07 09:50:00-05:00,287.94,288.17,287.94,288.17,317.0,288.075,3
2024-03-07 09:55:00-05:00,288.43,289.35,288.43,289.35,4685.0,288.98,36
2024-03-07 10:00:00-05:00,289.12,289.24,288.64,289.16,2188.0,288.912,18
2024-03-07 10:05:00-05:00,289.17,289.29,288.62,288.62,918.0,289.03,9
2024-03-07 10:10:00-05:00,288.87,289.09,288.75,288.94,2000.0,288.911,19
2024-03-07 10:15:00-05:00,288.89,288.97,288.5,288.56,1806.0,288.766,12
2024-03-07 10:20:00-05:00,288.6,288.6,288.26,288.26,903.0,288.391,9
2024-03-07 10:25:00-05:00,288.41,288.42,288.1,288.11,3278.0,288.264,27
2024-03-07 10:30:00-05:00,288.02,288.03,287.76,287.98,1700.0,287.93,15
2024-03-07 10:35:00-05:00,287.94,287.94,287.47,287.62,1004.0,287.774,10
2024-03-07 10:40:00-05:00,287.62,287.97,287.44,287.87,12228.0,287.644,101
2024-03-07 10:45:00-05:00,287.73,287.78,287.48,287.53,7106.0,287.672,37
2024-03-07 10:50:00-05:00,287.4,287.49,287.02,287.31,3015.0,287.32,26
2024-03-07 10:55:00-05:00,287.31,287.61,287.27,287.61,2052.0,287.443,16
2024-03-07 11:00:00-05:00,287.43,287.5,287.23,287.5,624.0,287.378,6
2024-03-07 11:05:00-05:00,287.46,287.75,287.46,287.57,1370.0,287.572,10
2024-03-07 11:10:00-05:00,287.4,287.54,287.4,287.45,501.0,287.462,5
2024-03-07 11:15:00-05:00,287.45,287.45,287.25,287.25,913.0,287.336,8
2024-03-07 11:20:00-05:00,287.29,287.29,287.01,287.01,759.0,287.186,7
2024-03-07 11:25:00-05:00,286.96,287.37,286.81,287.27,2521.0,287.09,20
2024-03-07 11:30:00-05:00,287.14,287.17,286.75,286.89,1861.0,286.945,16
2024-03-07 11:35:00-05:00,286.89,287.15,286.89,287.15,1589.0,287.028,15
2024-03-07 11:40:00-05:00,287.09,287.28,287.09,287.11,945.0,287.163,7
2024-03-07 11:45:00-05:00,287.1,287.45,287.1,287.14,500.0,287.216,5
2024-03-07 11:50:00-05:00,287.33,287.52,287.2,287.45,1100.0,287.411,11
2024-03-07 11:55:00-05:00,287.53,287.77,287.53,287.69,2351.0,287.673,17
2024-03-07 12:00:00-05:00,287.84,287.87,287.57,287.69,5172.0,287.813,8
2024-03-07 12:05:00-05:00,287.79,287.79,287.43,287.6,3429.0,287.653,17
2024-03-07 12:10:00-05:00,287.58,287.78,287.31,287.53,3437.0,287.599,31
2024-03-07 12:15:00-05:00,287.41,287.61,287.4,287.61,1806.0,287.502,15
2024-03-07 12:20:00-05:00,287.61,288.31,287.6,288.31,5203.0,287.743,45
2024-03-07 12:25:00-05:00,288.28,288.32,288.28,288.32,300.0,288.293,3
2024-03-07 12:30:00-05:00,288.08,288.09,287.89,288.09,1800.0,288.037,13
2024-03-07 12:35:00-05:00,288.08,288.24,287.95,288.23,992.0,288.114,7
2024-03-07 12:40:00-05:00,288.12,288.12,287.94,287.94,1950.0,288.017,11
2024-03-07 12:45:00-05:00,287.94,288.06,287.84,287.85,806.0,287.953,8
2024-03-07 12:50:00-05:00,287.79,287.94,287.79,287.94,300.0,287.873,3
2024-03-07 12:55:00-05:00,287.83,287.84,287.78,287.79,600.0,287.796,4
2024-03-07 13:00:00-05:00,287.9,287.9,287.9,287.9,100.0,287.9,1
2024-03-07 13:05:00-05:00,287.77,287.93,287.69,287.93,1597.0,287.825,10
2024-03-07 13:10:00-05:00,288.07,288.18,287.93,288.09,1703.0,288.056,13
2024-03-07 13:15:00-05:00,288.09,288.09,288.09,288.09,0.0,288.09,0
2024-03-07 13:20:00-05:00,287.76,287.77,287.74,287.76,370.0,287.752,3
2024-03-07 13:25:00-05:00,287.75,287.78,287.69,287.69,600.0,287.723,6
2024-03-07 13:30:00-05:00,287.68,287.79,287.61,287.63,700.0,287.669,7
2024-03-07 13:35:00-05:00,287.75,287.75,287.46,287.46,803.0,287.559,8
2024-03-07 13:40:00-05:00,287.49,287.51,287.25,287.51,1415.0,287.414,14
2024-03-07 13:45:00-05:00,287.61,287.9,287.54,287.78,1637.0,287.759,13
2024-03-07 13:50:00-05:00,287.79,288.0,287.79,287.97,1147.0,287.92,10
2024-03-07 13:55:00-05:00,288.06,288.15,287.99,288.09,992.0,288.082,9
2024-03-07 14:00:00-05:00,288.13,288.36,288.04,288.21,1332.0,288.151,13
2024-03-07 14:05:00-05:00,288.41,288.41,288.23,288.23,691.0,288.314,6
2024-03-07 14:10:00-05:00,288.25,288.47,288.17,288.47,1100.0,288.365,11
2024-03-07 14:15:00-05:00,288.39,288.43,288.23,288.26,1704.0,288.299,17
2024-03-07 14:20:00-05:00,288.18,288.32,287.97,287.97,1663.0,288.127,11
2024-03-07 14:25:00-05:00,287.74,287.97,287.74,287.93,1045.0,287.883,9
2024-03-07 14:30:00-05:00,287.81,287.92,287.74,287.92,653.0,287.798,6
2024-03-07 14:35:00-05:00,287.84,287.84,287.81,287.81,400.0,287.834,4
2024-03-07 14:40:00-05:00,287.95,287.99,287.91,287.95,1158.0,287.946,8
2024-03-07 14:45:00-05:00,287.95,288.01,287.95,287.97,602.0,287.988,6
2024-03-07 14:50:00-05:00,287.96,288.08,287.89,288.07,1493.0,288.011,11
2024-03-07 14:55:00-05:00,288.1,288.11,287.66,287.72,3397.0,287.971,31
2024-03-07 15:00:00-05:00,287.59,287.7,287.41,287.69,1100.0,287.58,11
2024-03-07 15:05:00-05:00,287.57,287.75,287.57,287.75,670.0,287.694,5
2024-03-07 15:10:00-05:00,287.75,287.88,287.72,287.82,2694.0,287.814,23
2024-03-07 15:15:00-05:00,287.81,287.81,287.54,287.55,1880.0,287.634,15
2024-03-07 15:20:00-05:00,287.57,287.65,287.49,287.51,2743.0,287.583,24
2024-03-07 15:25:00-05:00,287.58,287.71,287.5,287.69,3581.0,287.612,31
2024-03-07 15:30:00-05:00,287.66,287.69,287.51,287.51,2499.0,287.6,21
2024-03-07 15:35:00-05:00,287.57,287.59,287.47,287.5,2378.0,287.545,18
2024-03-07 15:40:00-05:00,287.44,287.56,287.35,287.5,4713.0,287.452,38
2024-03-07 15:45:00-05:00,287.5,287.5,287.09,287.17,3114.0,287.297,29
2024-03-07 15:50:00-05:00,287.27,287.67,287.15,287.59,3730.0,287.348,32
2024-03-07 15:55:00-05:00,287.65,287.76,287.25,287.4,21928.0,287.433,158
2024-03-08 09:30:00-05:00,288.01,288.61,287.03,287.04,13607.0,287.948,15
2024-03-08 09:35:00-05:00,287.83,288.52,287.05,287.78,919.0,287.892,9
2024-03-08 09:40:00-05:00,287.75,287.75,287.75,287.75,1200.0,287.75,12
2024-03-08 09:45:00-05:00,287.75,287.75,286.97,286.98,9651.0,287.269,80
2024-03-08 09:50:00-05:00,286.66,287.13,286.42,286.61,6932.0,286.791,57
2024-03-08 09:55:00-05:00,286.84,287.23,286.61,287.03,15900.0,286.937,87
2024-03-08 10:00:00-05:00,287.03,288.2,287.03,288.03,3663.0,287.571,34
2024-03-08 10:05:00-05:00,288.04,288.3,287.87,288.23,2093.0,288.179,15
2024-03-08 10:10:00-05:00,288.11,288.12,287.42,287.47,3324.0,287.765,31
2024-03-08 10:15:00-05:00,287.49,287.54,286.87,287.05,3500.0,287.27,29
2024-03-08 10:20:00-05:00,287.05,287.51,287.05,287.39,4317.0,287.282,38
2024-03-08 10:25:00-05:00,287.41,287.97,287.41,287.42,3432.0,287.65,29
2024-03-08 10:30:00-05:00,287.31,287.53,287.0,287.0,2901.0,287.348,28
2024-03-08 10:35:00-05:00,287.0,287.0,286.62,286.82,5777.0,286.849,43
2024-03-08 10:40:00-05:00,286.92,287.88,286.91,287.81,13519.0,287.143,38
2024-03-08 10:45:00-05:00,287.81,288.74,287.7,288.5,7069.0,288.259,39
2024-03-08 10:50:00-05:00,288.46,288.66,288.25,288.66,1350.0,288.428,11
2024-03-08 10:55:00-05:00,288.81,288.81,288.48,288.66,1016.0,288.626,9
2024-03-08 11:00:00-05:00,288.47,288.6,288.21,288.39,2247.0,288.338,15
2024-03-08 11:05:00-05:00,288.5,288.5,288.05,288.05,913.0,288.171,9
2024-03-08 11:10:00-05:00,288.02,288.33,287.98,288.33,1108.0,288.15,11
2024-03-08 11:15:00-05:00,288.32,288.38,288.17,288.3,1600.0,288.293,16
2024-03-08 11:20:00-05:00,288.34,288.34,287.99,287.99,1733.0,288.106,14
2024-03-08 11:25:00-05:00,288.23,288.23,287.66,287.7,2702.0,287.831,25
2024-03-08 11:30:00-05:00,287.7,287.87,287.65,287.73,1350.0,287.759,10
2024-03-08 11:35:00-05:00,287.93,287.94,287.7,287.7,500.0,287.826,5
2024-03-08 11:40:00-05:00,287.65,287.73,287.37,287.73,2163.0,287.532,15
2024-03-08 11:45:00-05:00,287.61,287.73,287.47,287.56,1706.0,287.574,13
2024-03-08 11:50:00-05:00,287.73,287.84,287.5,287.5,946.0,287.683,9
2024-03-08 11:55:00-05:00,287.5,287.55,287.28,287.48,2431.0,287.398,18
2024-03-08 12:00:00-05:00,287.4,287.7,287.33,287.54,2707.0,287.46,27
2024-03-08 12:05:00-05:00,287.56,287.58,287.26,287.26,3269.0,287.423,20
2024-03-08 12:10:00-05:00,287.43,287.48,287.39,287.48,840.0,287.44,6
2024-03-08 12:15:00-05:00,287.25,287.27,287.15,287.15,2383.0,287.228,20
2024-03-08 12:20:00-05:00,287.2,287.29,286.9,286.91,2289.0,287.137,21
2024-03-08 12:25:00-05:00,286.92,287.12,286.85,286.9,1500.0,286.922,15
2024-03-08 12:30:00-05:00,286.87,287.02,286.73,286.95,1225.0,286.875,12
2024-03-08 12:35:00-05:00,286.93,286.93,286.74,286.74,2234.0,286.81,21
2024-03-08 12:40:00-05:00,286.8,286.8,286.35,286.37,6526.0,286.558,47
2024-03-08 12:45:00-05:00,286.31,286.31,285.95,285.95,1428.0,286.145,13
2024-03-08 12:50:00-05:00,286.07,286.07,285.74,285.74,2650.0,285.886,25
2024-03-08 12:55:00-05:00,285.45,286.12,285.18,286.12,5278.0,285.563,37
2024-03-08 13:00:00-05:00,286.1,286.1,285.55,285.72,1402.0,285.724,13
2024-03-08 13:05:00-05:00,285.55,285.65,285.43,285.65,400.0,285.57,3
2024-03-08 13:10:00-05:00,285.75,285.94,285.65,285.66,3233.0,285.769,30
2024-03-08 13:15:00-05:00,285.81,285.81,285.66,285.67,600.0,285.708,6
2024-03-08 13:20:00-05:00,285.52,285.61,285.28,285.34,1886.0,285.45,13
2024-03-08 13:25:00-05:00,285.08,285.44,285.08,285.12,1321.0,285.287,10
2024-03-08 13:30:00-05:00,285.08,285.3,284.65,284.65,3922.0,285.021,29
2024-03-08 13:35:00-05:00,284.5,284.6,283.85,283.85,2346.0,284.216,22
2024-03-08 13:40:00-05:00,283.85,284.01,283.43,283.46,3913.0,283.772,38
2024-03-08 13:45:00-05:00,283.5,283.51,283.34,283.44,3730.0,283.408,33
2024-03-08 13:50:00-05:00,283.4,283.93,283.4,283.85,2678.0,283.611,26
2024-03-08 13:55:00-05:00,283.85,283.88,283.57,283.57,2455.0,283.796,22
2024-03-08 14:00:00-05:00,283.54,284.34,283.53,284.28,4196.0,283.93,39
2024-03-08 14:05:00-05:00,284.28,284.37,284.17,284.36,1400.0,284.304,14
2024-03-08 14:10:00-05:00,284.36,284.39,284.15,284.16,4264.0,284.242,36
2024-03-08 14:15:00-05:00,284.27,284.48,284.2,284.4,2049.0,284.343,18
2024-03-08 14:20:00-05:00,284.5,285.13,284.5,284.97,3506.0,284.774,32
2024-03-08 14:25:00-05:00,284.99,285.28,284.86,285.28,1913.0,285.033,19
2024-03-08 14:30:00-05:00,285.32,285.56,285.25,285.5,1961.0,285.4,17
2024-03-08 14:35:00-05:00,285.54,285.74,285.38,285.38,1967.0,285.517,17
2024-03-08 14:40:00-05:00,285.44,285.51,285.27,285.5,1700.0,285.43,17
2024-03-08 14:45:00-05:00,285.58,285.65,285.58,285.62,2600.0,285.631,8
2024-03-08 14:50:00-05:00,285.62,285.75,285.33,285.33,1444.0,285.583,11
2024-03-08 14:55:00-05:00,285.41,285.41,285.05,285.18,1268.0,285.193,11
2024-03-08 15:00:00-05:00,285.15,285.49,285.15,285.34,2180.0,285.306,21
2024-03-08 15:05:00-05:00,285.27,285.27,285.0,285.0,1800.0,285.165,18
2024-03-08 15:10:00-05:00,284.92,284.92,284.67,284.67,2050.0,284.802,20
2024-03-08 15:15:00-05:00,284.74,284.79,284.6,284.75,2693.0,284.689,24
2024-03-08 15:20:00-05:00,284.75,285.07,284.75,285.07,4094.0,284.885,37
2024-03-08 15:25:00-05:00,284.91,284.91,284.53,284.58,3508.0,284.808,32
2024-03-08 15:30:00-05:00,284.53,285.03,284.44,284.9,3671.0,284.762,32
2024-03-08 15:35:00-05:00,284.98,284.99,284.63,284.71,3081.0,284.81,26
2024-03-08 15:40:00-05:00,284.76,285.0,284.76,284.87,2911.0,284.873,27
2024-03-08 15:45:00-05:00,284.92,285.09,284.74,284.77,3019.0,284.857,25
2024-03-08 15:50:00-05:00,284.88,285.02,284.8,284.99,4418.0,284.884,41
2024-03-08 15:55:00-05:00,285.06,285.06,284.68,284.79,11345.0,284.852,93
2024-03-11 09:30:00-04:00,283.01,283.99,283.01,283.53,16792.0,283.226,28
2024-03-11 09:35:00-04:00,283.09,283.09,281.68,281.68,2218.0,282.141,17
2024-03-11 09:40:00-04:00,281.66,282.31,281.66,281.86,1882.0,281.969,13
2024-03-11 09:45:00-04:00,281.97,282.3,281.96,282.19,1424.0,282.159,7
2024-03-11 09:50:00-04:00,282.19,282.56,282.06,282.06,1717.0,282.302,16
2024-03-11 09:55:00-04:00,281.78,281.84,281.22,281.49,1605.0,281.494,13
2024-03-11 10:00:00-04:00,281.19,281.21,279.42,279.42,5823.0,280.591,48
2024-03-11 10:05:00-04:00,279.31,279.83,279.22,279.65,825.0,279.5,8
2024-03-11 10:10:00-04:00,279.9,279.9,279.29,279.29,880.0,279.578,8
2024-03-11 10:15:00-04:00,279.6,280.13,279.43,279.88,5786.0,279.809,54
2024-03-11 10:20:00-04:00,280.19,280.29,279.5,279.51,2312.0,279.938,20
2024-03-11 10:25:00-04:00,279.46,279.53,279.0,279.28,2140.0,279.321,21
2024-03-11 10:30:00-04:00,279.53,279.92,279.45,279.7,2996.0,279.665,19
2024-03-11 10:35:00-04:00,279.81,280.33,279.81,279.96,6361.0,280.122,42
2024-03-11 10:40:00-04:00,280.09,280.34,279.82,279.93,3072.0,280.186,20
2024-03-11 10:45:00-04:00,279.91,279.93,279.59,279.73,2509.0,279.8,16
2024-03-11 10:50:00-04:00,279.93,280.26,279.76,280.09,5597.0,280.107,42
2024-03-11 10:55:00-04:00,280.07,280.35,279.87,280.18,7052.0,280.203,52
2024-03-11 11:00:00-04:00,280.06,280.48,280.05,280.38,2500.0,280.35,25
2024-03-11 11:05:00-04:00,280.38,280.38,280.12,280.13,1346.0,280.28,13
2024-03-11 11:10:00-04:00,280.13,280.13,279.45,279.95,2773.0,279.873,19
2024-03-11 11:15:00-04:00,279.97,280.44,279.81,280.44,1307.0,280.135,13
2024-03-11 11:20:00-04:00,280.47,280.54,280.37,280.39,4160.0,280.432,34
2024-03-11 11:25:00-04:00,280.38,280.38,279.8,279.81,4182.0,279.965,36
2024-03-11 11:30:00-04:00,279.83,279.96,279.68,279.94,1583.0,279.824,14
2024-03-11 11:35:00-04:00,279.88,280.19,279.87,280.19,1527.0,280.114,15
2024-03-11 11:40:00-04:00,280.15,280.29,279.97,280.29,535.0,280.163,5
2024-03-11 11:45:00-04:00,280.22,280.62,280.22,280.5,1412.0,280.405,12
2024-03-11 11:50:00-04:00,280.64,280.76,280.55,280.69,880.0,280.686,8
2024-03-11 11:55:00-04:00,280.77,281.08,280.72,281.08,2831.0,280.846,24
2024-03-11 12:00:00-04:00,281.08,281.33,281.07,281.08,3172.0,281.199,30
2024-03-11 12:05:00-04:00,280.94,281.69,280.94,281.16,12806.0,281.437,84
2024-03-11 12:10:00-04:00,281.15,281.32,280.98,281.32,1643.0,281.167,16
2024-03-11 12:15:00-04:00,281.23,281.34,281.12,281.34,1555.0,281.247,13
2024-03-11 12:20:00-04:00,281.34,281.45,281.26,281.45,1111.0,281.365,8
2024-03-11 12:25:00-04:00,281.39,281.46,281.3,281.46,3083.0,281.381,18
2024-03-11 12:30:00-04:00,281.5,281.83,281.5,281.74,902.0,281.666,9
2024-03-11 12:35:00-04:00,281.88,281.97,281.8,281.86,1954.0,281.879,15
2024-03-11 12:40:00-04:00,281.89,282.09,281.88,282.04,2540.0,282.026,10
2024-03-11 12:45:00-04:00,281.98,282.08,281.84,281.92,1807.0,281.937,14
2024-03-11 12:50:00-04:00,282.08,282.52,282.02,282.52,4138.0,282.204,26
2024-03-11 12:55:00-04:00,282.32,282.49,282.07,282.13,3044.0,282.314,24
2024-03-11 13:00:00-04:00,282.0,282.02,281.79,282.0,500.0,281.967,5
2024-03-11 13:05:00-04:00,281.88,281.94,281.57,281.59,1806.0,281.766,18
2024-03-11 13:10:00-04:00,281.65,281.7,281.35,281.35,2347.0,281.544,14
2024-03-11 13:15:00-04:00,281.54,281.7,281.38,281.51,3118.0,281.596,29
2024-03-11 13:20:00-04:00,281.65,282.13,281.65,282.13,1952.0,281.816,16
2024-03-11 13:25:00-04:00,282.13,282.16,281.84,281.84,1689.0,282.037,13
2024-03-11 13:30:00-04:00,281.86,282.11,281.85,281.92,1134.0,281.973,11
2024-03-11 13:35:00-04:00,281.91,281.91,281.64,281.64,628.0,281.773,5
2024-03-11 13:40:00-04:00,281.61,281.62,281.45,281.47,1520.0,281.538,12
2024-03-11 13:45:00-04:00,281.45,281.63,281.33,281.63,2974.0,281.45,28
2024-03-11 13:50:00-04:00,281.63,281.63,281.63,281.63,0.0,281.63,0
2024-03-11 13:55:00-04:00,281.8,281.93,281.79,281.93,805.0,281.868,8
2024-03-11 14:00:00-04:00,281.92,281.96,281.76,281.91,1513.0,281.879,15
2024-03-11 14:05:00-04:00,281.93,281.93,281.92,281.93,300.0,281.928,3
2024-03-11 14:10:00-04:00,281.93,281.93,281.65,281.66,600.0,281.81,6
2024-03-11 14:15:00-04:00,281.66,281.9,281.65,281.85,1558.0,281.826,15
2024-03-11 14:20:00-04:00,281.76,282.11,281.75,282.11,2154.0,281.945,19
2024-03-11 14:25:00-04:00,282.01,282.18,281.92,282.12,3567.0,282.068,28
2024-03-11 14:30:00-04:00,282.16,282.16,281.76,281.76,600.0,281.978,6
2024-03-11 14:35:00-04:00,281.89,282.17,281.76,282.04,2104.0,281.966,12
2024-03-11 14:40:00-04:00,282.2,282.6,282.19,282.6,1505.0,282.321,14
2024-03-11 14:45:00-04:00,282.5,282.7,282.41,282.7,1791.0,282.549,17
2024-03-11 14:50:00-04:00,282.74,282.81,282.53,282.53,1897.0,282.723,16
2024-03-11 14:55:00-04:00,282.56,282.76,282.56,282.69,3499.0,282.66,32
2024-03-11 15:00:00-04:00,282.71,282.74,282.58,282.73,1100.0,282.666,10
2024-03-11 15:05:00-04:00,282.68,282.69,282.36,282.36,1100.0,282.544,11
2024-03-11 15:10:00-04:00,282.44,282.5,282.36,282.36,1145.0,282.424,11
2024-03-11 15:15:00-04:00,282.23,282.3,282.17,282.3,1039.0,282.239,9
2024-03-11 15:20:00-04:00,282.31,282.76,282.31,282.61,3792.0,282.514,33
2024-03-11 15:25:00-04:00,282.63,282.71,282.48,282.51,3029.0,282.605,25
2024-03-11 15:30:00-04:00,282.54,282.8,282.53,282.67,2437.0,282.679,19
2024-03-11 15:35:00-04:00,282.79,282.8,282.53,282.72,2498.0,282.65,22
2024-03-11 15:40:00-04:00,282.86,283.22,282.84,283.19,3836.0,283.061,26
2024-03-11 15:45:00-04:00,283.41,283.46,282.91,282.96,5508.0,283.191,47
2024-03-11 15:50:00-04:00,283.03,283.2,282.64,282.75,6357.0,282.892,51
2024-03-11 15:55:00-04:00,282.82,283.28,282.81,282.93,21152.0,283.06,160
2024-03-12 09:30:00-04:00,282.92,283.18,282.47,282.94,14256.0,282.899,10
2024-03-12 09:35:00-04:00,282.53,282.96,282.02,282.92,3961.0,282.342,31
2024-03-12 09:40:00-04:00,282.62,282.62,281.7,281.86,2936.0,282.059,26
2024-03-12 09:45:00-04:00,281.84,282.24,281.76,281.99,6102.0,282.015,47
2024-03-12 09:50:00-04:00,282.28,282.43,281.46,281.83,7553.0,282.016,47
2024-03-12 09:55:00-04:00,281.86,283.49,281.83,283.29,12115.0,282.597,83
2024-03-12 10:00:00-04:00,283.19,283.4,283.04,283.04,6620.0,283.217,53
2024-03-12 10:05:00-04:00,283.04,283.15,282.57,282.57,2212.0,282.923,21
2024-03-12 10:10:00-04:00,282.75,283.39,282.73,283.28,2513.0,283.066,24
2024-03-12 10:15:00-04:00,283.34,283.39,282.93,283.3,4109.0,283.144,36
2024-03-12 10:20:00-04:00,283.36,283.47,283.04,283.47,6724.0,283.284,49
2024-03-12 10:25:00-04:00,283.38,283.67,283.18,283.67,2812.0,283.48,17
2024-03-12 10:30:00-04:00,283.67,284.39,283.67,284.38,6984.0,283.892,33
2024-03-12 10:35:00-04:00,284.39,284.46,283.8,283.8,9352.0,284.246,44
2024-03-12 10:40:00-04:00,283.98,284.42,283.98,284.33,837.0,284.208,6
2024-03-12 10:45:00-04:00,284.32,284.62,284.18,284.42,3071.0,284.364,22
2024-03-12 10:50:00-04:00,284.33,285.07,284.33,285.06,5538.0,284.733,35
2024-03-12 10:55:00-04:00,285.07,285.21,284.69,284.89,13652.0,284.976,72
2024-03-12 11:00:00-04:00,284.91,285.44,284.83,285.28,5840.0,285.064,52
2024-03-12 11:05:00-04:00,285.23,285.56,285.13,285.56,2533.0,285.311,23
2024-03-12 11:10:00-04:00,285.5,285.83,285.5,285.8,2441.0,285.652,21
2024-03-12 11:15:00-04:00,285.76,285.99,285.76,285.99,2747.0,285.878,23
2024-03-12 11:20:00-04:00,285.91,285.91,285.33,285.34,1800.0,285.616,17
2024-03-12 11:25:00-04:00,285.34,285.34,285.26,285.34,500.0,285.323,5
2024-03-12 11:30:00-04:00,285.27,285.27,285.04,285.04,1800.0,285.116,18
2024-03-12 11:35:00-04:00,284.89,285.0,284.89,285.0,1100.0,284.923,6
2024-03-12 11:40:00-04:00,284.89,285.0,284.5,284.87,3578.0,284.842,25
2024-03-12 11:45:00-04:00,284.87,285.17,284.86,285.04,1833.0,285.02,18
2024-03-12 11:50:00-04:00,285.12,285.44,285.12,285.4,1722.0,285.315,17
2024-03-12 11:55:00-04:00,285.38,285.38,284.92,285.05,1348.0,285.134,13
2024-03-12 12:00:00-04:00,284.98,285.05,284.92,284.94,2108.0,284.969,17
2024-03-12 12:05:00-04:00,284.85,285.2,284.85,284.97,3467.0,285.034,34
2024-03-12 12:10:00-04:00,285.07,285.34,285.02,285.32,900.0,285.158,9
2024-03-12 12:15:00-04:00,285.38,285.43,285.3,285.31,3323.0,285.358,23
2024-03-12 12:20:00-04:00,285.16,285.35,285.16,285.19,1252.0,285.236,12
2024-03-12 12:25:00-04:00,285.19,285.29,285.07,285.18,1100.0,285.184,10
2024-03-12 12:30:00-04:00,285.18,285.27,285.0,285.27,1757.0,285.119,16
2024-03-12 12:35:00-04:00,285.33,285.4,284.94,284.94,1957.0,285.244,15
2024-03-12 12:40:00-04:00,284.84,284.84,284.54,284.56,500.0,284.654,5
2024-03-12 12:45:00-04:00,284.33,284.75,284.2,284.75,8407.0,284.361,43
2024-03-12 12:50:00-04:00,284.84,284.93,284.76,284.81,9348.0,284.875,39
2024-03-12 12:55:00-04:00,284.6,284.6,284.55,284.56,500.0,284.58,4
2024-03-12 13:00:00-04:00,284.53,284.61,284.34,284.61,1926.0,284.446,16
2024-03-12 13:05:00-04:00,284.61,284.93,284.6,284.86,6899.0,284.77,57
2024-03-12 13:10:00-04:00,284.78,284.98,284.77,284.98,1095.0,284.914,9
2024-03-12 13:15:00-04:00,284.98,285.25,284.91,285.25,5255.0,285.068,42
2024-03-12 13:20:00-04:00,285.28,285.81,285.28,285.75,14738.0,285.612,71
2024-03-12 13:25:00-04:00,285.82,285.91,285.58,285.59,5547.0,285.77,54
2024-03-12 13:30:00-04:00,285.67,285.67,285.67,285.67,3626.0,285.67,10
2024-03-12 13:35:00-04:00,285.56,285.7,285.45,285.55,2227.0,285.599,21
2024-03-12 13:40:00-04:00,285.54,285.64,285.49,285.5,1467.0,285.6,10
2024-03-12 13:45:00-04:00,285.62,285.69,285.53,285.56,6153.0,285.648,55
2024-03-12 13:50:00-04:00,285.59,285.59,285.47,285.57,1847.0,285.557,15
2024-03-12 13:55:00-04:00,285.57,285.89,285.57,285.89,3465.0,285.779,28
2024-03-12 14:00:00-04:00,285.92,286.34,285.92,286.34,1978.0,286.035,11
2024-03-12 14:05:00-04:00,286.35,286.38,286.2,286.38,1321.0,286.308,13
2024-03-12 14:10:00-04:00,286.42,286.74,286.42,286.45,2783.0,286.573,22
2024-03-12 14:15:00-04:00,286.57,286.63,286.57,286.6,602.0,286.585,6
2024-03-12 14:20:00-04:00,286.65,286.94,286.65,286.85,2337.0,286.802,23
2024-03-12 14:25:00-04:00,286.9,287.31,286.88,287.21,5290.0,287.06,34
2024-03-12 14:30:00-04:00,287.27,287.49,287.26,287.41,1896.0,287.37,18
2024-03-12 14:35:00-04:00,287.41,287.76,287.22,287.36,3754.0,287.566,33
2024-03-12 14:40:00-04:00,287.31,287.42,286.78,286.78,3767.0,287.298,11
2024-03-12 14:45:00-04:00,286.78,287.15,286.78,287.13,4297.0,286.98,16
2024-03-12 14:50:00-04:00,287.18,287.28,286.99,287.27,2392.0,287.182,19
2024-03-12 14:55:00-04:00,287.35,287.62,287.35,287.59,2217.0,287.461,19
2024-03-12 15:00:00-04:00,287.61,287.93,287.6,287.93,7587.0,287.738,35
2024-03-12 15:05:00-04:00,287.88,287.91,287.73,287.91,2200.0,287.822,21
2024-03-12 15:10:00-04:00,288.02,288.03,287.9,288.03,900.0,287.964,9
2024-03-12 15:15:00-04:00,288.02,288.05,287.66,287.84,4681.0,287.916,41
2024-03-12 15:20:00-04:00,287.88,287.97,287.86,287.92,2672.0,287.917,23
2024-03-12 15:25:00-04:00,287.91,288.27,287.91,288.17,2047.0,288.083,20
2024-03-12 15:30:00-04:00,288.17,288.17,287.67,287.67,2535.0,287.952,24
2024-03-12 15:35:00-04:00,287.71,287.71,287.3,287.31,4521.0,287.476,42
2024-03-12 15:40:00-04:00,287.31,287.41,287.1,287.1,4808.0,287.312,43
2024-03-12 15:45:00-04:00,287.15,287.36,287.13,287.3,3821.0,287.266,34
2024-03-12 15:50:00-04:00,287.25,287.87,287.13,287.87,11507.0,287.52,102
2024-03-12 15:55:00-04:00,287.84,288.29,287.64,287.64,32471.0,288.011,243
2024-03-13 09:30:00-04:00,288.5,288.6,287.42,287.57,17038.0,288.398,29
2024-03-13 09:35:00-04:00,287.37,287.37,286.59,286.59,1883.0,287.1,10
2024-03-13 09:40:00-04:00,286.94,287.26,286.6,287.22,3600.0,287.116,28
2024-03-13 09:45:00-04:00,287.22,287.22,286.38,286.48,6672.0,286.559,41
2024-03-13 09:50:00-04:00,286.43,287.01,286.21,286.3,35278.0,286.545,78
2024-03-13 09:55:00-04:00,286.5,287.02,286.11,286.78,3273.0,286.591,27
2024-03-13 10:00:00-04:00,287.08,287.12,286.77,286.95,2778.0,286.959,25
2024-03-13 10:05:00-04:00,286.95,287.32,286.95,287.08,5189.0,287.12,37
2024-03-13 10:10:00-04:00,287.2,287.4,287.1,287.33,4588.0,287.304,33
2024-03-13 10:15:00-04:00,287.4,287.7,287.31,287.7,5748.0,287.469,50
2024-03-13 10:20:00-04:00,287.78,287.94,287.5,287.92,4236.0,287.722,37
2024-03-13 10:25:00-04:00,287.99,288.27,287.98,288.23,3241.0,288.118,24
2024-03-13 10:30:00-04:00,288.19,288.23,287.99,287.99,3794.0,288.102,31
2024-03-13 10:35:00-04:00,287.86,288.09,287.62,287.62,3345.0,287.928,26
2024-03-13 10:40:00-04:00,287.47,287.79,287.3,287.78,5770.0,287.604,39
2024-03-13 10:45:00-04:00,287.79,287.85,287.51,287.51,3412.0,287.716,30
2024-03-13 10:50:00-04:00,287.58,287.8,287.54,287.67,7296.0,287.655,38
2024-03-13 10:55:00-04:00,287.53,287.58,287.21,287.57,6603.0,287.461,50
2024-03-13 11:00:00-04:00,287.58,287.58,287.3,287.36,4210.0,287.389,32
2024-03-13 11:05:00-04:00,287.36,287.36,287.16,287.26,3302.0,287.271,26
2024-03-13 11:10:00-04:00,287.36,287.47,287.28,287.34,5713.0,287.375,40
2024-03-13 11:15:00-04:00,287.34,287.59,287.33,287.47,3604.0,287.442,32
2024-03-13 11:20:00-04:00,287.46,287.63,287.46,287.57,5585.0,287.554,27
2024-03-13 11:25:00-04:00,287.57,287.65,287.47,287.56,3764.0,287.551,27
2024-03-13 11:30:00-04:00,287.46,287.62,287.46,287.48,1982.0,287.492,14
2024-03-13 11:35:00-04:00,287.48,287.59,287.33,287.33,2883.0,287.453,25
2024-03-13 11:40:00-04:00,287.33,287.67,287.33,287.57,3965.0,287.497,31
2024-03-13 11:45:00-04:00,287.64,287.64,287.5,287.57,3388.0,287.575,24
2024-03-13 11:50:00-04:00,287.59,287.6,287.37,287.42,5425.0,287.51,15
2024-03-13 11:55:00-04:00,287.46,287.46,287.3,287.31,4233.0,287.377,35
2024-03-13 12:00:00-04:00,287.37,287.37,287.28,287.31,1789.0,287.319,16
2024-03-13 12:05:00-04:00,287.31,287.36,287.14,287.33,5743.0,287.259,37
2024-03-13 12:10:00-04:00,287.33,287.76,287.28,287.7,4336.0,287.49,36
2024-03-13 12:15:00-04:00,287.79,288.16,287.75,287.75,14175.0,288.081,44
2024-03-13 12:20:00-04:00,287.86,287.96,287.71,287.96,1200.0,287.803,11
2024-03-13 12:25:00-04:00,288.02,288.09,287.7,287.93,12649.0,287.972,33
2024-03-13 12:30:00-04:00,288.03,288.24,287.96,288.24,3214.0,288.04,14
2024-03-13 12:35:00-04:00,288.32,288.71,288.29,288.71,2605.0,288.489,16
2024-03-13 12:40:00-04:00,288.74,288.75,288.27,288.48,6561.0,288.556,41
2024-03-13 12:45:00-04:00,288.51,288.52,288.23,288.24,1300.0,288.294,9
2024-03-13 12:50:00-04:00,288.35,288.5,288.22,288.27,2985.0,288.352,25
2024-03-13 12:55:00-04:00,288.33,288.38,288.18,288.27,1600.0,288.307,14
2024-03-13 13:00:00-04:00,288.38,288.63,288.29,288.45,3680.0,288.449,32
2024-03-13 13:05:00-04:00,288.46,288.61,288.44,288.61,800.0,288.497,7
2024-03-13 13:10:00-04:00,288.62,288.7,288.48,288.65,2133.0,288.557,14
2024-03-13 13:15:00-04:00,288.65,288.65,288.45,288.46,2155.0,288.542,15
2024-03-13 13:20:00-04:00,288.46,288.65,288.39,288.51,2263.0,288.527,17
2024-03-13 13:25:00-04:00,288.57,288.7,288.48,288.48,1681.0,288.557,15
2024-03-13 13:30:00-04:00,288.52,288.53,288.35,288.35,2334.0,288.436,22
2024-03-13 13:35:00-04:00,288.29,288.64,288.29,288.62,3859.0,288.419,23
2024-03-13 13:40:00-04:00,288.64,288.64,288.45,288.45,1300.0,288.535,12
2024-03-13 13:45:00-04:00,288.45,288.75,288.36,288.66,4465.0,288.614,26
2024-03-13 13:50:00-04:00,288.7,288.82,288.52,288.66,2997.0,288.632,21
2024-03-13 13:55:00-04:00,288.66,288.75,288.53,288.53,1963.0,288.667,10
2024-03-13 14:00:00-04:00,288.52,288.72,288.52,288.72,542.0,288.578,5
2024-03-13 14:05:00-04:00,288.56,288.8,288.56,288.61,3998.0,288.688,30
2024-03-13 14:10:00-04:00,288.64,288.65,288.57,288.65,723.0,288.602,6
2024-03-13 14:15:00-04:00,288.65,288.69,288.53,288.63,1970.0,288.608,14
2024-03-13 14:20:00-04:00,288.63,288.64,288.43,288.44,2128.0,288.57,19
2024-03-13 14:25:00-04:00,288.36,288.37,288.25,288.25,1269.0,288.304,12
2024-03-13 14:30:00-04:00,288.18,288.34,287.97,288.0,12012.0,288.244,21
2024-03-13 14:35:00-04:00,287.96,288.01,287.87,287.89,2869.0,287.945,21
2024-03-13 14:40:00-04:00,287.89,287.89,287.51,287.55,4705.0,287.738,36
2024-03-13 14:45:00-04:00,287.55,287.55,287.19,287.19,2808.0,287.367,28
2024-03-13 14:50:00-04:00,287.24,287.51,287.21,287.24,4676.0,287.365,27
2024-03-13 14:55:00-04:00,287.12,287.23,287.03,287.05,2502.0,287.145,25
2024-03-13 15:00:00-04:00,287.1,287.11,287.03,287.08,2003.0,287.083,10
2024-03-13 15:05:00-04:00,287.1,287.1,286.59,286.78,3424.0,286.841,33
2024-03-13 15:10:00-04:00,286.88,287.01,286.82,286.97,2201.0,286.914,20
2024-03-13 15:15:00-04:00,286.93,287.23,286.93,287.18,7829.0,287.103,21
2024-03-13 15:20:00-04:00,287.19,287.23,286.96,287.0,3816.0,287.119,32
2024-03-13 15:25:00-04:00,287.05,287.05,285.83,286.29,7462.0,286.544,70
2024-03-13 15:30:00-04:00,286.2,286.65,286.12,286.5,12076.0,286.34,99
2024-03-13 15:35:00-04:00,286.5,286.51,285.96,286.06,8442.0,286.157,75
2024-03-13 15:40:00-04:00,285.98,286.34,285.75,286.34,18150.0,285.999,138
2024-03-13 15:45:00-04:00,286.13,286.25,285.89,286.15,16298.0,286.097,124
2024-03-13 15:50:00-04:00,286.15,286.26,285.62,286.0,27825.0,285.895,224
2024-03-13 15:55:00-04:00,285.99,286.28,285.68,286.02,64670.0,285.998,505
2024-03-14 09:30:00-04:00,290.1,292.1,288.83,291.95,24047.0,290.275,51
2024-03-14 09:35:00-04:00,292.0,293.15,291.81,292.46,20668.0,292.39,134
2024-03-14 09:40:00-04:00,292.52,293.04,292.0,292.82,10964.0,292.619,48
2024-03-14 09:45:00-04:00,292.63,292.64,290.93,290.93,4217.0,291.924,28
2024-03-14 09:50:00-04:00,290.87,291.01,290.32,290.48,6045.0,290.642,37
2024-03-14 09:55:00-04:00,290.83,291.16,290.59,290.72,8760.0,290.811,77
2024-03-14 10:00:00-04:00,290.72,291.01,289.98,290.88,10005.0,290.495,85
2024-03-14 10:05:00-04:00,290.85,291.87,290.84,291.85,6104.0,291.591,49
2024-03-14 10:10:00-04:00,291.88,292.03,291.65,291.87,4320.0,291.869,34
2024-03-14 10:15:00-04:00,291.86,292.02,291.36,291.57,5835.0,291.574,45
2024-03-14 10:20:00-04:00,291.56,291.56,291.17,291.52,3605.0,291.389,35
2024-03-14 10:25:00-04:00,291.63,292.06,291.33,291.72,4338.0,291.71,36
2024-03-14 10:30:00-04:00,291.65,291.97,291.45,291.45,3362.0,291.762,25
2024-03-14 10:35:00-04:00,291.57,291.91,291.36,291.91,4315.0,291.64,40
2024-03-14 10:40:00-04:00,291.91,292.0,291.39,291.39,3700.0,291.796,36
2024-03-14 10:45:00-04:00,291.52,292.64,291.51,291.85,14373.0,292.13,121
2024-03-14 10:50:00-04:00,291.81,291.81,291.3,291.3,6050.0,291.618,49
2024-03-14 10:55:00-04:00,291.24,291.46,290.71,291.09,4145.0,291.181,37
2024-03-14 11:00:00-04:00,291.32,291.5,291.15,291.28,2475.0,291.376,24
2024-03-14 11:05:00-04:00,291.23,291.37,290.72,290.78,3276.0,291.068,29
2024-03-14 11:10:00-04:00,290.86,291.05,290.61,290.85,5385.0,290.911,52
2024-03-14 11:15:00-04:00,290.89,291.15,290.75,291.05,11185.0,290.932,81
2024-03-14 11:20:00-04:00,290.96,291.07,290.66,290.85,5963.0,290.823,51
2024-03-14 11:25:00-04:00,290.87,290.98,290.69,290.98,2964.0,290.829,27
2024-03-14 11:30:00-04:00,291.07,291.56,290.85,291.56,15921.0,291.181,97
2024-03-14 11:35:00-04:00,291.53,291.65,291.19,291.42,8730.0,291.453,79
2024-03-14 11:40:00-04:00,291.42,291.5,290.67,291.1,7232.0,291.108,56
2024-03-14 11:45:00-04:00,291.1,291.4,290.88,291.19,7876.0,291.171,72
2024-03-14 11:50:00-04:00,291.31,291.75,291.17,291.75,5627.0,291.463,44
2024-03-14 11:55:00-04:00,291.85,292.79,291.85,292.79,8088.0,292.244,59
2024-03-14 12:00:00-04:00,292.82,293.22,292.77,293.22,5095.0,292.896,40
2024-03-14 12:05:00-04:00,293.24,294.1,293.21,293.51,16787.0,293.741,127
2024-03-14 12:10:00-04:00,293.53,294.02,293.52,293.85,6937.0,293.842,55
2024-03-14 12:15:00-04:00,293.77,293.99,293.75,293.87,7139.0,293.893,64
2024-03-14 12:20:00-04:00,293.85,294.32,293.72,294.32,3762.0,294.009,33
2024-03-14 12:25:00-04:00,294.25,294.47,294.21,294.31,3411.0,294.323,33
2024-03-14 12:30:00-04:00,294.35,294.42,294.06,294.06,3700.0,294.2,36
2024-03-14 12:35:00-04:00,294.22,294.41,294.06,294.06,2469.0,294.252,23
2024-03-14 12:40:00-04:00,293.94,294.07,293.87,293.91,4748.0,293.981,44
2024-03-14 12:45:00-04:00,293.91,293.93,293.37,293.42,3954.0,293.749,28
2024-03-14 12:50:00-04:00,293.3,293.78,293.3,293.75,3112.0,293.552,24
2024-03-14 12:55:00-04:00,293.55,293.69,293.43,293.45,2725.0,293.54,26
2024-03-14 13:00:00-04:00,293.42,293.48,292.88,292.94,3657.0,293.288,24
2024-03-14 13:05:00-04:00,293.01,293.01,292.68,292.86,4796.0,292.859,32
2024-03-14 13:10:00-04:00,292.71,292.71,292.4,292.5,1811.0,292.571,18
2024-03-14 13:15:00-04:00,292.48,292.62,292.04,292.04,10523.0,292.484,33
2024-03-14 13:20:00-04:00,292.19,292.4,292.02,292.4,2264.0,292.241,22
2024-03-14 13:25:00-04:00,292.43,292.43,292.14,292.2,3563.0,292.299,22
2024-03-14 13:30:00-04:00,292.11,292.2,291.71,292.15,6096.0,291.981,38
2024-03-14 13:35:00-04:00,292.15,292.15,291.79,291.79,3521.0,291.979,33
2024-03-14 13:40:00-04:00,291.78,291.92,291.71,291.79,1202.0,291.799,12
2024-03-14 13:45:00-04:00,291.72,291.79,291.43,291.79,2708.0,291.555,24
2024-03-14 13:50:00-04:00,291.91,292.15,291.79,292.15,1610.0,292.069,9
2024-03-14 13:55:00-04:00,292.13,292.17,291.95,292.07,1400.0,292.068,14
2024-03-14 14:00:00-04:00,292.03,292.37,291.94,292.25,5820.0,292.2,46
2024-03-14 14:05:00-04:00,292.28,292.7,292.28,292.7,2062.0,292.482,17
2024-03-14 14:10:00-04:00,292.7,292.7,292.44,292.44,2679.0,292.559,26
2024-03-14 14:15:00-04:00,292.44,292.44,292.04,292.19,2270.0,292.255,21
2024-03-14 14:20:00-04:00,292.26,292.26,291.85,291.85,3197.0,292.071,27
2024-03-14 14:25:00-04:00,291.94,292.16,291.64,291.74,10912.0,291.808,66
2024-03-14 14:30:00-04:00,291.7,291.83,291.32,291.83,15449.0,291.689,47
2024-03-14 14:35:00-04:00,291.85,291.85,291.45,291.5,2650.0,291.66,25
2024-03-14 14:40:00-04:00,291.5,292.07,291.38,292.06,3539.0,291.691,25
2024-03-14 14:45:00-04:00,291.95,292.25,291.92,292.12,3215.0,292.09,31
2024-03-14 14:50:00-04:00,292.05,292.1,291.67,291.67,3972.0,291.91,37
2024-03-14 14:55:00-04:00,291.69,291.9,291.55,291.87,3232.0,291.783,27
2024-03-14 15:00:00-04:00,291.73,292.13,291.63,292.06,3906.0,291.867,27
2024-03-14 15:05:00-04:00,292.05,292.26,291.57,291.69,6222.0,291.979,58
2024-03-14 15:10:00-04:00,291.75,291.75,291.51,291.59,3517.0,291.671,32
2024-03-14 15:15:00-04:00,291.53,292.32,291.53,292.23,5639.0,292.003,50
2024-03-14 15:20:00-04:00,292.23,292.35,292.08,292.16,4721.0,292.21,41
2024-03-14 15:25:00-04:00,292.07,292.13,291.8,291.85,9266.0,291.949,81
2024-03-14 15:30:00-04:00,291.81,291.81,290.73,291.02,8051.0,291.092,69
2024-03-14 15:35:00-04:00,290.95,291.34,290.73,291.32,13617.0,290.998,114
2024-03-14 15:40:00-04:00,291.41,291.87,291.29,291.73,13668.0,291.624,118
2024-03-14 15:45:00-04:00,291.72,291.79,290.91,290.98,10423.0,291.243,93
2024-03-14 15:50:00-04:00,291.08,292.08,290.94,292.08,14176.0,291.49,134
2024-03-14 15:55:00-04:00,292.03,292.14,291.68,292.07,49134.0,291.939,342
2024-03-15 09:30:00-04:00,289.0,291.31,288.55,290.85,175091.0,289.035,36
2024-03-15 09:35:00-04:00,290.82,291.77,290.62,290.71,2802.0,291.189,24
2024-03-15 09:40:00-04:00,290.49,290.74,289.72,290.1,4901.0,290.274,36
2024-03-15 09:45:00-04:00,289.9,290.32,289.41,289.54,8779.0,290.073,39
2024-03-15 09:50:00-04:00,289.59,289.76,288.87,288.87,2115.0,289.27,21
2024-03-15 09:55:00-04:00,289.06,289.14,288.71,288.96,4309.0,288.92,33
2024-03-15 10:00:00-04:00,288.68,289.56,288.51,288.96,6008.0,289.022,46
2024-03-15 10:05:00-04:00,289.06,290.27,288.81,290.27,7623.0,289.575,62
2024-03-15 10:10:00-04:00,290.13,290.37,289.6,289.9,6595.0,290.019,58
2024-03-15 10:15:00-04:00,289.9,290.43,289.89,290.28,1832.0,290.219,18
2024-03-15 10:20:00-04:00,290.39,290.6,290.03,290.46,1621.0,290.371,16
2024-03-15 10:25:00-04:00,290.37,290.59,290.17,290.59,10933.0,290.482,18
2024-03-15 10:30:00-04:00,290.6,291.45,290.6,291.45,2372.0,291.002,19
2024-03-15 10:35:00-04:00,291.46,291.79,291.29,291.79,2406.0,291.497,15
2024-03-15 10:40:00-04:00,291.9,292.48,291.9,292.32,6198.0,292.214,49
2024-03-15 10:45:00-04:00,292.43,293.14,292.39,293.13,3438.0,292.626,31
2024-03-15 10:50:00-04:00,293.12,293.22,292.2,292.23,15275.0,292.689,39
2024-03-15 10:55:00-04:00,292.36,292.36,291.55,291.56,2049.0,291.8,17
2024-03-15 11:00:00-04:00,291.53,291.88,291.39,291.88,1977.0,291.662,14
2024-03-15 11:05:00-04:00,291.83,292.03,291.72,291.87,852.0,291.867,8
2024-03-15 11:10:00-04:00,291.92,291.92,291.25,291.25,1520.0,291.657,13
2024-03-15 11:15:00-04:00,291.3,291.5,291.0,291.02,1520.0,291.245,11
2024-03-15 11:20:00-04:00,291.08,291.29,291.04,291.28,1754.0,291.15,17
2024-03-15 11:25:00-04:00,291.31,291.37,290.94,291.15,2989.0,291.198,18
2024-03-15 11:30:00-04:00,291.04,291.14,290.89,290.99,600.0,291.018,6
2024-03-15 11:35:00-04:00,291.02,291.18,290.92,291.04,2011.0,291.04,19
2024-03-15 11:40:00-04:00,291.11,291.11,290.69,290.69,406.0,290.867,3
2024-03-15 11:45:00-04:00,290.59,290.77,290.54,290.58,2376.0,290.639,12
2024-03-15 11:50:00-04:00,290.51,290.71,290.51,290.56,1200.0,290.668,12
2024-03-15 11:55:00-04:00,290.53,290.69,290.36,290.36,1150.0,290.465,10
2024-03-15 12:00:00-04:00,290.38,290.75,290.37,290.6,2643.0,290.514,21
2024-03-15 12:05:00-04:00,290.54,290.54,290.41,290.52,952.0,290.467,6
2024-03-15 12:10:00-04:00,290.36,290.36,290.25,290.35,500.0,290.313,5
2024-03-15 12:15:00-04:00,290.25,290.26,290.07,290.07,393.0,290.117,3
2024-03-15 12:20:00-04:00,290.24,290.38,290.24,290.29,2461.0,290.289,21
2024-03-15 12:25:00-04:00,290.37,290.37,289.76,289.95,1830.0,290.027,13
2024-03-15 12:30:00-04:00,289.86,290.08,289.61,289.61,1064.0,289.91,10
2024-03-15 12:35:00-04:00,289.56,289.76,289.31,289.57,3363.0,289.547,19
2024-03-15 12:40:00-04:00,289.6,289.6,289.34,289.47,1000.0,289.498,9
2024-03-15 12:45:00-04:00,289.47,289.64,289.25,289.25,3332.0,289.466,28
2024-03-15 12:50:00-04:00,289.61,289.65,289.48,289.65,1718.0,289.591,13
2024-03-15 12:55:00-04:00,289.54,290.25,289.47,290.25,5895.0,289.834,46
2024-03-15 13:00:00-04:00,290.17,290.5,290.17,290.5,3458.0,290.384,30
2024-03-15 13:05:00-04:00,290.44,290.98,290.44,290.98,5103.0,290.724,29
2024-03-15 13:10:00-04:00,290.94,291.11,290.8,290.8,1969.0,290.882,14
2024-03-15 13:15:00-04:00,290.77,290.77,290.56,290.74,4081.0,290.711,14
2024-03-15 13:20:00-04:00,290.59,290.99,290.57,290.99,1818.0,290.737,6
2024-03-15 13:25:00-04:00,291.12,291.12,290.8,290.8,931.0,290.944,8
2024-03-15 13:30:00-04:00,290.85,291.04,290.85,290.93,3080.0,290.938,22
2024-03-15 13:35:00-04:00,290.94,291.09,290.8,291.09,1923.0,290.969,17
2024-03-15 13:40:00-04:00,291.09,291.41,291.09,291.13,2598.0,291.227,15
2024-03-15 13:45:00-04:00,291.05,291.05,290.71,290.71,2335.0,290.963,9
2024-03-15 13:50:00-04:00,290.71,290.91,290.71,290.79,1342.0,290.842,11
2024-03-15 13:55:00-04:00,290.74,291.02,290.74,290.89,1878.0,290.907,18
2024-03-15 14:00:00-04:00,290.86,291.05,290.8,290.87,1670.0,290.932,15
2024-03-15 14:05:00-04:00,290.87,290.87,290.1,290.1,1000.0,290.523,10
2024-03-15 14:10:00-04:00,290.33,290.42,290.18,290.18,1461.0,290.345,13
2024-03-15 14:15:00-04:00,290.22,290.43,290.08,290.43,2608.0,290.245,20
2024-03-15 14:20:00-04:00,290.43,290.66,290.31,290.66,1694.0,290.456,14
2024-03-15 14:25:00-04:00,290.48,290.67,290.48,290.5,2337.0,290.524,19
2024-03-15 14:30:00-04:00,290.5,290.5,290.35,290.35,600.0,290.473,6
2024-03-15 14:35:00-04:00,290.29,290.64,290.29,290.64,3554.0,290.49,35
2024-03-15 14:40:00-04:00,290.7,291.01,290.68,290.71,1607.0,290.816,15
2024-03-15 14:45:00-04:00,290.79,290.81,290.44,290.44,1815.0,290.658,16
2024-03-15 14:50:00-04:00,290.62,290.89,290.62,290.89,2137.0,290.77,14
2024-03-15 14:55:00-04:00,290.92,291.06,290.8,290.85,2526.0,290.922,24
2024-03-15 15:00:00-04:00,290.93,291.6,290.93,291.57,4375.0,291.299,39
2024-03-15 15:05:00-04:00,291.57,291.57,291.32,291.41,3153.0,291.437,25
2024-03-15 15:10:00-04:00,291.34,291.83,291.27,291.83,2844.0,291.529,23
2024-03-15 15:15:00-04:00,291.91,292.05,291.8,292.05,4024.0,291.874,35
2024-03-15 15:20:00-04:00,292.09,292.1,291.54,291.54,5976.0,291.88,55
2024-03-15 15:25:00-04:00,291.63,291.99,291.62,291.89,5016.0,291.813,48
2024-03-15 15:30:00-04:00,291.76,291.76,291.09,291.15,3075.0,291.325,22
2024-03-15 15:35:00-04:00,291.1,291.28,291.03,291.05,8398.0,291.129,64
2024-03-15 15:40:00-04:00,291.08,291.08,290.89,291.04,8571.0,290.955,67
2024-03-15 15:45:00-04:00,291.04,291.46,290.96,291.41,7388.0,291.15,51
2024-03-15 15:50:00-04:00,291.32,291.43,291.03,291.41,16446.0,291.271,125
2024-03-15 15:55:00-04:00,291.43,291.61,290.68,291.34,64316.0,291.222,467
2024-03-18 09:30:00-04:00,293.82,294.84,293.16,294.09,12747.0,293.458,28
2024-03-18 09:35:00-04:00,294.3,294.84,294.12,294.12,1578.0,294.439,15
2024-03-18 09:40:00-04:00,294.26,294.26,293.39,293.39,1308.0,293.926,12
2024-03-18 09:45:00-04:00,293.04,293.23,292.48,292.49,1602.0,292.852,15
2024-03-18 09:50:00-04:00,292.71,292.83,292.2,292.32,1141.0,292.543,10
2024-03-18 09:55:00-04:00,292.34,292.61,291.93,292.03,6620.0,292.439,31
2024-03-18 10:00:00-04:00,291.91,291.94,291.25,291.91,4129.0,291.62,35
2024-03-18 10:05:00-04:00,291.91,292.08,291.69,292.0,2874.0,291.93,23
2024-03-18 10:10:00-04:00,291.94,292.19,291.84,292.16,2300.0,292.07,20
2024-03-18 10:15:00-04:00,292.19,292.63,292.18,292.63,4832.0,292.332,21
2024-03-18 10:20:00-04:00,292.68,292.86,292.51,292.7,1039.0,292.736,10
2024-03-18 10:25:00-04:00,292.93,292.93,292.47,292.66,1433.0,292.636,11
2024-03-18 10:30:00-04:00,292.54,292.78,292.28,292.41,2772.0,292.596,11
2024-03-18 10:35:00-04:00,292.46,293.16,292.46,292.98,900.0,292.78,9
2024-03-18 10:40:00-04:00,292.81,292.92,292.61,292.63,1312.0,292.754,11
2024-03-18 10:45:00-04:00,292.59,292.78,292.56,292.77,700.0,292.691,7
2024-03-18 10:50:00-04:00,292.87,293.26,292.82,293.25,1793.0,293.026,11
2024-03-18 10:55:00-04:00,293.32,293.54,293.21,293.21,5592.0,293.398,48
2024-03-18 11:00:00-04:00,293.37,293.43,293.37,293.43,1090.0,293.383,7
2024-03-18 11:05:00-04:00,293.32,293.62,293.32,293.43,4104.0,293.542,32
2024-03-18 11:10:00-04:00,293.43,293.43,293.28,293.28,2700.0,293.364,22
2024-03-18 11:15:00-04:00,293.35,293.39,293.08,293.13,1200.0,293.216,9
2024-03-18 11:20:00-04:00,292.98,293.19,292.89,293.18,2560.0,293.077,18
2024-03-18 11:25:00-04:00,293.26,293.46,293.21,293.41,6145.0,293.325,47
2024-03-18 11:30:00-04:00,293.48,293.54,293.08,293.08,6581.0,293.412,50
2024-03-18 11:35:00-04:00,293.01,293.26,293.01,293.19,1246.0,293.187,8
2024-03-18 11:40:00-04:00,293.18,293.67,293.18,293.67,1850.0,293.448,16
2024-03-18 11:45:00-04:00,293.7,293.71,293.55,293.65,1000.0,293.637,9
2024-03-18 11:50:00-04:00,293.51,293.53,293.12,293.36,4803.0,293.328,42
2024-03-18 11:55:00-04:00,293.41,293.47,293.3,293.47,1287.0,293.408,11
2024-03-18 12:00:00-04:00,293.43,293.43,292.96,293.06,1710.0,293.18,17
2024-03-18 12:05:00-04:00,292.97,293.26,292.84,293.19,3058.0,292.973,17
2024-03-18 12:10:00-04:00,293.33,293.41,293.29,293.41,1790.0,293.333,14
2024-03-18 12:15:00-04:00,293.35,293.64,293.35,293.64,2835.0,293.485,25
2024-03-18 12:20:00-04:00,293.73,293.73,293.36,293.5,3047.0,293.541,19
2024-03-18 12:25:00-04:00,293.47,293.64,293.47,293.64,1182.0,293.559,10
2024-03-18 12:30:00-04:00,293.7,293.87,293.69,293.78,1509.0,293.781,15
2024-03-18 12:35:00-04:00,293.85,293.85,293.51,293.56,2584.0,293.611,21
2024-03-18 12:40:00-04:00,293.56,293.72,293.55,293.59,1904.0,293.612,13
2024-03-18 12:45:00-04:00,293.57,293.64,293.4,293.49,1321.0,293.554,12
2024-03-18 12:50:00-04:00,293.48,293.53,293.3,293.53,2548.0,293.381,22
2024-03-18 12:55:00-04:00,293.51,293.53,293.37,293.48,3078.0,293.463,25
2024-03-18 13:00:00-04:00,293.48,294.0,293.48,293.73,2265.0,293.764,22
2024-03-18 13:05:00-04:00,293.66,294.06,293.64,293.96,1964.0,293.887,14
2024-03-18 13:10:00-04:00,294.06,294.28,294.02,294.28,1741.0,294.109,15
2024-03-18 13:15:00-04:00,294.34,294.34,293.82,294.0,2578.0,294.026,24
2024-03-18 13:20:00-04:00,293.88,294.15,293.82,294.15,3777.0,294.058,25
2024-03-18 13:25:00-04:00,294.27,294.28,294.08,294.21,2001.0,294.18,20
2024-03-18 13:30:00-04:00,294.15,294.21,293.94,294.05,4250.0,294.114,39
2024-03-18 13:35:00-04:00,294.04,294.04,293.76,293.78,2839.0,293.939,26
2024-03-18 13:40:00-04:00,293.69,293.69,293.67,293.69,300.0,293.68,3
2024-03-18 13:45:00-04:00,293.71,293.74,293.63,293.74,1233.0,293.693,12
2024-03-18 13:50:00-04:00,293.76,293.84,293.57,293.57,3700.0,293.689,37
2024-03-18 13:55:00-04:00,293.58,293.7,293.58,293.61,586.0,293.611,5
2024-03-18 14:00:00-04:00,293.76,293.96,293.67,293.95,2508.0,293.825,24
2024-03-18 14:05:00-04:00,293.95,293.98,293.65,293.65,1430.0,293.831,13
2024-03-18 14:10:00-04:00,293.73,293.8,293.65,293.79,1568.0,293.737,14
2024-03-18 14:15:00-04:00,293.74,293.89,293.74,293.89,548.0,293.834,5
2024-03-18 14:20:00-04:00,293.87,293.87,293.44,293.44,1210.0,293.692,12
2024-03-18 14:25:00-04:00,293.67,293.79,293.67,293.75,808.0,293.742,6
2024-03-18 14:30:00-04:00,293.78,293.86,293.62,293.68,2022.0,293.761,15
2024-03-18 14:35:00-04:00,293.68,293.69,293.6,293.6,1380.0,293.638,11
2024-03-18 14:40:00-04:00,293.6,293.6,293.06,293.25,3675.0,293.276,32
2024-03-18 14:45:00-04:00,293.17,293.19,292.99,293.19,1300.0,293.093,12
2024-03-18 14:50:00-04:00,293.17,293.33,293.17,293.29,2022.0,293.251,13
2024-03-18 14:55:00-04:00,293.3,293.38,293.27,293.38,600.0,293.316,6
2024-03-18 15:00:00-04:00,293.25,293.38,293.19,293.32,1100.0,293.284,11
2024-03-18 15:05:00-04:00,293.28,293.45,293.22,293.37,2699.0,293.365,21
2024-03-18 15:10:00-04:00,293.37,293.49,293.31,293.31,1242.0,293.381,12
2024-03-18 15:15:00-04:00,293.32,293.37,293.2,293.23,1688.0,293.268,16
2024-03-18 15:20:00-04:00,293.22,293.45,293.21,293.36,7237.0,293.361,53
2024-03-18 15:25:00-04:00,293.38,293.47,293.18,293.18,2739.0,293.337,24
2024-03-18 15:30:00-04:00,293.27,293.44,293.25,293.28,2695.0,293.368,24
2024-03-18 15:35:00-04:00,293.29,293.29,292.84,292.86,3539.0,293.086,31
2024-03-18 15:40:00-04:00,292.84,292.95,292.78,292.8,2789.0,292.833,25
2024-03-18 15:45:00-04:00,292.78,292.91,292.57,292.65,4809.0,292.711,45
2024-03-18 15:50:00-04:00,292.61,292.61,292.17,292.27,7266.0,292.347,65
2024-03-18 15:55:00-04:00,292.33,292.41,291.64,291.71,42496.0,291.906,319
2024-03-19 09:30:00-04:00,291.77,292.33,291.77,291.96,9425.0,291.824,22
2024-03-19 09:35:00-04:00,291.96,291.96,290.98,291.29,4632.0,291.366,24
2024-03-19 09:40:00-04:00,291.59,292.18,291.58,291.78,4336.0,291.685,10
2024-03-19 09:45:00-04:00,292.17,292.24,291.35,291.78,2967.0,291.838,24
2024-03-19 09:50:00-04:00,291.76,292.23,291.76,292.05,500.0,292.049,5
2024-03-19 09:55:00-04:00,291.87,292.35,291.82,292.35,900.0,292.145,9
2024-03-19 10:00:00-04:00,292.26,292.78,292.13,292.78,3494.0,292.591,31
2024-03-19 10:05:00-04:00,292.8,293.11,292.62,292.8,1930.0,292.83,17
2024-03-19 10:10:00-04:00,293.02,293.27,293.02,293.13,1334.0,293.147,12
2024-03-19 10:15:00-04:00,293.5,293.5,293.34,293.35,602.0,293.443,4
2024-03-19 10:20:00-04:00,293.21,293.26,293.04,293.26,818.0,293.158,8
2024-03-19 10:25:00-04:00,293.15,293.15,292.97,292.98,527.0,293.042,4
2024-03-19 10:30:00-04:00,293.17,293.43,292.96,292.97,1650.0,293.206,15
2024-03-19 10:35:00-04:00,292.94,293.16,292.65,293.1,1345.0,292.941,12
2024-03-19 10:40:00-04:00,293.14,293.14,292.77,292.77,598.0,292.925,4
2024-03-19 10:45:00-04:00,292.98,292.98,292.62,292.82,415.0,292.8,4
2024-03-19 10:50:00-04:00,292.65,292.8,292.61,292.73,1001.0,292.69,7
2024-03-19 10:55:00-04:00,292.69,292.9,292.54,292.9,3030.0,292.776,20
2024-03-19 11:00:00-04:00,292.68,292.74,292.57,292.6,1120.0,292.654,9
2024-03-19 11:05:00-04:00,292.45,292.69,292.45,292.69,770.0,292.627,7
2024-03-19 11:10:00-04:00,292.78,292.78,292.54,292.64,700.0,292.646,7
2024-03-19 11:15:00-04:00,292.52,292.66,292.52,292.59,605.0,292.554,4
2024-03-19 11:20:00-04:00,292.66,292.71,292.55,292.55,2510.0,292.672,11
2024-03-19 11:25:00-04:00,292.7,293.09,292.58,293.09,1138.0,292.747,11
2024-03-19 11:30:00-04:00,293.25,293.46,293.25,293.46,1540.0,293.368,11
2024-03-19 11:35:00-04:00,293.46,293.51,293.18,293.19,2100.0,293.365,16
2024-03-19 11:40:00-04:00,293.34,293.39,293.26,293.26,500.0,293.345,5
2024-03-19 11:45:00-04:00,293.39,293.39,293.3,293.3,2148.0,293.311,4
2024-03-19 11:50:00-04:00,293.3,293.3,293.1,293.1,410.0,293.241,4
2024-03-19 11:55:00-04:00,293.31,293.51,293.29,293.48,2968.0,293.462,14
2024-03-19 12:00:00-04:00,293.6,293.6,293.6,293.6,100.0,293.6,1
2024-03-19 12:05:00-04:00,293.7,293.7,293.56,293.63,1000.0,293.618,7
2024-03-19 12:10:00-04:00,293.58,293.66,293.53,293.66,1316.0,293.6,8
2024-03-19 12:15:00-04:00,293.66,293.71,293.38,293.4,6667.0,293.472,26
2024-03-19 12:20:00-04:00,293.39,293.59,293.34,293.59,4359.0,293.403,30
2024-03-19 12:25:00-04:00,293.62,293.67,293.49,293.52,1459.0,293.578,14
2024-03-19 12:30:00-04:00,293.52,293.93,293.49,293.93,6310.0,293.656,36
2024-03-19 12:35:00-04:00,293.8,294.0,293.8,294.0,2374.0,293.939,22
2024-03-19 12:40:00-04:00,293.96,294.15,293.85,294.15,2400.0,293.945,24
2024-03-19 12:45:00-04:00,294.24,294.27,293.98,294.09,3776.0,294.14,34
2024-03-19 12:50:00-04:00,294.09,294.2,294.09,294.1,300.0,294.128,3
2024-03-19 12:55:00-04:00,294.09,294.09,293.91,293.92,1100.0,294.018,8
2024-03-19 13:00:00-04:00,293.97,294.55,293.84,293.84,3617.0,294.149,31
2024-03-19 13:05:00-04:00,293.85,294.0,293.74,293.74,2080.0,293.908,16
2024-03-19 13:10:00-04:00,294.01,294.2,294.01,294.18,500.0,294.136,5
2024-03-19 13:15:00-04:00,294.15,294.51,294.12,294.5,1500.0,294.226,12
2024-03-19 13:20:00-04:00,294.45,294.79,294.44,294.7,3318.0,294.569,16
2024-03-19 13:25:00-04:00,294.66,295.03,294.65,295.0,5940.0,294.983,22
2024-03-19 13:30:00-04:00,295.02,295.38,294.9,294.9,4842.0,295.168,36
2024-03-19 13:35:00-04:00,294.78,294.78,294.65,294.65,300.0,294.737,3
2024-03-19 13:40:00-04:00,294.64,294.7,294.51,294.51,715.0,294.63,5
2024-03-19 13:45:00-04:00,294.75,294.75,294.69,294.69,1100.0,294.699,2
2024-03-19 13:50:00-04:00,294.63,294.63,294.43,294.47,1018.0,294.497,10
2024-03-19 13:55:00-04:00,294.39,294.7,294.39,294.47,2503.0,294.501,24
2024-03-19 14:00:00-04:00,294.29,294.29,294.09,294.27,1548.0,294.224,15
2024-03-19 14:05:00-04:00,294.26,294.4,294.18,294.18,6443.0,294.285,14
2024-03-19 14:10:00-04:00,294.26,294.44,294.17,294.37,2681.0,294.308,21
2024-03-19 14:15:00-04:00,294.33,294.36,294.17,294.22,2057.0,294.246,15
2024-03-19 14:20:00-04:00,294.14,294.22,294.03,294.03,809.0,294.096,8
2024-03-19 14:25:00-04:00,294.15,294.26,294.15,294.19,1336.0,294.191,12
2024-03-19 14:30:00-04:00,294.2,294.44,294.2,294.33,5501.0,294.345,41
2024-03-19 14:35:00-04:00,294.34,294.48,294.33,294.39,1400.0,294.433,14
2024-03-19 14:40:00-04:00,294.52,294.68,294.41,294.43,2814.0,294.555,20
2024-03-19 14:45:00-04:00,294.49,294.58,294.46,294.46,988.0,294.516,7
2024-03-19 14:50:00-04:00,294.48,294.54,294.3,294.31,2352.0,294.425,18
2024-03-19 14:55:00-04:00,294.23,294.24,293.98,294.22,2878.0,294.143,27
2024-03-19 15:00:00-04:00,294.15,294.44,294.14,294.24,3112.0,294.316,27
2024-03-19 15:05:00-04:00,294.17,294.3,294.07,294.21,1539.0,294.215,13
2024-03-19 15:10:00-04:00,294.25,294.31,294.22,294.24,3059.0,294.253,15
2024-03-19 15:15:00-04:00,294.23,294.55,294.09,294.55,2627.0,294.183,19
2024-03-19 15:20:00-04:00,294.53,294.64,294.47,294.63,2663.0,294.542,21
2024-03-19 15:25:00-04:00,294.55,294.71,294.54,294.69,3331.0,294.616,32
2024-03-19 15:30:00-04:00,294.69,294.94,294.57,294.84,3682.0,294.722,35
2024-03-19 15:35:00-04:00,294.86,294.96,294.73,294.9,4027.0,294.822,32
2024-03-19 15:40:00-04:00,294.82,295.03,294.82,295.03,4029.0,294.899,38
2024-03-19 15:45:00-04:00,294.93,295.1,294.82,294.99,6622.0,294.938,61
2024-03-19 15:50:00-04:00,295.11,295.45,294.98,295.37,7200.0,295.27,61
2024-03-19 15:55:00-04:00,295.43,295.58,294.98,295.02,35023.0,295.314,234
2024-03-20 09:30:00-04:00,296.51,296.51,294.78,295.17,14231.0,296.223,46
2024-03-20 09:35:00-04:00,295.54,296.26,295.48,296.26,4986.0,295.679,35
2024-03-20 09:40:00-04:00,295.94,297.11,295.59,296.92,3198.0,296.72,25
2024-03-20 09:45:00-04:00,296.92,297.06,296.09,296.1,5969.0,296.607,53
2024-03-20 09:50:00-04:00,296.02,296.2,296.02,296.15,1170.0,296.12,11
2024-03-20 09:55:00-04:00,296.13,296.56,296.12,296.56,1850.0,296.307,16
2024-03-20 10:00:00-04:00,296.12,296.25,295.75,295.99,1800.0,295.972,17
2024-03-20 10:05:00-04:00,296.14,296.35,296.09,296.34,700.0,296.203,7
2024-03-20 10:10:00-04:00,296.29,296.42,295.96,296.07,3509.0,296.114,29
2024-03-20 10:15:00-04:00,295.97,296.36,295.97,296.35,1600.0,296.241,14
2024-03-20 10:20:00-04:00,296.3,296.94,296.25,296.83,4057.0,296.641,36
2024-03-20 10:25:00-04:00,296.76,296.9,296.62,296.79,2927.0,296.742,26
2024-03-20 10:30:00-04:00,296.8,296.8,296.48,296.63,3100.0,296.58,31
2024-03-20 10:35:00-04:00,296.57,296.58,296.41,296.56,1491.0,296.499,13
2024-03-20 10:40:00-04:00,296.49,296.91,296.49,296.91,2380.0,296.69,22
2024-03-20 10:45:00-04:00,296.97,297.71,296.97,297.41,12131.0,297.371,105
2024-03-20 10:50:00-04:00,297.41,297.46,297.24,297.24,5444.0,297.352,32
2024-03-20 10:55:00-04:00,297.21,297.41,296.92,296.92,2832.0,297.182,26
2024-03-20 11:00:00-04:00,296.9,296.97,296.34,296.54,2000.0,296.694,17
2024-03-20 11:05:00-04:00,296.55,296.73,296.44,296.62,1662.0,296.605,13
2024-03-20 11:10:00-04:00,296.63,297.08,296.63,297.07,2284.0,296.9,18
2024-03-20 11:15:00-04:00,297.22,297.49,297.21,297.39,1873.0,297.339,17
2024-03-20 11:20:00-04:00,297.28,297.39,296.95,297.05,3291.0,297.148,30
2024-03-20 11:25:00-04:00,297.05,297.14,296.91,296.98,2815.0,297.015,22
2024-03-20 11:30:00-04:00,296.98,296.98,296.51,296.72,2290.0,296.834,20
2024-03-20 11:35:00-04:00,296.62,296.68,296.55,296.55,1411.0,296.63,13
2024-03-20 11:40:00-04:00,296.65,296.65,295.87,295.87,2665.0,296.281,18
2024-03-20 11:45:00-04:00,295.87,296.02,295.8,295.85,2576.0,295.914,15
2024-03-20 11:50:00-04:00,295.85,296.06,295.84,295.94,2368.0,295.945,21
2024-03-20 11:55:00-04:00,295.96,295.98,295.8,295.94,1804.0,295.917,16
2024-03-20 12:00:00-04:00,295.93,296.22,295.8,296.22,1148.0,296.029,11
2024-03-20 12:05:00-04:00,296.23,296.23,295.79,295.9,2194.0,295.979,19
2024-03-20 12:10:00-04:00,295.88,296.04,295.69,295.69,1148.0,295.825,11
2024-03-20 12:15:00-04:00,295.75,295.79,295.56,295.66,1353.0,295.697,11
2024-03-20 12:20:00-04:00,295.66,296.28,295.53,296.1,7411.0,295.782,38
2024-03-20 12:25:00-04:00,296.1,296.5,296.04,296.5,1821.0,296.219,18
2024-03-20 12:30:00-04:00,296.46,296.5,296.18,296.21,1630.0,296.307,15
2024-03-20 12:35:00-04:00,296.38,297.19,296.35,297.0,26766.0,296.854,191
2024-03-20 12:40:00-04:00,297.0,297.13,296.94,297.12,5493.0,297.011,48
2024-03-20 12:45:00-04:00,297.17,297.42,297.07,297.23,3101.0,297.263,20
2024-03-20 12:50:00-04:00,297.25,297.34,297.09,297.16,2482.0,297.17,23
2024-03-20 12:55:00-04:00,297.05,297.44,297.05,297.43,2017.0,297.271,15
2024-03-20 13:00:00-04:00,297.41,297.41,297.19,297.19,3514.0,297.301,22
2024-03-20 13:05:00-04:00,297.19,297.21,296.85,296.85,2168.0,297.078,18
2024-03-20 13:10:00-04:00,296.81,297.05,296.8,296.9,1077.0,296.867,7
2024-03-20 13:15:00-04:00,296.91,296.99,296.82,296.87,800.0,296.885,8
2024-03-20 13:20:00-04:00,296.95,297.05,296.85,296.85,2470.0,296.938,16
2024-03-20 13:25:00-04:00,296.91,297.01,296.9,297.01,953.0,296.95,6
2024-03-20 13:30:00-04:00,297.01,297.08,296.83,297.03,1335.0,296.973,10
2024-03-20 13:35:00-04:00,296.97,296.98,296.59,296.84,4468.0,296.834,31
2024-03-20 13:40:00-04:00,296.75,296.86,296.69,296.78,1674.0,296.763,15
2024-03-20 13:45:00-04:00,296.86,296.91,296.66,296.91,1767.0,296.777,17
2024-03-20 13:50:00-04:00,296.81,296.82,296.74,296.74,600.0,296.803,3
2024-03-20 13:55:00-04:00,296.81,296.82,296.6,296.6,2824.0,296.732,25
2024-03-20 14:00:00-04:00,296.78,298.0,296.59,297.86,6501.0,297.378,53
2024-03-20 14:05:00-04:00,297.98,298.45,297.44,297.44,3692.0,298.025,34
2024-03-20 14:10:00-04:00,297.6,297.89,297.47,297.54,1200.0,297.642,10
2024-03-20 14:15:00-04:00,297.42,297.42,297.06,297.34,4104.0,297.156,24
2024-03-20 14:20:00-04:00,297.3,297.38,296.83,296.87,1219.0,297.156,10
2024-03-20 14:25:00-04:00,296.81,297.3,296.68,297.3,5233.0,297.09,23
2024-03-20 14:30:00-04:00,297.33,297.33,296.01,296.19,3936.0,296.61,34
2024-03-20 14:35:00-04:00,296.19,297.32,296.11,297.24,6188.0,296.776,51
2024-03-20 14:40:00-04:00,297.25,297.26,296.77,297.18,9552.0,297.014,80
2024-03-20 14:45:00-04:00,297.12,297.98,297.12,297.96,4809.0,297.569,40
2024-03-20 14:50:00-04:00,297.96,297.96,297.36,297.36,5091.0,297.654,45
2024-03-20 14:55:00-04:00,297.33,297.75,297.29,297.6,3731.0,297.531,31
2024-03-20 15:00:00-04:00,297.6,298.08,297.59,298.03,3311.0,297.856,25
2024-03-20 15:05:00-04:00,298.28,298.5,298.1,298.38,4878.0,298.33,35
2024-03-20 15:10:00-04:00,298.6,298.6,297.7,297.88,4812.0,298.06,40
2024-03-20 15:15:00-04:00,297.7,298.38,297.7,298.38,4421.0,298.004,36
2024-03-20 15:20:00-04:00,298.52,298.52,298.12,298.32,6082.0,298.243,51
2024-03-20 15:25:00-04:00,298.32,298.57,298.0,298.56,2877.0,298.265,28
2024-03-20 15:30:00-04:00,298.59,298.77,298.28,298.28,6914.0,298.578,47
2024-03-20 15:35:00-04:00,298.31,298.31,297.81,298.01,5848.0,298.004,43
2024-03-20 15:40:00-04:00,298.1,298.17,297.72,297.98,4312.0,297.948,31
2024-03-20 15:45:00-04:00,297.91,297.93,297.11,297.11,21056.0,297.75,174
2024-03-20 15:50:00-04:00,297.11,298.16,297.03,298.05,18637.0,297.657,141
2024-03-20 15:55:00-04:00,298.05,298.73,297.95,298.68,64807.0,298.416,439
2024-03-21 09:30:00-04:00,299.37,299.43,298.26,298.53,22666.0,299.297,18
2024-03-21 09:35:00-04:00,298.31,298.72,298.0,298.47,5278.0,298.347,39
2024-03-21 09:40:00-04:00,298.68,299.02,298.64,299.0,3835.0,298.887,16
2024-03-21 09:45:00-04:00,299.07,299.37,298.73,298.75,3309.0,298.976,29
2024-03-21 09:50:00-04:00,299.03,300.18,299.03,299.87,11829.0,299.831,45
2024-03-21 09:55:00-04:00,299.86,300.71,299.86,300.71,2626.0,300.27,21
2024-03-21 10:00:00-04:00,300.83,300.98,300.46,300.47,2523.0,300.614,19
2024-03-21 10:05:00-04:00,300.32,300.58,300.25,300.58,1700.0,300.424,16
2024-03-21 10:10:00-04:00,300.37,300.83,300.31,300.83,3783.0,300.441,30
2024-03-21 10:15:00-04:00,300.92,301.49,300.88,301.49,3200.0,301.198,27
2024-03-21 10:20:00-04:00,301.59,302.14,301.53,302.01,3995.0,301.883,34
2024-03-21 10:25:00-04:00,301.87,302.33,301.87,302.31,2770.0,302.177,23
2024-03-21 10:30:00-04:00,302.32,302.85,302.2,302.6,2775.0,302.428,27
2024-03-21 10:35:00-04:00,302.58,302.66,301.71,301.77,8096.0,302.411,52
2024-03-21 10:40:00-04:00,301.91,302.92,301.91,302.82,2961.0,302.458,28
2024-03-21 10:45:00-04:00,302.76,303.21,302.69,303.11,5343.0,303.071,46
2024-03-21 10:50:00-04:00,302.99,302.99,302.53,302.89,3036.0,302.842,26
2024-03-21 10:55:00-04:00,302.89,303.24,302.69,303.24,5227.0,302.943,36
2024-03-21 11:00:00-04:00,303.24,303.48,303.13,303.48,5905.0,303.252,46
2024-03-21 11:05:00-04:00,303.41,303.63,303.22,303.63,3800.0,303.386,37
2024-03-21 11:10:00-04:00,303.63,303.63,303.18,303.18,7069.0,303.358,67
2024-03-21 11:15:00-04:00,303.17,303.39,302.9,302.9,4344.0,303.224,38
2024-03-21 11:20:00-04:00,302.9,302.93,302.25,302.25,3800.0,302.78,37
2024-03-21 11:25:00-04:00,302.33,302.46,302.33,302.43,3596.0,302.414,30
2024-03-21 11:30:00-04:00,302.33,302.84,302.33,302.84,6076.0,302.62,50
2024-03-21 11:35:00-04:00,302.9,303.03,302.6,302.72,5062.0,302.805,40
2024-03-21 11:40:00-04:00,302.78,302.78,302.64,302.68,2741.0,302.697,24
2024-03-21 11:45:00-04:00,302.67,302.67,302.27,302.37,3440.0,302.455,25
2024-03-21 11:50:00-04:00,302.45,302.7,302.44,302.57,4346.0,302.546,40
2024-03-21 11:55:00-04:00,302.57,302.7,302.47,302.48,5623.0,302.611,46
2024-03-21 12:00:00-04:00,302.56,302.62,302.51,302.56,884.0,302.576,8
2024-03-21 12:05:00-04:00,302.56,302.57,302.44,302.44,2534.0,302.477,18
2024-03-21 12:10:00-04:00,302.43,302.62,302.43,302.55,2233.0,302.533,18
2024-03-21 12:15:00-04:00,302.55,303.1,302.55,302.91,15084.0,302.755,62
2024-03-21 12:20:00-04:00,302.7,302.73,302.45,302.46,1148.0,302.559,8
2024-03-21 12:25:00-04:00,302.65,302.8,302.52,302.58,2906.0,302.657,25
2024-03-21 12:30:00-04:00,302.67,302.75,302.38,302.52,22737.0,302.727,25
2024-03-21 12:35:00-04:00,302.55,302.59,302.55,302.59,200.0,302.568,2
2024-03-21 12:40:00-04:00,302.64,302.64,301.86,301.86,3556.0,302.297,32
2024-03-21 12:45:00-04:00,302.16,303.21,301.92,301.98,97835.0,303.143,55
2024-03-21 12:50:00-04:00,302.04,302.34,302.04,302.27,2078.0,302.205,15
2024-03-21 12:55:00-04:00,302.23,302.47,302.21,302.34,6729.0,302.299,27
2024-03-21 13:00:00-04:00,302.43,302.43,302.15,302.28,4806.0,302.258,37
2024-03-21 13:05:00-04:00,302.34,302.57,302.34,302.51,9654.0,302.437,33
2024-03-21 13:10:00-04:00,302.55,302.72,302.55,302.58,2611.0,302.604,15
2024-03-21 13:15:00-04:00,302.73,303.11,302.72,303.05,1762.0,302.905,16
2024-03-21 13:20:00-04:00,303.06,303.06,302.86,302.94,1000.0,302.942,10
2024-03-21 13:25:00-04:00,302.94,303.11,302.87,303.11,1816.0,303.018,14
2024-03-21 13:30:00-04:00,303.16,303.76,303.16,303.76,6748.0,303.499,27
2024-03-21 13:35:00-04:00,303.6,303.87,303.6,303.79,3238.0,303.74,30
2024-03-21 13:40:00-04:00,303.79,303.97,303.79,303.91,3833.0,303.89,34
2024-03-21 13:45:00-04:00,303.81,303.89,303.42,303.53,3951.0,303.685,37
2024-03-21 13:50:00-04:00,303.56,303.6,303.29,303.29,9214.0,303.416,41
2024-03-21 13:55:00-04:00,303.21,303.41,303.03,303.41,3718.0,303.313,18
2024-03-21 14:00:00-04:00,303.33,303.35,303.01,303.35,8753.0,303.169,40
2024-03-21 14:05:00-04:00,303.45,303.53,303.35,303.53,2375.0,303.447,18
2024-03-21 14:10:00-04:00,303.68,303.77,303.47,303.47,3000.0,303.62,23
2024-03-21 14:15:00-04:00,303.49,303.75,303.48,303.75,700.0,303.577,6
2024-03-21 14:20:00-04:00,303.7,303.8,303.59,303.59,1328.0,303.71,11
2024-03-21 14:25:00-04:00,303.62,303.77,303.62,303.76,1504.0,303.742,11
2024-03-21 14:30:00-04:00,303.76,303.77,303.38,303.38,4755.0,303.626,43
2024-03-21 14:35:00-04:00,303.4,303.4,302.99,302.99,3705.0,303.123,27
2024-03-21 14:40:00-04:00,303.05,303.2,302.64,302.94,21367.0,302.994,49
2024-03-21 14:45:00-04:00,302.96,303.3,302.94,303.29,4085.0,303.15,18
2024-03-21 14:50:00-04:00,303.32,303.55,303.32,303.54,1590.0,303.439,14
2024-03-21 14:55:00-04:00,303.53,303.73,303.47,303.47,4516.0,303.6,39
2024-03-21 15:00:00-04:00,303.54,303.55,303.38,303.48,2897.0,303.458,25
2024-03-21 15:05:00-04:00,303.62,303.81,303.61,303.8,1536.0,303.714,14
2024-03-21 15:10:00-04:00,303.79,303.84,303.61,303.76,5894.0,303.722,46
2024-03-21 15:15:00-04:00,303.93,304.09,303.93,304.09,698.0,304.028,5
2024-03-21 15:20:00-04:00,304.17,304.17,303.96,304.09,7173.0,304.058,61
2024-03-21 15:25:00-04:00,304.13,304.56,304.13,304.47,3610.0,304.378,34
2024-03-21 15:30:00-04:00,304.47,305.0,304.39,304.82,11109.0,304.719,94
2024-03-21 15:35:00-04:00,304.82,304.92,304.41,304.52,8047.0,304.706,74
2024-03-21 15:40:00-04:00,304.54,304.91,304.53,304.84,5585.0,304.741,53
2024-03-21 15:45:00-04:00,304.78,304.78,303.81,303.9,10235.0,304.323,91
2024-03-21 15:50:00-04:00,303.89,304.09,303.71,303.86,13919.0,303.882,112
2024-03-21 15:55:00-04:00,303.96,304.23,303.77,303.88,41568.0,304.019,280
2024-03-22 09:30:00-04:00,303.55,304.23,302.7,304.19,13489.0,303.582,32
2024-03-22 09:35:00-04:00,303.59,303.96,303.5,303.9,3676.0,303.791,29
2024-03-22 09:40:00-04:00,303.88,304.3,303.8,303.81,5100.0,303.897,14
2024-03-22 09:45:00-04:00,303.72,303.74,303.24,303.5,2580.0,303.446,25
2024-03-22 09:50:00-04:00,303.5,303.5,303.17,303.18,1300.0,303.204,13
2024-03-22 09:55:00-04:00,303.11,303.37,302.26,302.52,2625.0,302.695,22
2024-03-22 10:00:00-04:00,302.8,303.1,302.33,302.74,2024.0,302.716,20
2024-03-22 10:05:00-04:00,302.51,302.56,302.31,302.31,4773.0,302.361,19
2024-03-22 10:10:00-04:00,302.32,302.71,302.18,302.45,3080.0,302.483,18
2024-03-22 10:15:00-04:00,302.45,302.94,302.24,302.73,18031.0,302.381,31
2024-03-22 10:20:00-04:00,302.52,302.85,302.43,302.6,1987.0,302.732,9
2024-03-22 10:25:00-04:00,302.6,302.85,302.6,302.69,1300.0,302.745,12
2024-03-22 10:30:00-04:00,302.92,302.96,302.8,302.81,800.0,302.849,8
2024-03-22 10:35:00-04:00,302.97,302.97,302.34,302.63,3505.0,302.67,23
2024-03-22 10:40:00-04:00,302.49,302.62,302.21,302.22,2102.0,302.395,20
2024-03-22 10:45:00-04:00,302.13,302.13,301.62,301.66,2433.0,301.794,21
2024-03-22 10:50:00-04:00,301.84,301.9,301.45,301.58,1679.0,301.662,13
2024-03-22 10:55:00-04:00,301.58,301.73,301.03,301.19,5717.0,301.482,47
2024-03-22 11:00:00-04:00,301.3,301.58,301.08,301.17,4649.0,301.285,35
2024-03-22 11:05:00-04:00,301.12,301.28,300.81,300.81,1359.0,301.081,12
2024-03-22 11:10:00-04:00,300.94,301.48,300.74,301.17,6919.0,300.976,34
2024-03-22 11:15:00-04:00,301.13,301.29,301.1,301.29,1100.0,301.183,9
2024-03-22 11:20:00-04:00,301.12,301.4,301.12,301.35,4151.0,301.245,28
2024-03-22 11:25:00-04:00,301.4,301.64,301.4,301.64,2042.0,301.467,17
2024-03-22 11:30:00-04:00,301.49,301.52,301.28,301.3,3877.0,301.385,32
2024-03-22 11:35:00-04:00,301.47,301.47,301.11,301.11,1722.0,301.23,16
2024-03-22 11:40:00-04:00,301.22,301.23,301.14,301.14,500.0,301.195,5
2024-03-22 11:45:00-04:00,301.23,301.36,300.97,300.98,3425.0,301.168,21
2024-03-22 11:50:00-04:00,300.87,300.99,300.62,300.63,1402.0,300.793,12
2024-03-22 11:55:00-04:00,300.38,300.59,300.03,300.51,3181.0,300.37,28
2024-03-22 12:00:00-04:00,300.61,301.2,300.58,301.2,2300.0,300.834,20
2024-03-22 12:05:00-04:00,301.16,301.31,301.15,301.27,1547.0,301.249,15
2024-03-22 12:10:00-04:00,301.17,301.17,300.97,300.98,922.0,301.049,9
2024-03-22 12:15:00-04:00,300.88,300.91,300.56,300.57,3946.0,300.706,35
2024-03-22 12:20:00-04:00,300.61,300.91,300.6,300.91,4148.0,300.811,28
2024-03-22 12:25:00-04:00,300.94,300.95,300.73,300.73,500.0,300.841,5
2024-03-22 12:30:00-04:00,300.85,300.88,300.52,300.53,2729.0,300.801,14
2024-03-22 12:35:00-04:00,300.53,300.87,300.45,300.87,2737.0,300.626,21
2024-03-22 12:40:00-04:00,300.89,301.01,300.52,300.69,4669.0,300.732,34
2024-03-22 12:45:00-04:00,300.6,300.79,300.51,300.77,2802.0,300.662,23
2024-03-22 12:50:00-04:00,300.75,300.88,300.75,300.87,1698.0,300.818,10
2024-03-22 12:55:00-04:00,300.87,300.87,300.32,300.32,1678.0,300.565,16
2024-03-22 13:00:00-04:00,300.43,300.43,300.31,300.43,1320.0,300.384,11
2024-03-22 13:05:00-04:00,300.43,300.57,300.26,300.32,2700.0,300.381,25
2024-03-22 13:10:00-04:00,300.41,300.41,300.21,300.31,2315.0,300.301,17
2024-03-22 13:15:00-04:00,300.35,300.53,300.25,300.26,2023.0,300.383,17
2024-03-22 13:20:00-04:00,300.22,300.26,299.95,299.95,3532.0,300.161,21
2024-03-22 13:25:00-04:00,300.21,300.25,300.1,300.15,1400.0,300.155,13
2024-03-22 13:30:00-04:00,300.18,300.4,300.17,300.25,2319.0,300.304,19
2024-03-22 13:35:00-04:00,300.17,300.23,300.06,300.06,2113.0,300.154,18
2024-03-22 13:40:00-04:00,300.05,300.29,300.05,300.27,5457.0,300.148,36
2024-03-22 13:45:00-04:00,300.28,300.49,300.23,300.41,3204.0,300.352,30
2024-03-22 13:50:00-04:00,300.37,300.73,300.37,300.62,2186.0,300.58,19
2024-03-22 13:55:00-04:00,300.66,300.93,300.66,300.93,899.0,300.827,8
2024-03-22 14:00:00-04:00,300.91,301.0,300.78,300.79,1032.0,300.882,10
2024-03-22 14:05:00-04:00,300.95,300.95,300.54,300.54,3128.0,300.742,27
2024-03-22 14:10:00-04:00,300.77,300.89,300.75,300.89,700.0,300.821,6
2024-03-22 14:15:00-04:00,300.72,301.0,300.53,300.87,7356.0,300.796,61
2024-03-22 14:20:00-04:00,301.07,301.28,300.95,301.25,1400.0,301.073,10
2024-03-22 14:25:00-04:00,301.38,301.62,301.3,301.61,1601.0,301.467,12
2024-03-22 14:30:00-04:00,301.44,301.52,301.37,301.39,1225.0,301.435,12
2024-03-22 14:35:00-04:00,301.38,301.43,301.35,301.35,300.0,301.385,3
2024-03-22 14:40:00-04:00,301.33,301.33,300.93,300.99,2001.0,301.147,17
2024-03-22 14:45:00-04:00,300.97,301.01,300.87,300.9,1536.0,300.917,10
2024-03-22 14:50:00-04:00,300.87,301.04,300.84,301.04,1000.0,300.925,9
2024-03-22 14:55:00-04:00,301.04,301.43,301.04,301.39,2189.0,301.27,21
2024-03-22 15:00:00-04:00,301.47,301.62,301.28,301.3,3680.0,301.418,36
2024-03-22 15:05:00-04:00,301.29,301.29,300.88,300.89,1000.0,301.023,10
2024-03-22 15:10:00-04:00,300.92,300.92,300.41,300.47,1829.0,300.579,15
2024-03-22 15:15:00-04:00,300.59,300.59,300.13,300.39,2720.0,300.336,24
2024-03-22 15:20:00-04:00,300.38,300.46,300.3,300.45,1574.0,300.413,13
2024-03-22 15:25:00-04:00,300.6,300.68,300.16,300.28,4385.0,300.394,39
2024-03-22 15:30:00-04:00,300.25,300.25,299.74,299.94,5984.0,299.988,55
2024-03-22 15:35:00-04:00,300.05,300.59,299.87,300.59,8956.0,300.171,64
2024-03-22 15:40:00-04:00,300.51,300.57,300.25,300.4,6049.0,300.363,53
2024-03-22 15:45:00-04:00,300.51,300.57,300.26,300.44,5731.0,300.399,46
2024-03-22 15:50:00-04:00,300.46,301.4,300.38,300.86,20333.0,300.725,115
2024-03-22 15:55:00-04:00,300.96,301.03,300.01,300.13,31658.0,300.39,210
2024-03-25 09:30:00-04:00,299.6,300.47,299.01,300.17,10807.0,299.642,22
2024-03-25 09:35:00-04:00,300.17,300.17,299.3,299.71,771.0,299.697,7
2024-03-25 09:40:00-04:00,299.93,299.93,298.6,299.06,3021.0,299.243,19
2024-03-25 09:45:00-04:00,299.39,299.71,299.09,299.71,1705.0,299.244,12
2024-03-25 09:50:00-04:00,299.7,300.13,299.57,300.13,3293.0,299.785,29
2024-03-25 09:55:00-04:00,299.54,299.72,299.27,299.72,1605.0,299.504,12
2024-03-25 10:00:00-04:00,299.69,299.69,298.79,298.97,1835.0,299.132,17
2024-03-25 10:05:00-04:00,299.23,299.72,299.23,299.41,1778.0,299.488,17
2024-03-25 10:10:00-04:00,299.59,300.07,299.55,300.03,1841.0,299.75,13
2024-03-25 10:15:00-04:00,300.39,300.39,299.98,300.11,1320.0,300.153,13
2024-03-25 10:20:00-04:00,300.33,300.46,300.23,300.46,613.0,300.308,4
2024-03-25 10:25:00-04:00,300.49,300.49,300.1,300.17,800.0,300.256,8
2024-03-25 10:30:00-04:00,300.2,300.2,299.81,299.81,1351.0,300.066,12
2024-03-25 10:35:00-04:00,299.85,300.0,299.67,299.86,1158.0,299.801,11
2024-03-25 10:40:00-04:00,299.88,299.88,299.64,299.87,738.0,299.776,6
2024-03-25 10:45:00-04:00,299.77,299.77,299.24,299.65,1897.0,299.463,18
2024-03-25 10:50:00-04:00,299.69,299.78,299.66,299.67,600.0,299.69,6
2024-03-25 10:55:00-04:00,299.83,299.83,299.65,299.66,400.0,299.705,4
2024-03-25 11:00:00-04:00,299.69,300.01,299.68,299.94,3476.0,299.86,24
2024-03-25 11:05:00-04:00,299.95,300.07,299.75,300.02,1302.0,299.95,8
2024-03-25 11:10:00-04:00,299.9,300.04,299.84,300.04,1491.0,299.918,9
2024-03-25 11:15:00-04:00,299.8,299.93,299.59,299.63,1900.0,299.763,19
2024-03-25 11:20:00-04:00,299.53,299.53,299.36,299.5,1424.0,299.442,10
2024-03-25 11:25:00-04:00,299.5,299.57,299.37,299.4,7384.0,299.527,38
2024-03-25 11:30:00-04:00,299.49,299.7,298.88,299.43,11562.0,299.285,89
2024-03-25 11:35:00-04:00,299.08,299.73,299.08,299.36,4945.0,299.129,8
2024-03-25 11:40:00-04:00,299.59,299.74,299.59,299.74,823.0,299.631,8
2024-03-25 11:45:00-04:00,299.64,299.77,299.53,299.55,4970.0,299.607,11
2024-03-25 11:50:00-04:00,299.49,299.67,299.0,299.0,3722.0,299.38,33
2024-03-25 11:55:00-04:00,298.9,299.24,298.89,299.08,600.0,299.063,6
2024-03-25 12:00:00-04:00,299.09,299.09,298.59,298.59,1653.0,298.901,15
2024-03-25 12:05:00-04:00,298.52,298.99,298.42,298.99,2329.0,298.536,15
2024-03-25 12:10:00-04:00,299.0,299.21,298.99,299.21,300.0,299.101,3
2024-03-25 12:15:00-04:00,299.16,299.16,299.15,299.16,200.0,299.158,2
2024-03-25 12:20:00-04:00,299.17,299.22,299.08,299.17,1000.0,299.136,8
2024-03-25 12:25:00-04:00,299.24,299.35,299.18,299.22,1336.0,299.248,12
2024-03-25 12:30:00-04:00,299.17,299.17,298.78,298.78,1500.0,299.095,15
2024-03-25 12:35:00-04:00,298.9,299.03,298.88,299.0,1733.0,298.95,14
2024-03-25 12:40:00-04:00,298.9,298.9,298.64,298.64,700.0,298.799,7
2024-03-25 12:45:00-04:00,298.73,298.91,298.67,298.91,1862.0,298.789,17
2024-03-25 12:50:00-04:00,298.99,299.15,298.98,299.15,1860.0,299.081,17
2024-03-25 12:55:00-04:00,299.12,299.12,299.11,299.12,883.0,299.119,6
2024-03-25 13:00:00-04:00,299.04,299.04,298.85,298.9,1025.0,298.96,10
2024-03-25 13:05:00-04:00,298.94,299.18,298.94,299.03,1420.0,299.075,11
2024-03-25 13:10:00-04:00,298.88,298.93,298.79,298.93,650.0,298.861,5
2024-03-25 13:15:00-04:00,298.85,298.97,298.79,298.84,1120.0,298.856,10
2024-03-25 13:20:00-04:00,298.93,299.05,298.9,298.97,1265.0,298.961,12
2024-03-25 13:25:00-04:00,298.93,299.07,298.93,298.97,836.0,299.011,7
2024-03-25 13:30:00-04:00,298.96,299.32,298.93,298.94,2541.0,299.127,24
2024-03-25 13:35:00-04:00,298.81,298.94,298.81,298.94,454.0,298.888,4
2024-03-25 13:40:00-04:00,298.84,298.99,298.84,298.97,1500.0,298.92,14
2024-03-25 13:45:00-04:00,298.99,299.41,298.98,299.31,1608.0,299.21,15
2024-03-25 13:50:00-04:00,299.42,299.55,299.39,299.39,512.0,299.427,5
2024-03-25 13:55:00-04:00,299.43,299.43,299.21,299.43,2214.0,299.312,21
2024-03-25 14:00:00-04:00,299.41,299.88,299.41,299.87,1974.0,299.645,13
2024-03-25 14:05:00-04:00,299.76,299.8,299.74,299.8,497.0,299.758,4
2024-03-25 14:10:00-04:00,299.82,299.86,299.58,299.58,1664.0,299.729,13
2024-03-25 14:15:00-04:00,299.69,299.69,299.61,299.62,257.0,299.661,2
2024-03-25 14:20:00-04:00,299.71,299.76,299.61,299.76,1017.0,299.699,10
2024-03-25 14:25:00-04:00,299.79,299.9,299.78,299.9,2126.0,299.825,11
2024-03-25 14:30:00-04:00,299.76,300.16,299.76,300.0,4338.0,299.942,9
2024-03-25 14:35:00-04:00,299.99,300.13,299.97,300.04,2362.0,300.036,21
2024-03-25 14:40:00-04:00,300.14,300.14,299.94,299.94,2429.0,300.037,23
2024-03-25 14:45:00-04:00,299.96,300.17,299.96,300.08,1408.0,300.1,12
2024-03-25 14:50:00-04:00,300.02,300.19,300.02,300.12,1960.0,300.134,19
2024-03-25 14:55:00-04:00,300.16,300.16,300.04,300.08,1308.0,300.104,13
2024-03-25 15:00:00-04:00,300.15,300.26,299.99,300.0,7064.0,300.122,21
2024-03-25 15:05:00-04:00,300.09,300.19,300.09,300.19,900.0,300.151,9
2024-03-25 15:10:00-04:00,300.13,300.18,299.97,299.97,1696.0,300.085,13
2024-03-25 15:15:00-04:00,300.08,300.15,300.02,300.09,1200.0,300.092,12
2024-03-25 15:20:00-04:00,300.12,300.25,299.96,300.15,8144.0,300.123,35
2024-03-25 15:25:00-04:00,300.12,300.19,300.03,300.15,6430.0,300.131,19
2024-03-25 15:30:00-04:00,300.07,300.15,300.07,300.09,1897.0,300.09,18
2024-03-25 15:35:00-04:00,300.09,300.15,299.88,299.88,3860.0,300.014,29
2024-03-25 15:40:00-04:00,299.9,300.75,299.9,300.32,8018.0,300.347,72
2024-03-25 15:45:00-04:00,300.34,300.35,299.99,300.18,2819.0,300.164,26
2024-03-25 15:50:00-04:00,300.03,300.28,299.9,299.97,6144.0,300.083,54
2024-03-25 15:55:00-04:00,300.0,300.04,299.46,299.63,23309.0,299.691,179
2024-03-26 09:30:00-04:00,299.0,300.36,299.0,300.36,8000.0,299.38,9
2024-03-26 09:35:00-04:00,300.36,300.44,299.8,299.81,1107.0,300.187,11
2024-03-26 09:40:00-04:00,300.55,300.87,300.55,300.79,791.0,300.71,6
2024-03-26 09:45:00-04:00,300.75,301.17,300.53,301.17,1598.0,300.946,15
2024-03-26 09:50:00-04:00,301.17,301.17,300.43,300.49,2421.0,300.808,19
2024-03-26 09:55:00-04:00,300.88,300.98,300.55,300.95,2536.0,300.814,20
2024-03-26 10:00:00-04:00,300.59,301.25,300.44,301.07,2657.0,300.708,21
2024-03-26 10:05:00-04:00,301.07,301.22,300.93,301.18,606.0,301.108,6
2024-03-26 10:10:00-04:00,301.02,301.02,300.85,300.98,1626.0,300.929,8
2024-03-26 10:15:00-04:00,300.81,301.43,300.81,301.17,751.0,301.155,6
2024-03-26 10:20:00-04:00,301.17,301.41,301.08,301.08,1579.0,301.212,13
2024-03-26 10:25:00-04:00,301.2,301.2,301.05,301.08,500.0,301.118,4
2024-03-26 10:30:00-04:00,301.13,301.39,301.12,301.38,1082.0,301.296,6
2024-03-26 10:35:00-04:00,301.43,301.57,301.43,301.57,657.0,301.471,6
2024-03-26 10:40:00-04:00,301.58,301.66,301.51,301.65,1349.0,301.561,12
2024-03-26 10:45:00-04:00,301.47,301.62,301.33,301.34,834.0,301.417,7
2024-03-26 10:50:00-04:00,301.42,301.52,301.36,301.37,1730.0,301.439,10
2024-03-26 10:55:00-04:00,301.35,301.47,301.26,301.38,600.0,301.384,6
2024-03-26 11:00:00-04:00,301.37,301.4,300.98,301.13,1314.0,301.267,12
2024-03-26 11:05:00-04:00,300.97,301.18,300.77,300.78,2130.0,300.97,11
2024-03-26 11:10:00-04:00,300.87,301.11,300.78,301.05,1231.0,300.995,9
2024-03-26 11:15:00-04:00,301.12,301.24,301.11,301.23,900.0,301.148,9
2024-03-26 11:20:00-04:00,301.23,301.36,301.22,301.23,1105.0,301.296,7
2024-03-26 11:25:00-04:00,301.28,301.31,301.27,301.31,300.0,301.287,3
2024-03-26 11:30:00-04:00,301.37,301.37,301.19,301.21,966.0,301.272,9
2024-03-26 11:35:00-04:00,301.11,301.11,300.87,300.92,1133.0,301.005,9
2024-03-26 11:40:00-04:00,300.88,300.89,300.87,300.89,1300.0,300.876,5
2024-03-26 11:45:00-04:00,300.81,301.06,300.81,300.86,1590.0,300.958,12
2024-03-26 11:50:00-04:00,300.98,301.1,300.97,301.1,1111.0,301.017,11
2024-03-26 11:55:00-04:00,301.09,301.22,301.04,301.22,804.0,301.116,7
2024-03-26 12:00:00-04:00,301.14,301.14,300.56,300.56,1878.0,300.83,18
2024-03-26 12:05:00-04:00,300.67,301.48,300.4,301.44,9940.0,301.083,82
2024-03-26 12:10:00-04:00,301.11,301.16,300.57,300.57,1612.0,300.952,15
2024-03-26 12:15:00-04:00,300.44,300.56,300.09,300.27,5722.0,300.35,54
2024-03-26 12:20:00-04:00,300.33,300.34,300.0,300.03,5045.0,300.189,42
2024-03-26 12:25:00-04:00,300.0,300.21,299.7,300.04,8777.0,299.901,79
2024-03-26 12:30:00-04:00,300.3,300.69,300.3,300.4,1236.0,300.498,11
2024-03-26 12:35:00-04:00,300.43,300.65,300.41,300.65,915.0,300.587,9
2024-03-26 12:40:00-04:00,300.64,300.64,300.6,300.6,700.0,300.624,7
2024-03-26 12:45:00-04:00,300.6,300.71,300.59,300.66,793.0,300.658,7
2024-03-26 12:50:00-04:00,300.71,300.84,300.7,300.84,200.0,300.773,2
2024-03-26 12:55:00-04:00,300.99,301.02,300.93,301.02,884.0,300.978,7
2024-03-26 13:00:00-04:00,300.99,301.07,300.99,300.99,600.0,301.009,6
2024-03-26 13:05:00-04:00,301.0,301.01,300.9,300.91,516.0,300.943,5
2024-03-26 13:10:00-04:00,300.83,300.97,300.83,300.95,320.0,300.92,3
2024-03-26 13:15:00-04:00,300.87,300.93,300.68,300.92,1101.0,300.796,8
2024-03-26 13:20:00-04:00,300.6,300.6,300.54,300.54,300.0,300.567,3
2024-03-26 13:25:00-04:00,300.66,301.0,300.45,300.54,2754.0,300.622,10
2024-03-26 13:30:00-04:00,300.54,300.54,300.54,300.54,0.0,300.54,0
2024-03-26 13:35:00-04:00,300.57,300.65,300.22,300.22,1755.0,300.447,16
2024-03-26 13:40:00-04:00,300.39,300.39,300.26,300.26,300.0,300.348,3
2024-03-26 13:45:00-04:00,300.0,300.35,299.99,300.35,715.0,300.123,7
2024-03-26 13:50:00-04:00,300.32,300.49,300.31,300.49,1272.0,300.45,5
2024-03-26 13:55:00-04:00,300.51,300.54,300.39,300.39,1657.0,300.472,13
2024-03-26 14:00:00-04:00,300.47,300.84,300.37,300.7,1688.0,300.638,10
2024-03-26 14:05:00-04:00,300.68,300.78,300.63,300.73,2300.0,300.655,9
2024-03-26 14:10:00-04:00,300.58,300.69,300.37,300.37,1234.0,300.5,11
2024-03-26 14:15:00-04:00,300.52,300.58,300.43,300.58,924.0,300.497,8
2024-03-26 14:20:00-04:00,300.52,300.53,300.42,300.52,358.0,300.488,3
2024-03-26 14:25:00-04:00,300.72,300.92,300.72,300.92,1841.0,300.817,13
2024-03-26 14:30:00-04:00,300.92,301.06,300.86,301.06,1237.0,300.943,12
2024-03-26 14:35:00-04:00,301.13,301.13,300.76,300.76,1796.0,300.923,14
2024-03-26 14:40:00-04:00,300.76,300.76,300.76,300.76,0.0,300.76,0
2024-03-26 14:45:00-04:00,300.74,300.74,300.57,300.71,722.0,300.686,7
2024-03-26 14:50:00-04:00,300.74,300.87,300.68,300.79,1491.0,300.752,14
2024-03-26 14:55:00-04:00,300.76,300.76,300.56,300.62,1000.0,300.678,7
2024-03-26 15:00:00-04:00,300.76,300.81,300.69,300.77,1190.0,300.734,9
2024-03-26 15:05:00-04:00,300.8,300.8,300.69,300.7,840.0,300.743,8
2024-03-26 15:10:00-04:00,300.62,300.62,300.44,300.47,650.0,300.502,5
2024-03-26 15:15:00-04:00,300.45,300.53,300.45,300.46,1203.0,300.507,8
2024-03-26 15:20:00-04:00,300.41,300.59,300.4,300.4,1050.0,300.486,8
2024-03-26 15:25:00-04:00,300.38,300.58,300.01,300.01,1893.0,300.441,15
2024-03-26 15:30:00-04:00,300.06,300.06,299.82,299.88,2625.0,299.911,22
2024-03-26 15:35:00-04:00,299.95,300.12,299.95,300.12,461.0,299.996,4
2024-03-26 15:40:00-04:00,300.08,300.35,300.04,300.04,4144.0,300.214,29
2024-03-26 15:45:00-04:00,299.93,300.05,299.68,299.72,2081.0,299.904,19
2024-03-26 15:50:00-04:00,299.6,299.94,299.6,299.89,2214.0,299.782,21
2024-03-26 15:55:00-04:00,299.91,299.91,299.04,299.18,19540.0,299.317,137
2024-03-27 09:30:00-04:00,300.72,301.88,299.2,299.66,17747.0,300.195,50
2024-03-27 09:35:00-04:00,300.15,300.29,299.27,299.27,3134.0,300.054,17
2024-03-27 09:40:00-04:00,300.0,300.0,299.26,299.51,1950.0,299.455,19
2024-03-27 09:45:00-04:00,299.51,299.68,299.15,299.4,1646.0,299.428,15
2024-03-27 09:50:00-04:00,299.77,299.78,299.13,299.42,1852.0,299.441,18
2024-03-27 09:55:00-04:00,299.39,299.96,298.92,299.78,6672.0,299.22,39
2024-03-27 10:00:00-04:00,299.75,299.75,298.6,298.88,4845.0,299.005,39
2024-03-27 10:05:00-04:00,298.78,298.96,298.15,298.26,6641.0,298.524,52
2024-03-27 10:10:00-04:00,298.27,298.33,297.7,297.83,8406.0,298.03,71
2024-03-27 10:15:00-04:00,298.24,298.24,297.31,297.88,4437.0,297.758,37
2024-03-27 10:20:00-04:00,297.91,297.91,296.91,296.91,4091.0,297.457,30
2024-03-27 10:25:00-04:00,296.89,297.36,296.89,296.92,2129.0,297.081,19
2024-03-27 10:30:00-04:00,297.23,297.59,297.08,297.59,2506.0,297.336,24
2024-03-27 10:35:00-04:00,297.75,298.16,297.53,297.79,2158.0,297.849,14
2024-03-27 10:40:00-04:00,297.76,298.07,297.76,297.87,454.0,297.918,4
2024-03-27 10:45:00-04:00,297.89,297.89,297.33,297.33,2653.0,297.562,18
2024-03-27 10:50:00-04:00,297.26,297.42,296.96,297.42,1555.0,297.226,14
2024-03-27 10:55:00-04:00,297.39,297.82,297.29,297.82,2305.0,297.625,12
2024-03-27 11:00:00-04:00,297.52,298.04,297.51,297.69,2819.0,297.793,25
2024-03-27 11:05:00-04:00,297.92,298.21,297.91,298.09,4665.0,298.071,37
2024-03-27 11:10:00-04:00,298.0,298.07,297.79,298.07,1442.0,297.962,12
2024-03-27 11:15:00-04:00,298.18,298.18,297.92,298.09,1700.0,298.037,16
2024-03-27 11:20:00-04:00,298.01,298.13,297.68,297.79,1176.0,297.821,9
2024-03-27 11:25:00-04:00,297.93,298.05,297.51,297.56,2302.0,297.792,18
2024-03-27 11:30:00-04:00,297.56,297.56,297.56,297.56,0.0,297.56,0
2024-03-27 11:35:00-04:00,297.93,298.08,297.82,297.82,4845.0,297.973,43
2024-03-27 11:40:00-04:00,297.89,298.12,297.8,298.12,2035.0,297.917,20
2024-03-27 11:45:00-04:00,298.12,298.24,298.08,298.09,2212.0,298.116,17
2024-03-27 11:50:00-04:00,298.06,298.06,297.91,297.91,938.0,298.009,9
2024-03-27 11:55:00-04:00,297.93,297.97,297.92,297.93,800.0,297.935,8
2024-03-27 12:00:00-04:00,297.82,297.82,297.39,297.4,1201.0,297.556,12
2024-03-27 12:05:00-04:00,297.44,297.72,297.41,297.72,2060.0,297.512,16
2024-03-27 12:10:00-04:00,297.78,298.17,297.78,298.12,1630.0,298.005,16
2024-03-27 12:15:00-04:00,298.13,298.2,297.95,298.01,1308.0,298.04,9
2024-03-27 12:20:00-04:00,297.9,297.9,297.85,297.9,1227.0,297.884,9
2024-03-27 12:25:00-04:00,297.87,297.97,297.87,297.94,1341.0,297.911,12
2024-03-27 12:30:00-04:00,297.86,298.07,297.77,298.07,1205.0,297.947,11
2024-03-27 12:35:00-04:00,298.18,298.37,298.18,298.31,995.0,298.264,9
2024-03-27 12:40:00-04:00,298.4,298.4,298.19,298.19,300.0,298.308,3
2024-03-27 12:45:00-04:00,298.25,298.25,298.16,298.16,724.0,298.225,2
2024-03-27 12:50:00-04:00,298.2,298.22,298.07,298.12,1185.0,298.145,8
2024-03-27 12:55:00-04:00,298.06,298.11,297.88,298.01,1352.0,297.993,13
2024-03-27 13:00:00-04:00,298.01,298.07,297.88,297.97,3866.0,297.999,34
2024-03-27 13:05:00-04:00,297.87,297.87,297.66,297.66,601.0,297.776,6
2024-03-27 13:10:00-04:00,297.6,297.6,297.5,297.55,1452.0,297.545,7
2024-03-27 13:15:00-04:00,297.6,297.6,297.59,297.59,633.0,297.595,6
2024-03-27 13:20:00-04:00,297.69,297.81,297.52,297.52,1814.0,297.686,13
2024-03-27 13:25:00-04:00,297.58,297.72,297.58,297.7,973.0,297.645,9
2024-03-27 13:30:00-04:00,297.72,297.75,297.62,297.75,817.0,297.713,8
2024-03-27 13:35:00-04:00,297.75,297.9,297.69,297.9,1310.0,297.748,12
2024-03-27 13:40:00-04:00,297.73,297.76,297.7,297.71,597.0,297.733,5
2024-03-27 13:45:00-04:00,297.66,297.84,297.64,297.77,600.0,297.716,6
2024-03-27 13:50:00-04:00,297.73,297.73,296.99,297.0,2761.0,297.29,18
2024-03-27 13:55:00-04:00,297.02,297.27,297.01,297.17,1318.0,297.202,13
2024-03-27 14:00:00-04:00,297.01,297.08,297.01,297.07,728.0,297.063,6
2024-03-27 14:05:00-04:00,297.12,297.12,296.92,296.96,2841.0,297.025,26
2024-03-27 14:10:00-04:00,296.93,297.38,296.92,297.38,4764.0,297.019,47
2024-03-27 14:15:00-04:00,297.38,297.48,297.22,297.48,3317.0,297.339,30
2024-03-27 14:20:00-04:00,297.46,297.59,297.46,297.59,924.0,297.552,8
2024-03-27 14:25:00-04:00,297.74,297.85,297.67,297.68,1649.0,297.74,15
2024-03-27 14:30:00-04:00,297.75,297.78,297.46,297.48,1761.0,297.614,10
2024-03-27 14:35:00-04:00,297.45,297.45,297.45,297.45,226.0,297.45,2
2024-03-27 14:40:00-04:00,297.44,297.55,297.42,297.49,930.0,297.479,8
2024-03-27 14:45:00-04:00,297.46,297.5,297.41,297.41,500.0,297.444,5
2024-03-27 14:50:00-04:00,297.37,297.55,297.34,297.47,1240.0,297.44,12
2024-03-27 14:55:00-04:00,297.47,297.54,297.36,297.53,1150.0,297.459,11
2024-03-27 15:00:00-04:00,297.53,297.64,297.52,297.62,1000.0,297.599,10
2024-03-27 15:05:00-04:00,297.74,298.22,297.68,298.16,8285.0,297.908,47
2024-03-27 15:10:00-04:00,298.11,298.11,297.65,297.75,2001.0,297.756,17
2024-03-27 15:15:00-04:00,297.73,297.73,297.46,297.48,2698.0,297.513,21
2024-03-27 15:20:00-04:00,297.46,297.77,297.45,297.77,3713.0,297.598,36
2024-03-27 15:25:00-04:00,297.9,298.53,297.89,298.34,2891.0,298.188,25
2024-03-27 15:30:00-04:00,298.39,298.58,298.2,298.37,3378.0,298.373,19
2024-03-27 15:35:00-04:00,298.43,299.33,298.43,299.23,4309.0,298.855,32
2024-03-27 15:40:00-04:00,299.27,299.65,299.26,299.65,3982.0,299.458,34
2024-03-27 15:45:00-04:00,299.66,299.73,299.14,299.21,5500.0,299.404,45
2024-03-27 15:50:00-04:00,299.28,299.65,299.27,299.49,13651.0,299.433,107
2024-03-27 15:55:00-04:00,299.47,299.82,299.29,299.82,32202.0,299.515,238
2024-03-28 09:30:00-04:00,297.88,298.43,296.76,297.62,18067.0,297.79,37
2024-03-28 09:35:00-04:00,297.62,297.63,296.37,296.37,2867.0,297.212,27
2024-03-28 09:40:00-04:00,296.53,297.22,296.0,297.16,11422.0,296.745,91
2024-03-28 09:45:00-04:00,297.96,298.45,297.48,298.23,3093.0,298.05,24
2024-03-28 09:50:00-04:00,298.43,298.55,297.74,298.55,600.0,298.32,6
2024-03-28 09:55:00-04:00,298.53,299.03,298.53,298.83,2500.0,298.802,23
2024-03-28 10:00:00-04:00,299.13,299.45,298.99,299.19,5813.0,299.248,39
2024-03-28 10:05:00-04:00,299.21,299.53,299.2,299.4,2381.0,299.351,23
2024-03-28 10:10:00-04:00,299.4,299.55,298.95,299.17,4361.0,299.288,30
2024-03-28 10:15:00-04:00,299.27,299.31,298.93,299.1,1800.0,299.141,16
2024-03-28 10:20:00-04:00,298.95,299.46,298.95,299.46,3807.0,299.234,30
2024-03-28 10:25:00-04:00,299.33,299.45,299.3,299.31,908.0,299.331,7
2024-03-28 10:30:00-04:00,299.31,299.41,299.17,299.39,5184.0,299.303,43
2024-03-28 10:35:00-04:00,299.39,299.39,298.9,298.9,4829.0,299.239,40
2024-03-28 10:40:00-04:00,298.87,299.22,298.78,299.08,4813.0,298.979,41
2024-03-28 10:45:00-04:00,299.07,299.75,299.06,299.75,3273.0,299.293,26
2024-03-28 10:50:00-04:00,299.75,299.8,299.59,299.64,1934.0,299.701,14
2024-03-28 10:55:00-04:00,299.74,300.08,299.73,299.86,3933.0,299.932,33
2024-03-28 11:00:00-04:00,299.86,299.86,299.48,299.55,1524.0,299.603,14
2024-03-28 11:05:00-04:00,299.65,299.65,299.24,299.25,801.0,299.454,7
2024-03-28 11:10:00-04:00,299.14,299.21,298.86,299.01,4452.0,299.035,42
2024-03-28 11:15:00-04:00,299.13,299.13,298.59,298.75,7391.0,298.835,59
2024-03-28 11:20:00-04:00,298.7,298.84,298.61,298.83,916.0,298.73,8
2024-03-28 11:25:00-04:00,298.73,298.77,298.46,298.59,2882.0,298.662,27
2024-03-28 11:30:00-04:00,298.54,299.43,298.53,299.43,4946.0,298.941,46
2024-03-28 11:35:00-04:00,299.44,299.44,299.32,299.37,500.0,299.397,5
2024-03-28 11:40:00-04:00,299.48,299.53,299.35,299.44,700.0,299.434,7
2024-03-28 11:45:00-04:00,299.39,299.6,299.18,299.31,1306.0,299.32,12
2024-03-28 11:50:00-04:00,299.5,299.68,299.43,299.44,995.0,299.543,9
2024-03-28 11:55:00-04:00,299.63,299.63,299.43,299.43,700.0,299.527,6
2024-03-28 12:00:00-04:00,299.34,299.44,299.19,299.36,1870.0,299.319,18
2024-03-28 12:05:00-04:00,299.45,299.47,299.33,299.33,1039.0,299.414,9
2024-03-28 12:10:00-04:00,299.47,300.04,299.47,299.98,2627.0,299.759,22
2024-03-28 12:15:00-04:00,300.02,300.07,300.01,300.01,800.0,300.034,8
2024-03-28 12:20:00-04:00,300.02,300.06,299.53,299.56,2292.0,299.848,21
2024-03-28 12:25:00-04:00,299.6,299.6,299.32,299.53,1392.0,299.498,13
2024-03-28 12:30:00-04:00,299.39,299.39,299.07,299.07,1410.0,299.203,14
2024-03-28 12:35:00-04:00,299.01,299.18,299.01,299.14,939.0,299.098,9
2024-03-28 12:40:00-04:00,298.78,298.87,298.56,298.86,1718.0,298.76,15
2024-03-28 12:45:00-04:00,298.87,298.89,298.43,298.44,4669.0,298.679,42
2024-03-28 12:50:00-04:00,298.48,298.68,298.37,298.53,3514.0,298.53,33
2024-03-28 12:55:00-04:00,298.5,298.68,298.5,298.61,4414.0,298.587,36
2024-03-28 13:00:00-04:00,298.46,298.84,298.45,298.79,1950.0,298.627,18
2024-03-28 13:05:00-04:00,299.06,299.07,298.93,299.03,644.0,299.018,6
2024-03-28 13:10:00-04:00,298.97,298.97,298.69,298.81,1106.0,298.813,10
2024-03-28 13:15:00-04:00,298.69,298.81,298.65,298.8,1856.0,298.711,17
2024-03-28 13:20:00-04:00,298.74,298.74,298.65,298.65,200.0,298.693,2
2024-03-28 13:25:00-04:00,298.63,298.78,298.63,298.63,603.0,298.689,5
2024-03-28 13:30:00-04:00,298.66,298.87,298.54,298.76,2236.0,298.752,20
2024-03-28 13:35:00-04:00,298.71,299.11,298.71,298.96,3008.0,298.995,11
2024-03-28 13:40:00-04:00,298.96,299.16,298.96,299.13,945.0,299.101,7
2024-03-28 13:45:00-04:00,299.05,299.3,299.05,299.14,903.0,299.177,7
2024-03-28 13:50:00-04:00,299.17,299.24,299.17,299.19,579.0,299.21,5
2024-03-28 13:55:00-04:00,299.13,299.27,299.13,299.22,1000.0,299.214,9
2024-03-28 14:00:00-04:00,299.1,299.1,298.83,298.88,1676.0,298.973,13
2024-03-28 14:05:00-04:00,298.83,299.02,298.81,298.86,1610.0,298.898,14
2024-03-28 14:10:00-04:00,298.89,298.95,298.79,298.81,1370.0,298.845,13
2024-03-28 14:15:00-04:00,298.66,298.73,298.58,298.65,2105.0,298.665,20
2024-03-28 14:20:00-04:00,298.67,298.74,298.52,298.54,2573.0,298.652,18
2024-03-28 14:25:00-04:00,298.77,298.77,298.54,298.61,2345.0,298.635,18
2024-03-28 14:30:00-04:00,298.57,298.6,298.45,298.51,3903.0,298.533,34
2024-03-28 14:35:00-04:00,298.51,298.71,298.51,298.58,1021.0,298.609,9
2024-03-28 14:40:00-04:00,298.57,298.61,298.34,298.49,2525.0,298.472,22
2024-03-28 14:45:00-04:00,298.51,298.65,298.47,298.65,2308.0,298.565,21
2024-03-28 14:50:00-04:00,298.67,299.07,298.6,299.04,1686.0,298.874,16
2024-03-28 14:55:00-04:00,299.06,299.7,299.05,299.59,2947.0,299.35,27
2024-03-28 15:00:00-04:00,299.74,299.8,299.45,299.45,5056.0,299.631,46
2024-03-28 15:05:00-04:00,299.45,299.65,299.27,299.65,2840.0,299.431,22
2024-03-28 15:10:00-04:00,299.87,300.03,299.8,299.93,2276.0,299.945,21
2024-03-28 15:15:00-04:00,299.98,300.1,299.92,299.95,1575.0,299.998,13
2024-03-28 15:20:00-04:00,299.99,300.06,299.83,300.06,2651.0,299.938,19
2024-03-28 15:25:00-04:00,300.05,300.47,300.05,300.46,4391.0,300.344,33
2024-03-28 15:30:00-04:00,300.43,300.58,300.22,300.36,3477.0,300.423,29
2024-03-28 15:35:00-04:00,300.24,300.37,299.97,300.08,3059.0,300.219,29
2024-03-28 15:40:00-04:00,300.11,300.28,299.9,300.08,4115.0,300.155,22
2024-03-28 15:45:00-04:00,300.13,300.28,300.08,300.25,5363.0,300.181,44
2024-03-28 15:50:00-04:00,300.22,300.64,299.94,300.64,7235.0,300.24,60
2024-03-28 15:55:00-04:00,300.52,300.77,299.95,299.95,29329.0,300.337,206
2024-04-01 09:30:00-04:00,299.5,299.9,299.0,299.2,10626.0,299.452,15
2024-04-01 09:35:00-04:00,299.31,299.31,298.63,298.63,1000.0,298.761,10
2024-04-01 09:40:00-04:00,298.48,298.93,298.47,298.93,2300.0,298.683,23
2024-04-01 09:45:00-04:00,299.24,299.24,298.97,298.98,1600.0,299.026,15
2024-04-01 09:50:00-04:00,298.98,299.23,298.97,299.13,400.0,299.079,4
2024-04-01 09:55:00-04:00,299.06,299.41,299.06,299.38,1101.0,299.204,6
2024-04-01 10:00:00-04:00,299.22,299.3,299.01,299.22,1031.0,299.207,8
2024-04-01 10:05:00-04:00,299.13,299.13,298.84,298.93,615.0,298.964,6
2024-04-01 10:10:00-04:00,298.79,299.29,298.79,299.29,760.0,299.037,6
2024-04-01 10:15:00-04:00,299.3,299.91,299.3,299.73,1148.0,299.524,10
2024-04-01 10:20:00-04:00,299.6,299.79,299.58,299.79,1001.0,299.647,10
2024-04-01 10:25:00-04:00,299.74,299.74,299.58,299.71,475.0,299.7,4
2024-04-01 10:30:00-04:00,299.65,299.65,298.79,298.79,2047.0,299.225,13
2024-04-01 10:35:00-04:00,298.82,298.9,298.62,298.62,1400.0,298.809,13
2024-04-01 10:40:00-04:00,298.63,299.09,298.63,298.86,1884.0,298.837,18
2024-04-01 10:45:00-04:00,298.79,298.94,298.79,298.93,400.0,298.898,4
2024-04-01 10:50:00-04:00,298.97,299.08,298.87,298.88,775.0,298.975,6
2024-04-01 10:55:00-04:00,298.86,299.05,298.81,299.05,819.0,298.961,8
2024-04-01 11:00:00-04:00,298.93,299.28,298.7,299.28,2253.0,299.009,22
2024-04-01 11:05:00-04:00,299.17,299.17,298.86,298.98,1361.0,298.964,13
2024-04-01 11:10:00-04:00,298.7,298.91,298.7,298.87,841.0,298.832,8
2024-04-01 11:15:00-04:00,298.82,298.83,298.6,298.6,900.0,298.736,9
2024-04-01 11:20:00-04:00,298.7,299.22,298.6,298.95,1705.0,298.855,16
2024-04-01 11:25:00-04:00,298.99,299.09,298.98,299.0,1305.0,299.008,7
2024-04-01 11:30:00-04:00,298.97,298.97,298.73,298.81,800.0,298.801,8
2024-04-01 11:35:00-04:00,298.81,298.98,298.64,298.98,1712.0,298.746,9
2024-04-01 11:40:00-04:00,298.88,299.05,298.87,299.05,800.0,298.958,8
2024-04-01 11:45:00-04:00,299.05,299.14,298.97,299.14,800.0,299.066,8
2024-04-01 11:50:00-04:00,299.23,299.28,298.89,298.92,2338.0,299.103,21
2024-04-01 11:55:00-04:00,298.92,298.93,298.41,298.41,3822.0,298.707,20
2024-04-01 12:00:00-04:00,298.44,298.99,298.42,298.99,1305.0,298.668,11
2024-04-01 12:05:00-04:00,299.0,299.11,298.88,298.93,4265.0,298.98,28
2024-04-01 12:10:00-04:00,298.99,298.99,298.88,298.88,1029.0,298.921,8
2024-04-01 12:15:00-04:00,298.95,298.95,298.85,298.86,935.0,298.91,8
2024-04-01 12:20:00-04:00,298.81,298.97,298.71,298.95,1200.0,298.819,11
2024-04-01 12:25:00-04:00,298.99,299.16,298.99,299.11,447.0,299.099,4
2024-04-01 12:30:00-04:00,299.2,299.45,299.14,299.45,1776.0,299.231,13
2024-04-01 12:35:00-04:00,299.4,299.4,299.12,299.29,1944.0,299.258,19
2024-04-01 12:40:00-04:00,299.35,299.37,299.23,299.23,640.0,299.325,6
2024-04-01 12:45:00-04:00,299.19,299.24,299.01,299.15,2356.0,299.13,18
2024-04-01 12:50:00-04:00,299.15,299.15,299.07,299.1,731.0,299.114,7
2024-04-01 12:55:00-04:00,299.1,299.1,298.77,298.77,3499.0,298.935,17
2024-04-01 13:00:00-04:00,298.64,298.64,298.32,298.32,813.0,298.49,8
2024-04-01 13:05:00-04:00,298.28,298.45,298.15,298.32,2000.0,298.283,18
2024-04-01 13:10:00-04:00,298.33,298.48,298.31,298.32,707.0,298.386,7
2024-04-01 13:15:00-04:00,298.3,298.3,298.19,298.19,300.0,298.228,3
2024-04-01 13:20:00-04:00,298.02,298.1,298.0,298.02,900.0,298.032,9
2024-04-01 13:25:00-04:00,297.9,298.14,297.89,298.03,1885.0,298.008,14
2024-04-01 13:30:00-04:00,298.03,298.14,297.92,297.92,1300.0,298.052,13
2024-04-01 13:35:00-04:00,298.06,298.24,297.93,298.22,1885.0,298.096,16
2024-04-01 13:40:00-04:00,298.22,298.49,298.16,298.49,1310.0,298.288,12
2024-04-01 13:45:00-04:00,298.38,298.5,298.28,298.37,1000.0,298.388,10
2024-04-01 13:50:00-04:00,298.35,298.35,298.13,298.29,3761.0,298.238,32
2024-04-01 13:55:00-04:00,298.25,298.45,298.22,298.37,1823.0,298.342,18
2024-04-01 14:00:00-04:00,298.37,298.45,298.2,298.41,2248.0,298.341,21
2024-04-01 14:05:00-04:00,298.35,298.37,298.32,298.32,1049.0,298.356,9
2024-04-01 14:10:00-04:00,298.32,298.33,298.01,298.07,1500.0,298.142,14
2024-04-01 14:15:00-04:00,298.05,298.16,297.66,297.83,14414.0,298.045,63
2024-04-01 14:20:00-04:00,297.83,297.99,297.57,297.72,3300.0,297.776,28
2024-04-01 14:25:00-04:00,297.72,297.72,297.04,297.19,2772.0,297.345,24
2024-04-01 14:30:00-04:00,297.12,297.16,296.96,297.04,6315.0,297.079,49
2024-04-01 14:35:00-04:00,297.08,297.11,296.98,297.06,2545.0,297.063,22
2024-04-01 14:40:00-04:00,297.15,297.52,297.05,297.48,11827.0,297.308,78
2024-04-01 14:45:00-04:00,297.49,297.49,296.77,296.77,6384.0,297.142,52
2024-04-01 14:50:00-04:00,296.89,297.18,296.14,296.75,25708.0,296.723,172
2024-04-01 14:55:00-04:00,296.91,297.05,296.72,296.79,3801.0,296.91,34
2024-04-01 15:00:00-04:00,296.92,296.92,296.65,296.87,6652.0,296.786,49
2024-04-01 15:05:00-04:00,296.86,297.08,296.76,296.9,7424.0,296.918,47
2024-04-01 15:10:00-04:00,296.94,297.15,296.89,297.06,6644.0,297.022,41
2024-04-01 15:15:00-04:00,296.98,297.16,296.11,296.76,48693.0,296.424,235
2024-04-01 15:20:00-04:00,296.72,296.88,296.56,296.58,4127.0,296.727,36
2024-04-01 15:25:00-04:00,296.68,296.87,296.61,296.82,4702.0,296.754,35
2024-04-01 15:30:00-04:00,296.71,296.82,296.61,296.81,9093.0,296.703,74
2024-04-01 15:35:00-04:00,296.81,296.89,296.26,296.26,12761.0,296.574,100
2024-04-01 15:40:00-04:00,296.27,296.8,296.23,296.65,10389.0,296.517,77
2024-04-01 15:45:00-04:00,296.69,296.94,296.64,296.89,18032.0,296.786,108
2024-04-01 15:50:00-04:00,296.89,297.07,296.56,296.94,21402.0,296.831,137
2024-04-01 15:55:00-04:00,297.05,297.07,296.56,296.64,63116.0,296.75,442
2024-04-02 09:30:00-04:00,297.91,298.95,293.08,294.75,79804.0,295.851,165
2024-04-02 09:35:00-04:00,293.89,295.88,293.24,295.86,15480.0,295.04,123
2024-04-02 09:40:00-04:00,295.83,296.39,295.38,295.83,6000.0,296.002,29
2024-04-02 09:45:00-04:00,295.37,295.71,294.48,294.88,18049.0,294.892,64
2024-04-02 09:50:00-04:00,295.13,295.27,293.16,293.29,11080.0,293.985,68
2024-04-02 09:55:00-04:00,293.49,293.84,293.3,293.67,6844.0,293.57,52
2024-04-02 10:00:00-04:00,293.8,294.43,293.78,294.1,8485.0,294.107,70
2024-04-02 10:05:00-04:00,294.25,294.52,294.03,294.03,1342.0,294.236,10
2024-04-02 10:10:00-04:00,293.99,294.04,293.71,294.04,2200.0,293.869,19
2024-04-02 10:15:00-04:00,294.25,294.63,294.13,294.63,1999.0,294.351,17
2024-04-02 10:20:00-04:00,294.69,295.05,294.51,294.58,2400.0,294.847,19
2024-04-02 10:25:00-04:00,294.71,294.72,294.39,294.72,1366.0,294.593,12
2024-04-02 10:30:00-04:00,294.73,295.35,294.73,295.35,12197.0,295.086,47
2024-04-02 10:35:00-04:00,295.48,296.04,295.48,296.04,5097.0,295.727,31
2024-04-02 10:40:00-04:00,296.05,296.5,296.05,296.16,3045.0,296.287,25
2024-04-02 10:45:00-04:00,295.98,296.3,295.73,296.27,5714.0,296.013,46
2024-04-02 10:50:00-04:00,296.24,296.24,295.87,295.92,2794.0,296.059,24
2024-04-02 10:55:00-04:00,295.98,296.23,295.88,296.17,9487.0,296.03,77
2024-04-02 11:00:00-04:00,296.49,296.67,296.34,296.48,2345.0,296.517,20
2024-04-02 11:05:00-04:00,296.47,296.97,296.47,296.95,1723.0,296.714,16
2024-04-02 11:10:00-04:00,296.82,297.31,296.59,297.31,3594.0,296.846,31
2024-04-02 11:15:00-04:00,297.31,297.31,297.01,297.15,3700.0,297.127,22
2024-04-02 11:20:00-04:00,297.16,297.4,296.74,296.76,3936.0,297.093,31
2024-04-02 11:25:00-04:00,296.79,296.89,296.69,296.84,5065.0,296.81,25
2024-04-02 11:30:00-04:00,296.68,297.36,296.5,297.23,13784.0,296.732,48
2024-04-02 11:35:00-04:00,297.28,297.35,296.15,296.15,3021.0,296.812,27
2024-04-02 11:40:00-04:00,296.12,296.76,295.78,296.55,15335.0,296.202,62
2024-04-02 11:45:00-04:00,296.57,296.68,296.23,296.25,1971.0,296.418,14
2024-04-02 11:50:00-04:00,296.25,296.27,296.05,296.14,1600.0,296.184,14
2024-04-02 11:55:00-04:00,296.27,296.68,296.27,296.68,3587.0,296.553,23
2024-04-02 12:00:00-04:00,296.58,297.22,296.58,297.0,7721.0,296.956,61
2024-04-02 12:05:00-04:00,297.0,297.12,296.9,296.97,3225.0,296.993,29
2024-04-02 12:10:00-04:00,297.04,297.08,296.56,296.65,2644.0,296.878,23
2024-04-02 12:15:00-04:00,296.52,296.94,296.5,296.94,2417.0,296.727,24
2024-04-02 12:20:00-04:00,297.02,297.28,296.99,297.13,4040.0,297.114,25
2024-04-02 12:25:00-04:00,297.17,297.21,297.03,297.11,2567.0,297.134,20
2024-04-02 12:30:00-04:00,297.1,297.1,296.83,296.97,2400.0,296.973,19
2024-04-02 12:35:00-04:00,297.02,297.14,296.89,297.13,3615.0,297.004,28
2024-04-02 12:40:00-04:00,297.09,297.09,296.86,296.91,4543.0,296.987,32
2024-04-02 12:45:00-04:00,296.91,297.38,296.9,297.38,4851.0,297.081,25
2024-04-02 12:50:00-04:00,297.28,297.41,297.24,297.31,1209.0,297.305,12
2024-04-02 12:55:00-04:00,297.31,297.32,297.02,297.05,4221.0,297.122,21
2024-04-02 13:00:00-04:00,297.14,297.2,296.99,297.2,2211.0,297.098,22
2024-04-02 13:05:00-04:00,297.19,297.19,296.96,296.96,1474.0,297.064,14
2024-04-02 13:10:00-04:00,296.88,296.88,296.81,296.88,750.0,296.869,7
2024-04-02 13:15:00-04:00,296.83,296.83,296.58,296.62,2476.0,296.712,22
2024-04-02 13:20:00-04:00,296.61,296.72,296.57,296.66,1481.0,296.642,14
2024-04-02 13:25:00-04:00,296.64,296.75,296.61,296.67,1200.0,296.674,12
2024-04-02 13:30:00-04:00,296.65,296.76,296.6,296.75,1700.0,296.659,16
2024-04-02 13:35:00-04:00,296.83,296.83,296.31,296.44,3007.0,296.534,27
2024-04-02 13:40:00-04:00,296.31,296.35,296.18,296.18,2641.0,296.283,24
2024-04-02 13:45:00-04:00,296.24,296.26,295.67,296.12,5733.0,296.013,48
2024-04-02 13:50:00-04:00,296.13,296.54,296.07,296.53,4542.0,296.208,36
2024-04-02 13:55:00-04:00,296.68,296.71,296.44,296.44,2342.0,296.541,17
2024-04-02 14:00:00-04:00,296.47,296.59,296.46,296.5,1530.0,296.496,13
2024-04-02 14:05:00-04:00,296.5,297.02,296.4,297.02,13527.0,296.537,56
2024-04-02 14:10:00-04:00,296.91,297.51,296.65,296.7,10496.0,297.118,83
2024-04-02 14:15:00-04:00,296.83,297.13,296.83,297.13,1700.0,296.996,17
2024-04-02 14:20:00-04:00,297.14,297.2,297.01,297.05,2485.0,297.054,17
2024-04-02 14:25:00-04:00,297.14,297.61,297.13,297.61,4281.0,297.385,38
2024-04-02 14:30:00-04:00,297.61,297.88,297.57,297.88,3235.0,297.757,32
2024-04-02 14:35:00-04:00,297.76,298.07,297.74,297.99,10676.0,297.844,93
2024-04-02 14:40:00-04:00,298.03,298.19,297.79,298.02,7001.0,297.99,60
2024-04-02 14:45:00-04:00,297.98,298.14,297.9,298.07,9155.0,298.022,72
2024-04-02 14:50:00-04:00,298.1,298.18,297.98,298.1,4366.0,298.046,36
2024-04-02 14:55:00-04:00,298.14,298.14,297.91,298.06,15916.0,298.039,39
2024-04-02 15:00:00-04:00,298.06,298.39,298.04,298.38,3546.0,298.244,30
2024-04-02 15:05:00-04:00,298.38,298.59,298.26,298.4,9056.0,298.422,87
2024-04-02 15:10:00-04:00,298.47,298.58,298.27,298.29,6846.0,298.451,55
2024-04-02 15:15:00-04:00,298.15,298.21,297.98,298.07,9688.0,298.054,81
2024-04-02 15:20:00-04:00,298.11,298.3,297.96,298.25,6160.0,298.155,59
2024-04-02 15:25:00-04:00,298.25,298.32,298.12,298.29,3350.0,298.223,28
2024-04-02 15:30:00-04:00,298.29,298.29,297.95,297.97,8164.0,298.142,79
2024-04-02 15:35:00-04:00,297.89,298.03,297.78,298.03,4338.0,297.886,41
2024-04-02 15:40:00-04:00,297.99,298.25,297.81,298.22,5697.0,297.993,51
2024-04-02 15:45:00-04:00,298.1,298.11,297.73,297.81,9205.0,297.959,80
2024-04-02 15:50:00-04:00,297.72,297.81,297.09,297.5,14434.0,297.449,129
2024-04-02 15:55:00-04:00,297.57,297.77,297.27,297.77,68120.0,297.559,518
2024-04-03 09:30:00-04:00,297.81,299.26,297.58,299.25,18734.0,298.117,43
2024-04-03 09:35:00-04:00,299.64,300.8,299.25,300.26,6424.0,299.932,18
2024-04-03 09:40:00-04:00,300.26,301.07,299.91,301.07,3000.0,300.383,25
2024-04-03 09:45:00-04:00,301.5,301.53,300.47,300.67,4267.0,300.885,37
2024-04-03 09:50:00-04:00,300.81,301.06,300.01,300.16,3278.0,300.578,28
2024-04-03 09:55:00-04:00,300.19,300.28,299.92,299.92,2065.0,300.131,19
2024-04-03 10:00:00-04:00,300.25,301.35,300.25,301.32,6254.0,300.82,24
2024-04-03 10:05:00-04:00,301.54,301.65,301.02,301.07,3240.0,301.385,27
2024-04-03 10:10:00-04:00,300.94,301.65,300.94,301.65,3267.0,301.172,31
2024-04-03 10:15:00-04:00,301.7,301.84,301.52,301.65,5375.0,301.665,38
2024-04-03 10:20:00-04:00,301.66,301.76,301.17,301.17,3990.0,301.448,34
2024-04-03 10:25:00-04:00,301.25,301.58,301.09,301.22,4983.0,301.248,49
2024-04-03 10:30:00-04:00,301.35,302.27,301.35,302.23,3797.0,301.98,33
2024-04-03 10:35:00-04:00,302.22,302.61,302.17,302.17,5362.0,302.346,25
2024-04-03 10:40:00-04:00,302.04,302.39,302.02,302.21,2188.0,302.271,20
2024-04-03 10:45:00-04:00,302.31,302.95,302.31,302.94,2811.0,302.652,27
2024-04-03 10:50:00-04:00,302.99,303.14,302.96,303.06,1900.0,303.039,17
2024-04-03 10:55:00-04:00,302.96,303.11,302.49,302.69,2584.0,302.792,25
2024-04-03 11:00:00-04:00,302.74,302.74,302.44,302.46,2903.0,302.57,27
2024-04-03 11:05:00-04:00,302.42,302.43,302.15,302.28,2000.0,302.298,18
2024-04-03 11:10:00-04:00,302.28,302.51,302.28,302.45,1421.0,302.405,14
2024-04-03 11:15:00-04:00,302.5,302.51,302.23,302.49,1699.0,302.368,15
2024-04-03 11:20:00-04:00,302.59,302.85,302.59,302.74,1650.0,302.712,14
2024-04-03 11:25:00-04:00,302.69,302.73,302.27,302.35,3775.0,302.457,33
2024-04-03 11:30:00-04:00,302.43,302.43,301.8,301.8,2026.0,302.062,14
2024-04-03 11:35:00-04:00,301.86,301.88,301.71,301.84,1827.0,301.767,10
2024-04-03 11:40:00-04:00,301.92,302.02,301.85,302.0,765.0,301.955,7
2024-04-03 11:45:00-04:00,301.99,302.09,301.98,302.09,800.0,302.046,8
2024-04-03 11:50:00-04:00,301.99,302.0,301.68,301.69,1198.0,301.865,11
2024-04-03 11:55:00-04:00,301.7,301.73,301.42,301.42,1032.0,301.61,5
2024-04-03 12:00:00-04:00,301.26,301.41,301.1,301.32,900.0,301.26,9
2024-04-03 12:05:00-04:00,301.23,301.44,301.23,301.44,1406.0,301.345,13
2024-04-03 12:10:00-04:00,301.38,301.54,301.37,301.48,900.0,301.463,9
2024-04-03 12:15:00-04:00,301.5,301.7,301.4,301.7,2405.0,301.506,18
2024-04-03 12:20:00-04:00,301.62,301.86,301.53,301.86,1366.0,301.681,13
2024-04-03 12:25:00-04:00,301.81,302.0,301.8,302.0,431.0,301.907,4
2024-04-03 12:30:00-04:00,302.1,302.25,301.95,302.25,1596.0,302.103,13
2024-04-03 12:35:00-04:00,302.23,302.24,301.48,301.48,11872.0,301.822,92
2024-04-03 12:40:00-04:00,301.59,301.92,301.59,301.91,1635.0,301.801,13
2024-04-03 12:45:00-04:00,301.88,302.16,301.83,301.9,1720.0,302.005,17
2024-04-03 12:50:00-04:00,301.97,302.18,301.97,302.11,1285.0,302.046,10
2024-04-03 12:55:00-04:00,302.19,302.2,302.15,302.15,300.0,302.175,3
2024-04-03 13:00:00-04:00,302.32,302.33,302.02,302.15,588.0,302.169,5
2024-04-03 13:05:00-04:00,302.23,302.23,302.1,302.2,1200.0,302.168,11
2024-04-03 13:10:00-04:00,302.3,302.3,302.06,302.12,1200.0,302.222,12
2024-04-03 13:15:00-04:00,302.09,302.19,302.05,302.13,2025.0,302.131,9
2024-04-03 13:20:00-04:00,302.03,302.09,301.93,301.93,711.0,301.984,7
2024-04-03 13:25:00-04:00,301.94,301.95,301.76,301.78,1224.0,301.882,10
2024-04-03 13:30:00-04:00,301.8,301.93,301.8,301.87,300.0,301.867,3
2024-04-03 13:35:00-04:00,301.96,301.96,301.78,301.78,1284.0,301.899,11
2024-04-03 13:40:00-04:00,301.84,301.88,301.68,301.88,500.0,301.799,5
2024-04-03 13:45:00-04:00,301.68,301.71,301.6,301.71,1282.0,301.668,9
2024-04-03 13:50:00-04:00,301.78,301.98,301.74,301.95,1434.0,301.848,14
2024-04-03 13:55:00-04:00,301.95,302.22,301.95,302.16,1208.0,302.087,12
2024-04-03 14:00:00-04:00,302.07,302.18,301.96,302.02,1547.0,302.083,12
2024-04-03 14:05:00-04:00,302.13,302.25,302.13,302.18,1264.0,302.194,9
2024-04-03 14:10:00-04:00,302.28,302.28,302.07,302.25,700.0,302.203,7
2024-04-03 14:15:00-04:00,302.28,302.28,301.71,301.77,1875.0,301.963,17
2024-04-03 14:20:00-04:00,301.97,301.97,301.97,301.97,200.0,301.97,2
2024-04-03 14:25:00-04:00,301.78,301.78,301.68,301.7,1139.0,301.716,6
2024-04-03 14:30:00-04:00,301.56,301.62,301.43,301.43,1727.0,301.547,13
2024-04-03 14:35:00-04:00,301.63,301.7,301.61,301.63,1402.0,301.653,12
2024-04-03 14:40:00-04:00,301.72,301.94,301.72,301.94,2062.0,301.805,20
2024-04-03 14:45:00-04:00,301.93,301.93,301.68,301.68,1395.0,301.826,13
2024-04-03 14:50:00-04:00,301.75,301.84,301.64,301.81,1480.0,301.766,11
2024-04-03 14:55:00-04:00,301.87,302.03,301.87,301.9,1203.0,301.931,12
2024-04-03 15:00:00-04:00,301.92,301.92,301.76,301.87,1149.0,301.82,10
2024-04-03 15:05:00-04:00,301.85,302.25,301.84,302.24,3425.0,302.061,30
2024-04-03 15:10:00-04:00,302.24,302.26,301.4,301.4,4510.0,301.953,44
2024-04-03 15:15:00-04:00,301.22,301.71,300.84,301.65,1928.0,301.381,18
2024-04-03 15:20:00-04:00,301.64,301.64,301.25,301.28,2279.0,301.417,15
2024-04-03 15:25:00-04:00,301.32,301.37,301.02,301.04,6644.0,301.133,24
2024-04-03 15:30:00-04:00,301.1,301.46,300.98,301.15,8892.0,301.166,49
2024-04-03 15:35:00-04:00,301.31,301.59,301.31,301.41,4023.0,301.48,30
2024-04-03 15:40:00-04:00,301.41,301.73,301.39,301.57,5534.0,301.535,32
2024-04-03 15:45:00-04:00,301.69,301.77,301.6,301.71,12727.0,301.732,25
2024-04-03 15:50:00-04:00,301.62,301.87,301.47,301.47,6816.0,301.646,63
2024-04-03 15:55:00-04:00,301.37,301.71,301.3,301.34,28741.0,301.481,228
2024-04-04 09:30:00-04:00,304.97,305.36,304.06,305.0,9813.0,304.97,7
2024-04-04 09:35:00-04:00,304.92,306.13,304.76,305.17,14180.0,305.192,48
2024-04-04 09:40:00-04:00,305.33,305.46,304.84,304.85,2302.0,305.065,16
2024-04-04 09:45:00-04:00,304.92,305.05,304.3,304.62,6156.0,304.679,45
2024-04-04 09:50:00-04:00,304.54,304.54,303.8,303.8,1205.0,304.284,11
2024-04-04 09:55:00-04:00,303.93,304.11,303.8,303.9,1200.0,303.904,12
2024-04-04 10:00:00-04:00,303.94,304.12,303.49,304.1,2529.0,303.832,24
2024-04-04 10:05:00-04:00,304.02,304.41,303.99,304.41,1964.0,304.178,16
2024-04-04 10:10:00-04:00,304.8,304.8,304.44,304.52,2810.0,304.61,25
2024-04-04 10:15:00-04:00,304.47,304.82,304.46,304.48,1900.0,304.651,19
2024-04-04 10:20:00-04:00,304.49,304.91,304.49,304.91,1280.0,304.724,11
2024-04-04 10:25:00-04:00,304.82,305.19,304.65,305.03,2371.0,304.879,21
2024-04-04 10:30:00-04:00,305.16,305.16,304.73,304.78,4099.0,304.942,34
2024-04-04 10:35:00-04:00,304.83,305.0,304.59,304.62,3099.0,304.807,28
2024-04-04 10:40:00-04:00,304.61,304.8,304.61,304.63,1600.0,304.646,7
2024-04-04 10:45:00-04:00,304.63,304.73,304.53,304.55,1849.0,304.608,15
2024-04-04 10:50:00-04:00,304.68,305.06,304.58,304.7,1814.0,304.812,17
2024-04-04 10:55:00-04:00,304.67,305.04,304.25,304.48,6398.0,304.655,54
2024-04-04 11:00:00-04:00,304.49,304.96,304.48,304.63,4165.0,304.743,33
2024-04-04 11:05:00-04:00,304.42,304.49,304.34,304.35,1100.0,304.416,11
2024-04-04 11:10:00-04:00,304.43,304.51,304.18,304.35,1791.0,304.328,16
2024-04-04 11:15:00-04:00,304.33,304.44,304.32,304.34,1416.0,304.366,14
2024-04-04 11:20:00-04:00,304.33,304.34,304.2,304.29,2265.0,304.272,20
2024-04-04 11:25:00-04:00,304.3,304.36,304.25,304.35,2413.0,304.317,19
2024-04-04 11:30:00-04:00,304.34,304.34,303.92,303.93,2100.0,304.161,19
2024-04-04 11:35:00-04:00,303.92,304.05,303.92,304.02,1511.0,304.009,13
2024-04-04 11:40:00-04:00,304.02,304.18,304.02,304.03,2293.0,304.101,21
2024-04-04 11:45:00-04:00,304.04,304.04,303.9,303.98,2855.0,303.975,18
2024-04-04 11:50:00-04:00,303.94,304.24,303.85,304.15,3045.0,304.05,29
2024-04-04 11:55:00-04:00,304.26,304.3,304.13,304.3,4026.0,304.261,15
2024-04-04 12:00:00-04:00,304.2,304.32,303.93,303.94,6510.0,304.245,32
2024-04-04 12:05:00-04:00,304.06,304.17,304.04,304.15,2934.0,304.087,27
2024-04-04 12:10:00-04:00,304.15,304.15,303.9,303.97,1908.0,304.02,19
2024-04-04 12:15:00-04:00,303.96,303.97,303.7,303.72,1300.0,303.825,13
2024-04-04 12:20:00-04:00,303.65,303.65,303.31,303.31,3364.0,303.468,14
2024-04-04 12:25:00-04:00,303.31,303.34,303.19,303.25,14078.0,303.244,30
2024-04-04 12:30:00-04:00,303.25,303.35,303.16,303.28,1261.0,303.242,8
2024-04-04 12:35:00-04:00,303.1,303.37,303.0,303.37,2663.0,303.163,22
2024-04-04 12:40:00-04:00,303.48,303.48,303.29,303.3,2327.0,303.381,22
2024-04-04 12:45:00-04:00,303.22,303.69,303.14,303.69,30443.0,303.234,31
2024-04-04 12:50:00-04:00,303.7,303.82,303.7,303.82,500.0,303.732,5
2024-04-04 12:55:00-04:00,303.92,304.1,303.7,303.7,1396.0,303.908,10
2024-04-04 13:00:00-04:00,303.8,303.8,303.58,303.59,3757.0,303.731,16
2024-04-04 13:05:00-04:00,303.55,303.55,303.42,303.53,1336.0,303.46,13
2024-04-04 13:10:00-04:00,303.5,303.65,303.46,303.54,1133.0,303.549,10
2024-04-04 13:15:00-04:00,303.56,303.56,303.23,303.23,1688.0,303.411,16
2024-04-04 13:20:00-04:00,303.3,303.37,303.26,303.32,500.0,303.313,5
2024-04-04 13:25:00-04:00,303.22,303.34,303.07,303.3,1918.0,303.238,17
2024-04-04 13:30:00-04:00,303.29,303.33,303.21,303.21,814.0,303.279,8
2024-04-04 13:35:00-04:00,303.11,303.17,303.0,303.0,1091.0,303.114,10
2024-04-04 13:40:00-04:00,303.02,303.02,302.74,302.88,1567.0,302.884,12
2024-04-04 13:45:00-04:00,302.77,302.83,302.58,302.58,1800.0,302.719,16
2024-04-04 13:50:00-04:00,302.57,302.66,302.55,302.66,764.0,302.603,6
2024-04-04 13:55:00-04:00,302.68,302.74,302.48,302.48,1300.0,302.683,13
2024-04-04 14:00:00-04:00,302.38,302.45,302.05,302.06,1349.0,302.259,10
2024-04-04 14:05:00-04:00,302.18,302.21,301.53,301.53,1819.0,301.899,18
2024-04-04 14:10:00-04:00,301.4,301.4,301.05,301.06,1142.0,301.244,10
2024-04-04 14:15:00-04:00,300.96,301.12,300.71,301.11,10728.0,300.89,96
2024-04-04 14:20:00-04:00,300.9,301.41,300.9,301.41,1052.0,301.133,9
2024-04-04 14:25:00-04:00,301.41,301.47,300.3,300.43,3831.0,300.82,32
2024-04-04 14:30:00-04:00,300.2,300.3,299.49,299.61,1909.0,299.879,19
2024-04-04 14:35:00-04:00,299.45,300.15,299.45,299.9,5828.0,300.003,20
2024-04-04 14:40:00-04:00,299.54,299.54,298.85,298.88,3561.0,299.172,26
2024-04-04 14:45:00-04:00,298.92,299.46,298.92,299.27,3431.0,299.222,28
2024-04-04 14:50:00-04:00,299.2,299.53,299.14,299.14,1928.0,299.298,17
2024-04-04 14:55:00-04:00,299.02,299.02,298.46,298.47,2417.0,298.7,23
2024-04-04 15:00:00-04:00,298.43,298.58,297.66,298.24,4502.0,298.055,41
2024-04-04 15:05:00-04:00,298.41,298.92,298.41,298.92,1913.0,298.651,15
2024-04-04 15:10:00-04:00,298.77,298.85,298.15,298.53,3134.0,298.412,28
2024-04-04 15:15:00-04:00,298.38,298.38,298.02,298.15,2364.0,298.193,21
2024-04-04 15:20:00-04:00,298.22,298.52,298.22,298.43,1813.0,298.361,17
2024-04-04 15:25:00-04:00,298.44,298.44,297.49,297.49,1800.0,297.965,17
2024-04-04 15:30:00-04:00,297.63,297.99,297.59,297.88,3149.0,297.788,25
2024-04-04 15:35:00-04:00,297.86,297.86,297.04,297.17,6609.0,297.413,51
2024-04-04 15:40:00-04:00,297.26,297.37,296.85,297.18,8089.0,296.993,38
2024-04-04 15:45:00-04:00,297.06,297.99,297.06,297.99,3614.0,297.49,33
2024-04-04 15:50:00-04:00,298.07,298.14,296.77,297.54,10290.0,297.291,78
2024-04-04 15:55:00-04:00,297.53,297.68,296.93,297.54,35430.0,297.283,237
2024-04-05 09:30:00-04:00,299.96,300.49,298.93,299.05,13027.0,299.936,15
2024-04-05 09:35:00-04:00,299.75,301.11,299.22,301.07,2599.0,300.373,23
2024-04-05 09:40:00-04:00,301.07,302.02,300.67,301.66,3229.0,301.613,29
2024-04-05 09:45:00-04:00,301.66,301.77,301.08,301.5,1869.0,301.337,16
2024-04-05 09:50:00-04:00,301.49,302.6,301.47,302.5,8933.0,302.192,37
2024-04-05 09:55:00-04:00,302.74,302.74,301.98,302.0,4447.0,302.182,41
2024-04-05 10:00:00-04:00,302.22,303.09,302.15,302.57,6325.0,302.76,52
2024-04-05 10:05:00-04:00,302.86,303.41,302.51,302.51,5173.0,303.009,34
2024-04-05 10:10:00-04:00,302.41,302.82,302.37,302.74,1585.0,302.686,14
2024-04-05 10:15:00-04:00,302.59,302.66,302.31,302.48,1750.0,302.505,15
2024-04-05 10:20:00-04:00,302.59,302.62,302.33,302.62,2967.0,302.427,28
2024-04-05 10:25:00-04:00,302.57,302.65,302.12,302.34,2754.0,302.398,21
2024-04-05 10:30:00-04:00,302.31,302.69,302.31,302.34,1436.0,302.511,13
2024-04-05 10:35:00-04:00,302.25,302.25,302.06,302.06,2002.0,302.165,19
2024-04-05 10:40:00-04:00,301.94,302.46,301.93,302.22,2494.0,302.224,20
2024-04-05 10:45:00-04:00,302.17,302.47,302.07,302.17,4896.0,302.258,41
2024-04-05 10:50:00-04:00,302.15,302.63,302.15,302.59,2121.0,302.446,18
2024-04-05 10:55:00-04:00,302.59,303.67,302.57,303.66,6374.0,303.219,57
2024-04-05 11:00:00-04:00,303.58,303.62,303.03,303.03,10674.0,303.442,79
2024-04-05 11:05:00-04:00,302.93,303.12,302.75,303.12,5004.0,302.947,27
2024-04-05 11:10:00-04:00,303.04,303.2,302.98,303.08,5587.0,303.105,37
2024-04-05 11:15:00-04:00,303.08,303.25,302.5,302.5,6968.0,302.945,58
2024-04-05 11:20:00-04:00,302.38,302.85,302.34,302.85,1311.0,302.592,12
2024-04-05 11:25:00-04:00,302.98,303.35,302.9,303.15,2145.0,303.033,21
2024-04-05 11:30:00-04:00,303.27,303.64,303.06,303.4,4937.0,303.349,41
2024-04-05 11:35:00-04:00,303.24,303.24,303.13,303.17,706.0,303.19,7
2024-04-05 11:40:00-04:00,303.3,303.86,303.18,303.8,2436.0,303.61,22
2024-04-05 11:45:00-04:00,303.87,303.95,303.8,303.81,1118.0,303.893,11
2024-04-05 11:50:00-04:00,303.88,303.91,303.56,303.73,1931.0,303.771,17
2024-04-05 11:55:00-04:00,303.92,304.45,303.91,304.11,3340.0,304.203,27
2024-04-05 12:00:00-04:00,304.22,304.36,304.22,304.36,2698.0,304.277,17
2024-04-05 12:05:00-04:00,304.38,304.63,304.26,304.62,1924.0,304.461,16
2024-04-05 12:10:00-04:00,304.79,304.96,304.54,304.68,3035.0,304.693,30
2024-04-05 12:15:00-04:00,304.55,305.0,304.46,304.99,4985.0,304.729,40
2024-04-05 12:20:00-04:00,304.88,304.95,304.33,304.61,2956.0,304.679,25
2024-04-05 12:25:00-04:00,304.8,304.95,304.8,304.84,3240.0,304.875,25
2024-04-05 12:30:00-04:00,304.81,304.81,304.56,304.73,2309.0,304.674,21
2024-04-05 12:35:00-04:00,304.69,305.18,304.64,305.17,2189.0,304.985,19
2024-04-05 12:40:00-04:00,305.24,305.24,304.99,304.99,5506.0,305.077,48
2024-04-05 12:45:00-04:00,305.06,305.17,304.76,304.84,4537.0,304.926,33
2024-04-05 12:50:00-04:00,304.99,305.14,304.98,305.06,2102.0,305.046,13
2024-04-05 12:55:00-04:00,305.17,305.59,305.11,305.4,4031.0,305.299,29
2024-04-05 13:00:00-04:00,305.5,305.5,304.8,304.8,2817.0,305.145,27
2024-04-05 13:05:00-04:00,304.91,304.91,304.52,304.54,2025.0,304.668,20
2024-04-05 13:10:00-04:00,304.54,304.79,304.35,304.35,1903.0,304.593,18
2024-04-05 13:15:00-04:00,304.4,304.5,304.29,304.35,1511.0,304.42,13
2024-04-05 13:20:00-04:00,304.36,304.63,303.94,303.95,5808.0,304.304,51
2024-04-05 13:25:00-04:00,303.95,304.12,303.81,304.12,2249.0,304.006,19
2024-04-05 13:30:00-04:00,304.06,304.38,304.06,304.27,1650.0,304.227,15
2024-04-05 13:35:00-04:00,304.26,304.46,304.13,304.13,2906.0,304.335,28
2024-04-05 13:40:00-04:00,304.06,304.06,303.24,303.73,5294.0,303.609,39
2024-04-05 13:45:00-04:00,303.69,303.7,303.28,303.44,2000.0,303.411,19
2024-04-05 13:50:00-04:00,303.48,303.48,303.05,303.15,2267.0,303.286,22
2024-04-05 13:55:00-04:00,303.22,303.22,302.42,302.88,2914.0,302.902,27
2024-04-05 14:00:00-04:00,302.85,303.1,302.68,303.1,2579.0,302.891,25
2024-04-05 14:05:00-04:00,303.22,304.07,303.13,304.03,6273.0,303.552,49
2024-04-05 14:10:00-04:00,304.02,304.05,303.74,303.93,4351.0,303.915,41
2024-04-05 14:15:00-04:00,303.96,303.96,303.74,303.89,1704.0,303.847,17
2024-04-05 14:20:00-04:00,303.89,304.14,303.62,303.66,3127.0,303.893,30
2024-04-05 14:25:00-04:00,303.61,303.73,303.06,303.06,2509.0,303.418,24
2024-04-05 14:30:00-04:00,303.27,303.49,303.22,303.49,2771.0,303.375,25
2024-04-05 14:35:00-04:00,303.55,303.72,303.46,303.51,2151.0,303.565,21
2024-04-05 14:40:00-04:00,303.67,303.67,303.2,303.53,2768.0,303.447,25
2024-04-05 14:45:00-04:00,303.44,303.44,303.09,303.09,1400.0,303.216,13
2024-04-05 14:50:00-04:00,303.24,303.44,303.18,303.27,2157.0,303.327,17
2024-04-05 14:55:00-04:00,303.21,303.49,303.21,303.44,1594.0,303.362,14
2024-04-05 15:00:00-04:00,303.58,303.71,303.46,303.68,2277.0,303.597,21
2024-04-05 15:05:00-04:00,303.72,303.83,303.45,303.55,2974.0,303.691,27
2024-04-05 15:10:00-04:00,303.48,303.84,303.48,303.84,2752.0,303.569,16
2024-04-05 15:15:00-04:00,303.98,304.1,303.68,304.1,3005.0,303.914,29
2024-04-05 15:20:00-04:00,304.04,304.04,303.78,303.81,2254.0,303.883,19
2024-04-05 15:25:00-04:00,303.89,304.02,303.84,303.97,2767.0,303.918,24
2024-04-05 15:30:00-04:00,303.94,304.65,303.89,304.65,4208.0,304.122,40
2024-04-05 15:35:00-04:00,304.53,304.68,304.17,304.23,3377.0,304.406,31
2024-04-05 15:40:00-04:00,304.28,304.31,303.99,303.99,4922.0,304.159,41
2024-04-05 15:45:00-04:00,304.11,304.33,304.11,304.33,3038.0,304.217,28
2024-04-05 15:50:00-04:00,304.2,304.47,304.2,304.46,10680.0,304.379,85
2024-04-05 15:55:00-04:00,304.49,304.72,304.17,304.66,34752.0,304.457,255
2024-04-08 09:30:00-04:00,306.0,306.98,305.78,306.0,11559.0,306.068,11
2024-04-08 09:35:00-04:00,305.91,305.91,304.77,304.95,5081.0,305.227,25
2024-04-08 09:40:00-04:00,304.94,305.26,303.98,304.28,6304.0,304.4,15
2024-04-08 09:45:00-04:00,304.36,304.36,303.68,303.68,500.0,303.986,5
2024-04-08 09:50:00-04:00,303.53,303.63,303.32,303.46,1709.0,303.53,16
2024-04-08 09:55:00-04:00,303.48,304.03,303.24,303.84,3037.0,303.795,18
2024-04-08 10:00:00-04:00,303.8,303.8,302.79,302.9,4384.0,303.385,35
2024-04-08 10:05:00-04:00,303.15,304.66,303.14,304.66,8812.0,303.737,71
2024-04-08 10:10:00-04:00,304.74,304.74,304.22,304.37,5208.0,304.442,41
2024-04-08 10:15:00-04:00,304.34,304.55,303.65,303.87,6981.0,304.006,45
2024-04-08 10:20:00-04:00,304.03,304.62,303.93,304.35,2219.0,304.324,21
2024-04-08 10:25:00-04:00,304.5,304.77,304.49,304.64,2308.0,304.6,20
2024-04-08 10:30:00-04:00,304.52,304.71,304.52,304.65,800.0,304.664,7
2024-04-08 10:35:00-04:00,304.65,305.1,304.52,305.1,2479.0,304.787,23
2024-04-08 10:40:00-04:00,305.1,305.19,304.78,304.79,4836.0,304.948,39
2024-04-08 10:45:00-04:00,304.73,304.9,304.65,304.69,3215.0,304.742,21
2024-04-08 10:50:00-04:00,304.71,304.71,304.46,304.62,1919.0,304.598,18
2024-04-08 10:55:00-04:00,304.71,304.72,304.16,304.16,2605.0,304.578,26
2024-04-08 11:00:00-04:00,304.27,304.41,304.05,304.3,3020.0,304.274,25
2024-04-08 11:05:00-04:00,304.29,304.39,304.06,304.27,1235.0,304.227,8
2024-04-08 11:10:00-04:00,304.26,304.27,304.02,304.09,1176.0,304.115,11
2024-04-08 11:15:00-04:00,304.1,304.2,304.01,304.16,2949.0,304.108,24
2024-04-08 11:20:00-04:00,304.19,304.53,304.19,304.48,1597.0,304.377,15
2024-04-08 11:25:00-04:00,304.49,304.49,304.28,304.43,1911.0,304.434,19
2024-04-08 11:30:00-04:00,304.4,304.4,303.98,303.98,2151.0,304.173,20
2024-04-08 11:35:00-04:00,303.92,303.93,303.64,303.65,1324.0,303.804,11
2024-04-08 11:40:00-04:00,303.54,303.83,303.36,303.49,7089.0,303.622,58
2024-04-08 11:45:00-04:00,303.48,303.8,303.33,303.77,3048.0,303.516,27
2024-04-08 11:50:00-04:00,303.65,303.73,303.52,303.73,1780.0,303.659,15
2024-04-08 11:55:00-04:00,303.74,303.84,303.63,303.84,1109.0,303.7,10
2024-04-08 12:00:00-04:00,303.67,303.67,303.52,303.52,500.0,303.636,5
2024-04-08 12:05:00-04:00,303.71,304.08,303.71,303.97,4018.0,303.882,39
2024-04-08 12:10:00-04:00,303.94,303.94,303.42,303.6,1021.0,303.705,10
2024-04-08 12:15:00-04:00,303.63,303.91,303.63,303.83,2377.0,303.764,21
2024-04-08 12:20:00-04:00,303.68,303.75,303.52,303.53,700.0,303.636,7
2024-04-08 12:25:00-04:00,303.5,303.82,303.5,303.72,2784.0,303.626,22
2024-04-08 12:30:00-04:00,303.63,303.63,303.41,303.53,790.0,303.558,7
2024-04-08 12:35:00-04:00,303.61,303.89,303.61,303.84,3550.0,303.753,33
2024-04-08 12:40:00-04:00,303.91,304.14,303.8,304.0,1730.0,303.997,16
2024-04-08 12:45:00-04:00,303.99,304.19,303.92,304.0,1600.0,304.051,16
2024-04-08 12:50:00-04:00,304.12,304.13,304.07,304.07,2894.0,304.082,9
2024-04-08 12:55:00-04:00,304.16,304.45,304.07,304.4,3528.0,304.276,32
2024-04-08 13:00:00-04:00,304.21,304.27,304.14,304.15,600.0,304.2,6
2024-04-08 13:05:00-04:00,304.09,304.23,303.98,304.23,2300.0,304.15,21
2024-04-08 13:10:00-04:00,304.14,304.26,304.06,304.26,1100.0,304.152,11
2024-04-08 13:15:00-04:00,304.35,304.57,304.13,304.56,6031.0,304.284,32
2024-04-08 13:20:00-04:00,304.46,304.57,304.34,304.43,3011.0,304.437,28
2024-04-08 13:25:00-04:00,304.39,304.65,304.39,304.65,2268.0,304.523,21
2024-04-08 13:30:00-04:00,304.67,304.69,304.49,304.49,1018.0,304.582,10
2024-04-08 13:35:00-04:00,304.49,304.6,304.32,304.4,7532.0,304.461,63
2024-04-08 13:40:00-04:00,304.49,304.58,304.47,304.56,1202.0,304.526,11
2024-04-08 13:45:00-04:00,304.51,304.6,304.41,304.51,2001.0,304.517,18
2024-04-08 13:50:00-04:00,304.6,304.6,304.12,304.38,5562.0,304.347,51
2024-04-08 13:55:00-04:00,304.38,304.72,304.32,304.62,3086.0,304.525,28
2024-04-08 14:00:00-04:00,304.7,304.88,304.41,304.42,3760.0,304.694,37
2024-04-08 14:05:00-04:00,304.41,304.91,304.36,304.87,6208.0,304.692,41
2024-04-08 14:10:00-04:00,304.87,304.98,304.58,304.61,2562.0,304.776,19
2024-04-08 14:15:00-04:00,304.7,304.74,304.67,304.68,1282.0,304.709,12
2024-04-08 14:20:00-04:00,304.72,304.99,304.63,304.64,3545.0,304.779,30
2024-04-08 14:25:00-04:00,304.71,304.79,304.54,304.54,1633.0,304.682,16
2024-04-08 14:30:00-04:00,304.48,304.69,304.45,304.67,2762.0,304.563,17
2024-04-08 14:35:00-04:00,304.71,304.76,304.47,304.53,2978.0,304.613,23
2024-04-08 14:40:00-04:00,304.53,304.53,304.39,304.47,4186.0,304.455,35
2024-04-08 14:45:00-04:00,304.4,304.45,304.32,304.44,9781.0,304.396,63
2024-04-08 14:50:00-04:00,304.38,304.49,304.23,304.36,3797.0,304.341,26
2024-04-08 14:55:00-04:00,304.49,304.79,304.48,304.79,3058.0,304.59,28
2024-04-08 15:00:00-04:00,304.82,304.83,304.56,304.56,1200.0,304.702,12
2024-04-08 15:05:00-04:00,304.69,304.69,304.49,304.61,2025.0,304.577,15
2024-04-08 15:10:00-04:00,304.62,304.68,304.49,304.6,1713.0,304.601,17
2024-04-08 15:15:00-04:00,304.51,304.62,304.51,304.57,1995.0,304.568,16
2024-04-08 15:20:00-04:00,304.57,304.69,304.34,304.38,5719.0,304.503,32
2024-04-08 15:25:00-04:00,304.32,304.57,304.21,304.56,3429.0,304.365,31
2024-04-08 15:30:00-04:00,304.59,305.0,304.57,304.88,3877.0,304.772,36
2024-04-08 15:35:00-04:00,304.89,304.89,304.32,304.44,4677.0,304.548,35
2024-04-08 15:40:00-04:00,304.45,304.45,304.17,304.23,6436.0,304.295,53
2024-04-08 15:45:00-04:00,304.24,304.49,304.22,304.48,3954.0,304.369,34
2024-04-08 15:50:00-04:00,304.49,304.61,304.27,304.44,6715.0,304.479,53
2024-04-08 15:55:00-04:00,304.41,304.44,303.77,303.88,28773.0,303.957,211
2024-04-09 09:30:00-04:00,305.69,305.99,304.58,304.59,10599.0,305.567,24
2024-04-09 09:35:00-04:00,304.72,304.88,303.69,303.69,1955.0,303.992,12
2024-04-09 09:40:00-04:00,303.34,303.34,302.39,302.88,2044.0,303.01,15
2024-04-09 09:45:00-04:00,302.88,302.9,302.24,302.29,3388.0,302.695,29
2024-04-09 09:50:00-04:00,301.88,302.36,301.52,301.53,8199.0,302.224,44
2024-04-09 09:55:00-04:00,301.88,301.96,300.99,301.06,5525.0,301.388,50
2024-04-09 10:00:00-04:00,301.01,301.38,300.43,300.65,4704.0,300.778,43
2024-04-09 10:05:00-04:00,300.41,300.53,299.45,299.53,10392.0,299.99,79
2024-04-09 10:10:00-04:00,299.35,299.48,298.68,299.42,6231.0,299.172,49
2024-04-09 10:15:00-04:00,299.38,299.97,299.16,299.75,3451.0,299.689,29
2024-04-09 10:20:00-04:00,299.8,299.95,299.48,299.69,5806.0,299.659,41
2024-04-09 10:25:00-04:00,299.69,300.08,298.31,298.31,7903.0,299.501,63
2024-04-09 10:30:00-04:00,298.31,298.31,297.13,297.36,6407.0,297.614,59
2024-04-09 10:35:00-04:00,297.21,297.33,296.48,296.76,5196.0,296.921,45
2024-04-09 10:40:00-04:00,296.7,296.76,295.64,296.18,5582.0,296.298,49
2024-04-09 10:45:00-04:00,296.32,296.33,295.61,295.89,4135.0,295.971,31
2024-04-09 10:50:00-04:00,295.9,296.87,295.59,296.87,8754.0,296.296,49
2024-04-09 10:55:00-04:00,297.27,298.17,297.22,297.94,10484.0,297.576,69
2024-04-09 11:00:00-04:00,297.97,298.41,297.87,298.25,4851.0,298.101,44
2024-04-09 11:05:00-04:00,298.12,298.21,297.73,298.16,3101.0,297.931,25
2024-04-09 11:10:00-04:00,297.98,298.35,297.84,297.84,3164.0,298.063,27
2024-04-09 11:15:00-04:00,297.74,298.7,297.74,298.69,10527.0,298.231,48
2024-04-09 11:20:00-04:00,298.63,299.07,298.5,298.97,10915.0,298.781,97
2024-04-09 11:25:00-04:00,298.92,298.93,298.69,298.92,4643.0,298.86,38
2024-04-09 11:30:00-04:00,298.9,298.9,298.39,298.68,5960.0,298.66,48
2024-04-09 11:35:00-04:00,298.5,298.98,298.5,298.98,1650.0,298.747,13
2024-04-09 11:40:00-04:00,298.9,299.92,298.77,299.83,5931.0,299.544,52
2024-04-09 11:45:00-04:00,299.86,300.02,299.58,299.94,8424.0,299.848,68
2024-04-09 11:50:00-04:00,299.87,299.93,299.76,299.86,2735.0,299.852,19
2024-04-09 11:55:00-04:00,299.97,300.06,299.84,299.85,5415.0,299.943,48
2024-04-09 12:00:00-04:00,299.85,300.08,299.82,300.01,3798.0,299.952,34
2024-04-09 12:05:00-04:00,300.07,300.29,299.92,300.17,6355.0,300.079,54
2024-04-09 12:10:00-04:00,300.14,300.21,299.94,300.05,16612.0,300.076,82
2024-04-09 12:15:00-04:00,300.05,300.26,299.93,300.26,1763.0,300.126,16
2024-04-09 12:20:00-04:00,300.24,300.3,300.05,300.28,7737.0,300.201,63
2024-04-09 12:25:00-04:00,300.25,300.41,299.99,300.09,8299.0,300.188,78
2024-04-09 12:30:00-04:00,300.17,300.37,300.13,300.37,2794.0,300.299,27
2024-04-09 12:35:00-04:00,300.25,300.55,300.16,300.55,3975.0,300.278,36
2024-04-09 12:40:00-04:00,300.56,300.91,300.45,300.7,8306.0,300.69,80
2024-04-09 12:45:00-04:00,300.71,300.71,300.22,300.3,1939.0,300.47,18
2024-04-09 12:50:00-04:00,300.21,300.46,300.15,300.19,6797.0,300.285,61
2024-04-09 12:55:00-04:00,300.17,300.39,300.09,300.2,3793.0,300.263,34
2024-04-09 13:00:00-04:00,300.32,300.48,300.14,300.22,1692.0,300.268,13
2024-04-09 13:05:00-04:00,300.35,300.66,300.35,300.57,4507.0,300.561,42
2024-04-09 13:10:00-04:00,300.58,300.58,300.34,300.34,3575.0,300.472,30
2024-04-09 13:15:00-04:00,300.44,300.44,300.09,300.31,3505.0,300.303,30
2024-04-09 13:20:00-04:00,300.34,300.47,300.25,300.3,2858.0,300.368,24
2024-04-09 13:25:00-04:00,300.3,300.3,300.05,300.28,3106.0,300.165,26
2024-04-09 13:30:00-04:00,300.28,300.3,300.07,300.2,5506.0,300.19,45
2024-04-09 13:35:00-04:00,300.09,300.17,299.96,300.04,2843.0,300.067,26
2024-04-09 13:40:00-04:00,300.06,300.34,299.55,299.55,6300.0,300.138,54
2024-04-09 13:45:00-04:00,299.5,299.5,299.21,299.34,3524.0,299.353,26
2024-04-09 13:50:00-04:00,299.33,299.44,299.22,299.37,3303.0,299.337,26
2024-04-09 13:55:00-04:00,299.41,299.76,299.41,299.69,3745.0,299.54,33
2024-04-09 14:00:00-04:00,299.68,299.9,299.55,299.9,3595.0,299.693,29
2024-04-09 14:05:00-04:00,299.91,300.26,299.79,300.25,3924.0,300.058,36
2024-04-09 14:10:00-04:00,300.26,300.38,300.13,300.26,2527.0,300.232,17
2024-04-09 14:15:00-04:00,300.25,300.74,300.23,300.74,3931.0,300.412,32
2024-04-09 14:20:00-04:00,300.62,300.67,300.4,300.48,8024.0,300.567,69
2024-04-09 14:25:00-04:00,300.48,300.55,300.36,300.43,2700.0,300.484,24
2024-04-09 14:30:00-04:00,300.43,300.61,300.23,300.58,6617.0,300.385,56
2024-04-09 14:35:00-04:00,300.57,300.82,300.45,300.46,6959.0,300.673,61
2024-04-09 14:40:00-04:00,300.37,300.48,300.25,300.36,3919.0,300.386,33
2024-04-09 14:45:00-04:00,300.27,300.36,300.15,300.16,3136.0,300.298,31
2024-04-09 14:50:00-04:00,300.23,300.32,300.12,300.31,3792.0,300.257,32
2024-04-09 14:55:00-04:00,300.34,300.38,300.24,300.29,3970.0,300.32,37
2024-04-09 15:00:00-04:00,300.18,300.3,299.94,300.3,6762.0,300.116,54
2024-04-09 15:05:00-04:00,300.4,300.41,300.11,300.11,6091.0,300.316,44
2024-04-09 15:10:00-04:00,300.22,300.22,300.03,300.13,3464.0,300.124,33
2024-04-09 15:15:00-04:00,300.11,300.59,300.04,300.59,7546.0,300.256,61
2024-04-09 15:20:00-04:00,300.58,301.33,300.55,301.33,4178.0,300.898,38
2024-04-09 15:25:00-04:00,301.32,301.93,301.24,301.93,9655.0,301.603,85
2024-04-09 15:30:00-04:00,301.94,302.21,301.76,301.89,10176.0,302.005,89
2024-04-09 15:35:00-04:00,301.79,301.8,300.51,300.51,6552.0,301.327,51
2024-04-09 15:40:00-04:00,300.67,301.08,300.56,301.04,11257.0,300.764,96
2024-04-09 15:45:00-04:00,301.01,301.02,300.37,300.47,10406.0,300.777,83
2024-04-09 15:50:00-04:00,300.36,300.75,300.17,300.54,28879.0,300.476,175
2024-04-09 15:55:00-04:00,300.62,301.39,300.53,301.35,34601.0,300.998,284
2024-04-10 09:30:00-04:00,296.24,296.94,294.17,296.73,12658.0,296.126,25
2024-04-10 09:35:00-04:00,296.78,298.32,295.85,296.69,2906.0,296.948,29
2024-04-10 09:40:00-04:00,296.74,297.5,296.2,297.5,5847.0,296.935,37
2024-04-10 09:45:00-04:00,297.12,297.19,297.05,297.08,1775.0,297.072,7
2024-04-10 09:50:00-04:00,297.36,297.81,296.97,297.81,1366.0,297.448,13
2024-04-10 09:55:00-04:00,298.09,298.28,297.71,298.12,5332.0,298.104,34
2024-04-10 10:00:00-04:00,298.0,298.5,297.68,298.08,4894.0,298.0,44
2024-04-10 10:05:00-04:00,297.94,298.02,297.44,298.02,2839.0,297.761,27
2024-04-10 10:10:00-04:00,298.0,298.84,297.87,298.72,4113.0,298.246,22
2024-04-10 10:15:00-04:00,298.9,299.39,298.77,299.36,2142.0,299.119,17
2024-04-10 10:20:00-04:00,299.56,299.76,299.28,299.28,701.0,299.476,7
2024-04-10 10:25:00-04:00,299.48,299.82,299.34,299.44,1631.0,299.547,15
2024-04-10 10:30:00-04:00,299.44,299.77,299.18,299.77,2177.0,299.495,21
2024-04-10 10:35:00-04:00,299.94,300.28,299.8,300.19,1377.0,300.064,12
2024-04-10 10:40:00-04:00,300.15,300.15,299.51,299.51,1400.0,299.796,14
2024-04-10 10:45:00-04:00,299.74,299.89,299.45,299.89,3041.0,299.701,29
2024-04-10 10:50:00-04:00,299.9,300.11,299.3,299.31,2707.0,299.576,25
2024-04-10 10:55:00-04:00,299.12,299.63,299.1,299.44,1931.0,299.316,15
2024-04-10 11:00:00-04:00,299.36,299.36,298.89,299.16,1790.0,299.101,17
2024-04-10 11:05:00-04:00,299.0,299.8,298.99,299.52,2233.0,299.407,20
2024-04-10 11:10:00-04:00,299.3,299.52,299.28,299.52,1200.0,299.439,12
2024-04-10 11:15:00-04:00,299.6,299.69,299.38,299.69,2189.0,299.531,18
2024-04-10 11:20:00-04:00,299.7,299.97,299.48,299.49,1811.0,299.753,18
2024-04-10 11:25:00-04:00,299.65,299.74,299.46,299.54,6452.0,299.595,63
2024-04-10 11:30:00-04:00,299.68,299.82,299.34,299.36,3297.0,299.623,27
2024-04-10 11:35:00-04:00,299.48,299.48,299.02,299.03,1000.0,299.201,10
2024-04-10 11:40:00-04:00,299.03,299.03,298.74,298.74,917.0,298.868,9
2024-04-10 11:45:00-04:00,298.69,298.99,298.69,298.83,2380.0,298.882,23
2024-04-10 11:50:00-04:00,298.83,299.19,298.83,299.19,2224.0,299.007,19
2024-04-10 11:55:00-04:00,299.19,299.19,298.86,298.98,4575.0,299.007,15
2024-04-10 12:00:00-04:00,299.02,299.07,298.76,299.03,2281.0,298.898,19
2024-04-10 12:05:00-04:00,299.04,299.05,298.85,299.01,1259.0,298.91,11
2024-04-10 12:10:00-04:00,299.01,299.01,298.64,298.65,2014.0,298.852,14
2024-04-10 12:15:00-04:00,298.74,298.79,298.62,298.72,1345.0,298.727,13
2024-04-10 12:20:00-04:00,298.76,298.89,298.71,298.88,2014.0,298.785,19
2024-04-10 12:25:00-04:00,298.88,298.94,298.62,298.62,1257.0,298.802,11
2024-04-10 12:30:00-04:00,298.77,298.8,298.66,298.7,408.0,298.73,4
2024-04-10 12:35:00-04:00,298.77,298.98,298.76,298.9,3123.0,298.879,27
2024-04-10 12:40:00-04:00,298.98,299.06,298.86,298.86,1109.0,298.988,11
2024-04-10 12:45:00-04:00,298.86,299.13,298.85,299.08,1495.0,298.991,13
2024-04-10 12:50:00-04:00,299.06,299.15,298.82,299.09,1424.0,299.043,14
2024-04-10 12:55:00-04:00,299.19,299.37,299.19,299.36,834.0,299.302,7
2024-04-10 13:00:00-04:00,299.54,299.55,298.13,298.26,3053.0,298.91,28
2024-04-10 13:05:00-04:00,298.16,298.16,297.69,297.71,2075.0,297.827,19
2024-04-10 13:10:00-04:00,297.8,298.05,297.66,298.05,6633.0,297.856,33
2024-04-10 13:15:00-04:00,298.26,299.01,298.14,299.01,2283.0,298.494,20
2024-04-10 13:20:00-04:00,298.76,299.94,298.76,299.82,3827.0,299.439,35
2024-04-10 13:25:00-04:00,299.82,300.0,299.44,299.5,2204.0,299.801,21
2024-04-10 13:30:00-04:00,299.18,299.34,298.43,298.67,4003.0,299.001,32
2024-04-10 13:35:00-04:00,298.86,298.93,298.19,298.25,2445.0,298.461,18
2024-04-10 13:40:00-04:00,298.25,298.42,297.88,298.12,7225.0,298.263,42
2024-04-10 13:45:00-04:00,298.02,298.21,297.81,298.21,1527.0,298.031,15
2024-04-10 13:50:00-04:00,298.43,298.5,298.27,298.5,829.0,298.371,8
2024-04-10 13:55:00-04:00,298.57,299.87,298.55,299.14,3101.0,299.461,27
2024-04-10 14:00:00-04:00,299.16,299.43,298.88,299.43,1131.0,299.183,11
2024-04-10 14:05:00-04:00,299.32,299.37,299.09,299.36,1142.0,299.286,11
2024-04-10 14:10:00-04:00,299.16,299.42,299.09,299.09,1410.0,299.208,13
2024-04-10 14:15:00-04:00,299.17,299.39,298.79,298.79,5367.0,299.175,35
2024-04-10 14:20:00-04:00,298.74,298.98,298.26,298.26,4459.0,298.836,24
2024-04-10 14:25:00-04:00,298.18,298.21,297.6,297.6,2700.0,298.065,20
2024-04-10 14:30:00-04:00,297.69,297.95,297.52,297.79,8848.0,297.747,44
2024-04-10 14:35:00-04:00,298.1,298.45,297.83,298.31,1121.0,298.132,10
2024-04-10 14:40:00-04:00,298.38,298.5,298.22,298.34,1114.0,298.369,9
2024-04-10 14:45:00-04:00,298.37,298.58,298.34,298.42,1714.0,298.436,13
2024-04-10 14:50:00-04:00,298.53,298.7,298.31,298.46,4984.0,298.504,36
2024-04-10 14:55:00-04:00,298.25,298.32,297.67,297.73,4098.0,297.842,23
2024-04-10 15:00:00-04:00,297.75,298.08,297.75,297.87,3432.0,297.899,32
2024-04-10 15:05:00-04:00,298.09,298.3,298.0,298.07,1001.0,298.139,10
2024-04-10 15:10:00-04:00,298.46,298.84,298.3,298.82,1957.0,298.515,17
2024-04-10 15:15:00-04:00,299.02,299.27,298.86,299.21,3856.0,299.03,25
2024-04-10 15:20:00-04:00,299.13,299.31,298.92,298.93,6162.0,299.102,46
2024-04-10 15:25:00-04:00,298.81,299.02,298.39,298.39,2514.0,298.787,24
2024-04-10 15:30:00-04:00,298.35,298.36,297.69,297.89,2516.0,297.963,19
2024-04-10 15:35:00-04:00,297.95,298.06,297.73,297.84,3906.0,297.901,32
2024-04-10 15:40:00-04:00,297.98,298.73,297.98,298.73,4339.0,298.293,33
2024-04-10 15:45:00-04:00,298.54,298.75,298.43,298.67,3915.0,298.605,33
2024-04-10 15:50:00-04:00,298.69,298.94,298.29,298.94,10076.0,298.558,83
2024-04-10 15:55:00-04:00,298.83,299.07,298.41,298.53,29917.0,298.75,227
2024-04-11 09:30:00-04:00,297.44,298.94,296.63,298.38,17625.0,297.48,22
2024-04-11 09:35:00-04:00,297.63,297.9,296.96,297.48,1574.0,297.517,11
2024-04-11 09:40:00-04:00,296.97,297.79,296.41,296.47,1954.0,296.985,8
2024-04-11 09:45:00-04:00,297.06,297.2,296.62,297.2,942.0,296.943,9
2024-04-11 09:50:00-04:00,297.22,297.5,296.91,297.03,3900.0,297.123,35
2024-04-11 09:55:00-04:00,297.07,297.31,296.59,297.12,3076.0,296.985,28
2024-04-11 10:00:00-04:00,296.93,296.94,296.37,296.44,3697.0,296.63,35
2024-04-11 10:05:00-04:00,296.09,296.55,295.95,296.51,3130.0,296.367,27
2024-04-11 10:10:00-04:00,296.48,296.67,296.08,296.67,2249.0,296.414,20
2024-04-11 10:15:00-04:00,296.62,296.62,296.23,296.25,2235.0,296.339,18
2024-04-11 10:20:00-04:00,296.26,296.5,296.03,296.45,5380.0,296.262,43
2024-04-11 10:25:00-04:00,296.33,296.34,296.09,296.13,2031.0,296.25,16
2024-04-11 10:30:00-04:00,296.17,296.48,296.17,296.26,400.0,296.306,4
2024-04-11 10:35:00-04:00,296.28,296.5,296.21,296.23,4582.0,296.404,38
2024-04-11 10:40:00-04:00,296.5,296.5,296.17,296.17,1306.0,296.285,12
2024-04-11 10:45:00-04:00,296.25,296.79,296.25,296.6,3518.0,296.518,27
2024-04-11 10:50:00-04:00,296.59,296.59,296.39,296.59,3173.0,296.5,28
2024-04-11 10:55:00-04:00,296.7,296.88,296.33,296.33,5248.0,296.659,44
2024-04-11 11:00:00-04:00,296.3,296.64,296.29,296.6,6282.0,296.51,57
2024-04-11 11:05:00-04:00,296.6,296.61,296.4,296.53,1611.0,296.537,15
2024-04-11 11:10:00-04:00,296.57,296.75,296.51,296.65,4068.0,296.658,40
2024-04-11 11:15:00-04:00,296.77,297.05,296.75,296.88,2674.0,296.882,24
2024-04-11 11:20:00-04:00,296.88,297.27,296.88,297.19,6820.0,296.934,14
2024-04-11 11:25:00-04:00,297.01,297.21,296.93,296.96,2004.0,297.041,15
2024-04-11 11:30:00-04:00,296.85,297.05,296.85,296.93,1524.0,296.958,14
2024-04-11 11:35:00-04:00,296.83,297.08,296.67,296.79,2736.0,296.863,21
2024-04-11 11:40:00-04:00,296.73,296.93,296.56,296.56,3100.0,296.71,30
2024-04-11 11:45:00-04:00,296.71,297.04,296.67,296.67,2653.0,296.859,22
2024-04-11 11:50:00-04:00,296.75,296.83,296.66,296.66,476.0,296.752,4
2024-04-11 11:55:00-04:00,296.83,297.57,296.79,297.57,3116.0,296.983,28
2024-04-11 12:00:00-04:00,297.46,297.6,297.46,297.49,2446.0,297.494,4
2024-04-11 12:05:00-04:00,297.55,297.77,297.49,297.59,2558.0,297.608,22
2024-04-11 12:10:00-04:00,297.61,298.08,297.6,298.07,1032.0,297.89,9
2024-04-11 12:15:00-04:00,297.98,298.11,297.96,298.06,2768.0,298.031,22
2024-04-11 12:20:00-04:00,298.05,298.05,297.75,298.0,1897.0,297.908,14
2024-04-11 12:25:00-04:00,297.9,297.9,297.64,297.72,2503.0,297.771,23
2024-04-11 12:30:00-04:00,297.61,297.62,297.61,297.62,300.0,297.613,3
2024-04-11 12:35:00-04:00,297.53,297.74,297.41,297.41,2087.0,297.543,17
2024-04-11 12:40:00-04:00,297.41,297.69,297.41,297.57,5132.0,297.629,14
2024-04-11 12:45:00-04:00,297.57,297.78,297.57,297.78,727.0,297.687,7
2024-04-11 12:50:00-04:00,297.78,297.78,297.48,297.56,2978.0,297.587,27
2024-04-11 12:55:00-04:00,297.54,297.68,297.43,297.68,2193.0,297.55,21
2024-04-11 13:00:00-04:00,297.75,298.45,297.53,298.45,4915.0,297.909,48
2024-04-11 13:05:00-04:00,298.51,298.73,298.36,298.49,2872.0,298.579,26
2024-04-11 13:10:00-04:00,298.53,298.61,298.31,298.47,3150.0,298.465,30
2024-04-11 13:15:00-04:00,298.54,298.55,298.35,298.55,800.0,298.461,8
2024-04-11 13:20:00-04:00,298.59,298.83,298.35,298.53,2400.0,298.587,24
2024-04-11 13:25:00-04:00,298.66,298.66,298.44,298.44,1529.0,298.571,14
2024-04-11 13:30:00-04:00,298.58,298.84,298.58,298.61,1888.0,298.688,18
2024-04-11 13:35:00-04:00,298.36,298.42,298.3,298.39,1000.0,298.352,10
2024-04-11 13:40:00-04:00,298.3,298.38,298.02,298.29,3572.0,298.228,32
2024-04-11 13:45:00-04:00,298.18,298.43,298.09,298.33,5714.0,298.262,42
2024-04-11 13:50:00-04:00,298.37,298.53,298.19,298.49,4069.0,298.367,39
2024-04-11 13:55:00-04:00,298.61,298.68,298.57,298.58,1382.0,298.626,13
2024-04-11 14:00:00-04:00,298.73,298.83,298.66,298.72,2900.0,298.748,29
2024-04-11 14:05:00-04:00,298.71,299.27,298.71,299.19,2681.0,299.04,25
2024-04-11 14:10:00-04:00,299.13,299.26,299.07,299.22,2046.0,299.151,19
2024-04-11 14:15:00-04:00,299.28,299.31,298.99,299.0,4616.0,299.211,25
2024-04-11 14:20:00-04:00,299.0,299.01,298.88,298.99,1291.0,298.95,12
2024-04-11 14:25:00-04:00,299.1,299.11,298.95,298.95,1000.0,299.025,9
2024-04-11 14:30:00-04:00,298.9,299.1,298.87,299.1,1931.0,298.969,17
2024-04-11 14:35:00-04:00,299.19,299.27,299.05,299.25,4354.0,299.143,18
2024-04-11 14:40:00-04:00,299.22,299.43,299.22,299.43,3305.0,299.266,16
2024-04-11 14:45:00-04:00,299.43,299.43,298.79,298.87,3561.0,299.136,30
2024-04-11 14:50:00-04:00,298.88,298.88,298.45,298.71,2182.0,298.678,21
2024-04-11 14:55:00-04:00,298.67,298.94,298.67,298.9,2800.0,298.844,28
2024-04-11 15:00:00-04:00,298.89,299.09,298.86,298.86,3531.0,298.961,17
2024-04-11 15:05:00-04:00,298.88,298.96,298.73,298.73,1671.0,298.87,15
2024-04-11 15:10:00-04:00,298.72,298.78,298.4,298.4,3412.0,298.643,24
2024-04-11 15:15:00-04:00,298.3,298.36,297.97,297.97,1578.0,298.229,14
2024-04-11 15:20:00-04:00,298.16,298.48,298.08,298.35,5892.0,298.287,41
2024-04-11 15:25:00-04:00,298.45,298.45,297.97,298.27,3836.0,298.22,31
2024-04-11 15:30:00-04:00,298.2,298.2,297.72,297.89,2835.0,297.924,22
2024-04-11 15:35:00-04:00,297.9,298.04,297.82,297.82,2374.0,297.945,19
2024-04-11 15:40:00-04:00,297.85,298.01,297.57,298.01,9138.0,297.85,67
2024-04-11 15:45:00-04:00,298.01,298.15,297.64,297.73,7317.0,297.865,55
2024-04-11 15:50:00-04:00,297.7,297.75,297.13,297.41,16522.0,297.363,125
2024-04-11 15:55:00-04:00,297.48,297.55,296.88,297.25,57455.0,297.119,367
2024-04-12 09:30:00-04:00,295.06,297.2,295.06,296.76,11221.0,295.153,7
2024-04-12 09:35:00-04:00,297.23,297.63,296.09,296.59,900.0,296.821,9
2024-04-12 09:40:00-04:00,296.08,296.51,295.6,296.41,5082.0,296.028,42
2024-04-12 09:45:00-04:00,296.06,297.04,295.75,296.47,4164.0,296.409,36
2024-04-12 09:50:00-04:00,296.51,296.6,296.07,296.32,2303.0,296.362,20
2024-04-12 09:55:00-04:00,296.32,296.58,295.96,296.46,10973.0,296.198,78
2024-04-12 10:00:00-04:00,296.11,296.52,295.92,296.52,12522.0,296.151,60
2024-04-12 10:05:00-04:00,296.74,296.74,296.12,296.4,16811.0,296.422,68
2024-04-12 10:10:00-04:00,296.42,296.61,296.11,296.18,6643.0,296.32,42
2024-04-12 10:15:00-04:00,296.02,296.35,295.67,296.16,19162.0,295.889,62
2024-04-12 10:20:00-04:00,296.27,296.92,296.27,296.92,5268.0,296.559,26
2024-04-12 10:25:00-04:00,296.92,296.92,296.42,296.53,1594.0,296.633,13
2024-04-12 10:30:00-04:00,296.54,297.0,296.46,296.53,17671.0,296.626,100
2024-04-12 10:35:00-04:00,296.5,296.5,295.72,295.91,11079.0,296.01,54
2024-04-12 10:40:00-04:00,296.08,296.08,295.05,295.33,5262.0,295.569,22
2024-04-12 10:45:00-04:00,295.33,295.33,294.78,294.95,7796.0,294.967,55
2024-04-12 10:50:00-04:00,295.0,295.19,294.91,295.17,6646.0,295.013,33
2024-04-12 10:55:00-04:00,295.04,295.48,295.04,295.22,8710.0,295.326,62
2024-04-12 11:00:00-04:00,295.28,296.05,295.22,295.7,86401.0,295.673,242
2024-04-12 11:05:00-04:00,295.71,296.04,295.46,295.46,9853.0,295.761,72
2024-04-12 11:10:00-04:00,295.43,295.7,295.28,295.47,12905.0,295.516,92
2024-04-12 11:15:00-04:00,295.53,296.0,295.52,295.95,7945.0,295.787,56
2024-04-12 11:20:00-04:00,295.86,296.0,295.56,295.59,8799.0,295.766,58
2024-04-12 11:25:00-04:00,295.78,296.58,295.78,296.58,4128.0,296.029,38
2024-04-12 11:30:00-04:00,296.74,297.07,296.66,297.04,7439.0,296.883,33
2024-04-12 11:35:00-04:00,297.17,297.17,296.54,296.58,1940.0,297.004,16
2024-04-12 11:40:00-04:00,296.54,296.64,296.08,296.32,3111.0,296.33,27
2024-04-12 11:45:00-04:00,296.38,296.83,296.38,296.75,1200.0,296.676,12
2024-04-12 11:50:00-04:00,296.75,296.75,296.24,296.56,2717.0,296.512,22
2024-04-12 11:55:00-04:00,296.5,296.69,296.41,296.51,2751.0,296.56,22
2024-04-12 12:00:00-04:00,296.42,296.46,296.33,296.34,768.0,296.397,7
2024-04-12 12:05:00-04:00,296.28,296.51,296.17,296.47,1722.0,296.292,11
2024-04-12 12:10:00-04:00,296.18,296.43,296.18,296.29,735.0,296.319,7
2024-04-12 12:15:00-04:00,296.3,296.3,296.01,296.01,1579.0,296.149,12
2024-04-12 12:20:00-04:00,296.07,296.39,295.97,296.39,2980.0,296.183,10
2024-04-12 12:25:00-04:00,296.42,296.81,296.31,296.35,3514.0,296.581,23
2024-04-12 12:30:00-04:00,296.5,296.63,296.28,296.44,15315.0,296.441,17
2024-04-12 12:35:00-04:00,296.44,296.45,295.6,295.6,3142.0,295.961,15
2024-04-12 12:40:00-04:00,295.86,295.92,295.66,295.66,4399.0,295.802,34
2024-04-12 12:45:00-04:00,295.75,295.92,295.56,295.77,1845.0,295.716,17
2024-04-12 12:50:00-04:00,295.81,296.07,295.78,295.81,814.0,295.875,7
2024-04-12 12:55:00-04:00,295.86,296.09,295.81,295.81,720.0,295.926,7
2024-04-12 13:00:00-04:00,295.81,295.83,295.55,295.55,1195.0,295.734,10
2024-04-12 13:05:00-04:00,295.66,295.79,295.24,295.38,2939.0,295.577,23
2024-04-12 13:10:00-04:00,295.46,295.96,295.45,295.68,5603.0,295.783,39
2024-04-12 13:15:00-04:00,295.74,295.94,295.72,295.77,1597.0,295.785,15
2024-04-12 13:20:00-04:00,295.7,295.72,294.83,294.88,6667.0,295.147,44
2024-04-12 13:25:00-04:00,294.98,295.22,294.92,295.06,3299.0,295.061,15
2024-04-12 13:30:00-04:00,294.87,295.0,294.74,294.74,2323.0,294.86,19
2024-04-12 13:35:00-04:00,294.76,294.96,294.67,294.67,5327.0,294.825,40
2024-04-12 13:40:00-04:00,294.85,295.32,294.84,295.31,3086.0,295.156,27
2024-04-12 13:45:00-04:00,295.31,296.19,295.31,296.19,3206.0,295.594,26
2024-04-12 13:50:00-04:00,295.99,296.1,295.71,295.71,2989.0,295.928,24
2024-04-12 13:55:00-04:00,295.8,296.19,295.7,295.7,5455.0,296.042,25
2024-04-12 14:00:00-04:00,295.67,295.75,295.33,295.75,1736.0,295.557,17
2024-04-12 14:05:00-04:00,295.75,296.17,295.66,295.99,3562.0,295.885,26
2024-04-12 14:10:00-04:00,296.21,296.51,295.97,295.97,2133.0,296.098,11
2024-04-12 14:15:00-04:00,295.95,295.97,295.6,295.77,10144.0,295.887,43
2024-04-12 14:20:00-04:00,295.76,295.8,295.41,295.53,2010.0,295.594,19
2024-04-12 14:25:00-04:00,295.26,295.33,295.06,295.26,6536.0,295.178,31
2024-04-12 14:30:00-04:00,295.16,295.29,294.94,295.18,3300.0,295.162,27
2024-04-12 14:35:00-04:00,295.07,295.14,294.9,294.93,1943.0,295.049,15
2024-04-12 14:40:00-04:00,294.8,295.4,294.75,294.75,5655.0,295.01,52
2024-04-12 14:45:00-04:00,294.75,294.89,294.56,294.61,4059.0,294.655,38
2024-04-12 14:50:00-04:00,294.61,295.05,294.61,295.04,5456.0,294.842,47
2024-04-12 14:55:00-04:00,294.92,294.92,294.6,294.72,3324.0,294.739,32
2024-04-12 15:00:00-04:00,294.55,294.67,294.32,294.67,2810.0,294.478,26
2024-04-12 15:05:00-04:00,294.67,294.85,294.5,294.63,4718.0,294.641,41
2024-04-12 15:10:00-04:00,294.63,294.72,294.48,294.62,4872.0,294.56,34
2024-04-12 15:15:00-04:00,294.53,294.74,294.17,294.67,3600.0,294.417,35
2024-04-12 15:20:00-04:00,294.57,294.98,294.57,294.89,4000.0,294.73,32
2024-04-12 15:25:00-04:00,294.91,295.0,294.55,294.61,2950.0,294.778,29
2024-04-12 15:30:00-04:00,294.67,295.04,294.37,295.0,4126.0,294.694,39
2024-04-12 15:35:00-04:00,294.9,294.95,294.33,294.45,5941.0,294.631,57
2024-04-12 15:40:00-04:00,294.47,295.61,294.47,295.43,6121.0,295.158,55
2024-04-12 15:45:00-04:00,295.49,295.84,295.49,295.68,6057.0,295.667,58
2024-04-12 15:50:00-04:00,295.77,296.23,295.65,296.19,9353.0,295.955,86
2024-04-12 15:55:00-04:00,296.27,297.1,296.21,297.03,45085.0,296.735,361
2024-04-15 09:30:00-04:00,301.82,304.15,300.41,300.41,18905.0,301.836,36
2024-04-15 09:35:00-04:00,300.25,302.51,300.23,302.51,5411.0,301.626,38
2024-04-15 09:40:00-04:00,302.51,302.74,300.61,300.76,6936.0,302.334,37
2024-04-15 09:45:00-04:00,301.37,301.96,301.05,301.5,4002.0,301.325,31
2024-04-15 09:50:00-04:00,301.61,301.9,301.48,301.53,18320.0,301.818,30
2024-04-15 09:55:00-04:00,301.53,301.58,300.16,300.93,4816.0,300.801,43
2024-04-15 10:00:00-04:00,301.12,301.12,300.07,300.36,3574.0,300.45,28
2024-04-15 10:05:00-04:00,300.16,300.22,299.82,299.93,5281.0,300.023,51
2024-04-15 10:10:00-04:00,299.8,299.89,299.21,299.67,7839.0,299.529,70
2024-04-15 10:15:00-04:00,299.66,300.24,299.53,299.76,5600.0,299.794,53
2024-04-15 10:20:00-04:00,299.68,300.31,299.35,299.9,8702.0,299.958,51
2024-04-15 10:25:00-04:00,299.99,299.99,299.06,299.09,2413.0,299.551,24
2024-04-15 10:30:00-04:00,299.09,299.25,298.4,298.54,10785.0,299.014,26
2024-04-15 10:35:00-04:00,298.5,298.98,298.34,298.54,7249.0,298.598,67
2024-04-15 10:40:00-04:00,298.55,298.79,297.84,298.04,12544.0,298.272,84
2024-04-15 10:45:00-04:00,297.99,298.17,297.69,298.03,2995.0,297.999,26
2024-04-15 10:50:00-04:00,298.31,298.41,298.0,298.0,1463.0,298.263,12
2024-04-15 10:55:00-04:00,298.11,298.16,297.01,297.04,3086.0,297.634,30
2024-04-15 11:00:00-04:00,297.11,297.44,296.71,297.34,3303.0,297.083,26
2024-04-15 11:05:00-04:00,297.34,297.64,297.34,297.53,4605.0,297.502,44
2024-04-15 11:10:00-04:00,297.48,297.71,297.32,297.71,3000.0,297.492,26
2024-04-15 11:15:00-04:00,297.69,297.7,296.89,297.03,3988.0,297.251,25
2024-04-15 11:20:00-04:00,297.01,297.22,296.9,297.22,1800.0,297.011,16
2024-04-15 11:25:00-04:00,297.2,297.47,297.2,297.47,860.0,297.33,7
2024-04-15 11:30:00-04:00,297.52,298.1,297.52,298.09,1250.0,297.803,12
2024-04-15 11:35:00-04:00,298.07,298.34,297.93,298.16,4556.0,298.106,37
2024-04-15 11:40:00-04:00,298.13,298.17,297.73,297.73,1400.0,297.868,14
2024-04-15 11:45:00-04:00,297.91,297.93,297.74,297.74,2126.0,297.8,21
2024-04-15 11:50:00-04:00,297.89,298.43,297.89,298.38,500.0,298.241,5
2024-04-15 11:55:00-04:00,298.4,298.4,298.26,298.26,1720.0,298.321,14
2024-04-15 12:00:00-04:00,298.21,298.52,298.13,298.5,2121.0,298.341,20
2024-04-15 12:05:00-04:00,298.58,298.58,298.28,298.44,1352.0,298.423,13
2024-04-15 12:10:00-04:00,298.61,298.62,298.47,298.62,1693.0,298.574,11
2024-04-15 12:15:00-04:00,298.6,298.6,298.15,298.19,2233.0,298.377,21
2024-04-15 12:20:00-04:00,298.31,298.48,297.75,297.81,2518.0,298.202,24
2024-04-15 12:25:00-04:00,298.08,298.09,297.92,297.94,1852.0,297.995,17
2024-04-15 12:30:00-04:00,297.79,297.79,297.59,297.69,1280.0,297.667,11
2024-04-15 12:35:00-04:00,297.64,297.64,297.28,297.31,2975.0,297.38,9
2024-04-15 12:40:00-04:00,297.54,297.64,297.08,297.32,1979.0,297.289,19
2024-04-15 12:45:00-04:00,297.21,297.33,296.85,297.07,2314.0,297.123,22
2024-04-15 12:50:00-04:00,297.1,297.24,296.98,296.99,2253.0,297.106,22
2024-04-15 12:55:00-04:00,296.89,296.99,296.6,296.99,1463.0,296.817,14
2024-04-15 13:00:00-04:00,296.82,296.94,296.56,296.93,1301.0,296.78,10
2024-04-15 13:05:00-04:00,296.94,297.39,296.94,297.28,1897.0,297.338,4
2024-04-15 13:10:00-04:00,297.21,297.21,296.78,296.78,662.0,297.035,6
2024-04-15 13:15:00-04:00,296.71,296.93,296.45,296.57,3540.0,296.723,27
2024-04-15 13:20:00-04:00,296.38,296.39,295.97,296.19,9501.0,296.172,83
2024-04-15 13:25:00-04:00,296.18,296.26,295.49,295.49,3668.0,295.942,34
2024-04-15 13:30:00-04:00,295.31,295.31,294.75,295.06,3066.0,295.008,22
2024-04-15 13:35:00-04:00,295.05,295.28,294.74,294.74,2500.0,295.018,22
2024-04-15 13:40:00-04:00,294.57,295.35,294.57,294.63,2871.0,294.836,23
2024-04-15 13:45:00-04:00,294.97,294.97,294.17,294.33,644.0,294.56,6
2024-04-15 13:50:00-04:00,294.25,294.71,294.19,294.71,936.0,294.448,9
2024-04-15 13:55:00-04:00,294.73,295.3,294.64,295.3,1593.0,294.912,12
2024-04-15 14:00:00-04:00,295.22,295.48,294.97,295.22,1100.0,295.202,11
2024-04-15 14:05:00-04:00,295.23,295.46,295.03,295.03,718.0,295.205,7
2024-04-15 14:10:00-04:00,295.06,295.09,294.68,294.78,1305.0,295.002,11
2024-04-15 14:15:00-04:00,294.48,294.89,294.38,294.88,2088.0,294.542,19
2024-04-15 14:20:00-04:00,294.97,295.07,294.39,294.39,1396.0,294.717,9
2024-04-15 14:25:00-04:00,294.58,294.61,294.38,294.38,1549.0,294.535,13
2024-04-15 14:30:00-04:00,294.3,295.27,294.3,295.27,3831.0,294.92,34
2024-04-15 14:35:00-04:00,295.76,295.95,295.48,295.63,2232.0,295.68,21
2024-04-15 14:40:00-04:00,295.43,295.43,295.38,295.38,200.0,295.408,2
2024-04-15 14:45:00-04:00,295.31,295.33,294.96,294.96,1164.0,295.232,10
2024-04-15 14:50:00-04:00,295.18,295.18,294.74,295.05,1565.0,294.948,14
2024-04-15 14:55:00-04:00,294.91,295.69,294.91,295.6,2016.0,295.205,20
2024-04-15 15:00:00-04:00,295.62,295.73,295.08,295.18,2900.0,295.378,26
2024-04-15 15:05:00-04:00,295.18,295.21,294.94,295.18,2201.0,295.102,19
2024-04-15 15:10:00-04:00,295.31,295.32,295.07,295.07,4732.0,295.27,22
2024-04-15 15:15:00-04:00,295.17,295.21,294.35,294.4,2120.0,294.71,20
2024-04-15 15:20:00-04:00,294.52,295.17,294.52,295.17,2300.0,294.858,23
2024-04-15 15:25:00-04:00,295.25,295.25,294.75,294.75,4345.0,294.904,16
2024-04-15 15:30:00-04:00,294.72,295.1,294.6,295.04,10460.0,294.801,94
2024-04-15 15:35:00-04:00,294.86,294.94,294.5,294.86,5807.0,294.805,53
2024-04-15 15:40:00-04:00,294.77,294.87,294.1,294.1,6445.0,294.512,61
2024-04-15 15:45:00-04:00,294.16,294.57,293.97,294.57,15298.0,294.167,124
2024-04-15 15:50:00-04:00,294.49,294.74,294.17,294.37,7094.0,294.466,64
2024-04-15 15:55:00-04:00,294.37,294.68,293.83,293.89,43323.0,294.269,293
2024-04-16 09:30:00-04:00,292.99,294.15,292.76,294.0,18472.0,293.293,75
2024-04-16 09:35:00-04:00,293.99,293.99,291.67,292.58,11367.0,292.983,83
2024-04-16 09:40:00-04:00,292.23,292.23,290.63,291.35,4635.0,291.447,37
2024-04-16 09:45:00-04:00,291.37,291.37,290.55,290.94,1397.0,290.858,11
2024-04-16 09:50:00-04:00,291.15,291.78,291.03,291.75,2965.0,291.431,24
2024-04-16 09:55:00-04:00,291.77,292.46,291.59,292.15,2940.0,292.221,29
2024-04-16 10:00:00-04:00,292.17,292.46,291.99,292.46,3702.0,292.218,36
2024-04-16 10:05:00-04:00,292.64,292.64,291.66,292.06,2463.0,291.907,18
2024-04-16 10:10:00-04:00,292.22,292.48,291.88,291.88,2496.0,292.192,21
2024-04-16 10:15:00-04:00,291.91,292.03,291.4,291.4,2614.0,291.884,25
2024-04-16 10:20:00-04:00,291.43,291.54,290.96,291.26,1831.0,291.288,17
2024-04-16 10:25:00-04:00,291.16,291.16,290.62,290.88,6400.0,290.804,37
2024-04-16 10:30:00-04:00,291.01,291.26,290.94,290.95,3181.0,291.078,20
2024-04-16 10:35:00-04:00,290.89,291.07,290.28,290.55,2408.0,290.571,21
2024-04-16 10:40:00-04:00,290.65,291.01,290.64,290.81,3635.0,290.886,14
2024-04-16 10:45:00-04:00,290.92,291.29,290.92,291.29,1902.0,291.075,19
2024-04-16 10:50:00-04:00,291.04,291.04,290.61,290.91,3625.0,290.828,30
2024-04-16 10:55:00-04:00,291.0,291.47,290.84,290.96,1932.0,291.154,16
2024-04-16 11:00:00-04:00,290.93,291.4,290.8,291.36,2731.0,291.103,24
2024-04-16 11:05:00-04:00,291.23,291.31,291.02,291.1,4892.0,291.143,43
2024-04-16 11:10:00-04:00,291.22,291.55,291.22,291.36,2191.0,291.403,21
2024-04-16 11:15:00-04:00,291.36,291.74,291.35,291.44,2532.0,291.549,23
2024-04-16 11:20:00-04:00,291.41,292.1,291.27,291.8,3006.0,291.583,28
2024-04-16 11:25:00-04:00,291.82,291.92,291.7,291.7,1420.0,291.794,12
2024-04-16 11:30:00-04:00,291.76,292.24,291.5,292.24,4931.0,291.826,37
2024-04-16 11:35:00-04:00,292.14,292.59,292.1,292.58,1881.0,292.342,18
2024-04-16 11:40:00-04:00,292.8,293.2,292.57,293.07,1021.0,292.87,10
2024-04-16 11:45:00-04:00,292.96,293.7,292.92,293.69,2461.0,293.356,17
2024-04-16 11:50:00-04:00,293.79,294.2,293.79,294.09,4213.0,293.915,11
2024-04-16 11:55:00-04:00,294.36,294.36,293.71,293.72,1600.0,294.128,16
2024-04-16 12:00:00-04:00,293.58,293.58,293.23,293.25,900.0,293.402,9
2024-04-16 12:05:00-04:00,293.44,293.96,293.44,293.96,1700.0,293.744,10
2024-04-16 12:10:00-04:00,293.97,294.22,293.81,294.22,1545.0,293.945,15
2024-04-16 12:15:00-04:00,294.44,294.44,294.24,294.24,1009.0,294.303,8
2024-04-16 12:20:00-04:00,294.41,294.41,294.05,294.11,700.0,294.221,7
2024-04-16 12:25:00-04:00,294.11,294.47,294.1,294.35,800.0,294.279,8
2024-04-16 12:30:00-04:00,294.34,294.55,294.18,294.26,1267.0,294.281,12
2024-04-16 12:35:00-04:00,294.13,294.25,294.07,294.25,994.0,294.158,8
2024-04-16 12:40:00-04:00,294.33,295.0,294.21,294.61,13004.0,294.599,78
2024-04-16 12:45:00-04:00,294.63,295.08,294.62,294.92,1500.0,294.907,15
2024-04-16 12:50:00-04:00,294.84,295.07,294.76,294.76,842.0,294.905,8
2024-04-16 12:55:00-04:00,294.75,295.15,294.72,295.09,1263.0,294.849,8
2024-04-16 13:00:00-04:00,294.84,294.84,294.38,294.38,500.0,294.565,5
2024-04-16 13:05:00-04:00,294.39,294.62,294.11,294.58,2006.0,294.375,17
2024-04-16 13:10:00-04:00,294.44,294.56,294.24,294.56,1300.0,294.393,13
2024-04-16 13:15:00-04:00,294.62,294.95,294.62,294.95,634.0,294.833,4
2024-04-16 13:20:00-04:00,294.84,294.98,294.68,294.98,1151.0,294.817,11
2024-04-16 13:25:00-04:00,294.92,295.2,294.69,294.69,5024.0,295.042,28
2024-04-16 13:30:00-04:00,294.5,294.51,292.84,293.87,3323.0,293.619,28
2024-04-16 13:35:00-04:00,294.01,294.5,294.01,294.04,2100.0,294.191,17
2024-04-16 13:40:00-04:00,294.3,294.92,294.3,294.69,1376.0,294.738,13
2024-04-16 13:45:00-04:00,294.59,294.67,293.95,293.95,2766.0,294.326,23
2024-04-16 13:50:00-04:00,294.09,294.3,293.32,294.21,3102.0,293.839,23
2024-04-16 13:55:00-04:00,294.31,294.31,294.01,294.06,1710.0,294.136,13
2024-04-16 14:00:00-04:00,294.27,294.78,294.05,294.78,1301.0,294.275,13
2024-04-16 14:05:00-04:00,294.8,296.13,294.8,296.13,3798.0,295.315,32
2024-04-16 14:10:00-04:00,295.82,295.83,295.1,295.1,3434.0,295.569,33
2024-04-16 14:15:00-04:00,294.69,294.69,294.11,294.11,2034.0,294.341,19
2024-04-16 14:20:00-04:00,294.02,294.02,293.6,293.81,1731.0,293.871,17
2024-04-16 14:25:00-04:00,294.34,294.35,293.87,294.11,1896.0,294.167,17
2024-04-16 14:30:00-04:00,294.37,294.94,294.21,294.94,1300.0,294.45,13
2024-04-16 14:35:00-04:00,294.8,295.15,294.66,294.94,4999.0,294.853,45
2024-04-16 14:40:00-04:00,294.9,295.14,294.9,294.9,1468.0,294.982,14
2024-04-16 14:45:00-04:00,294.9,295.35,294.9,295.34,3747.0,295.184,36
2024-04-16 14:50:00-04:00,295.4,296.06,295.32,295.93,2144.0,295.69,15
2024-04-16 14:55:00-04:00,295.92,296.42,295.92,296.42,2340.0,296.148,22
2024-04-16 15:00:00-04:00,296.42,296.42,295.8,296.01,4234.0,296.149,39
2024-04-16 15:05:00-04:00,296.0,296.04,295.66,295.84,2020.0,295.871,17
2024-04-16 15:10:00-04:00,295.82,296.33,295.73,296.28,4795.0,296.154,35
2024-04-16 15:15:00-04:00,296.14,296.39,296.06,296.33,5764.0,296.23,43
2024-04-16 15:20:00-04:00,296.5,296.52,296.12,296.47,6636.0,296.343,62
2024-04-16 15:25:00-04:00,296.41,296.84,296.4,296.4,7997.0,296.663,57
2024-04-16 15:30:00-04:00,296.4,296.4,294.82,294.9,4140.0,295.714,37
2024-04-16 15:35:00-04:00,294.71,295.76,294.63,295.7,2319.0,295.169,23
2024-04-16 15:40:00-04:00,295.52,295.82,295.32,295.66,7477.0,295.575,61
2024-04-16 15:45:00-04:00,295.76,295.88,295.59,295.85,4128.0,295.774,36
2024-04-16 15:50:00-04:00,295.92,296.3,295.77,296.03,12108.0,296.058,105
2024-04-16 15:55:00-04:00,296.16,296.21,294.97,295.71,57571.0,295.389,403
2024-04-17 09:30:00-04:00,297.02,298.69,295.38,295.66,16986.0,296.863,30
2024-04-17 09:35:00-04:00,294.48,295.82,294.48,295.82,2801.0,295.502,23
2024-04-17 09:40:00-04:00,295.81,295.81,294.43,294.76,6099.0,295.024,47
2024-04-17 09:45:00-04:00,294.84,295.06,294.54,294.73,3175.0,294.932,23
2024-04-17 09:50:00-04:00,295.0,295.45,294.73,295.45,33281.0,294.952,38
2024-04-17 09:55:00-04:00,295.68,295.97,294.64,295.02,7179.0,295.298,58
2024-04-17 10:00:00-04:00,295.3,295.48,294.22,294.22,5335.0,294.854,46
2024-04-17 10:05:00-04:00,294.53,294.58,293.96,294.06,4708.0,294.361,33
2024-04-17 10:10:00-04:00,293.9,294.03,293.36,293.5,2129.0,293.68,19
2024-04-17 10:15:00-04:00,293.41,293.7,293.26,293.7,1806.0,293.565,18
2024-04-17 10:20:00-04:00,293.67,293.68,293.05,293.25,5513.0,293.348,38
2024-04-17 10:25:00-04:00,293.02,294.14,293.02,294.12,11731.0,293.515,45
2024-04-17 10:30:00-04:00,294.32,294.58,293.53,293.75,3706.0,293.914,31
2024-04-17 10:35:00-04:00,293.73,293.8,293.19,293.69,2306.0,293.567,19
2024-04-17 10:40:00-04:00,293.69,293.69,293.42,293.42,976.0,293.572,9
2024-04-17 10:45:00-04:00,293.5,293.59,293.11,293.55,7110.0,293.459,27
2024-04-17 10:50:00-04:00,293.55,293.95,292.83,293.06,10354.0,293.433,43
2024-04-17 10:55:00-04:00,293.17,293.55,293.13,293.41,1703.0,293.328,16
2024-04-17 11:00:00-04:00,293.41,293.61,293.17,293.22,6526.0,293.386,57
2024-04-17 11:05:00-04:00,293.2,293.31,292.64,292.82,5943.0,293.112,26
2024-04-17 11:10:00-04:00,292.89,293.03,292.67,292.67,2556.0,292.919,18
2024-04-17 11:15:00-04:00,292.74,293.0,292.53,292.54,1910.0,292.817,18
2024-04-17 11:20:00-04:00,292.51,292.83,292.26,292.66,2593.0,292.598,20
2024-04-17 11:25:00-04:00,292.73,292.91,292.58,292.71,1841.0,292.74,16
2024-04-17 11:30:00-04:00,292.37,292.37,291.76,291.88,1701.0,292.094,17
2024-04-17 11:35:00-04:00,292.22,292.42,292.13,292.14,9978.0,292.304,23
2024-04-17 11:40:00-04:00,292.32,292.79,292.21,292.71,2770.0,292.524,21
2024-04-17 11:45:00-04:00,292.51,292.51,292.13,292.19,2500.0,292.293,16
2024-04-17 11:50:00-04:00,292.22,292.49,292.15,292.49,735.0,292.283,6
2024-04-17 11:55:00-04:00,292.3,292.52,292.23,292.51,1648.0,292.448,10
2024-04-17 12:00:00-04:00,292.35,292.62,292.1,292.11,8358.0,292.358,72
2024-04-17 12:05:00-04:00,292.08,292.08,291.53,291.72,9357.0,291.874,67
2024-04-17 12:10:00-04:00,291.9,292.55,291.89,292.24,4047.0,292.245,37
2024-04-17 12:15:00-04:00,292.01,292.03,291.58,291.91,1055.0,291.871,9
2024-04-17 12:20:00-04:00,291.88,292.0,291.44,291.6,3319.0,291.722,30
2024-04-17 12:25:00-04:00,291.6,291.81,291.39,291.51,2351.0,291.658,23
2024-04-17 12:30:00-04:00,291.51,291.51,291.11,291.44,2964.0,291.376,25
2024-04-17 12:35:00-04:00,291.38,291.55,291.37,291.55,1500.0,291.426,6
2024-04-17 12:40:00-04:00,291.44,291.75,290.81,290.81,7009.0,291.128,37
2024-04-17 12:45:00-04:00,290.63,291.09,290.63,290.84,5197.0,290.858,39
2024-04-17 12:50:00-04:00,291.02,291.2,290.81,291.08,3898.0,291.085,37
2024-04-17 12:55:00-04:00,290.89,291.02,290.47,290.63,8714.0,290.821,51
2024-04-17 13:00:00-04:00,290.47,290.9,290.31,290.87,11403.0,290.671,49
2024-04-17 13:05:00-04:00,290.9,291.08,290.65,290.77,8057.0,290.827,62
2024-04-17 13:10:00-04:00,290.77,291.03,290.76,291.02,5879.0,290.872,42
2024-04-17 13:15:00-04:00,290.93,291.5,290.93,291.32,4076.0,291.213,31
2024-04-17 13:20:00-04:00,291.5,291.77,291.5,291.5,2100.0,291.64,19
2024-04-17 13:25:00-04:00,291.65,291.65,291.41,291.41,4029.0,291.578,22
2024-04-17 13:30:00-04:00,291.42,291.57,291.38,291.56,3645.0,291.496,28
2024-04-17 13:35:00-04:00,291.48,291.7,291.37,291.57,2487.0,291.624,19
2024-04-17 13:40:00-04:00,291.58,291.7,291.14,291.42,4603.0,291.482,32
2024-04-17 13:45:00-04:00,291.34,291.51,291.2,291.5,2415.0,291.34,20
2024-04-17 13:50:00-04:00,291.67,292.23,291.67,292.23,4497.0,291.96,37
2024-04-17 13:55:00-04:00,292.25,292.55,292.25,292.48,6152.0,292.354,50
2024-04-17 14:00:00-04:00,292.54,292.76,292.41,292.76,1602.0,292.6,15
2024-04-17 14:05:00-04:00,292.95,292.95,292.52,292.66,2879.0,292.731,20
2024-04-17 14:10:00-04:00,292.48,292.53,292.32,292.32,2136.0,292.438,19
2024-04-17 14:15:00-04:00,292.19,292.53,291.77,292.41,2754.0,292.203,27
2024-04-17 14:20:00-04:00,292.27,292.65,292.12,292.6,2800.0,292.443,25
2024-04-17 14:25:00-04:00,292.77,293.03,292.57,292.98,2419.0,292.767,20
2024-04-17 14:30:00-04:00,292.87,293.33,292.74,292.91,3294.0,293.071,25
2024-04-17 14:35:00-04:00,293.08,293.21,292.79,293.19,2506.0,293.049,21
2024-04-17 14:40:00-04:00,293.34,294.22,293.33,294.2,2478.0,293.729,16
2024-04-17 14:45:00-04:00,294.28,294.37,293.47,293.86,28344.0,294.118,62
2024-04-17 14:50:00-04:00,293.83,293.83,292.82,292.83,1181.0,293.492,11
2024-04-17 14:55:00-04:00,292.78,293.03,292.78,292.81,951.0,292.852,8
2024-04-17 15:00:00-04:00,292.99,292.99,292.2,292.2,3289.0,292.503,24
2024-04-17 15:05:00-04:00,292.33,292.39,292.07,292.13,1669.0,292.237,16
2024-04-17 15:10:00-04:00,292.12,292.12,291.82,291.97,6081.0,291.862,28
2024-04-17 15:15:00-04:00,292.24,292.6,292.24,292.32,4687.0,292.455,39
2024-04-17 15:20:00-04:00,292.32,292.33,291.98,292.18,5480.0,292.129,47
2024-04-17 15:25:00-04:00,292.15,292.15,291.86,291.86,1878.0,291.985,16
2024-04-17 15:30:00-04:00,291.87,292.63,291.87,292.5,7484.0,292.243,64
2024-04-17 15:35:00-04:00,292.44,292.49,291.91,292.19,8063.0,292.294,65
2024-04-17 15:40:00-04:00,292.03,292.97,291.87,292.97,30495.0,292.456,49
2024-04-17 15:45:00-04:00,292.83,293.16,292.67,293.0,25743.0,292.96,43
2024-04-17 15:50:00-04:00,293.0,293.51,292.59,293.51,9039.0,293.109,85
2024-04-17 15:55:00-04:00,293.41,293.48,292.79,293.09,37056.0,293.148,278
2024-04-18 09:30:00-04:00,295.54,295.54,294.71,294.71,8695.0,295.513,4
2024-04-18 09:35:00-04:00,294.71,294.71,293.24,293.74,1330.0,293.891,12
2024-04-18 09:40:00-04:00,293.84,294.31,293.69,294.06,2324.0,294.0,19
2024-04-18 09:45:00-04:00,294.06,294.29,292.97,293.81,12339.0,293.637,96
2024-04-18 09:50:00-04:00,293.93,294.16,293.01,293.01,1892.0,293.554,17
2024-04-18 09:55:00-04:00,293.14,293.76,293.07,293.44,2072.0,293.313,15
2024-04-18 10:00:00-04:00,293.88,294.35,293.67,293.79,2685.0,293.955,20
2024-04-18 10:05:00-04:00,293.86,294.22,293.44,294.22,3146.0,293.819,27
2024-04-18 10:10:00-04:00,294.16,294.24,293.73,294.24,3591.0,294.003,32
2024-04-18 10:15:00-04:00,294.2,294.47,294.0,294.16,3649.0,294.211,33
2024-04-18 10:20:00-04:00,294.28,294.28,293.98,294.22,1629.0,294.107,15
2024-04-18 10:25:00-04:00,294.22,294.31,294.0,294.31,2070.0,294.14,19
2024-04-18 10:30:00-04:00,294.47,295.02,294.47,294.49,2925.0,294.618,28
2024-04-18 10:35:00-04:00,294.62,294.87,294.3,294.3,1735.0,294.576,15
2024-04-18 10:40:00-04:00,294.21,294.46,294.19,294.46,4584.0,294.331,43
2024-04-18 10:45:00-04:00,294.48,294.64,294.33,294.41,1986.0,294.485,18
2024-04-18 10:50:00-04:00,294.25,294.46,294.13,294.46,3975.0,294.211,21
2024-04-18 10:55:00-04:00,294.43,294.92,294.42,294.68,4824.0,294.673,41
2024-04-18 11:00:00-04:00,294.85,294.85,294.54,294.62,1600.0,294.671,16
2024-04-18 11:05:00-04:00,294.62,294.67,294.39,294.67,2005.0,294.536,19
2024-04-18 11:10:00-04:00,294.67,295.05,294.59,295.05,2555.0,294.794,25
2024-04-18 11:15:00-04:00,294.94,295.32,294.93,294.93,8128.0,295.061,52
2024-04-18 11:20:00-04:00,294.81,295.28,294.81,295.06,2333.0,295.131,20
2024-04-18 11:25:00-04:00,295.03,295.04,294.65,294.65,1478.0,294.838,14
2024-04-18 11:30:00-04:00,294.56,294.74,294.53,294.67,1400.0,294.661,13
2024-04-18 11:35:00-04:00,294.68,294.69,294.49,294.67,1045.0,294.645,8
2024-04-18 11:40:00-04:00,294.5,294.66,294.25,294.32,1613.0,294.432,16
2024-04-18 11:45:00-04:00,294.28,294.63,294.27,294.53,2305.0,294.436,17
2024-04-18 11:50:00-04:00,294.52,294.74,294.39,294.63,3480.0,294.564,21
2024-04-18 11:55:00-04:00,294.76,295.01,294.73,295.0,2079.0,294.826,12
2024-04-18 12:00:00-04:00,295.11,295.2,294.77,294.84,1665.0,295.029,16
2024-04-18 12:05:00-04:00,294.76,294.76,294.46,294.47,1094.0,294.62,10
2024-04-18 12:10:00-04:00,294.4,294.52,294.26,294.26,2635.0,294.389,18
2024-04-18 12:15:00-04:00,294.25,294.3,294.15,294.2,1403.0,294.219,13
2024-04-18 12:20:00-04:00,294.26,294.36,294.0,294.2,2806.0,294.175,23
2024-04-18 12:25:00-04:00,294.11,294.32,294.1,294.2,2121.0,294.21,18
2024-04-18 12:30:00-04:00,294.31,294.31,293.33,293.36,3531.0,294.012,33
2024-04-18 12:35:00-04:00,293.49,293.91,293.49,293.68,1337.0,293.749,9
2024-04-18 12:40:00-04:00,293.65,293.73,293.31,293.41,1331.0,293.468,11
2024-04-18 12:45:00-04:00,293.4,293.4,292.94,293.0,1731.0,293.212,15
2024-04-18 12:50:00-04:00,292.95,292.95,292.66,292.67,2229.0,292.759,18
2024-04-18 12:55:00-04:00,292.79,292.8,292.65,292.7,1500.0,292.683,6
2024-04-18 13:00:00-04:00,292.59,292.69,292.33,292.36,2979.0,292.502,16
2024-04-18 13:05:00-04:00,292.3,292.3,292.02,292.09,1170.0,292.153,10
2024-04-18 13:10:00-04:00,292.09,292.09,291.76,291.78,1280.0,291.903,12
2024-04-18 13:15:00-04:00,291.88,291.88,290.86,291.17,6230.0,291.176,29
2024-04-18 13:20:00-04:00,291.09,291.09,290.83,290.83,700.0,290.969,7
2024-04-18 13:25:00-04:00,290.73,291.21,290.73,291.2,2571.0,290.865,22
2024-04-18 13:30:00-04:00,291.19,291.2,290.83,290.88,2200.0,290.944,15
2024-04-18 13:35:00-04:00,290.88,291.0,290.69,290.81,3400.0,290.887,32
2024-04-18 13:40:00-04:00,290.81,290.96,290.4,290.96,2428.0,290.676,24
2024-04-18 13:45:00-04:00,290.99,291.34,290.96,291.03,5146.0,291.091,25
2024-04-18 13:50:00-04:00,290.98,290.98,290.61,290.62,1196.0,290.739,10
2024-04-18 13:55:00-04:00,290.59,290.77,290.56,290.73,1171.0,290.665,11
2024-04-18 14:00:00-04:00,290.86,290.86,290.45,290.61,1674.0,290.628,16
2024-04-18 14:05:00-04:00,290.64,290.68,290.25,290.34,4141.0,290.417,15
2024-04-18 14:10:00-04:00,290.4,290.71,290.19,290.71,2262.0,290.404,18
2024-04-18 14:15:00-04:00,290.62,291.21,290.62,291.06,1400.0,291.08,13
2024-04-18 14:20:00-04:00,291.01,291.14,290.77,291.13,3179.0,290.975,27
2024-04-18 14:25:00-04:00,291.0,291.16,290.45,290.55,5865.0,290.738,33
2024-04-18 14:30:00-04:00,290.67,290.73,289.87,289.94,6594.0,290.344,33
2024-04-18 14:35:00-04:00,290.0,290.4,289.85,289.94,2955.0,290.066,20
2024-04-18 14:40:00-04:00,290.09,290.39,290.0,290.37,4052.0,290.271,19
2024-04-18 14:45:00-04:00,290.32,290.42,290.21,290.22,1688.0,290.307,13
2024-04-18 14:50:00-04:00,290.34,290.34,289.98,290.0,2639.0,290.122,24
2024-04-18 14:55:00-04:00,290.0,290.05,289.65,289.65,2100.0,289.869,18
2024-04-18 15:00:00-04:00,289.68,290.4,289.68,290.04,7408.0,290.178,48
2024-04-18 15:05:00-04:00,290.16,290.47,290.15,290.33,1981.0,290.347,14
2024-04-18 15:10:00-04:00,290.32,290.56,289.95,290.0,3074.0,290.242,23
2024-04-18 15:15:00-04:00,289.98,289.98,289.72,289.88,3278.0,289.832,18
2024-04-18 15:20:00-04:00,289.89,290.12,289.69,290.08,2559.0,289.981,22
2024-04-18 15:25:00-04:00,289.98,290.06,289.73,289.99,2883.0,289.97,25
2024-04-18 15:30:00-04:00,290.04,290.31,289.97,290.21,5956.0,290.128,48
2024-04-18 15:35:00-04:00,290.33,290.57,289.91,289.91,4566.0,290.314,39
2024-04-18 15:40:00-04:00,289.94,290.24,289.84,290.09,3861.0,290.058,33
2024-04-18 15:45:00-04:00,290.17,290.2,290.01,290.1,3732.0,290.094,29
2024-04-18 15:50:00-04:00,290.01,290.78,289.93,290.12,8875.0,290.314,81
2024-04-18 15:55:00-04:00,290.07,290.21,289.34,289.45,38116.0,289.681,243
2024-04-19 09:30:00-04:00,291.42,291.42,286.32,290.23,64226.0,291.0,68
2024-04-19 09:35:00-04:00,290.22,290.88,290.2,290.77,1640.0,290.527,15
2024-04-19 09:40:00-04:00,291.05,291.98,290.98,291.13,4659.0,291.452,39
2024-04-19 09:45:00-04:00,291.31,292.26,291.15,292.26,2220.0,291.639,15
2024-04-19 09:50:00-04:00,291.98,292.27,291.23,292.26,4110.0,291.731,35
2024-04-19 09:55:00-04:00,292.51,293.19,292.17,292.98,4448.0,292.667,29
2024-04-19 10:00:00-04:00,293.0,293.04,292.51,292.92,4845.0,292.791,44
2024-04-19 10:05:00-04:00,292.9,293.25,292.76,292.85,4773.0,292.956,36
2024-04-19 10:10:00-04:00,292.98,292.98,291.57,291.82,2907.0,292.084,25
2024-04-19 10:15:00-04:00,291.68,291.97,291.22,291.94,16151.0,291.596,123
2024-04-19 10:20:00-04:00,291.88,292.28,291.51,291.92,12036.0,291.898,68
2024-04-19 10:25:00-04:00,291.89,292.16,291.62,292.08,8285.0,291.891,51
2024-04-19 10:30:00-04:00,292.29,292.4,292.12,292.4,3558.0,292.312,26
2024-04-19 10:35:00-04:00,292.23,292.23,291.16,291.38,2011.0,291.586,16
2024-04-19 10:40:00-04:00,291.59,292.1,291.58,292.1,2900.0,291.836,27
2024-04-19 10:45:00-04:00,291.84,292.55,291.83,292.55,811.0,292.24,8
2024-04-19 10:50:00-04:00,292.42,292.71,292.31,292.71,866.0,292.465,7
2024-04-19 10:55:00-04:00,292.48,292.6,291.91,292.09,2600.0,292.366,20
2024-04-19 11:00:00-04:00,292.05,292.05,291.44,291.44,3115.0,291.856,28
2024-04-19 11:05:00-04:00,291.46,292.16,291.45,292.16,982.0,291.725,8
2024-04-19 11:10:00-04:00,291.98,292.16,291.8,292.0,2064.0,291.998,16
2024-04-19 11:15:00-04:00,292.04,292.05,291.78,291.89,2245.0,291.931,15
2024-04-19 11:20:00-04:00,291.81,292.0,291.72,291.77,4208.0,291.829,26
2024-04-19 11:25:00-04:00,291.76,292.02,291.76,292.01,1729.0,291.913,15
2024-04-19 11:30:00-04:00,292.15,292.28,292.05,292.06,1235.0,292.184,10
2024-04-19 11:35:00-04:00,291.84,292.29,291.84,292.29,2141.0,292.085,18
2024-04-19 11:40:00-04:00,292.47,292.47,291.98,291.99,2123.0,292.367,13
2024-04-19 11:45:00-04:00,292.13,292.29,292.13,292.16,769.0,292.191,7
2024-04-19 11:50:00-04:00,292.16,292.16,291.78,291.85,700.0,291.948,5
2024-04-19 11:55:00-04:00,291.72,291.85,291.4,291.41,3863.0,291.679,33
2024-04-19 12:00:00-04:00,291.41,291.75,291.4,291.66,2471.0,291.669,15
2024-04-19 12:05:00-04:00,291.63,291.77,291.49,291.66,1700.0,291.616,17
2024-04-19 12:10:00-04:00,291.57,291.57,290.78,290.79,4861.0,291.133,28
2024-04-19 12:15:00-04:00,290.91,290.91,290.67,290.77,7404.0,290.754,69
2024-04-19 12:20:00-04:00,290.59,290.77,290.31,290.33,4756.0,290.673,29
2024-04-19 12:25:00-04:00,290.39,290.5,289.85,290.0,3092.0,290.303,28
2024-04-19 12:30:00-04:00,290.03,290.07,289.22,289.5,4128.0,289.668,28
2024-04-19 12:35:00-04:00,289.33,289.33,286.65,286.65,34907.0,287.899,217
2024-04-19 12:40:00-04:00,286.81,287.94,286.81,287.94,1924.0,287.451,15
2024-04-19 12:45:00-04:00,287.66,288.13,287.66,287.79,1989.0,287.921,16
2024-04-19 12:50:00-04:00,287.82,288.77,287.82,288.4,2439.0,288.494,22
2024-04-19 12:55:00-04:00,288.59,288.65,288.27,288.62,3528.0,288.555,11
2024-04-19 13:00:00-04:00,288.73,288.76,288.67,288.74,400.0,288.725,4
2024-04-19 13:05:00-04:00,288.89,289.01,288.74,288.74,7583.0,288.876,21
2024-04-19 13:10:00-04:00,289.06,289.06,288.83,289.01,800.0,288.958,8
2024-04-19 13:15:00-04:00,288.84,289.15,288.64,289.15,833.0,288.798,8
2024-04-19 13:20:00-04:00,289.15,289.35,289.03,289.24,7911.0,289.158,9
2024-04-19 13:25:00-04:00,289.16,289.16,288.68,288.71,2268.0,288.985,13
2024-04-19 13:30:00-04:00,288.76,288.81,288.57,288.58,1166.0,288.646,10
2024-04-19 13:35:00-04:00,288.51,288.76,288.38,288.48,2123.0,288.524,10
2024-04-19 13:40:00-04:00,288.49,288.72,288.48,288.63,1100.0,288.565,9
2024-04-19 13:45:00-04:00,288.7,289.28,288.7,289.27,1895.0,289.019,17
2024-04-19 13:50:00-04:00,289.46,290.01,289.46,289.93,1205.0,289.87,11
2024-04-19 13:55:00-04:00,289.88,289.88,288.89,288.89,2019.0,289.268,15
2024-04-19 14:00:00-04:00,288.72,288.72,288.09,288.16,4781.0,288.179,23
2024-04-19 14:05:00-04:00,288.26,288.64,287.88,288.44,3833.0,288.345,15
2024-04-19 14:10:00-04:00,288.35,288.51,287.94,288.41,3500.0,288.14,28
2024-04-19 14:15:00-04:00,288.12,288.45,288.02,288.45,1600.0,288.285,16
2024-04-19 14:20:00-04:00,288.45,288.69,288.42,288.69,822.0,288.484,8
2024-04-19 14:25:00-04:00,288.57,288.59,288.01,288.01,1759.0,288.441,16
2024-04-19 14:30:00-04:00,287.97,288.01,287.41,287.69,4357.0,287.617,34
2024-04-19 14:35:00-04:00,287.72,287.92,287.38,287.55,1293.0,287.714,12
2024-04-19 14:40:00-04:00,287.21,287.24,286.65,287.12,5908.0,287.041,34
2024-04-19 14:45:00-04:00,286.94,287.25,286.59,287.06,3692.0,286.986,20
2024-04-19 14:50:00-04:00,287.23,287.24,286.75,287.08,2731.0,286.992,21
2024-04-19 14:55:00-04:00,286.85,287.43,286.85,287.18,2448.0,287.168,16
2024-04-19 15:00:00-04:00,287.07,287.07,286.72,286.92,6228.0,286.89,50
2024-04-19 15:05:00-04:00,286.91,287.14,286.76,287.0,1820.0,286.927,15
2024-04-19 15:10:00-04:00,287.01,287.73,286.99,287.35,3935.0,287.24,28
2024-04-19 15:15:00-04:00,287.5,287.5,286.89,287.41,2076.0,287.09,15
2024-04-19 15:20:00-04:00,287.41,287.69,287.41,287.52,2581.0,287.546,20
2024-04-19 15:25:00-04:00,287.62,288.01,287.43,287.87,1689.0,287.639,16
2024-04-19 15:30:00-04:00,287.62,287.83,287.32,287.56,1928.0,287.539,16
2024-04-19 15:35:00-04:00,287.56,287.91,287.13,287.67,3379.0,287.53,32
2024-04-19 15:40:00-04:00,287.67,287.86,287.42,287.86,4227.0,287.624,28
2024-04-19 15:45:00-04:00,287.88,288.1,287.58,287.76,3439.0,287.83,32
2024-04-19 15:50:00-04:00,287.67,288.32,287.61,288.32,3882.0,287.915,37
2024-04-19 15:55:00-04:00,288.42,288.64,288.08,288.38,19940.0,288.441,151
2024-04-22 09:30:00-04:00,291.12,291.19,289.53,289.53,18368.0,290.849,39
2024-04-22 09:35:00-04:00,290.16,291.02,288.95,290.8,12202.0,289.881,63
2024-04-22 09:40:00-04:00,290.47,291.58,290.34,291.38,10940.0,290.9,68
2024-04-22 09:45:00-04:00,291.72,292.66,291.55,292.53,7231.0,292.004,47
2024-04-22 09:50:00-04:00,292.42,293.24,292.42,293.24,18040.0,292.656,94
2024-04-22 09:55:00-04:00,293.03,293.91,293.03,293.91,46122.0,293.629,99
2024-04-22 10:00:00-04:00,293.88,294.42,293.28,293.43,11443.0,294.04,92
2024-04-22 10:05:00-04:00,293.55,293.72,292.61,292.62,6457.0,293.227,57
2024-04-22 10:10:00-04:00,292.68,292.68,292.24,292.25,2603.0,292.481,25
2024-04-22 10:15:00-04:00,292.25,292.25,291.73,291.73,3266.0,291.985,22
2024-04-22 10:20:00-04:00,291.64,292.15,291.5,292.06,5564.0,291.905,28
2024-04-22 10:25:00-04:00,292.02,292.51,291.92,291.92,2597.0,292.245,25
2024-04-22 10:30:00-04:00,291.88,291.88,291.34,291.82,2236.0,291.658,17
2024-04-22 10:35:00-04:00,291.91,291.91,291.11,291.17,2000.0,291.47,20
2024-04-22 10:40:00-04:00,290.97,291.75,290.97,291.44,1751.0,291.386,15
2024-04-22 10:45:00-04:00,291.42,291.66,290.64,290.95,20397.0,291.304,25
2024-04-22 10:50:00-04:00,290.97,290.99,290.42,290.69,6634.0,290.848,25
2024-04-22 10:55:00-04:00,290.52,290.53,289.78,289.78,2572.0,290.135,24
2024-04-22 11:00:00-04:00,289.9,290.3,289.62,290.12,4149.0,290.039,38
2024-04-22 11:05:00-04:00,290.1,290.33,289.82,289.84,6960.0,290.101,51
2024-04-22 11:10:00-04:00,289.66,289.84,289.37,289.37,5392.0,289.618,45
2024-04-22 11:15:00-04:00,289.29,290.07,288.97,289.44,8574.0,289.598,51
2024-04-22 11:20:00-04:00,289.47,289.5,289.04,289.11,4087.0,289.367,23
2024-04-22 11:25:00-04:00,289.2,289.6,288.98,289.01,2235.0,289.257,20
2024-04-22 11:30:00-04:00,289.06,289.93,289.02,289.49,2487.0,289.39,24
2024-04-22 11:35:00-04:00,289.5,289.5,289.3,289.44,1300.0,289.407,13
2024-04-22 11:40:00-04:00,289.46,289.49,289.11,289.25,2023.0,289.326,18
2024-04-22 11:45:00-04:00,289.48,289.91,289.42,289.72,9619.0,289.622,32
2024-04-22 11:50:00-04:00,289.73,289.83,289.39,289.4,6891.0,289.6,49
2024-04-22 11:55:00-04:00,289.44,289.54,289.14,289.14,4176.0,289.434,33
2024-04-22 12:00:00-04:00,289.18,289.67,289.18,289.51,7019.0,289.472,59
2024-04-22 12:05:00-04:00,289.51,289.68,289.44,289.55,3114.0,289.565,26
2024-04-22 12:10:00-04:00,289.54,290.14,289.47,290.14,2502.0,289.77,23
2024-04-22 12:15:00-04:00,290.21,290.56,290.21,290.56,1089.0,290.466,7
2024-04-22 12:20:00-04:00,290.29,290.4,289.78,289.8,3350.0,290.161,19
2024-04-22 12:25:00-04:00,289.71,290.11,289.66,290.11,1039.0,289.901,10
2024-04-22 12:30:00-04:00,289.89,289.89,289.42,289.46,800.0,289.616,8
2024-04-22 12:35:00-04:00,289.62,290.07,289.61,289.91,2356.0,289.884,23
2024-04-22 12:40:00-04:00,289.87,289.94,289.45,289.45,1900.0,289.702,18
2024-04-22 12:45:00-04:00,289.72,290.19,289.63,289.97,2312.0,289.903,20
2024-04-22 12:50:00-04:00,289.96,290.12,289.85,290.12,1882.0,289.991,18
2024-04-22 12:55:00-04:00,290.12,290.43,290.12,290.43,1484.0,290.294,14
2024-04-22 13:00:00-04:00,290.58,290.83,290.54,290.54,2525.0,290.706,18
2024-04-22 13:05:00-04:00,290.52,290.72,290.48,290.67,1370.0,290.602,12
2024-04-22 13:10:00-04:00,290.86,291.15,290.86,291.15,1300.0,290.984,13
2024-04-22 13:15:00-04:00,291.15,291.15,290.88,290.98,3317.0,291.018,19
2024-04-22 13:20:00-04:00,290.94,291.19,290.94,291.06,10339.0,291.095,27
2024-04-22 13:25:00-04:00,291.12,291.81,291.12,291.81,10100.0,291.183,29
2024-04-22 13:30:00-04:00,291.87,291.96,291.41,291.7,1854.0,291.651,15
2024-04-22 13:35:00-04:00,291.69,291.7,291.29,291.62,1912.0,291.484,16
2024-04-22 13:40:00-04:00,291.48,291.61,291.3,291.5,1295.0,291.447,12
2024-04-22 13:45:00-04:00,291.41,292.06,291.41,292.06,2236.0,291.769,18
2024-04-22 13:50:00-04:00,292.21,293.04,292.15,292.96,3475.0,292.617,33
2024-04-22 13:55:00-04:00,293.13,293.13,292.22,292.22,1988.0,292.585,17
2024-04-22 14:00:00-04:00,292.62,292.99,292.6,292.87,1384.0,292.76,11
2024-04-22 14:05:00-04:00,293.0,293.37,292.81,293.29,2237.0,293.117,20
2024-04-22 14:10:00-04:00,293.12,293.43,293.01,293.42,1720.0,293.197,16
2024-04-22 14:15:00-04:00,293.37,293.66,293.35,293.66,1662.0,293.51,13
2024-04-22 14:20:00-04:00,293.98,294.18,293.71,294.09,2200.0,294.001,21
2024-04-22 14:25:00-04:00,294.11,294.15,293.9,293.9,1780.0,294.016,12
2024-04-22 14:30:00-04:00,293.92,294.09,293.92,293.96,1486.0,293.971,12
2024-04-22 14:35:00-04:00,294.07,294.25,293.64,293.69,2570.0,294.036,24
2024-04-22 14:40:00-04:00,293.45,293.46,293.2,293.23,1125.0,293.343,11
2024-04-22 14:45:00-04:00,293.15,293.67,293.15,293.67,3413.0,293.357,28
2024-04-22 14:50:00-04:00,293.57,293.65,293.24,293.41,1881.0,293.405,16
2024-04-22 14:55:00-04:00,293.48,293.66,293.42,293.54,3001.0,293.573,25
2024-04-22 15:00:00-04:00,293.55,293.61,293.26,293.36,38525.0,293.364,25
2024-04-22 15:05:00-04:00,293.2,293.34,293.03,293.23,2718.0,293.224,24
2024-04-22 15:10:00-04:00,293.11,293.24,293.0,293.22,2578.0,293.144,20
2024-04-22 15:15:00-04:00,293.16,293.32,292.93,292.94,7929.0,293.156,28
2024-04-22 15:20:00-04:00,292.93,293.13,292.52,292.71,5088.0,292.826,43
2024-04-22 15:25:00-04:00,292.71,292.93,292.59,292.92,2319.0,292.738,23
2024-04-22 15:30:00-04:00,292.82,292.82,292.13,292.2,5280.0,292.5,38
2024-04-22 15:35:00-04:00,292.09,292.39,291.91,292.3,5959.0,292.14,44
2024-04-22 15:40:00-04:00,292.49,292.69,292.22,292.33,6907.0,292.382,50
2024-04-22 15:45:00-04:00,292.21,292.64,292.15,292.51,5484.0,292.42,45
2024-04-22 15:50:00-04:00,292.41,292.41,291.65,291.84,10108.0,292.002,71
2024-04-22 15:55:00-04:00,291.62,291.67,290.96,291.17,39834.0,291.248,290
2024-04-23 09:30:00-04:00,293.45,293.45,292.28,292.81,7283.0,293.386,6
2024-04-23 09:35:00-04:00,293.45,294.02,292.36,293.92,4879.0,293.194,24
2024-04-23 09:40:00-04:00,292.86,294.0,292.85,293.88,2328.0,293.456,17
2024-04-23 09:45:00-04:00,294.18,294.81,293.02,293.9,17946.0,293.859,140
2024-04-23 09:50:00-04:00,294.05,294.55,294.04,294.41,6251.0,294.277,52
2024-04-23 09:55:00-04:00,294.4,294.62,294.07,294.62,9433.0,294.39,72
2024-04-23 10:00:00-04:00,294.4,295.29,294.4,295.29,3479.0,294.745,33
2024-04-23 10:05:00-04:00,295.22,295.22,294.48,294.9,6291.0,294.93,49
2024-04-23 10:10:00-04:00,294.81,294.93,294.47,294.47,3306.0,294.768,28
2024-04-23 10:15:00-04:00,294.47,294.66,293.97,294.66,1831.0,294.324,13
2024-04-23 10:20:00-04:00,294.94,294.97,294.62,294.73,1925.0,294.881,17
2024-04-23 10:25:00-04:00,294.82,295.4,294.79,295.4,4441.0,295.124,34
2024-04-23 10:30:00-04:00,295.25,295.91,295.24,295.27,4335.0,295.607,31
2024-04-23 10:35:00-04:00,295.01,295.11,294.36,294.65,4772.0,294.621,41
2024-04-23 10:40:00-04:00,294.52,294.98,294.52,294.62,2878.0,294.733,26
2024-04-23 10:45:00-04:00,294.47,294.84,294.11,294.68,3793.0,294.515,26
2024-04-23 10:50:00-04:00,294.84,295.15,294.65,295.06,1502.0,294.916,12
2024-04-23 10:55:00-04:00,295.0,295.15,294.84,295.0,3577.0,295.008,32
2024-04-23 11:00:00-04:00,294.98,295.09,294.23,294.35,1230.0,294.745,11
2024-04-23 11:05:00-04:00,294.35,294.48,294.33,294.33,497.0,294.378,4
2024-04-23 11:10:00-04:00,294.6,294.92,294.41,294.84,4000.0,294.699,32
2024-04-23 11:15:00-04:00,294.84,294.84,294.59,294.59,1200.0,294.716,11
2024-04-23 11:20:00-04:00,294.46,294.76,294.46,294.6,3600.0,294.575,20
2024-04-23 11:25:00-04:00,294.61,294.61,294.29,294.44,1800.0,294.452,12
2024-04-23 11:30:00-04:00,294.4,294.44,293.96,294.34,2744.0,294.228,27
2024-04-23 11:35:00-04:00,294.6,294.6,294.4,294.41,9312.0,294.422,12
2024-04-23 11:40:00-04:00,294.21,294.65,294.21,294.65,3254.0,294.314,15
2024-04-23 11:45:00-04:00,294.62,294.62,294.4,294.44,1069.0,294.497,10
2024-04-23 11:50:00-04:00,294.41,294.41,294.04,294.26,2038.0,294.151,18
2024-04-23 11:55:00-04:00,294.49,294.74,294.23,294.32,3220.0,294.498,16
2024-04-23 12:00:00-04:00,294.39,294.73,294.22,294.51,1814.0,294.477,14
2024-04-23 12:05:00-04:00,294.88,295.33,294.83,295.1,10028.0,295.006,30
2024-04-23 12:10:00-04:00,295.1,295.39,294.96,295.14,6436.0,295.084,46
2024-04-23 12:15:00-04:00,295.12,295.24,294.84,295.19,3100.0,295.09,21
2024-04-23 12:20:00-04:00,295.18,295.34,295.02,295.26,4814.0,295.046,19
2024-04-23 12:25:00-04:00,295.27,295.35,294.97,295.03,4905.0,295.09,38
2024-04-23 12:30:00-04:00,295.02,295.2,294.91,294.99,4455.0,295.032,31
2024-04-23 12:35:00-04:00,295.08,295.11,294.89,295.04,2145.0,294.965,20
2024-04-23 12:40:00-04:00,295.12,295.12,294.74,294.87,3881.0,294.938,26
2024-04-23 12:45:00-04:00,295.0,295.19,295.0,295.09,600.0,295.073,6
2024-04-23 12:50:00-04:00,294.98,295.08,294.85,294.85,1810.0,294.946,18
2024-04-23 12:55:00-04:00,294.8,294.92,294.54,294.82,1962.0,294.684,18
2024-04-23 13:00:00-04:00,294.81,294.93,294.79,294.93,800.0,294.871,8
2024-04-23 13:05:00-04:00,295.0,295.49,295.0,295.44,4916.0,295.124,25
2024-04-23 13:10:00-04:00,295.11,295.17,294.79,294.95,6010.0,295.038,44
2024-04-23 13:15:00-04:00,294.87,295.05,294.66,295.05,1600.0,294.841,14
2024-04-23 13:20:00-04:00,295.05,295.15,294.74,294.98,5200.0,294.966,36
2024-04-23 13:25:00-04:00,295.03,295.1,294.92,294.97,1000.0,295.002,10
2024-04-23 13:30:00-04:00,295.15,295.44,295.13,295.32,1859.0,295.252,11
2024-04-23 13:35:00-04:00,295.44,295.71,295.33,295.65,3009.0,295.553,21
2024-04-23 13:40:00-04:00,295.73,295.96,295.54,295.74,3628.0,295.701,21
2024-04-23 13:45:00-04:00,295.87,296.17,295.63,296.05,3694.0,295.892,33
2024-04-23 13:50:00-04:00,296.0,296.0,295.66,295.66,1874.0,295.829,17
2024-04-23 13:55:00-04:00,295.75,295.75,295.48,295.62,951.0,295.562,9
2024-04-23 14:00:00-04:00,295.69,295.69,295.33,295.33,3227.0,295.489,25
2024-04-23 14:05:00-04:00,295.3,295.38,295.09,295.09,3949.0,295.295,25
2024-04-23 14:10:00-04:00,295.07,295.07,294.86,295.01,1300.0,294.949,12
2024-04-23 14:15:00-04:00,294.96,295.28,294.96,295.25,1742.0,295.135,12
2024-04-23 14:20:00-04:00,295.12,295.66,295.12,295.34,2769.0,295.313,17
2024-04-23 14:25:00-04:00,295.51,295.76,295.48,295.64,7756.0,295.547,34
2024-04-23 14:30:00-04:00,295.64,295.65,295.18,295.18,3333.0,295.457,27
2024-04-23 14:35:00-04:00,295.31,295.31,295.12,295.14,2570.0,295.15,17
2024-04-23 14:40:00-04:00,295.32,295.76,295.3,295.52,1587.0,295.482,14
2024-04-23 14:45:00-04:00,295.45,295.45,295.17,295.18,1400.0,295.303,14
2024-04-23 14:50:00-04:00,295.25,295.25,294.7,294.7,4300.0,295.029,42
2024-04-23 14:55:00-04:00,294.97,295.15,294.77,295.0,5266.0,294.981,27
2024-04-23 15:00:00-04:00,295.0,295.06,294.64,295.0,2183.0,294.931,18
2024-04-23 15:05:00-04:00,295.05,295.12,294.84,294.99,2400.0,295.002,24
2024-04-23 15:10:00-04:00,295.13,295.26,295.0,295.01,4639.0,295.106,29
2024-04-23 15:15:00-04:00,294.91,295.0,294.81,294.81,2930.0,294.938,21
2024-04-23 15:20:00-04:00,294.82,295.09,294.71,294.82,2829.0,294.881,24
2024-04-23 15:25:00-04:00,294.87,294.87,294.51,294.69,4751.0,294.634,45
2024-04-23 15:30:00-04:00,294.62,294.68,294.4,294.65,5102.0,294.534,49
2024-04-23 15:35:00-04:00,294.84,295.11,294.84,295.08,6219.0,295.035,44
2024-04-23 15:40:00-04:00,295.08,295.15,294.9,294.98,8089.0,295.002,61
2024-04-23 15:45:00-04:00,294.98,295.18,294.82,295.17,9980.0,295.052,69
2024-04-23 15:50:00-04:00,295.15,295.33,294.96,295.07,18011.0,295.112,142
2024-04-23 15:55:00-04:00,295.01,295.17,294.61,295.17,35494.0,294.879,264
2024-04-24 09:30:00-04:00,296.54,298.57,296.19,298.41,26089.0,296.799,58
2024-04-24 09:35:00-04:00,298.75,301.19,298.75,301.19,30783.0,299.647,150
2024-04-24 09:40:00-04:00,301.48,303.4,300.59,301.69,31628.0,301.546,159
2024-04-24 09:45:00-04:00,301.86,301.9,300.88,301.1,8665.0,301.424,76
2024-04-24 09:50:00-04:00,301.23,301.79,300.78,301.51,10243.0,301.431,85
2024-04-24 09:55:00-04:00,301.46,301.56,300.56,300.94,12590.0,301.073,105
2024-04-24 10:00:00-04:00,301.14,301.48,300.3,301.48,6358.0,300.901,61
2024-04-24 10:05:00-04:00,301.26,301.76,300.48,300.96,6251.0,301.29,37
2024-04-24 10:10:00-04:00,301.22,301.22,300.66,300.81,3400.0,300.91,33
2024-04-24 10:15:00-04:00,300.09,300.09,298.93,298.93,1600.0,299.429,16
2024-04-24 10:20:00-04:00,299.07,299.27,298.84,299.26,1730.0,299.091,16
2024-04-24 10:25:00-04:00,299.3,299.3,298.3,298.49,3526.0,298.715,29
2024-04-24 10:30:00-04:00,298.59,299.09,298.48,298.89,1390.0,298.752,12
2024-04-24 10:35:00-04:00,298.64,298.86,297.78,297.78,6999.0,298.368,63
2024-04-24 10:40:00-04:00,297.87,298.17,297.39,297.42,3511.0,297.731,23
2024-04-24 10:45:00-04:00,297.27,297.73,297.26,297.36,2514.0,297.473,24
2024-04-24 10:50:00-04:00,297.38,297.44,296.98,297.4,3755.0,297.257,25
2024-04-24 10:55:00-04:00,297.4,297.4,296.94,296.94,2793.0,297.147,26
2024-04-24 11:00:00-04:00,297.07,297.57,296.59,296.59,8580.0,297.168,65
2024-04-24 11:05:00-04:00,296.88,296.93,296.56,296.93,3208.0,296.733,32
2024-04-24 11:10:00-04:00,296.73,296.74,296.35,296.49,1925.0,296.555,19
2024-04-24 11:15:00-04:00,296.63,296.79,296.29,296.37,2205.0,296.549,22
2024-04-24 11:20:00-04:00,296.31,296.71,296.29,296.53,2701.0,296.524,27
2024-04-24 11:25:00-04:00,296.55,296.9,296.16,296.71,4900.0,296.584,36
2024-04-24 11:30:00-04:00,296.83,297.35,296.83,297.35,2051.0,296.987,19
2024-04-24 11:35:00-04:00,297.4,297.4,296.76,296.76,1300.0,297.05,13
2024-04-24 11:40:00-04:00,296.82,296.97,296.1,296.1,3314.0,296.659,32
2024-04-24 11:45:00-04:00,295.93,296.47,295.87,296.18,4016.0,296.126,37
2024-04-24 11:50:00-04:00,296.27,296.27,295.5,295.5,1500.0,295.818,15
2024-04-24 11:55:00-04:00,295.5,295.64,295.37,295.64,1951.0,295.432,14
2024-04-24 12:00:00-04:00,295.74,295.92,295.47,295.61,1163.0,295.659,11
2024-04-24 12:05:00-04:00,295.59,295.61,295.24,295.24,2946.0,295.413,28
2024-04-24 12:10:00-04:00,295.35,295.57,295.35,295.56,900.0,295.486,9
2024-04-24 12:15:00-04:00,295.57,295.62,295.22,295.38,2050.0,295.435,20
2024-04-24 12:20:00-04:00,295.38,295.53,295.08,295.09,3639.0,295.299,32
2024-04-24 12:25:00-04:00,294.99,295.42,294.99,295.42,2710.0,295.163,23
2024-04-24 12:30:00-04:00,295.51,295.52,294.11,294.11,1371.0,294.755,13
2024-04-24 12:35:00-04:00,294.3,294.32,293.9,293.92,1600.0,294.046,14
2024-04-24 12:40:00-04:00,294.04,294.25,293.74,293.74,2220.0,294.083,19
2024-04-24 12:45:00-04:00,293.75,293.83,293.65,293.68,1700.0,293.721,16
2024-04-24 12:50:00-04:00,293.53,293.83,293.39,293.76,6095.0,293.632,57
2024-04-24 12:55:00-04:00,293.74,294.33,293.71,294.27,6296.0,293.975,58
2024-04-24 13:00:00-04:00,294.26,294.45,294.06,294.06,3128.0,294.235,29
2024-04-24 13:05:00-04:00,293.89,294.15,293.8,293.8,2537.0,293.953,20
2024-04-24 13:10:00-04:00,293.77,294.53,293.77,294.02,4800.0,294.116,44
2024-04-24 13:15:00-04:00,294.13,294.44,294.04,294.44,2281.0,294.224,21
2024-04-24 13:20:00-04:00,294.44,295.01,294.3,295.01,2702.0,294.596,27
2024-04-24 13:25:00-04:00,295.04,295.13,294.81,294.98,1700.0,294.94,17
2024-04-24 13:30:00-04:00,294.92,295.45,294.92,295.45,1004.0,295.302,10
2024-04-24 13:35:00-04:00,295.45,295.71,295.37,295.38,3100.0,295.562,28
2024-04-24 13:40:00-04:00,295.51,296.13,295.51,296.13,2925.0,295.836,28
2024-04-24 13:45:00-04:00,296.22,296.6,296.21,296.36,1544.0,296.366,15
2024-04-24 13:50:00-04:00,296.36,296.66,296.36,296.66,2247.0,296.537,21
2024-04-24 13:55:00-04:00,296.48,296.66,296.37,296.66,2020.0,296.503,20
2024-04-24 14:00:00-04:00,296.56,296.62,296.24,296.24,1117.0,296.43,10
2024-04-24 14:05:00-04:00,296.12,296.35,295.6,296.35,6430.0,295.98,39
2024-04-24 14:10:00-04:00,296.16,296.4,295.89,295.9,2145.0,296.2,21
2024-04-24 14:15:00-04:00,295.92,295.92,295.67,295.67,660.0,295.771,6
2024-04-24 14:20:00-04:00,295.71,296.01,295.69,295.98,2997.0,295.847,28
2024-04-24 14:25:00-04:00,296.11,296.26,295.71,296.0,2267.0,295.996,22
2024-04-24 14:30:00-04:00,295.87,295.87,295.31,295.47,2616.0,295.555,25
2024-04-24 14:35:00-04:00,295.51,295.77,295.51,295.77,1778.0,295.602,14
2024-04-24 14:40:00-04:00,295.77,296.05,295.68,296.05,5100.0,295.835,33
2024-04-24 14:45:00-04:00,295.98,296.11,295.62,295.73,3651.0,295.896,29
2024-04-24 14:50:00-04:00,295.58,295.69,295.3,295.44,2716.0,295.506,26
2024-04-24 14:55:00-04:00,295.59,295.59,295.34,295.36,2076.0,295.484,18
2024-04-24 15:00:00-04:00,295.19,295.22,294.86,294.86,2208.0,295.111,20
2024-04-24 15:05:00-04:00,294.86,295.37,294.86,295.25,1659.0,295.039,13
2024-04-24 15:10:00-04:00,295.23,295.45,295.2,295.45,1126.0,295.285,11
2024-04-24 15:15:00-04:00,295.44,295.66,295.29,295.66,2086.0,295.42,20
2024-04-24 15:20:00-04:00,295.63,295.98,295.34,295.86,2492.0,295.66,22
2024-04-24 15:25:00-04:00,295.87,296.19,295.86,295.96,3794.0,296.052,33
2024-04-24 15:30:00-04:00,296.03,296.13,295.61,295.72,4294.0,295.938,39
2024-04-24 15:35:00-04:00,295.74,295.86,295.44,295.81,5936.0,295.628,54
2024-04-24 15:40:00-04:00,295.78,296.01,295.63,296.0,5126.0,295.775,48
2024-04-24 15:45:00-04:00,295.99,296.38,295.87,296.2,5436.0,296.081,54
2024-04-24 15:50:00-04:00,296.19,296.71,295.86,296.71,12226.0,296.238,116
2024-04-24 15:55:00-04:00,296.63,296.84,296.36,296.38,32299.0,296.592,281
2024-04-25 09:30:00-04:00,295.01,295.01,292.84,293.14,19923.0,294.941,12
2024-04-25 09:35:00-04:00,293.3,293.95,292.49,292.49,3738.0,293.513,32
2024-04-25 09:40:00-04:00,292.86,292.86,291.37,292.04,13290.0,291.973,114
2024-04-25 09:45:00-04:00,292.0,292.52,291.9,292.44,3214.0,292.227,32
2024-04-25 09:50:00-04:00,292.71,292.71,291.6,291.6,3516.0,292.271,35
2024-04-25 09:55:00-04:00,291.63,293.0,291.47,292.75,4824.0,292.415,28
2024-04-25 10:00:00-04:00,292.74,293.99,292.38,293.23,12821.0,293.203,94
2024-04-25 10:05:00-04:00,293.18,293.92,293.09,293.92,4117.0,293.488,36
2024-04-25 10:10:00-04:00,294.15,295.48,294.15,295.48,8318.0,294.797,66
2024-04-25 10:15:00-04:00,295.44,296.45,295.4,295.96,10215.0,295.89,96
2024-04-25 10:20:00-04:00,295.85,296.58,295.09,296.57,3040.0,295.892,26
2024-04-25 10:25:00-04:00,296.62,296.62,295.51,295.54,6090.0,296.093,52
2024-04-25 10:30:00-04:00,295.61,296.37,295.21,296.13,16325.0,295.934,136
2024-04-25 10:35:00-04:00,296.21,296.23,295.44,295.9,13921.0,295.815,130
2024-04-25 10:40:00-04:00,295.94,296.16,295.43,295.81,15400.0,295.714,118
2024-04-25 10:45:00-04:00,295.86,296.46,295.85,295.92,9332.0,296.126,87
2024-04-25 10:50:00-04:00,295.95,295.95,294.64,294.79,4875.0,295.161,40
2024-04-25 10:55:00-04:00,295.07,295.11,294.65,295.0,2425.0,294.935,23
2024-04-25 11:00:00-04:00,295.13,296.55,295.1,296.55,7198.0,295.765,41
2024-04-25 11:05:00-04:00,296.48,297.02,296.38,296.63,5147.0,296.639,46
2024-04-25 11:10:00-04:00,296.63,297.0,296.62,296.96,4112.0,296.795,39
2024-04-25 11:15:00-04:00,297.01,297.1,296.64,296.8,8354.0,296.831,67
2024-04-25 11:20:00-04:00,296.77,296.97,296.12,296.42,7079.0,296.565,63
2024-04-25 11:25:00-04:00,296.42,296.87,296.42,296.71,2723.0,296.71,24
2024-04-25 11:30:00-04:00,296.57,297.02,296.32,297.01,4084.0,296.665,34
2024-04-25 11:35:00-04:00,297.13,297.13,296.6,296.86,1636.0,296.92,12
2024-04-25 11:40:00-04:00,296.96,297.06,296.61,296.82,2029.0,296.829,19
2024-04-25 11:45:00-04:00,296.59,296.85,296.35,296.54,2738.0,296.661,24
2024-04-25 11:50:00-04:00,296.71,297.17,296.64,297.17,2180.0,296.909,19
2024-04-25 11:55:00-04:00,297.34,297.92,297.22,297.92,2678.0,297.455,22
2024-04-25 12:00:00-04:00,297.76,298.8,297.52,298.59,10228.0,298.231,86
2024-04-25 12:05:00-04:00,298.69,299.01,298.6,298.61,5324.0,298.794,48
2024-04-25 12:10:00-04:00,298.5,298.58,297.83,297.83,6603.0,298.384,58
2024-04-25 12:15:00-04:00,297.99,298.51,297.99,298.51,1300.0,298.27,13
2024-04-25 12:20:00-04:00,298.51,299.42,298.51,299.42,1707.0,299.078,12
2024-04-25 12:25:00-04:00,299.43,299.53,299.13,299.22,1100.0,299.319,11
2024-04-25 12:30:00-04:00,299.15,299.15,298.79,298.91,2214.0,298.939,21
2024-04-25 12:35:00-04:00,299.08,299.24,298.66,299.03,1758.0,298.93,14
2024-04-25 12:40:00-04:00,299.05,299.14,298.77,299.14,3437.0,298.951,33
2024-04-25 12:45:00-04:00,298.92,299.02,298.52,298.7,4150.0,298.692,36
2024-04-25 12:50:00-04:00,298.72,298.93,298.71,298.93,1704.0,298.8,16
2024-04-25 12:55:00-04:00,299.0,299.37,298.85,299.02,1881.0,299.109,17
2024-04-25 13:00:00-04:00,299.14,299.98,299.12,299.78,3179.0,299.492,31
2024-04-25 13:05:00-04:00,299.77,299.78,299.39,299.59,8053.0,299.659,65
2024-04-25 13:10:00-04:00,299.54,299.58,299.26,299.38,3421.0,299.414,30
2024-04-25 13:15:00-04:00,299.24,299.65,299.24,299.41,4378.0,299.454,40
2024-04-25 13:20:00-04:00,299.42,299.43,298.73,299.04,3800.0,299.089,37
2024-04-25 13:25:00-04:00,299.2,299.5,299.18,299.45,1703.0,299.362,16
2024-04-25 13:30:00-04:00,299.39,299.63,299.2,299.56,3201.0,299.409,29
2024-04-25 13:35:00-04:00,299.74,300.19,299.5,300.06,4421.0,299.941,35
2024-04-25 13:40:00-04:00,300.06,300.18,299.8,300.09,3729.0,299.97,37
2024-04-25 13:45:00-04:00,300.03,300.33,299.89,300.25,3499.0,300.137,27
2024-04-25 13:50:00-04:00,300.09,300.6,300.09,300.57,3523.0,300.328,27
2024-04-25 13:55:00-04:00,300.39,300.46,299.85,299.9,6781.0,300.282,53
2024-04-25 14:00:00-04:00,299.82,299.83,299.49,299.67,3007.0,299.696,29
2024-04-25 14:05:00-04:00,299.8,300.07,299.79,299.95,1939.0,299.958,19
2024-04-25 14:10:00-04:00,299.85,300.12,299.69,300.06,2183.0,299.812,21
2024-04-25 14:15:00-04:00,300.07,300.61,300.07,300.61,1800.0,300.416,17
2024-04-25 14:20:00-04:00,300.61,300.61,300.22,300.31,2904.0,300.396,23
2024-04-25 14:25:00-04:00,300.21,300.37,299.59,299.59,4893.0,300.042,47
2024-04-25 14:30:00-04:00,299.51,300.47,299.51,300.26,4475.0,300.222,43
2024-04-25 14:35:00-04:00,300.25,300.39,300.07,300.39,3807.0,300.186,35
2024-04-25 14:40:00-04:00,300.22,300.22,299.77,299.91,5175.0,299.919,39
2024-04-25 14:45:00-04:00,299.91,299.96,299.72,299.96,4262.0,299.813,41
2024-04-25 14:50:00-04:00,299.96,299.96,299.37,299.37,4655.0,299.724,42
2024-04-25 14:55:00-04:00,299.51,300.21,299.47,300.08,4800.0,299.813,46
2024-04-25 15:00:00-04:00,300.17,300.71,300.16,300.71,2166.0,300.454,21
2024-04-25 15:05:00-04:00,300.69,300.71,300.36,300.5,2243.0,300.589,21
2024-04-25 15:10:00-04:00,300.5,300.85,300.49,300.72,3920.0,300.709,36
2024-04-25 15:15:00-04:00,300.81,301.19,300.66,301.19,3623.0,300.876,33
2024-04-25 15:20:00-04:00,301.35,301.42,300.72,300.75,6062.0,301.092,60
2024-04-25 15:25:00-04:00,300.74,301.3,300.71,301.3,5345.0,301.037,49
2024-04-25 15:30:00-04:00,301.11,301.23,300.26,300.41,29039.0,300.978,48
2024-04-25 15:35:00-04:00,300.35,300.44,300.2,300.38,6038.0,300.311,53
2024-04-25 15:40:00-04:00,300.42,300.42,299.38,299.91,6200.0,299.906,56
2024-04-25 15:45:00-04:00,299.89,300.05,299.44,299.65,6467.0,299.799,58
2024-04-25 15:50:00-04:00,299.78,300.06,299.59,300.03,11083.0,299.876,97
2024-04-25 15:55:00-04:00,299.99,300.26,299.14,299.41,92656.0,299.606,718
2024-04-26 09:30:00-04:00,299.15,301.57,299.15,301.55,9444.0,299.33,11
2024-04-26 09:35:00-04:00,301.64,301.64,300.75,301.04,1328.0,301.048,13
2024-04-26 09:40:00-04:00,300.81,301.48,300.8,301.36,2414.0,301.149,19
2024-04-26 09:45:00-04:00,301.38,301.8,301.37,301.43,1400.0,301.465,12
2024-04-26 09:50:00-04:00,301.42,301.88,301.36,301.77,1100.0,301.566,11
2024-04-26 09:55:00-04:00,301.95,301.96,301.79,301.96,3600.0,301.874,29
2024-04-26 10:00:00-04:00,302.17,303.78,302.17,302.79,28754.0,303.125,215
2024-04-26 10:05:00-04:00,302.74,302.98,302.27,302.98,3000.0,302.693,29
2024-04-26 10:10:00-04:00,303.16,303.16,301.79,301.94,5660.0,302.647,43
2024-04-26 10:15:00-04:00,302.15,302.52,302.12,302.26,2069.0,302.27,14
2024-04-26 10:20:00-04:00,302.32,302.35,301.9,302.26,1557.0,302.139,15
2024-04-26 10:25:00-04:00,302.12,302.31,301.98,302.02,3700.0,302.144,31
2024-04-26 10:30:00-04:00,302.24,302.38,301.56,302.18,18418.0,302.157,54
2024-04-26 10:35:00-04:00,302.07,302.1,301.38,302.1,4275.0,301.789,42
2024-04-26 10:40:00-04:00,302.1,302.22,301.8,301.9,8374.0,301.986,65
2024-04-26 10:45:00-04:00,302.03,302.52,301.97,302.35,3827.0,302.239,33
2024-04-26 10:50:00-04:00,302.15,302.4,301.92,302.37,1405.0,302.145,14
2024-04-26 10:55:00-04:00,302.5,302.72,302.38,302.62,2549.0,302.533,22
2024-04-26 11:00:00-04:00,302.81,303.56,302.81,303.37,18960.0,302.914,30
2024-04-26 11:05:00-04:00,303.17,303.4,302.82,302.92,2608.0,303.187,26
2024-04-26 11:10:00-04:00,303.11,303.11,302.6,303.01,6413.0,302.807,57
2024-04-26 11:15:00-04:00,303.0,303.0,302.75,302.92,1800.0,302.884,15
2024-04-26 11:20:00-04:00,302.73,302.91,302.64,302.75,5758.0,302.75,47
2024-04-26 11:25:00-04:00,302.72,302.93,302.71,302.78,1800.0,302.853,15
2024-04-26 11:30:00-04:00,302.84,303.01,302.68,302.86,2213.0,302.83,20
2024-04-26 11:35:00-04:00,302.83,302.83,302.55,302.69,4068.0,302.686,39
2024-04-26 11:40:00-04:00,302.69,303.05,302.45,303.04,3903.0,302.649,38
2024-04-26 11:45:00-04:00,302.98,303.24,302.94,302.94,3323.0,303.051,30
2024-04-26 11:50:00-04:00,303.06,303.12,302.86,303.1,2856.0,302.995,26
2024-04-26 11:55:00-04:00,303.14,303.14,302.99,303.0,1866.0,303.057,14
2024-04-26 12:00:00-04:00,302.85,303.14,302.85,303.14,2007.0,302.989,18
2024-04-26 12:05:00-04:00,303.02,303.06,302.69,302.7,1548.0,302.887,15
2024-04-26 12:10:00-04:00,302.75,303.01,302.61,302.97,3419.0,302.833,25
2024-04-26 12:15:00-04:00,303.2,303.29,303.1,303.18,2312.0,303.208,12
2024-04-26 12:20:00-04:00,303.08,303.5,302.95,303.5,3611.0,303.207,33
2024-04-26 12:25:00-04:00,303.63,303.63,303.28,303.32,1052.0,303.383,8
2024-04-26 12:30:00-04:00,303.5,303.81,303.5,303.77,1000.0,303.663,10
2024-04-26 12:35:00-04:00,304.0,304.18,303.89,304.16,1555.0,303.992,14
2024-04-26 12:40:00-04:00,304.18,304.18,303.76,303.76,2100.0,303.977,17
2024-04-26 12:45:00-04:00,303.96,304.17,303.96,304.17,914.0,304.058,9
2024-04-26 12:50:00-04:00,304.17,304.54,304.1,304.4,1952.0,304.358,19
2024-04-26 12:55:00-04:00,304.5,304.68,304.43,304.68,825.0,304.548,8
2024-04-26 13:00:00-04:00,304.71,304.71,304.18,304.4,6241.0,304.417,36
2024-04-26 13:05:00-04:00,304.44,304.44,304.24,304.38,2331.0,304.345,22
2024-04-26 13:10:00-04:00,304.45,305.35,304.45,305.0,8041.0,304.871,66
2024-04-26 13:15:00-04:00,305.3,305.43,304.86,304.86,6093.0,305.177,55
2024-04-26 13:20:00-04:00,305.01,305.12,304.77,304.99,6229.0,304.892,46
2024-04-26 13:25:00-04:00,304.99,305.16,304.62,304.72,3301.0,304.858,30
2024-04-26 13:30:00-04:00,304.8,304.97,304.78,304.97,1100.0,304.83,11
2024-04-26 13:35:00-04:00,304.84,305.09,304.72,304.78,3945.0,304.878,37
2024-04-26 13:40:00-04:00,304.75,304.75,304.3,304.43,1935.0,304.508,19
2024-04-26 13:45:00-04:00,304.41,304.64,304.31,304.55,1700.0,304.514,16
2024-04-26 13:50:00-04:00,304.44,304.72,304.34,304.65,2016.0,304.551,18
2024-04-26 13:55:00-04:00,304.64,304.99,304.53,304.71,2620.0,304.757,25
2024-04-26 14:00:00-04:00,304.67,304.75,304.32,304.39,4693.0,304.551,40
2024-04-26 14:05:00-04:00,304.55,304.63,304.35,304.63,2127.0,304.523,18
2024-04-26 14:10:00-04:00,304.56,305.2,304.52,305.09,8590.0,304.908,71
2024-04-26 14:15:00-04:00,305.09,305.2,304.87,304.94,7366.0,304.991,60
2024-04-26 14:20:00-04:00,304.97,305.14,304.84,304.93,8853.0,304.979,80
2024-04-26 14:25:00-04:00,304.99,305.15,304.87,304.88,3720.0,305.026,34
2024-04-26 14:30:00-04:00,304.88,304.95,304.45,304.46,4219.0,304.752,34
2024-04-26 14:35:00-04:00,304.57,304.82,304.54,304.62,3085.0,304.68,24
2024-04-26 14:40:00-04:00,304.79,305.03,304.73,304.89,2686.0,304.87,26
2024-04-26 14:45:00-04:00,304.75,304.9,304.75,304.81,3259.0,304.807,24
2024-04-26 14:50:00-04:00,304.74,304.76,304.36,304.45,2000.0,304.607,18
2024-04-26 14:55:00-04:00,304.29,304.83,304.07,304.71,4006.0,304.512,37
2024-04-26 15:00:00-04:00,304.99,305.0,304.57,304.8,1750.0,304.842,17
2024-04-26 15:05:00-04:00,304.69,305.02,304.61,305.0,1500.0,304.82,15
2024-04-26 15:10:00-04:00,304.97,305.15,304.88,304.99,4466.0,305.008,39
2024-04-26 15:15:00-04:00,305.09,305.32,305.01,305.05,2173.0,305.128,20
2024-04-26 15:20:00-04:00,305.14,305.24,304.91,305.24,5676.0,305.038,50
2024-04-26 15:25:00-04:00,305.12,305.42,304.86,305.22,6321.0,305.149,49
2024-04-26 15:30:00-04:00,305.11,305.15,304.36,304.42,6241.0,304.702,57
2024-04-26 15:35:00-04:00,304.42,304.42,304.17,304.31,4719.0,304.285,41
2024-04-26 15:40:00-04:00,304.31,304.51,304.21,304.38,9989.0,304.332,82
2024-04-26 15:45:00-04:00,304.39,304.96,304.37,304.82,8600.0,304.746,66
2024-04-26 15:50:00-04:00,304.71,305.0,304.54,304.67,10731.0,304.775,82
2024-04-26 15:55:00-04:00,304.65,304.93,304.34,304.34,29437.0,304.617,205
2024-04-29 09:30:00-04:00,304.53,307.3,304.53,306.85,24327.0,304.88,50
2024-04-29 09:35:00-04:00,306.85,307.27,304.84,304.88,8974.0,306.011,63
2024-04-29 09:40:00-04:00,304.87,305.91,304.84,305.69,8995.0,305.474,62
2024-04-29 09:45:00-04:00,305.69,306.47,305.19,305.19,20578.0,305.973,48
2024-04-29 09:50:00-04:00,305.19,305.86,305.18,305.42,7308.0,305.645,40
2024-04-29 09:55:00-04:00,305.8,306.7,305.8,306.7,6103.0,306.142,32
2024-04-29 10:00:00-04:00,306.86,307.2,306.44,307.13,8611.0,306.832,64
2024-04-29 10:05:00-04:00,306.94,307.38,306.63,306.63,8688.0,306.995,77
2024-04-29 10:10:00-04:00,306.6,306.69,306.18,306.42,7273.0,306.468,68
2024-04-29 10:15:00-04:00,306.6,306.71,305.88,306.38,6575.0,306.329,58
2024-04-29 10:20:00-04:00,306.47,306.95,306.47,306.6,8418.0,306.695,66
2024-04-29 10:25:00-04:00,306.71,307.36,306.6,306.98,6159.0,306.967,51
2024-04-29 10:30:00-04:00,307.0,307.52,306.83,307.35,7559.0,307.199,49
2024-04-29 10:35:00-04:00,307.35,307.35,306.1,306.1,6194.0,306.775,60
2024-04-29 10:40:00-04:00,306.11,306.33,305.82,305.97,7262.0,306.013,60
2024-04-29 10:45:00-04:00,306.02,306.02,305.46,305.87,9711.0,305.709,69
2024-04-29 10:50:00-04:00,305.74,306.88,305.74,306.87,13371.0,306.394,61
2024-04-29 10:55:00-04:00,307.13,307.48,306.87,307.4,13958.0,307.122,120
2024-04-29 11:00:00-04:00,307.44,307.95,307.36,307.46,9231.0,307.581,83
2024-04-29 11:05:00-04:00,307.42,307.56,307.15,307.5,3761.0,307.386,34
2024-04-29 11:10:00-04:00,307.43,307.52,306.65,306.65,15729.0,307.148,116
2024-04-29 11:15:00-04:00,306.54,306.78,306.0,306.13,13505.0,306.604,51
2024-04-29 11:20:00-04:00,306.16,306.39,305.9,306.04,5734.0,306.191,51
2024-04-29 11:25:00-04:00,306.11,306.73,305.96,306.71,24313.0,306.282,126
2024-04-29 11:30:00-04:00,306.72,306.72,305.67,305.75,4656.0,306.252,42
2024-04-29 11:35:00-04:00,305.75,305.99,305.73,305.98,2424.0,305.829,24
2024-04-29 11:40:00-04:00,305.81,305.89,305.24,305.29,4012.0,305.625,36
2024-04-29 11:45:00-04:00,304.97,305.0,304.56,304.56,3158.0,304.864,30
2024-04-29 11:50:00-04:00,304.62,304.92,304.61,304.75,2880.0,304.776,24
2024-04-29 11:55:00-04:00,304.78,305.05,304.75,304.86,3721.0,304.863,32
2024-04-29 12:00:00-04:00,304.78,305.14,304.66,304.93,3440.0,304.985,31
2024-04-29 12:05:00-04:00,305.05,305.19,304.23,304.56,187399.0,304.749,88
2024-04-29 12:10:00-04:00,304.53,304.82,304.12,304.82,5467.0,304.416,44
2024-04-29 12:15:00-04:00,304.83,305.08,304.65,304.91,3713.0,304.834,36
2024-04-29 12:20:00-04:00,304.97,305.35,304.85,304.98,5656.0,305.062,39
2024-04-29 12:25:00-04:00,304.84,304.93,304.56,304.62,4606.0,304.733,32
2024-04-29 12:30:00-04:00,304.35,304.81,304.29,304.52,85147.0,304.463,80
2024-04-29 12:35:00-04:00,304.6,304.6,303.7,303.8,10641.0,304.317,61
2024-04-29 12:40:00-04:00,303.75,303.88,303.39,303.53,7798.0,303.672,67
2024-04-29 12:45:00-04:00,303.64,303.73,303.43,303.58,6114.0,303.632,19
2024-04-29 12:50:00-04:00,303.54,303.54,302.98,302.98,3914.0,303.294,20
2024-04-29 12:55:00-04:00,303.13,303.24,302.92,303.24,5939.0,302.982,20
2024-04-29 13:00:00-04:00,303.21,303.72,303.21,303.51,5021.0,303.478,39
2024-04-29 13:05:00-04:00,303.53,303.6,303.39,303.55,3409.0,303.523,21
2024-04-29 13:10:00-04:00,303.55,303.69,303.44,303.67,2651.0,303.551,26
2024-04-29 13:15:00-04:00,303.64,304.42,303.63,304.36,4151.0,304.028,38
2024-04-29 13:20:00-04:00,304.25,304.8,304.25,304.51,1122.0,304.524,11
2024-04-29 13:25:00-04:00,304.71,304.71,304.13,304.13,4855.0,304.409,44
2024-04-29 13:30:00-04:00,304.11,304.21,303.92,304.21,2427.0,304.116,19
2024-04-29 13:35:00-04:00,304.13,304.26,304.05,304.12,2663.0,304.198,26
2024-04-29 13:40:00-04:00,304.03,304.15,303.92,304.01,2126.0,304.028,19
2024-04-29 13:45:00-04:00,303.96,304.13,303.66,303.79,7828.0,303.973,22
2024-04-29 13:50:00-04:00,303.69,304.01,303.69,303.94,3776.0,303.892,33
2024-04-29 13:55:00-04:00,303.94,304.03,303.44,303.44,3545.0,303.785,29
2024-04-29 14:00:00-04:00,303.32,303.63,303.14,303.63,5311.0,303.321,32
2024-04-29 14:05:00-04:00,303.57,303.71,303.04,303.22,10238.0,303.392,54
2024-04-29 14:10:00-04:00,303.18,303.33,303.04,303.13,2901.0,303.177,23
2024-04-29 14:15:00-04:00,303.12,303.47,303.08,303.33,2686.0,303.26,19
2024-04-29 14:20:00-04:00,303.41,303.65,303.31,303.5,4214.0,303.493,32
2024-04-29 14:25:00-04:00,303.49,303.64,303.35,303.51,9174.0,303.458,62
2024-04-29 14:30:00-04:00,303.49,303.74,302.95,303.13,17280.0,303.38,71
2024-04-29 14:35:00-04:00,303.37,303.48,303.13,303.13,9457.0,303.399,28
2024-04-29 14:40:00-04:00,303.15,303.48,303.13,303.25,3880.0,303.323,34
2024-04-29 14:45:00-04:00,303.22,303.37,303.21,303.31,1795.0,303.271,16
2024-04-29 14:50:00-04:00,303.27,303.41,303.13,303.25,3078.0,303.265,26
2024-04-29 14:55:00-04:00,303.31,303.36,303.01,303.25,5807.0,303.21,44
2024-04-29 15:00:00-04:00,302.97,302.99,302.0,302.15,9130.0,302.461,74
2024-04-29 15:05:00-04:00,302.01,302.33,301.88,302.2,10354.0,302.129,66
2024-04-29 15:10:00-04:00,302.19,302.52,302.13,302.52,5782.0,302.337,48
2024-04-29 15:15:00-04:00,302.39,302.6,302.09,302.21,5646.0,302.336,48
2024-04-29 15:20:00-04:00,302.21,302.36,302.06,302.22,6039.0,302.263,51
2024-04-29 15:25:00-04:00,302.18,302.36,302.03,302.22,12077.0,302.212,67
2024-04-29 15:30:00-04:00,302.15,302.36,302.12,302.28,9621.0,302.239,79
2024-04-29 15:35:00-04:00,302.25,302.25,301.85,301.88,4956.0,301.981,36
2024-04-29 15:40:00-04:00,301.79,302.26,301.79,302.19,28084.0,301.968,143
2024-04-29 15:45:00-04:00,302.17,302.21,301.65,301.66,9879.0,301.931,82
2024-04-29 15:50:00-04:00,301.65,301.91,301.13,301.13,52321.0,301.54,382
2024-04-29 15:55:00-04:00,301.19,301.27,300.14,300.17,162864.0,300.587,1007
2024-04-30 09:30:00-04:00,314.98,320.98,314.98,320.06,75708.0,318.894,125
2024-04-30 09:35:00-04:00,320.68,324.51,318.31,319.85,42322.0,321.12,328
2024-04-30 09:40:00-04:00,319.75,324.47,319.75,323.68,47164.0,322.268,202
2024-04-30 09:45:00-04:00,323.68,326.97,323.0,323.86,30602.0,324.854,219
2024-04-30 09:50:00-04:00,324.16,325.59,320.01,321.88,44068.0,322.469,365
2024-04-30 09:55:00-04:00,321.38,324.43,321.38,323.74,20491.0,322.654,145
2024-04-30 10:00:00-04:00,323.27,325.29,321.18,322.96,13862.0,324.054,120
2024-04-30 10:05:00-04:00,322.9,324.34,322.07,324.34,34997.0,323.035,90
2024-04-30 10:10:00-04:00,324.41,324.43,322.16,323.03,8288.0,323.285,56
2024-04-30 10:15:00-04:00,322.69,324.67,322.56,322.84,11227.0,323.662,72
2024-04-30 10:20:00-04:00,323.44,325.21,323.06,325.1,18429.0,323.999,129
2024-04-30 10:25:00-04:00,325.14,327.09,325.0,325.61,32130.0,326.042,296
2024-04-30 10:30:00-04:00,325.87,326.22,324.42,324.78,22864.0,325.426,104
2024-04-30 10:35:00-04:00,324.65,325.99,324.4,325.38,8662.0,324.935,76
2024-04-30 10:40:00-04:00,325.7,326.13,325.3,326.02,12267.0,325.649,110
2024-04-30 10:45:00-04:00,325.99,326.44,322.99,323.11,13152.0,325.288,121
2024-04-30 10:50:00-04:00,323.2,323.21,321.65,322.46,14770.0,322.536,119
2024-04-30 10:55:00-04:00,322.38,323.1,320.71,323.1,29761.0,321.835,172
2024-04-30 11:00:00-04:00,322.51,322.93,321.86,322.76,11429.0,322.434,60
2024-04-30 11:05:00-04:00,322.45,322.89,321.08,321.08,20666.0,322.013,180
2024-04-30 11:10:00-04:00,321.32,321.7,320.4,320.72,5335.0,321.009,38
2024-04-30 11:15:00-04:00,320.72,322.62,320.4,322.19,5102.0,321.614,47
2024-04-30 11:20:00-04:00,322.19,322.86,322.0,322.0,11127.0,322.351,98
2024-04-30 11:25:00-04:00,322.28,322.46,321.62,321.62,12945.0,322.056,105
2024-04-30 11:30:00-04:00,321.6,321.6,320.23,321.04,10611.0,321.19,89
2024-04-30 11:35:00-04:00,321.2,321.86,320.78,321.39,13284.0,321.273,91
2024-04-30 11:40:00-04:00,321.38,321.73,320.78,320.87,11658.0,321.208,76
2024-04-30 11:45:00-04:00,320.87,321.36,320.52,320.67,13892.0,320.902,110
2024-04-30 11:50:00-04:00,320.84,320.85,319.7,319.93,17194.0,320.111,124
2024-04-30 11:55:00-04:00,320.0,320.94,319.86,320.18,7934.0,320.257,62
2024-04-30 12:00:00-04:00,320.04,320.26,319.33,319.36,7590.0,319.821,68
2024-04-30 12:05:00-04:00,319.35,319.45,318.9,318.99,5590.0,319.155,52
2024-04-30 12:10:00-04:00,318.99,319.18,318.06,318.17,10896.0,318.704,73
2024-04-30 12:15:00-04:00,318.19,318.24,317.31,317.61,14093.0,317.867,118
2024-04-30 12:20:00-04:00,317.39,319.17,317.39,319.06,13880.0,317.997,117
2024-04-30 12:25:00-04:00,319.24,319.24,318.06,318.21,10998.0,318.433,62
2024-04-30 12:30:00-04:00,318.29,318.9,317.19,317.37,14516.0,318.011,119
2024-04-30 12:35:00-04:00,317.37,318.17,317.05,317.45,10132.0,317.654,71
2024-04-30 12:40:00-04:00,317.3,318.24,317.29,318.23,10156.0,317.705,84
2024-04-30 12:45:00-04:00,318.02,318.37,317.66,318.37,12055.0,318.062,78
2024-04-30 12:50:00-04:00,318.71,318.82,318.03,318.49,2077.0,318.438,18
2024-04-30 12:55:00-04:00,318.25,318.6,317.75,318.3,4300.0,318.104,38
2024-04-30 13:00:00-04:00,318.25,318.77,318.01,318.17,7049.0,318.348,63
2024-04-30 13:05:00-04:00,318.17,318.43,317.8,318.25,4116.0,318.0,36
2024-04-30 13:10:00-04:00,318.38,318.38,317.68,317.77,9352.0,317.853,77
2024-04-30 13:15:00-04:00,317.92,318.02,317.69,317.84,5942.0,317.87,41
2024-04-30 13:20:00-04:00,317.68,318.47,317.68,318.03,4200.0,318.063,39
2024-04-30 13:25:00-04:00,317.87,317.98,316.77,316.82,3712.0,317.271,31
2024-04-30 13:30:00-04:00,317.1,317.15,316.06,316.52,8616.0,316.564,81
2024-04-30 13:35:00-04:00,316.98,318.77,316.93,318.77,8292.0,317.984,60
2024-04-30 13:40:00-04:00,318.42,318.42,317.51,317.88,6944.0,317.943,54
2024-04-30 13:45:00-04:00,317.89,318.42,317.72,318.23,5424.0,318.054,47
2024-04-30 13:50:00-04:00,318.19,318.71,318.04,318.5,7215.0,318.314,43
2024-04-30 13:55:00-04:00,318.51,318.71,318.3,318.32,3618.0,318.53,29
2024-04-30 14:00:00-04:00,318.23,319.23,318.23,319.06,4492.0,318.804,36
2024-04-30 14:05:00-04:00,319.06,319.06,318.44,318.97,3208.0,318.786,30
2024-04-30 14:10:00-04:00,318.55,319.21,318.35,318.57,4522.0,318.729,35
2024-04-30 14:15:00-04:00,318.87,318.87,318.45,318.57,2005.0,318.609,18
2024-04-30 14:20:00-04:00,318.56,319.01,318.04,318.51,7719.0,318.565,68
2024-04-30 14:25:00-04:00,318.6,318.6,317.95,318.34,3297.0,318.247,31
2024-04-30 14:30:00-04:00,318.33,318.72,318.0,318.72,3628.0,318.369,29
2024-04-30 14:35:00-04:00,318.82,319.0,318.52,318.79,5000.0,318.79,38
2024-04-30 14:40:00-04:00,318.94,318.94,317.97,317.98,7606.0,318.583,47
2024-04-30 14:45:00-04:00,318.07,318.22,317.27,317.56,4439.0,317.763,35
2024-04-30 14:50:00-04:00,317.32,317.51,316.54,317.24,4378.0,317.148,39
2024-04-30 14:55:00-04:00,317.32,317.39,316.82,316.92,8612.0,317.101,61
2024-04-30 15:00:00-04:00,316.82,316.98,316.07,316.29,11889.0,316.559,95
2024-04-30 15:05:00-04:00,316.47,317.17,316.46,317.09,9194.0,316.708,79
2024-04-30 15:10:00-04:00,317.26,318.54,317.18,318.5,17355.0,317.879,125
2024-04-30 15:15:00-04:00,318.54,318.54,317.88,318.1,13745.0,318.151,104
2024-04-30 15:20:00-04:00,318.22,318.58,317.93,318.0,20046.0,318.184,135
2024-04-30 15:25:00-04:00,318.16,318.37,317.94,318.23,7671.0,318.122,64
2024-04-30 15:30:00-04:00,318.36,318.36,317.94,318.32,7739.0,318.113,67
2024-04-30 15:35:00-04:00,318.22,318.28,317.94,318.27,12241.0,318.095,84
2024-04-30 15:40:00-04:00,318.16,318.62,318.01,318.46,13630.0,318.28,115
2024-04-30 15:45:00-04:00,318.58,318.62,317.91,318.08,16571.0,318.166,138
2024-04-30 15:50:00-04:00,318.04,318.11,317.35,317.67,56647.0,317.785,452
2024-04-30 15:55:00-04:00,317.68,317.8,316.91,317.19,76341.0,317.244,489
2024-05-01 09:30:00-04:00,316.42,317.11,316.23,316.76,20413.0,316.445,20
2024-05-01 09:35:00-04:00,316.73,316.8,315.99,316.27,4007.0,316.455,21
2024-05-01 09:40:00-04:00,316.26,316.26,313.54,313.9,6437.0,315.239,44
2024-05-01 09:45:00-04:00,313.9,313.9,312.35,313.81,12569.0,313.186,80
2024-05-01 09:50:00-04:00,314.08,314.08,312.98,313.0,15375.0,313.807,38
2024-05-01 09:55:00-04:00,312.78,313.55,312.47,312.71,6806.0,313.003,51
2024-05-01 10:00:00-04:00,312.78,313.6,311.88,312.28,15319.0,312.779,45
2024-05-01 10:05:00-04:00,312.94,314.09,312.72,314.09,5785.0,313.287,53
2024-05-01 10:10:00-04:00,313.79,314.62,313.79,314.29,16880.0,314.308,138
2024-05-01 10:15:00-04:00,314.44,315.25,313.86,314.44,10632.0,314.466,88
2024-05-01 10:20:00-04:00,314.22,314.54,313.28,313.56,11829.0,313.703,75
2024-05-01 10:25:00-04:00,313.67,313.91,312.34,312.68,24731.0,313.647,78
2024-05-01 10:30:00-04:00,312.56,313.9,312.53,313.72,7507.0,313.374,54
2024-05-01 10:35:00-04:00,313.8,314.08,313.35,313.35,22336.0,313.844,109
2024-05-01 10:40:00-04:00,313.26,313.41,312.75,313.41,2402.0,313.051,23
2024-05-01 10:45:00-04:00,313.42,313.54,313.13,313.39,1376.0,313.325,12
2024-05-01 10:50:00-04:00,313.38,313.72,312.62,313.55,7190.0,313.156,57
2024-05-01 10:55:00-04:00,313.71,313.76,313.25,313.37,9513.0,313.476,67
2024-05-01 11:00:00-04:00,313.42,313.72,313.15,313.41,17309.0,313.431,88
2024-05-01 11:05:00-04:00,313.38,313.5,313.04,313.07,5881.0,313.323,46
2024-05-01 11:10:00-04:00,313.17,314.06,313.17,314.02,10609.0,313.527,90
2024-05-01 11:15:00-04:00,313.95,313.95,313.56,313.56,1499.0,313.804,12
2024-05-01 11:20:00-04:00,313.96,314.28,313.83,314.17,1687.0,314.06,15
2024-05-01 11:25:00-04:00,314.04,314.41,314.03,314.28,5321.0,314.213,31
2024-05-01 11:30:00-04:00,314.23,314.51,314.11,314.48,2975.0,314.256,20
2024-05-01 11:35:00-04:00,314.48,315.04,314.15,314.41,8142.0,314.529,61
2024-05-01 11:40:00-04:00,314.74,314.84,314.64,314.65,700.0,314.729,7
2024-05-01 11:45:00-04:00,314.6,314.78,314.37,314.49,1809.0,314.539,14
2024-05-01 11:50:00-04:00,314.43,314.63,314.02,314.03,2500.0,314.353,24
2024-05-01 11:55:00-04:00,313.92,313.95,313.66,313.66,1718.0,313.848,12
2024-05-01 12:00:00-04:00,313.55,314.34,313.25,313.82,6076.0,313.663,40
2024-05-01 12:05:00-04:00,313.78,313.89,313.34,313.74,1250.0,313.66,12
2024-05-01 12:10:00-04:00,314.03,314.18,313.88,313.97,800.0,314.005,8
2024-05-01 12:15:00-04:00,314.01,314.14,313.8,314.02,1980.0,313.881,12
2024-05-01 12:20:00-04:00,313.85,314.26,313.7,314.19,3524.0,314.012,28
2024-05-01 12:25:00-04:00,314.28,314.68,314.28,314.68,3617.0,314.444,30
2024-05-01 12:30:00-04:00,314.74,314.81,314.22,314.22,2398.0,314.562,18
2024-05-01 12:35:00-04:00,314.26,314.42,314.08,314.27,1972.0,314.244,18
2024-05-01 12:40:00-04:00,314.29,314.3,313.83,313.87,3267.0,314.097,25
2024-05-01 12:45:00-04:00,314.03,314.03,313.78,313.94,1400.0,313.938,14
2024-05-01 12:50:00-04:00,313.92,314.05,313.71,313.98,2827.0,313.933,21
2024-05-01 12:55:00-04:00,314.09,314.13,313.94,314.01,3463.0,314.084,16
2024-05-01 13:00:00-04:00,314.06,314.22,313.95,314.04,3487.0,314.117,29
2024-05-01 13:05:00-04:00,314.06,314.06,313.6,313.9,3162.0,313.909,24
2024-05-01 13:10:00-04:00,313.91,313.91,313.68,313.69,1000.0,313.794,9
2024-05-01 13:15:00-04:00,313.78,313.79,313.42,313.46,2890.0,313.535,21
2024-05-01 13:20:00-04:00,313.56,314.45,313.56,314.45,8482.0,314.299,25
2024-05-01 13:25:00-04:00,314.33,314.8,314.25,314.72,3415.0,314.487,28
2024-05-01 13:30:00-04:00,314.91,315.28,314.8,314.99,2361.0,315.047,23
2024-05-01 13:35:00-04:00,315.25,315.25,314.94,314.94,1615.0,315.06,8
2024-05-01 13:40:00-04:00,314.73,314.73,314.35,314.45,900.0,314.497,9
2024-05-01 13:45:00-04:00,314.37,314.89,314.37,314.88,700.0,314.633,7
2024-05-01 13:50:00-04:00,314.81,314.97,314.48,314.96,3013.0,314.794,20
2024-05-01 13:55:00-04:00,314.96,315.28,314.95,315.28,2581.0,315.141,18
2024-05-01 14:00:00-04:00,315.54,316.2,315.35,315.56,3952.0,315.765,34
2024-05-01 14:05:00-04:00,315.43,315.87,315.12,315.14,5119.0,315.424,31
2024-05-01 14:10:00-04:00,314.93,315.29,314.62,314.94,1200.0,314.991,12
2024-05-01 14:15:00-04:00,315.28,315.36,314.94,315.29,3011.0,315.135,20
2024-05-01 14:20:00-04:00,315.2,315.48,314.98,314.99,2439.0,315.266,21
2024-05-01 14:25:00-04:00,315.12,316.02,315.12,315.89,3245.0,315.53,30
2024-05-01 14:30:00-04:00,315.77,316.18,314.33,315.32,7405.0,315.258,58
2024-05-01 14:35:00-04:00,314.99,316.09,314.08,316.09,6062.0,315.131,54
2024-05-01 14:40:00-04:00,315.89,317.96,315.89,317.92,3724.0,316.888,33
2024-05-01 14:45:00-04:00,318.02,318.09,316.86,317.34,4766.0,317.458,38
2024-05-01 14:50:00-04:00,317.47,318.38,317.47,317.93,4835.0,317.99,36
2024-05-01 14:55:00-04:00,318.06,318.32,317.78,318.28,4096.0,318.079,40
2024-05-01 15:00:00-04:00,318.41,319.17,317.55,317.72,5226.0,318.619,41
2024-05-01 15:05:00-04:00,317.38,318.56,316.97,318.19,4307.0,317.893,41
2024-05-01 15:10:00-04:00,318.5,318.6,317.65,318.11,6761.0,318.107,58
2024-05-01 15:15:00-04:00,318.24,318.32,317.3,317.31,5148.0,317.73,47
2024-05-01 15:20:00-04:00,317.29,317.52,316.73,317.13,9972.0,317.028,75
2024-05-01 15:25:00-04:00,317.37,317.95,316.62,316.83,4668.0,317.502,42
2024-05-01 15:30:00-04:00,316.61,316.71,315.97,316.53,7083.0,316.366,61
2024-05-01 15:35:00-04:00,316.5,316.51,315.02,315.53,9100.0,315.872,76
2024-05-01 15:40:00-04:00,315.59,316.28,315.59,316.17,9813.0,316.003,85
2024-05-01 15:45:00-04:00,316.04,316.54,315.71,316.47,11405.0,316.161,95
2024-05-01 15:50:00-04:00,316.5,316.5,315.21,315.21,18118.0,315.826,147
2024-05-01 15:55:00-04:00,315.48,315.67,314.76,315.09,80067.0,315.288,556
2024-05-02 09:30:00-04:00,317.75,318.0,315.14,315.47,21928.0,317.411,53
2024-05-02 09:35:00-04:00,315.99,316.15,314.05,314.86,9975.0,314.929,50
2024-05-02 09:40:00-04:00,314.88,315.8,314.6,315.47,11431.0,315.023,27
2024-05-02 09:45:00-04:00,315.58,316.28,315.15,315.94,5839.0,315.684,46
2024-05-02 09:50:00-04:00,315.88,316.33,314.37,315.24,9395.0,315.383,69
2024-05-02 09:55:00-04:00,315.43,315.94,314.51,315.02,6365.0,315.139,53
2024-05-02 10:00:00-04:00,314.85,314.97,313.25,314.97,18600.0,313.843,110
2024-05-02 10:05:00-04:00,315.1,315.23,313.47,313.75,6033.0,314.309,53
2024-05-02 10:10:00-04:00,313.55,314.82,313.54,314.46,9329.0,314.461,44
2024-05-02 10:15:00-04:00,314.27,314.68,313.68,313.85,6053.0,314.191,32
2024-05-02 10:20:00-04:00,313.56,314.51,313.27,314.51,6928.0,313.833,35
2024-05-02 10:25:00-04:00,314.34,314.62,313.92,314.62,1728.0,314.313,14
2024-05-02 10:30:00-04:00,314.62,315.64,314.58,314.82,12098.0,315.059,68
2024-05-02 10:35:00-04:00,314.62,314.75,314.34,314.41,2300.0,314.548,20
2024-05-02 10:40:00-04:00,314.45,314.45,313.36,313.66,4613.0,313.683,31
2024-05-02 10:45:00-04:00,313.65,313.93,313.28,313.67,5272.0,313.646,44
2024-05-02 10:50:00-04:00,313.67,314.75,313.55,314.18,8570.0,314.267,45
2024-05-02 10:55:00-04:00,314.16,315.01,314.1,314.71,5160.0,314.605,45
2024-05-02 11:00:00-04:00,314.69,315.25,314.27,315.04,7712.0,314.694,26
2024-05-02 11:05:00-04:00,314.98,315.31,314.57,315.13,4057.0,314.968,29
2024-05-02 11:10:00-04:00,315.15,315.78,315.11,315.78,25318.0,315.242,16
2024-05-02 11:15:00-04:00,315.58,315.59,315.29,315.31,1536.0,315.438,12
2024-05-02 11:20:00-04:00,315.4,315.54,315.06,315.06,2375.0,315.31,18
2024-05-02 11:25:00-04:00,315.35,315.6,314.83,315.02,8006.0,315.168,34
2024-05-02 11:30:00-04:00,315.02,315.23,314.23,314.3,11916.0,314.871,82
2024-05-02 11:35:00-04:00,314.3,314.82,314.3,314.75,5593.0,314.654,38
2024-05-02 11:40:00-04:00,314.8,314.85,314.5,314.63,6319.0,314.673,52
2024-05-02 11:45:00-04:00,314.51,315.16,314.4,314.7,8341.0,314.756,53
2024-05-02 11:50:00-04:00,314.91,315.25,314.91,314.95,3401.0,315.057,16
2024-05-02 11:55:00-04:00,314.99,315.11,314.42,314.43,10644.0,314.618,97
2024-05-02 12:00:00-04:00,314.45,314.66,314.15,314.28,12071.0,314.436,80
2024-05-02 12:05:00-04:00,314.5,314.65,314.07,314.07,8579.0,314.47,66
2024-05-02 12:10:00-04:00,314.39,314.54,314.0,314.27,3144.0,314.215,27
2024-05-02 12:15:00-04:00,314.29,314.29,314.0,314.03,1025.0,314.09,10
2024-05-02 12:20:00-04:00,314.03,314.52,313.84,314.43,2322.0,314.189,20
2024-05-02 12:25:00-04:00,314.38,314.52,314.07,314.14,2138.0,314.424,20
2024-05-02 12:30:00-04:00,314.07,314.07,313.67,313.67,1401.0,313.817,12
2024-05-02 12:35:00-04:00,313.53,313.93,313.23,313.93,2009.0,313.405,12
2024-05-02 12:40:00-04:00,313.84,314.32,313.83,314.32,945.0,314.107,8
2024-05-02 12:45:00-04:00,314.25,314.32,314.19,314.32,600.0,314.258,6
2024-05-02 12:50:00-04:00,314.18,314.49,313.69,313.69,2747.0,314.1,25
2024-05-02 12:55:00-04:00,313.65,313.66,313.26,313.5,15213.0,313.51,143
2024-05-02 13:00:00-04:00,313.55,314.25,313.55,314.0,3215.0,313.938,30
2024-05-02 13:05:00-04:00,313.87,314.31,313.87,314.06,9666.0,314.194,59
2024-05-02 13:10:00-04:00,314.18,314.97,313.92,314.69,11361.0,314.539,80
2024-05-02 13:15:00-04:00,314.61,314.89,314.33,314.39,5477.0,314.627,40
2024-05-02 13:20:00-04:00,314.58,315.1,314.57,315.1,4455.0,314.88,26
2024-05-02 13:25:00-04:00,314.98,315.04,314.81,314.94,1400.0,314.884,14
2024-05-02 13:30:00-04:00,315.1,315.4,314.75,314.75,4066.0,315.132,24
2024-05-02 13:35:00-04:00,314.59,314.59,314.38,314.48,2198.0,314.479,4
2024-05-02 13:40:00-04:00,314.67,314.67,314.34,314.41,710.0,314.463,7
2024-05-02 13:45:00-04:00,314.27,314.49,314.23,314.33,1008.0,314.311,10
2024-05-02 13:50:00-04:00,314.26,314.38,314.05,314.05,1315.0,314.235,13
2024-05-02 13:55:00-04:00,313.93,314.33,313.91,314.31,1297.0,314.198,12
2024-05-02 14:00:00-04:00,314.19,314.57,314.19,314.57,800.0,314.433,8
2024-05-02 14:05:00-04:00,314.37,314.55,314.19,314.36,3248.0,314.367,27
2024-05-02 14:10:00-04:00,314.2,314.32,314.15,314.27,702.0,314.226,7
2024-05-02 14:15:00-04:00,314.25,314.26,314.16,314.17,200.0,314.21,2
2024-05-02 14:20:00-04:00,313.96,314.01,313.8,313.91,1147.0,313.933,11
2024-05-02 14:25:00-04:00,314.0,314.11,313.81,313.81,3498.0,313.978,34
2024-05-02 14:30:00-04:00,314.0,314.18,313.81,314.0,7856.0,313.996,51
2024-05-02 14:35:00-04:00,313.92,314.05,313.61,313.85,3690.0,313.894,29
2024-05-02 14:40:00-04:00,313.67,314.07,313.53,313.95,2121.0,313.783,19
2024-05-02 14:45:00-04:00,314.05,314.34,313.98,314.34,2057.0,314.132,18
2024-05-02 14:50:00-04:00,314.38,315.0,314.31,314.56,3209.0,314.553,29
2024-05-02 14:55:00-04:00,314.56,315.1,314.55,314.93,13895.0,314.702,45
2024-05-02 15:00:00-04:00,314.94,315.36,314.79,315.1,28670.0,315.095,93
2024-05-02 15:05:00-04:00,315.29,316.26,315.2,316.26,4912.0,315.546,41
2024-05-02 15:10:00-04:00,316.52,316.83,315.84,315.96,3315.0,316.353,29
2024-05-02 15:15:00-04:00,316.25,316.37,315.89,315.91,4574.0,316.134,27
2024-05-02 15:20:00-04:00,315.86,316.67,315.86,316.56,13836.0,316.393,54
2024-05-02 15:25:00-04:00,316.55,316.86,316.45,316.5,13467.0,316.521,29
2024-05-02 15:30:00-04:00,316.45,316.59,315.62,315.63,2200.0,316.242,22
2024-05-02 15:35:00-04:00,315.66,315.86,315.5,315.67,3822.0,315.707,29
2024-05-02 15:40:00-04:00,315.59,315.83,315.31,315.51,4308.0,315.552,38
2024-05-02 15:45:00-04:00,315.35,316.01,315.2,315.99,6045.0,315.787,56
2024-05-02 15:50:00-04:00,315.87,316.2,315.79,315.94,10186.0,316.014,81
2024-05-02 15:55:00-04:00,316.11,316.84,315.95,316.78,35461.0,316.366,244
2024-05-03 09:30:00-04:00,320.3,320.97,317.31,318.59,18862.0,320.096,25
2024-05-03 09:35:00-04:00,318.42,318.42,316.37,316.61,2166.0,317.358,18
2024-05-03 09:40:00-04:00,316.32,318.79,316.32,317.94,3328.0,317.785,29
2024-05-03 09:45:00-04:00,318.38,319.29,318.33,318.44,6272.0,318.787,47
2024-05-03 09:50:00-04:00,318.69,318.69,317.35,318.51,21959.0,317.995,110
2024-05-03 09:55:00-04:00,318.51,319.49,318.34,318.95,18286.0,318.9,100
2024-05-03 10:00:00-04:00,318.99,318.99,315.8,315.85,16436.0,316.75,103
2024-05-03 10:05:00-04:00,315.91,317.99,315.91,317.42,8312.0,317.235,51
2024-05-03 10:10:00-04:00,317.48,317.82,316.74,316.96,4359.0,317.309,26
2024-05-03 10:15:00-04:00,317.4,318.31,317.26,317.5,5018.0,317.794,45
2024-05-03 10:20:00-04:00,316.96,317.06,316.61,316.99,3194.0,316.864,29
2024-05-03 10:25:00-04:00,316.88,317.94,316.33,317.94,4789.0,316.987,41
2024-05-03 10:30:00-04:00,317.68,318.27,317.38,317.49,4581.0,317.686,37
2024-05-03 10:35:00-04:00,317.23,317.86,317.05,317.7,5102.0,317.493,48
2024-05-03 10:40:00-04:00,317.91,318.49,317.81,318.49,3634.0,318.122,32
2024-05-03 10:45:00-04:00,318.7,319.02,318.44,318.56,3564.0,318.667,25
2024-05-03 10:50:00-04:00,318.2,318.61,318.1,318.34,1400.0,318.277,11
2024-05-03 10:55:00-04:00,318.19,318.45,317.92,318.4,2043.0,318.179,17
2024-05-03 11:00:00-04:00,318.36,318.41,318.14,318.23,2970.0,318.266,26
2024-05-03 11:05:00-04:00,318.43,318.49,317.75,317.95,2455.0,318.162,14
2024-05-03 11:10:00-04:00,317.65,318.38,317.65,318.07,3064.0,318.057,23
2024-05-03 11:15:00-04:00,318.21,318.94,317.93,318.88,5911.0,318.504,52
2024-05-03 11:20:00-04:00,318.92,319.14,318.72,319.03,6159.0,318.944,50
2024-05-03 11:25:00-04:00,319.0,319.54,318.99,319.37,4637.0,319.185,42
2024-05-03 11:30:00-04:00,319.55,319.57,319.03,319.39,1886.0,319.39,17
2024-05-03 11:35:00-04:00,319.46,319.52,319.05,319.17,1827.0,319.292,16
2024-05-03 11:40:00-04:00,319.26,319.9,319.25,319.8,8963.0,319.64,73
2024-05-03 11:45:00-04:00,319.82,320.08,319.01,319.01,14851.0,319.863,105
2024-05-03 11:50:00-04:00,319.55,320.43,319.55,320.22,3868.0,319.968,38
2024-05-03 11:55:00-04:00,320.23,320.44,319.99,319.99,1585.0,320.257,15
2024-05-03 12:00:00-04:00,320.03,320.45,320.03,320.4,2021.0,320.255,17
2024-05-03 12:05:00-04:00,320.51,320.79,320.22,320.79,3561.0,320.428,19
2024-05-03 12:10:00-04:00,320.75,320.77,320.11,320.24,3565.0,320.583,31
2024-05-03 12:15:00-04:00,320.28,320.31,319.85,319.92,2692.0,320.071,16
2024-05-03 12:20:00-04:00,320.09,320.45,319.92,320.42,4192.0,320.249,34
2024-05-03 12:25:00-04:00,320.11,320.11,319.9,319.93,1100.0,320.017,11
2024-05-03 12:30:00-04:00,319.94,320.22,319.78,319.87,1802.0,319.995,18
2024-05-03 12:35:00-04:00,319.69,319.87,319.54,319.54,1873.0,319.664,18
2024-05-03 12:40:00-04:00,319.66,319.98,319.61,319.74,2226.0,319.762,17
2024-05-03 12:45:00-04:00,319.61,319.65,319.42,319.65,2846.0,319.55,22
2024-05-03 12:50:00-04:00,319.47,319.47,319.03,319.03,601.0,319.183,6
2024-05-03 12:55:00-04:00,318.9,319.11,318.55,318.55,6820.0,318.925,35
2024-05-03 13:00:00-04:00,318.64,319.37,318.64,319.37,1850.0,319.042,17
2024-05-03 13:05:00-04:00,319.37,320.04,319.36,319.91,1900.0,319.802,18
2024-05-03 13:10:00-04:00,319.91,320.24,319.91,320.24,4756.0,320.077,37
2024-05-03 13:15:00-04:00,320.35,320.35,320.04,320.12,2500.0,320.187,25
2024-05-03 13:20:00-04:00,320.06,320.38,319.93,320.38,3285.0,320.122,28
2024-05-03 13:25:00-04:00,320.28,320.64,320.27,320.31,2854.0,320.414,25
2024-05-03 13:30:00-04:00,320.33,320.42,319.86,320.14,1404.0,320.122,12
2024-05-03 13:35:00-04:00,320.05,320.67,320.04,320.67,1957.0,320.415,19
2024-05-03 13:40:00-04:00,320.73,320.94,320.16,320.16,4448.0,320.64,25
2024-05-03 13:45:00-04:00,320.37,320.58,320.31,320.56,1874.0,320.489,18
2024-05-03 13:50:00-04:00,320.69,321.0,320.67,320.89,5429.0,320.815,37
2024-05-03 13:55:00-04:00,320.98,320.98,320.53,320.54,7979.0,320.696,47
2024-05-03 14:00:00-04:00,320.38,320.41,320.14,320.23,1975.0,320.299,18
2024-05-03 14:05:00-04:00,320.13,320.48,320.12,320.24,3022.0,320.3,29
2024-05-03 14:10:00-04:00,320.16,320.33,320.05,320.1,1514.0,320.151,11
2024-05-03 14:15:00-04:00,320.13,320.43,320.1,320.1,6383.0,320.266,42
2024-05-03 14:20:00-04:00,320.37,320.63,320.19,320.59,2523.0,320.417,25
2024-05-03 14:25:00-04:00,320.53,321.0,320.43,320.71,10626.0,320.776,46
2024-05-03 14:30:00-04:00,320.62,320.64,320.4,320.54,2425.0,320.534,22
2024-05-03 14:35:00-04:00,320.45,320.58,320.25,320.3,3498.0,320.416,31
2024-05-03 14:40:00-04:00,320.19,320.56,320.16,320.53,1960.0,320.353,19
2024-05-03 14:45:00-04:00,320.42,320.59,320.26,320.33,4136.0,320.459,34
2024-05-03 14:50:00-04:00,320.52,320.63,320.33,320.47,4549.0,320.492,43
2024-05-03 14:55:00-04:00,320.39,320.5,320.17,320.44,2709.0,320.378,26
2024-05-03 15:00:00-04:00,320.52,320.6,320.26,320.6,3485.0,320.421,34
2024-05-03 15:05:00-04:00,320.69,320.85,320.42,320.42,2900.0,320.722,29
2024-05-03 15:10:00-04:00,320.33,320.45,319.96,319.97,3624.0,320.263,26
2024-05-03 15:15:00-04:00,320.0,320.14,319.61,319.68,14524.0,319.774,58
2024-05-03 15:20:00-04:00,319.75,319.95,319.75,319.83,3446.0,319.874,30
2024-05-03 15:25:00-04:00,319.82,319.92,319.64,319.69,3123.0,319.766,30
2024-05-03 15:30:00-04:00,319.71,319.79,319.38,319.38,3250.0,319.529,32
2024-05-03 15:35:00-04:00,319.38,320.08,319.38,319.94,11512.0,319.87,49
2024-05-03 15:40:00-04:00,319.81,319.98,319.44,319.58,6146.0,319.732,47
2024-05-03 15:45:00-04:00,319.58,319.58,319.03,319.03,5727.0,319.376,53
2024-05-03 15:50:00-04:00,319.11,319.58,319.07,319.31,7183.0,319.331,66
2024-05-03 15:55:00-04:00,319.24,319.88,319.05,319.25,49539.0,319.549,393
2024-05-06 09:30:00-04:00,321.98,324.48,321.98,322.82,10069.0,322.347,20
2024-05-06 09:35:00-04:00,322.87,323.81,322.78,323.77,1502.0,323.1,13
2024-05-06 09:40:00-04:00,323.56,324.42,323.56,323.94,2053.0,324.026,17
2024-05-07 09:30:00-04:00,325.72,327.47,325.72,326.56,20004.0,325.995,47
2024-05-07 09:35:00-04:00,326.36,326.66,325.4,325.53,4746.0,326.232,36
2024-05-07 09:40:00-04:00,325.62,326.15,325.12,325.72,14197.0,325.581,86
2024-05-07 09:45:00-04:00,325.22,325.49,325.05,325.15,2222.0,325.277,18
2024-05-07 09:50:00-04:00,325.11,325.13,324.64,325.04,7499.0,324.892,49
2024-05-07 09:55:00-04:00,325.07,325.13,324.48,325.0,3586.0,324.741,29
2024-05-07 10:00:00-04:00,325.18,325.54,324.69,325.18,8882.0,325.072,37
2024-05-07 10:05:00-04:00,324.78,325.11,324.59,324.85,2621.0,324.917,17
2024-05-07 10:10:00-04:00,325.64,325.96,325.27,325.81,2401.0,325.758,20
2024-05-07 10:15:00-04:00,325.76,325.78,325.34,325.7,12556.0,325.57,71
2024-05-07 10:20:00-04:00,325.6,325.67,324.71,324.98,8193.0,325.181,68
2024-05-07 10:25:00-04:00,324.98,325.26,324.71,324.9,6554.0,324.996,56
2024-05-07 10:30:00-04:00,324.9,325.3,324.89,325.13,10860.0,325.085,76
2024-05-07 10:35:00-04:00,325.13,325.33,324.93,325.0,2236.0,325.158,18
2024-05-07 10:40:00-04:00,324.87,325.13,324.86,324.98,2030.0,324.958,20
2024-05-07 10:45:00-04:00,325.0,325.1,324.95,325.03,6506.0,325.023,42
2024-05-07 10:50:00-04:00,325.0,325.09,324.62,324.62,4860.0,324.905,38
2024-05-07 10:55:00-04:00,324.63,325.06,324.62,325.0,3335.0,324.835,24
2024-05-07 11:00:00-04:00,325.15,325.4,325.14,325.34,1615.0,325.286,11
2024-05-07 11:05:00-04:00,325.29,325.33,325.06,325.25,1833.0,325.186,14
2024-05-07 11:10:00-04:00,325.18,325.3,324.86,325.27,2686.0,325.097,21
2024-05-07 11:15:00-04:00,325.18,325.31,325.17,325.22,2804.0,325.229,20
2024-05-07 11:20:00-04:00,325.27,325.36,324.98,325.32,3226.0,325.247,30
2024-05-07 11:25:00-04:00,325.29,325.31,325.13,325.3,5089.0,325.248,38
2024-05-07 11:30:00-04:00,325.3,325.5,325.09,325.09,2240.0,325.249,15
2024-05-07 11:35:00-04:00,325.2,325.42,325.15,325.3,7038.0,325.282,56
2024-05-07 11:40:00-04:00,325.3,325.79,325.3,325.79,1919.0,325.584,18
2024-05-07 11:45:00-04:00,325.77,325.77,325.55,325.6,1713.0,325.66,11
2024-05-07 11:50:00-04:00,325.66,326.1,325.65,326.09,1771.0,325.901,10
2024-05-07 11:55:00-04:00,326.08,326.17,325.89,325.94,2300.0,325.947,22
2024-05-07 12:00:00-04:00,325.8,325.84,325.44,325.84,4202.0,325.649,31
2024-05-07 12:05:00-04:00,325.7,326.14,325.64,326.12,2015.0,325.94,19
2024-05-07 12:10:00-04:00,326.2,326.21,325.87,326.04,1945.0,326.078,15
2024-05-07 12:15:00-04:00,326.05,326.22,326.05,326.22,500.0,326.144,5
2024-05-07 12:20:00-04:00,326.18,326.31,326.18,326.31,793.0,326.256,5
2024-05-07 12:25:00-04:00,326.31,326.37,326.2,326.21,1000.0,326.283,10
2024-05-07 12:30:00-04:00,326.02,326.12,325.83,325.91,1858.0,325.962,17
2024-05-07 12:35:00-04:00,325.92,325.95,325.72,325.94,1131.0,325.869,8
2024-05-07 12:40:00-04:00,325.9,326.04,325.62,325.63,3030.0,325.885,21
2024-05-07 12:45:00-04:00,325.62,325.69,325.23,325.47,3967.0,325.47,31
2024-05-07 12:50:00-04:00,325.31,325.59,325.28,325.57,1213.0,325.478,8
2024-05-07 12:55:00-04:00,325.46,325.67,325.31,325.56,2252.0,325.477,15
2024-05-07 13:00:00-04:00,325.56,325.95,325.53,325.95,1100.0,325.723,8
2024-05-07 13:05:00-04:00,325.91,326.14,325.88,326.14,1366.0,325.971,9
2024-05-07 13:10:00-04:00,326.1,326.33,326.1,326.33,957.0,326.268,7
2024-05-07 13:15:00-04:00,326.23,326.26,326.02,326.14,2601.0,326.142,22
2024-05-07 13:20:00-04:00,326.09,326.19,326.05,326.11,2523.0,326.102,18
2024-05-07 13:25:00-04:00,325.96,326.12,325.89,326.0,2953.0,326.008,19
2024-05-07 13:30:00-04:00,326.11,326.54,326.1,326.45,1294.0,326.408,10
2024-05-07 13:35:00-04:00,326.47,326.47,326.21,326.36,2200.0,326.354,18
2024-05-07 13:40:00-04:00,326.26,326.26,326.05,326.07,1466.0,326.101,9
2024-05-07 13:45:00-04:00,326.2,326.45,325.8,325.8,1377.0,326.23,11
2024-05-07 13:50:00-04:00,325.76,325.99,325.56,325.66,1600.0,325.834,14
2024-05-07 13:55:00-04:00,325.55,325.66,325.41,325.42,1550.0,325.547,11
2024-05-07 14:00:00-04:00,325.3,325.74,325.3,325.53,2938.0,325.606,19
2024-05-07 14:05:00-04:00,325.45,325.61,325.44,325.61,1127.0,325.525,7
2024-05-07 14:10:00-04:00,325.62,325.91,325.62,325.62,3097.0,325.779,21
2024-05-07 14:15:00-04:00,325.81,325.86,325.74,325.74,1072.0,325.788,9
2024-05-07 14:20:00-04:00,325.87,325.95,325.85,325.86,1800.0,325.892,17
2024-05-07 14:25:00-04:00,325.95,326.08,325.82,326.08,4109.0,325.928,28
2024-05-07 14:30:00-04:00,326.23,326.23,325.93,326.02,2389.0,326.093,20
2024-05-07 14:35:00-04:00,326.02,326.27,325.94,325.98,3830.0,326.049,29
2024-05-07 14:40:00-04:00,326.2,326.29,325.98,326.29,1310.0,326.096,11
2024-05-07 14:45:00-04:00,326.48,326.48,326.02,326.02,3109.0,326.338,18
2024-05-07 14:50:00-04:00,326.15,326.16,325.65,325.66,2803.0,325.945,18
2024-05-07 14:55:00-04:00,325.75,325.82,325.57,325.64,1834.0,325.733,12
2024-05-07 15:00:00-04:00,325.79,325.93,325.61,325.77,1337.0,325.811,10
2024-05-07 15:05:00-04:00,325.74,326.03,325.74,326.0,2165.0,325.958,13
2024-05-07 15:10:00-04:00,325.91,326.0,325.82,325.83,1627.0,325.916,14
2024-05-07 15:15:00-04:00,325.83,326.04,325.69,326.04,3399.0,325.831,32
2024-05-07 15:20:00-04:00,326.0,326.08,325.98,326.01,3785.0,326.012,36
2024-05-07 15:25:00-04:00,326.06,326.34,325.95,326.13,2185.0,326.099,14
2024-05-07 15:30:00-04:00,326.42,326.62,326.42,326.44,1209.0,326.49,8
2024-05-07 15:35:00-04:00,326.39,326.54,326.37,326.4,2122.0,326.458,19
2024-05-07 15:40:00-04:00,326.56,326.61,326.23,326.31,4508.0,326.483,28
2024-05-07 15:45:00-04:00,326.35,326.43,326.18,326.43,1655.0,326.287,16
2024-05-07 15:50:00-04:00,326.44,326.54,326.0,326.31,5887.0,326.273,53
2024-05-07 15:55:00-04:00,326.23,326.31,325.49,325.77,35193.0,325.854,277
2024-05-08 09:30:00-04:00,326.89,327.62,325.82,325.84,11557.0,326.823,18
2024-05-08 09:35:00-04:00,325.72,327.12,325.09,326.89,10106.0,325.769,73
2024-05-08 09:40:00-04:00,327.15,327.27,326.14,326.74,2910.0,326.617,22
2024-05-08 09:45:00-04:00,326.61,327.12,326.6,326.84,4137.0,326.846,20
2024-05-08 09:50:00-04:00,327.05,328.14,327.04,327.31,8920.0,327.407,60
2024-05-08 09:55:00-04:00,327.19,327.95,327.04,327.67,6915.0,327.272,62
2024-05-08 10:00:00-04:00,327.78,328.64,327.5,328.31,15029.0,327.948,63
2024-05-08 10:05:00-04:00,328.09,328.39,327.81,327.94,5303.0,328.014,41
2024-05-08 10:10:00-04:00,328.17,328.21,327.61,327.68,4916.0,327.798,41
2024-05-08 10:15:00-04:00,327.71,327.84,327.57,327.81,1220.0,327.725,12
2024-05-08 10:20:00-04:00,327.85,328.9,327.84,328.51,4402.0,327.981,15
2024-05-08 10:25:00-04:00,328.45,328.76,328.35,328.45,4448.0,328.492,34
2024-05-08 10:30:00-04:00,328.42,328.45,327.82,327.9,1339.0,328.07,12
2024-05-08 10:35:00-04:00,327.52,327.97,327.51,327.52,1270.0,327.744,9
2024-05-08 10:40:00-04:00,327.44,327.9,327.44,327.75,983.0,327.683,9
2024-05-08 10:45:00-04:00,327.75,328.21,327.69,328.2,6357.0,327.849,54
2024-05-08 10:50:00-04:00,327.94,329.14,327.94,328.81,4245.0,328.621,30
2024-05-08 10:55:00-04:00,328.88,328.88,328.49,328.5,1200.0,328.604,11
2024-05-08 11:00:00-04:00,328.4,328.4,327.87,327.88,3172.0,328.03,20
2024-05-08 11:05:00-04:00,328.12,328.12,327.75,327.75,855.0,327.955,7
2024-05-08 11:10:00-04:00,328.0,328.05,327.64,327.64,5847.0,327.829,25
2024-05-08 11:15:00-04:00,327.94,327.94,327.64,327.75,505.0,327.749,5
2024-05-08 11:20:00-04:00,327.61,328.01,327.61,328.01,410.0,327.833,4
2024-05-08 11:25:00-04:00,327.82,327.83,327.82,327.82,100.0,327.825,1
2024-05-08 11:30:00-04:00,328.08,328.24,327.81,328.02,6455.0,328.0,46
2024-05-08 11:35:00-04:00,328.02,328.05,327.91,328.05,1055.0,327.995,9
2024-05-08 11:40:00-04:00,328.05,328.05,327.73,327.73,935.0,327.873,8
2024-05-08 11:45:00-04:00,327.59,328.23,327.59,327.98,12687.0,328.008,25
2024-05-08 11:50:00-04:00,328.15,328.24,327.62,327.82,2642.0,327.937,14
2024-05-08 11:55:00-04:00,327.81,327.96,327.81,327.96,1265.0,327.918,4
2024-05-08 12:00:00-04:00,327.75,328.42,327.75,328.42,4877.0,328.035,32
2024-05-08 12:05:00-04:00,328.32,328.47,328.05,328.15,9413.0,328.267,36
2024-05-08 12:10:00-04:00,328.09,328.12,327.96,327.96,1989.0,328.066,9
2024-05-08 12:15:00-04:00,328.24,328.3,328.07,328.24,1100.0,328.214,11
2024-05-08 12:20:00-04:00,328.06,328.23,328.06,328.23,700.0,328.193,6
2024-05-08 12:25:00-04:00,328.16,328.21,327.99,328.06,933.0,328.123,7
2024-05-08 12:30:00-04:00,327.94,327.94,327.43,327.43,3333.0,327.649,32
2024-05-08 12:35:00-04:00,327.36,327.38,327.02,327.26,3439.0,327.217,21
2024-05-08 12:40:00-04:00,327.29,327.43,327.19,327.43,2705.0,327.306,20
2024-05-08 12:45:00-04:00,327.46,327.58,327.46,327.53,1000.0,327.503,9
2024-05-08 12:50:00-04:00,327.49,327.66,327.22,327.61,10451.0,327.385,43
2024-05-08 12:55:00-04:00,327.5,327.94,327.5,327.73,844.0,327.75,7
2024-05-08 13:00:00-04:00,327.68,327.68,327.32,327.56,737.0,327.529,7
2024-05-08 13:05:00-04:00,327.56,327.57,327.23,327.23,2011.0,327.475,15
2024-05-08 13:10:00-04:00,327.24,327.32,327.17,327.29,1100.0,327.247,9
2024-05-08 13:15:00-04:00,327.23,327.29,327.21,327.28,1367.0,327.238,8
2024-05-08 13:20:00-04:00,327.04,327.04,326.42,326.42,4484.0,326.851,29
2024-05-08 13:25:00-04:00,326.46,327.06,326.38,327.06,2477.0,326.608,14
2024-05-08 13:30:00-04:00,326.94,326.97,326.94,326.97,229.0,326.954,2
2024-05-08 13:35:00-04:00,327.1,327.56,327.1,327.2,1450.0,327.326,10
2024-05-08 13:40:00-04:00,327.24,327.3,327.24,327.3,300.0,327.28,3
2024-05-08 13:45:00-04:00,327.49,327.54,327.37,327.37,657.0,327.439,4
2024-05-08 13:50:00-04:00,327.14,327.49,327.14,327.21,820.0,327.302,8
2024-05-08 13:55:00-04:00,327.43,327.58,327.42,327.42,500.0,327.502,5
2024-05-08 14:00:00-04:00,327.66,327.66,327.6,327.6,200.0,327.63,2
2024-05-08 14:05:00-04:00,327.28,327.7,327.28,327.65,1191.0,327.443,11
2024-05-08 14:10:00-04:00,327.51,327.74,327.51,327.67,1223.0,327.618,12
2024-05-08 14:15:00-04:00,327.62,327.62,327.46,327.53,1665.0,327.54,10
2024-05-08 14:20:00-04:00,327.51,327.51,327.32,327.46,2823.0,327.382,22
2024-05-08 14:25:00-04:00,327.11,327.48,327.07,327.48,900.0,327.233,9
2024-05-08 14:30:00-04:00,327.51,327.57,327.48,327.54,950.0,327.519,8
2024-05-08 14:35:00-04:00,327.57,327.58,327.17,327.37,1613.0,327.431,10
2024-05-08 14:40:00-04:00,327.33,327.34,327.16,327.29,808.0,327.279,8
2024-05-08 14:45:00-04:00,327.31,327.44,327.3,327.3,1727.0,327.354,17
2024-05-08 14:50:00-04:00,327.27,327.27,326.99,326.99,1106.0,327.115,10
2024-05-08 14:55:00-04:00,326.93,327.07,326.81,326.97,1600.0,326.977,16
2024-05-08 15:00:00-04:00,326.83,326.92,326.52,326.89,2050.0,326.758,17
2024-05-08 15:05:00-04:00,326.79,326.82,326.59,326.82,900.0,326.734,9
2024-05-08 15:10:00-04:00,326.7,326.93,326.59,326.83,1370.0,326.782,13
2024-05-08 15:15:00-04:00,326.8,326.96,326.74,326.81,3060.0,326.84,19
2024-05-08 15:20:00-04:00,326.81,327.01,326.79,327.0,1825.0,326.865,15
2024-05-08 15:25:00-04:00,327.06,327.13,326.94,327.04,1862.0,327.031,14
2024-05-08 15:30:00-04:00,326.95,327.37,326.95,327.13,3007.0,327.195,26
2024-05-08 15:35:00-04:00,327.16,327.34,327.16,327.34,1096.0,327.27,9
2024-05-08 15:40:00-04:00,327.22,327.26,327.17,327.26,3762.0,327.219,14
2024-05-08 15:45:00-04:00,327.33,327.62,327.24,327.6,2274.0,327.427,11
2024-05-08 15:50:00-04:00,328.61,328.77,327.48,327.99,4943.0,328.026,38
2024-05-08 15:55:00-04:00,328.0,328.45,327.51,327.7,31058.0,327.986,234
2024-05-09 09:30:00-04:00,327.61,329.14,327.61,327.68,7232.0,327.743,8
2024-05-09 09:35:00-04:00,327.97,328.06,327.27,327.94,990.0,327.752,9
2024-05-09 09:40:00-04:00,327.66,328.38,327.55,327.76,1473.0,327.807,8
2024-05-09 09:45:00-04:00,328.02,328.53,328.02,328.53,1521.0,328.376,8
2024-05-09 09:50:00-04:00,328.35,328.35,327.74,328.18,1037.0,328.174,7
2024-05-09 09:55:00-04:00,328.06,329.03,328.06,329.03,3235.0,328.667,26
2024-05-09 10:00:00-04:00,329.23,330.07,329.21,329.82,6215.0,329.714,25
2024-05-09 10:05:00-04:00,330.06,330.16,329.55,329.68,4272.0,329.898,31
2024-05-09 10:10:00-04:00,329.5,329.79,328.68,328.68,976.0,329.272,9
2024-05-09 10:15:00-04:00,328.66,329.1,328.66,328.87,2288.0,328.93,17
2024-05-09 10:20:00-04:00,328.78,328.78,328.4,328.77,1794.0,328.557,14
2024-05-09 10:25:00-04:00,328.83,329.09,328.78,329.09,1000.0,328.881,9
2024-05-09 10:30:00-04:00,329.07,329.25,329.0,329.13,1722.0,329.132,16
2024-05-09 10:35:00-04:00,329.29,329.8,329.2,329.79,1609.0,329.554,15
2024-05-09 10:40:00-04:00,329.82,329.88,329.64,329.65,1608.0,329.758,15
2024-05-09 10:45:00-04:00,329.68,330.29,329.68,330.28,2864.0,330.09,16
2024-05-09 10:50:00-04:00,330.49,330.74,330.1,330.26,4322.0,330.483,23
2024-05-09 10:55:00-04:00,330.3,330.3,329.81,330.05,3051.0,330.011,24
2024-05-09 11:00:00-04:00,330.05,330.26,329.98,329.98,1100.0,330.117,11
2024-05-09 11:05:00-04:00,329.98,330.31,329.97,330.23,1981.0,330.183,19
2024-05-09 11:10:00-04:00,330.11,330.14,329.84,330.06,1848.0,330.043,17
2024-05-09 11:15:00-04:00,330.06,330.11,329.9,329.92,6237.0,330.044,12
2024-05-09 11:20:00-04:00,329.9,329.95,329.8,329.9,1400.0,329.887,12
2024-05-09 11:25:00-04:00,329.94,330.13,329.81,330.11,1673.0,330.007,10
2024-05-09 11:30:00-04:00,330.01,330.04,329.77,329.92,2578.0,329.895,23
2024-05-09 11:35:00-04:00,329.64,329.86,329.56,329.56,5801.0,329.701,52
2024-05-09 11:40:00-04:00,329.56,329.66,329.5,329.66,2606.0,329.606,13
2024-05-09 11:45:00-04:00,329.43,329.65,329.34,329.47,4129.0,329.511,30
2024-05-09 11:50:00-04:00,329.51,329.51,329.13,329.18,1500.0,329.361,15
2024-05-09 11:55:00-04:00,329.25,329.45,329.04,329.36,2364.0,329.293,23
2024-05-09 12:00:00-04:00,329.33,329.53,329.24,329.48,5250.0,329.415,44
2024-05-09 12:05:00-04:00,329.6,329.97,329.48,329.97,2746.0,329.701,26
2024-05-09 12:10:00-04:00,330.07,330.4,330.07,330.39,1374.0,330.221,12
2024-05-09 12:15:00-04:00,330.51,331.15,330.51,331.15,4954.0,330.842,37
2024-05-09 12:20:00-04:00,331.13,331.28,330.81,331.28,2763.0,331.082,22
2024-05-09 12:25:00-04:00,331.27,331.27,330.97,331.07,2572.0,331.097,18
2024-05-09 12:30:00-04:00,331.07,331.08,330.78,330.81,1672.0,330.882,10
2024-05-09 12:35:00-04:00,330.99,331.28,330.99,331.28,1116.0,331.164,9
2024-05-09 12:40:00-04:00,331.26,331.26,330.02,330.04,9885.0,330.692,89
2024-05-09 12:45:00-04:00,330.26,330.63,330.26,330.59,717.0,330.505,7
2024-05-09 12:50:00-04:00,330.82,330.94,330.81,330.94,678.0,330.859,6
2024-05-09 12:55:00-04:00,330.87,330.88,330.84,330.88,530.0,330.863,5
2024-05-09 13:00:00-04:00,330.71,330.8,330.52,330.7,1948.0,330.664,17
2024-05-09 13:05:00-04:00,330.65,330.79,330.55,330.56,1789.0,330.684,10
2024-05-09 13:10:00-04:00,330.69,330.84,330.69,330.79,300.0,330.772,3
2024-05-09 13:15:00-04:00,330.79,331.01,330.68,330.74,1100.0,330.85,11
2024-05-09 13:20:00-04:00,330.53,330.53,330.22,330.29,2154.0,330.334,13
2024-05-09 13:25:00-04:00,330.17,330.82,330.11,330.75,4550.0,330.513,29
2024-05-09 13:30:00-04:00,330.7,330.71,330.55,330.55,608.0,330.646,6
2024-05-09 13:35:00-04:00,330.62,330.79,330.44,330.69,3589.0,330.58,27
2024-05-09 13:40:00-04:00,330.81,330.81,330.64,330.64,1906.0,330.752,15
2024-05-09 13:45:00-04:00,330.65,330.82,330.64,330.72,2458.0,330.722,15
2024-05-09 13:50:00-04:00,330.65,331.24,330.48,331.19,8063.0,330.883,62
2024-05-09 13:55:00-04:00,331.01,331.03,330.78,330.96,2914.0,330.937,25
2024-05-09 14:00:00-04:00,330.94,331.09,330.79,330.88,2989.0,330.912,27
2024-05-09 14:05:00-04:00,331.05,331.28,330.96,331.06,4700.0,331.116,42
2024-05-09 14:10:00-04:00,331.06,331.26,330.95,331.25,2780.0,331.13,24
2024-05-09 14:15:00-04:00,331.14,331.5,331.14,331.45,3565.0,331.329,33
2024-05-09 14:20:00-04:00,331.5,331.83,331.41,331.6,2700.0,331.559,24
2024-05-09 14:25:00-04:00,331.71,331.86,331.52,331.81,2200.0,331.735,21
2024-05-09 14:30:00-04:00,331.67,331.78,331.47,331.47,1397.0,331.618,12
2024-05-09 14:35:00-04:00,331.53,331.53,331.16,331.19,2131.0,331.287,17
2024-05-09 14:40:00-04:00,331.3,331.55,331.3,331.55,5095.0,331.467,26
2024-05-09 14:45:00-04:00,331.55,332.14,331.55,332.0,4698.0,331.86,29
2024-05-09 14:50:00-04:00,332.03,332.23,332.03,332.22,1277.0,332.152,11
2024-05-09 14:55:00-04:00,332.15,332.22,331.99,332.07,1920.0,332.146,16
2024-05-09 15:00:00-04:00,331.83,331.92,331.72,331.85,2714.0,331.831,14
2024-05-09 15:05:00-04:00,331.79,332.16,331.78,331.97,1758.0,332.055,15
2024-05-09 15:10:00-04:00,332.01,332.07,331.82,331.82,5152.0,331.949,35
2024-05-09 15:15:00-04:00,331.86,332.25,331.73,332.25,3746.0,331.962,28
2024-05-09 15:20:00-04:00,332.49,332.51,332.31,332.5,2964.0,332.432,27
2024-05-09 15:25:00-04:00,332.54,332.54,332.3,332.48,3839.0,332.433,29
2024-05-09 15:30:00-04:00,332.59,332.69,332.42,332.69,3264.0,332.503,27
2024-05-09 15:35:00-04:00,332.72,332.91,332.6,332.76,3205.0,332.723,30
2024-05-09 15:40:00-04:00,332.65,332.8,332.36,332.79,5266.0,332.66,35
2024-05-09 15:45:00-04:00,332.72,332.92,332.63,332.78,8686.0,332.749,52
2024-05-09 15:50:00-04:00,332.87,332.97,332.75,332.87,13907.0,332.859,106
2024-05-09 15:55:00-04:00,332.82,333.42,332.51,332.86,52975.0,332.987,397
2024-05-10 09:30:00-04:00,334.27,334.27,333.4,333.4,8764.0,334.248,5
2024-05-10 09:35:00-04:00,334.22,334.22,332.9,333.91,2361.0,333.794,14
2024-05-10 09:40:00-04:00,334.24,335.22,334.23,335.22,2136.0,334.781,9
2024-05-10 09:45:00-04:00,334.68,334.8,333.95,334.8,3992.0,334.187,28
2024-05-10 09:50:00-04:00,334.64,335.28,334.18,334.18,4019.0,334.703,31
2024-05-10 09:55:00-04:00,334.38,334.39,333.78,334.04,13274.0,334.153,77
2024-05-10 10:00:00-04:00,334.01,334.89,333.19,334.1,11746.0,333.897,94
2024-05-10 10:05:00-04:00,334.15,334.44,333.6,333.75,18111.0,334.098,74
2024-05-10 10:10:00-04:00,333.35,333.71,333.3,333.38,3400.0,333.494,34
2024-05-10 10:15:00-04:00,333.36,333.56,333.0,333.0,1623.0,333.282,13
2024-05-10 10:20:00-04:00,333.0,333.56,333.0,333.56,4088.0,333.126,27
2024-05-10 10:25:00-04:00,333.0,333.25,332.88,333.04,2680.0,333.009,8
2024-05-10 10:30:00-04:00,333.03,333.03,332.39,332.81,3375.0,332.762,24
2024-05-10 10:35:00-04:00,332.78,332.78,331.72,332.24,4626.0,332.283,33
2024-05-10 10:40:00-04:00,332.44,332.66,332.44,332.66,300.0,332.562,3
2024-05-10 10:45:00-04:00,332.53,332.9,332.12,332.9,2132.0,332.514,13
2024-05-10 10:50:00-04:00,332.74,332.76,332.52,332.52,500.0,332.704,4
2024-05-10 10:55:00-04:00,332.5,332.61,332.5,332.57,400.0,332.564,4
2024-05-10 11:00:00-04:00,332.59,333.71,332.58,333.12,3997.0,333.252,38
2024-05-10 11:05:00-04:00,333.04,333.04,332.7,332.7,528.0,332.926,4
2024-05-10 11:10:00-04:00,332.82,332.93,332.61,332.93,800.0,332.773,8
2024-05-10 11:15:00-04:00,332.97,333.45,332.54,332.73,15696.0,332.996,34
2024-05-10 11:20:00-04:00,332.83,332.86,332.54,332.62,836.0,332.758,8
2024-05-10 11:25:00-04:00,332.75,332.85,332.75,332.85,700.0,332.811,7
2024-05-10 11:30:00-04:00,332.91,332.91,332.59,332.59,215.0,332.739,2
2024-05-10 11:35:00-04:00,332.75,332.76,332.32,332.5,1700.0,332.527,17
2024-05-10 11:40:00-04:00,332.5,332.6,332.49,332.54,300.0,332.545,3
2024-05-10 11:45:00-04:00,332.3,332.41,332.11,332.11,1196.0,332.297,10
2024-05-10 11:50:00-04:00,332.27,332.75,332.27,332.52,927.0,332.468,7
2024-05-10 11:55:00-04:00,332.5,332.53,332.36,332.46,2162.0,332.479,18
2024-05-10 12:00:00-04:00,332.28,332.28,331.73,331.73,1201.0,332.032,9
2024-05-10 12:05:00-04:00,331.64,332.07,331.64,332.0,4370.0,331.931,34
2024-05-10 12:10:00-04:00,332.04,332.04,331.63,332.0,3231.0,331.822,11
2024-05-10 12:15:00-04:00,331.77,331.77,331.59,331.68,1483.0,331.638,11
2024-05-10 12:20:00-04:00,331.67,331.76,331.6,331.76,533.0,331.658,5
2024-05-10 12:25:00-04:00,331.72,331.72,331.47,331.48,755.0,331.6,4
2024-05-10 12:30:00-04:00,331.54,331.99,331.5,331.99,3289.0,331.651,27
2024-05-10 12:35:00-04:00,332.01,332.03,331.67,331.67,1400.0,331.922,14
2024-05-10 12:40:00-04:00,331.58,331.73,331.57,331.63,827.0,331.64,4
2024-05-10 12:45:00-04:00,331.72,331.97,331.68,331.97,2000.0,331.816,17
2024-05-10 12:50:00-04:00,332.05,332.05,331.95,331.95,894.0,332.01,7
2024-05-10 12:55:00-04:00,331.81,332.08,331.73,332.0,2142.0,331.892,18
2024-05-10 13:00:00-04:00,331.74,331.74,331.72,331.72,682.0,331.737,4
2024-05-10 13:05:00-04:00,331.76,331.84,331.49,331.51,1705.0,331.661,14
2024-05-10 13:10:00-04:00,331.55,331.56,331.47,331.53,600.0,331.536,6
2024-05-10 13:15:00-04:00,331.47,331.63,331.42,331.46,1050.0,331.47,5
2024-05-10 13:20:00-04:00,331.42,331.71,331.14,331.7,6230.0,331.398,49
2024-05-10 13:25:00-04:00,331.73,331.91,331.73,331.8,938.0,331.807,8
2024-05-10 13:30:00-04:00,331.89,332.27,331.89,332.19,1021.0,332.101,9
2024-05-10 13:35:00-04:00,332.23,332.46,332.23,332.41,1856.0,332.337,9
2024-05-10 13:40:00-04:00,332.11,332.45,332.11,332.44,885.0,332.321,6
2024-05-10 13:45:00-04:00,332.25,332.4,332.05,332.29,1123.0,332.206,10
2024-05-10 13:50:00-04:00,332.36,332.45,332.3,332.45,300.0,332.368,3
2024-05-10 13:55:00-04:00,332.44,332.51,332.31,332.5,800.0,332.419,6
2024-05-10 14:00:00-04:00,332.27,332.27,331.71,331.71,3242.0,332.03,27
2024-05-10 14:05:00-04:00,331.67,331.94,331.59,331.76,1900.0,331.8,18
2024-05-10 14:10:00-04:00,331.96,332.0,331.8,331.8,2328.0,331.907,17
2024-05-10 14:15:00-04:00,331.9,332.11,331.83,332.11,1304.0,331.955,13
2024-05-10 14:20:00-04:00,332.16,332.2,331.71,331.88,2716.0,331.878,23
2024-05-10 14:25:00-04:00,332.05,332.05,331.71,331.85,9424.0,331.994,33
2024-05-10 14:30:00-04:00,331.99,331.99,331.65,331.79,3000.0,331.735,24
2024-05-10 14:35:00-04:00,331.54,331.69,331.44,331.44,2871.0,331.545,23
2024-05-10 14:40:00-04:00,331.53,332.04,331.53,331.97,6295.0,331.733,47
2024-05-10 14:45:00-04:00,332.05,332.2,331.8,332.05,3248.0,331.986,26
2024-05-10 14:50:00-04:00,332.17,332.2,332.15,332.15,800.0,332.164,6
2024-05-10 14:55:00-04:00,332.05,332.17,331.86,332.06,3495.0,332.066,25
2024-05-10 15:00:00-04:00,332.07,332.29,332.01,332.15,3104.0,332.12,27
2024-05-10 15:05:00-04:00,332.24,332.24,331.63,331.67,7687.0,331.929,72
2024-05-10 15:10:00-04:00,331.62,331.91,331.5,331.81,9501.0,331.71,87
2024-05-10 15:15:00-04:00,331.78,332.36,331.67,332.36,6362.0,331.959,45
2024-05-10 15:20:00-04:00,332.52,332.52,331.87,332.03,5010.0,332.129,36
2024-05-10 15:25:00-04:00,332.02,332.11,331.85,332.04,5034.0,331.968,39
2024-05-10 15:30:00-04:00,332.03,332.14,331.91,332.06,8620.0,332.055,44
2024-05-10 15:35:00-04:00,332.11,332.11,331.96,332.09,6216.0,332.033,48
2024-05-10 15:40:00-04:00,332.07,332.08,331.87,332.03,3304.0,331.957,23
2024-05-10 15:45:00-04:00,332.0,332.29,331.96,332.07,6690.0,332.133,56
2024-05-10 15:50:00-04:00,332.12,332.17,331.81,331.83,8969.0,332.02,67
2024-05-10 15:55:00-04:00,331.98,332.23,331.53,331.87,44767.0,331.847,318
2024-05-13 09:30:00-04:00,332.69,333.82,332.03,332.78,15660.0,332.689,14
2024-05-13 09:35:00-04:00,332.12,333.25,332.07,332.47,6332.0,332.837,37
2024-05-13 09:40:00-04:00,332.4,332.64,331.85,332.52,9775.0,332.15,75
2024-05-13 09:45:00-04:00,332.8,332.8,331.56,331.56,3761.0,332.041,32
2024-05-13 09:50:00-04:00,331.69,331.81,329.4,331.19,5530.0,331.153,41
2024-05-13 09:55:00-04:00,331.13,331.28,330.39,330.9,5861.0,330.865,48
2024-05-13 10:00:00-04:00,330.73,331.33,330.72,331.23,2953.0,331.059,25
2024-05-13 10:05:00-04:00,331.3,331.51,331.03,331.51,2240.0,331.277,22
2024-05-13 10:10:00-04:00,331.49,331.49,330.83,330.83,1757.0,331.045,15
2024-05-13 10:15:00-04:00,330.88,330.88,330.15,330.15,2152.0,330.456,20
2024-05-13 10:20:00-04:00,330.06,330.06,329.69,329.69,1000.0,329.914,6
2024-05-13 10:25:00-04:00,329.47,329.68,329.28,329.41,3270.0,329.431,30
2024-05-13 10:30:00-04:00,329.3,329.35,328.62,328.83,4665.0,328.937,40
2024-05-13 10:35:00-04:00,328.86,328.86,328.39,328.39,3562.0,328.61,30
2024-05-13 10:40:00-04:00,328.39,328.41,327.2,327.24,3798.0,327.8,32
2024-05-13 10:45:00-04:00,327.23,327.62,327.09,327.62,7168.0,327.392,65
2024-05-13 10:50:00-04:00,327.65,327.65,326.99,327.11,4018.0,327.343,38
2024-05-13 10:55:00-04:00,327.17,328.06,327.06,327.97,5141.0,327.441,49
2024-05-13 11:00:00-04:00,327.75,327.96,327.44,327.44,3310.0,327.689,30
2024-05-13 11:05:00-04:00,327.62,328.14,327.61,328.12,3300.0,327.942,25
2024-05-13 11:10:00-04:00,327.79,327.93,327.38,327.79,1806.0,327.707,17
2024-05-13 11:15:00-04:00,328.03,328.23,327.67,327.75,7939.0,327.937,61
2024-05-13 11:20:00-04:00,327.7,327.75,327.04,327.27,6312.0,327.295,50
2024-05-13 11:25:00-04:00,327.37,327.95,327.37,327.88,2199.0,327.799,19
2024-05-13 11:30:00-04:00,327.7,327.7,327.45,327.52,5467.0,327.537,45
2024-05-13 11:35:00-04:00,327.52,328.07,327.42,328.07,3564.0,327.633,30
2024-05-13 11:40:00-04:00,327.99,328.01,327.78,327.88,4305.0,327.899,31
2024-05-13 11:45:00-04:00,327.89,327.96,327.89,327.96,400.0,327.936,3
2024-05-13 11:50:00-04:00,327.96,327.99,327.86,327.98,500.0,327.941,5
2024-05-13 11:55:00-04:00,328.01,328.01,327.87,327.97,3075.0,327.947,27
2024-05-13 12:00:00-04:00,328.01,328.13,327.9,328.04,2677.0,328.037,20
2024-05-13 12:05:00-04:00,328.03,328.13,327.91,328.05,4078.0,328.005,20
2024-05-13 12:10:00-04:00,328.02,328.07,328.01,328.04,550.0,328.05,5
2024-05-13 12:15:00-04:00,327.9,328.34,327.9,328.2,7824.0,328.179,71
2024-05-13 12:20:00-04:00,328.25,328.8,328.25,328.76,2056.0,328.597,20
2024-05-13 12:25:00-04:00,328.82,328.86,328.65,328.73,1200.0,328.813,6
2024-05-13 12:30:00-04:00,328.63,328.63,328.5,328.55,1028.0,328.559,7
2024-05-13 12:35:00-04:00,328.57,328.8,328.57,328.8,300.0,328.68,3
2024-05-13 12:40:00-04:00,328.76,328.86,328.76,328.81,2072.0,328.795,20
2024-05-13 12:45:00-04:00,328.65,328.66,328.19,328.38,6731.0,328.401,52
2024-05-13 12:50:00-04:00,328.44,328.45,328.0,328.0,1440.0,328.195,7
2024-05-13 12:55:00-04:00,327.93,328.43,327.93,328.42,1040.0,328.088,8
2024-05-13 13:00:00-04:00,328.32,328.33,327.95,327.95,953.0,328.117,8
2024-05-13 13:05:00-04:00,327.76,327.79,327.59,327.78,1200.0,327.713,11
2024-05-13 13:10:00-04:00,327.67,328.02,327.53,328.02,4682.0,327.742,11
2024-05-13 13:15:00-04:00,328.02,328.09,327.99,328.06,700.0,328.046,7
2024-05-13 13:20:00-04:00,327.98,327.98,327.68,327.68,1013.0,327.91,4
2024-05-13 13:25:00-04:00,327.76,327.93,327.76,327.82,600.0,327.816,5
2024-05-13 13:30:00-04:00,328.02,328.16,327.91,328.09,818.0,328.035,7
2024-05-13 13:35:00-04:00,328.16,328.22,327.81,327.82,2803.0,328.021,22
2024-05-13 13:40:00-04:00,327.82,328.03,327.82,327.99,1732.0,327.969,14
2024-05-13 13:45:00-04:00,327.9,328.11,327.9,328.07,4030.0,327.967,15
2024-05-13 13:50:00-04:00,328.18,328.25,328.13,328.18,1200.0,328.19,11
2024-05-13 13:55:00-04:00,328.29,328.36,328.03,328.35,2336.0,328.251,9
2024-05-13 14:00:00-04:00,328.41,328.41,328.27,328.3,980.0,328.332,8
2024-05-13 14:05:00-04:00,328.42,328.68,328.42,328.68,350.0,328.561,3
2024-05-13 14:10:00-04:00,328.67,328.67,328.02,328.02,2828.0,328.463,19
2024-05-13 14:15:00-04:00,327.87,328.06,327.63,327.9,13533.0,327.972,25
2024-05-13 14:20:00-04:00,327.68,328.07,327.68,328.05,11482.0,327.754,28
2024-05-13 14:25:00-04:00,327.97,328.2,327.94,328.2,1173.0,328.009,10
2024-05-13 14:30:00-04:00,328.1,328.25,328.05,328.22,2350.0,328.14,19
2024-05-13 14:35:00-04:00,328.35,328.5,328.35,328.5,1000.0,328.398,10
2024-05-13 14:40:00-04:00,328.41,328.41,328.12,328.13,2708.0,328.251,15
2024-05-13 14:45:00-04:00,328.37,328.45,328.1,328.12,1874.0,328.267,16
2024-05-13 14:50:00-04:00,328.0,328.14,327.7,327.79,3941.0,327.954,34
2024-05-13 14:55:00-04:00,327.66,327.77,327.52,327.75,2412.0,327.663,22
2024-05-13 15:00:00-04:00,327.74,327.83,327.7,327.82,1032.0,327.754,10
2024-05-13 15:05:00-04:00,327.81,327.83,327.61,327.77,1395.0,327.763,13
2024-05-13 15:10:00-04:00,327.55,327.82,327.55,327.67,2307.0,327.676,17
2024-05-13 15:15:00-04:00,327.71,327.76,327.59,327.74,1688.0,327.719,15
2024-05-13 15:20:00-04:00,327.79,327.94,327.42,327.48,2867.0,327.661,23
2024-05-13 15:25:00-04:00,327.38,327.44,327.29,327.44,2100.0,327.377,19
2024-05-13 15:30:00-04:00,327.27,327.6,327.27,327.54,3165.0,327.437,28
2024-05-13 15:35:00-04:00,327.46,327.46,327.26,327.35,3922.0,327.388,32
2024-05-13 15:40:00-04:00,327.31,327.48,327.06,327.35,3907.0,327.25,32
2024-05-13 15:45:00-04:00,327.29,327.42,326.76,326.76,4989.0,327.038,44
2024-05-13 15:50:00-04:00,327.06,327.11,326.68,327.04,12688.0,326.935,105
2024-05-13 15:55:00-04:00,326.95,327.12,326.52,326.63,62674.0,326.753,365
2024-05-14 09:30:00-04:00,327.76,328.94,325.83,325.83,16929.0,327.632,22
2024-05-14 09:35:00-04:00,325.84,327.12,325.59,326.54,12010.0,326.125,32
2024-05-14 09:40:00-04:00,327.09,327.09,326.65,326.65,705.0,327.004,6
2024-05-14 09:45:00-04:00,326.77,327.3,326.12,327.06,3860.0,326.629,27
2024-05-14 09:50:00-04:00,326.8,327.06,326.3,326.31,2212.0,326.517,22
2024-05-14 09:55:00-04:00,326.31,326.32,325.62,326.05,2790.0,325.974,27
2024-05-14 10:00:00-04:00,325.65,326.54,325.62,325.73,2329.0,326.152,18
2024-05-14 10:05:00-04:00,325.73,326.1,325.41,325.85,2762.0,325.691,26
2024-05-14 10:10:00-04:00,325.84,326.27,325.47,325.63,3758.0,325.852,30
2024-05-14 10:15:00-04:00,325.88,326.06,325.32,325.6,6360.0,325.526,53
2024-05-14 10:20:00-04:00,325.74,326.34,325.45,326.34,11960.0,325.95,98
2024-05-14 10:25:00-04:00,326.27,326.58,326.14,326.57,8808.0,326.312,70
2024-05-14 10:30:00-04:00,326.31,326.64,326.3,326.57,4228.0,326.443,34
2024-05-14 10:35:00-04:00,326.45,326.65,326.17,326.43,3989.0,326.415,36
2024-05-14 10:40:00-04:00,326.43,326.55,326.16,326.44,2511.0,326.401,21
2024-05-14 10:45:00-04:00,326.44,326.97,326.34,326.84,6731.0,326.662,46
2024-05-14 10:50:00-04:00,326.69,326.84,326.26,326.26,4434.0,326.543,25
2024-05-14 10:55:00-04:00,326.17,326.54,326.1,326.5,3742.0,326.285,34
2024-05-14 11:00:00-04:00,326.47,326.55,326.27,326.43,2124.0,326.41,18
2024-05-14 11:05:00-04:00,326.43,326.55,326.24,326.25,4782.0,326.352,39
2024-05-14 11:10:00-04:00,326.38,326.46,326.05,326.17,4211.0,326.32,32
2024-05-14 11:15:00-04:00,326.38,326.79,326.28,326.79,4831.0,326.536,45
2024-05-14 11:20:00-04:00,326.79,326.79,326.42,326.43,1410.0,326.626,12
2024-05-14 11:25:00-04:00,326.69,327.5,326.51,327.5,3568.0,327.052,27
2024-05-14 11:30:00-04:00,327.46,327.63,327.25,327.36,4215.0,327.397,20
2024-05-14 11:35:00-04:00,327.27,327.27,326.78,326.79,2855.0,326.997,25
2024-05-14 11:40:00-04:00,327.21,327.57,327.11,327.34,2219.0,327.284,22
2024-05-14 11:45:00-04:00,327.1,327.48,327.04,327.05,7813.0,327.187,26
2024-05-14 11:50:00-04:00,327.01,327.63,327.01,327.37,4851.0,327.332,24
2024-05-14 11:55:00-04:00,327.5,327.95,327.49,327.79,11037.0,327.73,25
2024-05-14 12:00:00-04:00,327.82,328.08,327.66,327.72,935.0,327.798,9
2024-05-14 12:05:00-04:00,327.75,328.06,327.66,327.79,3298.0,327.783,27
2024-05-14 12:10:00-04:00,327.79,328.13,327.62,328.13,1873.0,327.785,16
2024-05-14 12:15:00-04:00,328.01,328.17,327.86,328.03,1664.0,328.019,9
2024-05-14 12:20:00-04:00,327.88,328.13,327.85,328.07,1975.0,328.028,18
2024-05-14 12:25:00-04:00,328.1,328.25,328.07,328.13,2777.0,328.154,22
2024-05-14 12:30:00-04:00,328.07,328.12,327.55,327.61,2722.0,327.85,21
2024-05-14 12:35:00-04:00,327.67,327.84,327.62,327.63,1100.0,327.745,11
2024-05-14 12:40:00-04:00,327.82,327.95,327.67,327.71,9581.0,327.853,26
2024-05-14 12:45:00-04:00,327.69,327.72,327.55,327.66,1722.0,327.628,15
2024-05-14 12:50:00-04:00,327.62,327.74,327.18,327.24,3879.0,327.416,36
2024-05-14 12:55:00-04:00,327.6,327.62,327.28,327.62,1532.0,327.454,15
2024-05-14 13:00:00-04:00,327.65,327.76,327.44,327.45,2341.0,327.564,19
2024-05-14 13:05:00-04:00,327.29,327.6,327.25,327.47,1835.0,327.394,17
2024-05-14 13:10:00-04:00,327.47,327.77,327.36,327.74,3672.0,327.59,24
2024-05-14 13:15:00-04:00,327.74,327.91,327.64,327.75,2513.0,327.733,20
2024-05-14 13:20:00-04:00,327.61,327.74,327.44,327.58,1125.0,327.588,11
2024-05-14 13:25:00-04:00,327.46,327.78,327.41,327.48,3779.0,327.528,36
2024-05-14 13:30:00-04:00,327.68,327.8,327.48,327.7,1270.0,327.667,12
2024-05-14 13:35:00-04:00,327.7,328.11,327.7,328.1,1707.0,327.923,17
2024-05-14 13:40:00-04:00,328.13,328.5,328.11,328.5,1242.0,328.38,11
2024-05-14 13:45:00-04:00,328.5,328.53,328.38,328.38,605.0,328.472,6
2024-05-14 13:50:00-04:00,328.44,328.51,328.34,328.5,1520.0,328.421,14
2024-05-14 13:55:00-04:00,328.59,328.91,328.5,328.91,1481.0,328.629,13
2024-05-14 14:00:00-04:00,328.65,328.65,328.46,328.46,1700.0,328.553,17
2024-05-14 14:05:00-04:00,328.41,328.52,328.34,328.51,1300.0,328.495,11
2024-05-14 14:10:00-04:00,328.36,328.73,328.36,328.73,2950.0,328.555,25
2024-05-14 14:15:00-04:00,328.69,328.93,328.53,328.93,2010.0,328.673,19
2024-05-14 14:20:00-04:00,328.85,328.97,328.69,328.76,6958.0,328.791,32
2024-05-14 14:25:00-04:00,328.76,328.9,328.66,328.77,1425.0,328.753,14
2024-05-14 14:30:00-04:00,328.73,329.06,328.52,328.96,7051.0,328.773,55
2024-05-14 14:35:00-04:00,328.91,329.11,328.82,329.02,2791.0,328.967,26
2024-05-14 14:40:00-04:00,329.02,329.3,328.95,328.96,4423.0,329.08,42
2024-05-14 14:45:00-04:00,329.0,329.05,328.76,329.05,2110.0,328.951,21
2024-05-14 14:50:00-04:00,328.97,329.22,328.97,329.13,1485.0,329.12,11
2024-05-14 14:55:00-04:00,329.0,329.46,328.92,329.41,8469.0,329.16,19
2024-05-14 15:00:00-04:00,329.49,329.87,329.48,329.74,2423.0,329.687,23
2024-05-14 15:05:00-04:00,329.78,329.78,329.54,329.63,4650.0,329.68,38
2024-05-14 15:10:00-04:00,329.48,330.04,329.47,329.57,5105.0,329.753,46
2024-05-14 15:15:00-04:00,329.44,329.54,329.17,329.32,3549.0,329.388,26
2024-05-14 15:20:00-04:00,329.32,329.65,329.14,329.38,4732.0,329.432,44
2024-05-14 15:25:00-04:00,329.51,330.01,329.38,330.01,4117.0,329.515,26
2024-05-14 15:30:00-04:00,330.02,330.11,329.94,330.01,2482.0,330.018,23
2024-05-14 15:35:00-04:00,330.06,330.5,330.05,330.35,4471.0,330.298,38
2024-05-14 15:40:00-04:00,330.33,330.45,329.95,329.96,7663.0,330.196,72
2024-05-14 15:45:00-04:00,329.88,330.43,329.74,330.3,10158.0,329.962,93
2024-05-14 15:50:00-04:00,330.46,331.01,330.33,330.66,7562.0,330.63,66
2024-05-14 15:55:00-04:00,330.8,330.88,329.75,329.75,46303.0,330.224,350
2024-05-15 09:30:00-04:00,331.23,332.86,331.12,331.12,20507.0,331.449,26
2024-05-15 09:35:00-04:00,330.99,331.48,330.27,330.96,3908.0,330.701,34
2024-05-15 09:40:00-04:00,331.11,332.0,331.11,331.84,10147.0,331.562,76
2024-05-15 09:45:00-04:00,331.88,333.21,331.53,333.03,10438.0,332.104,21
2024-05-15 09:50:00-04:00,332.69,332.82,332.19,332.57,1250.0,332.473,12
2024-05-15 09:55:00-04:00,332.44,332.44,331.57,331.57,700.0,332.106,7
2024-05-15 10:00:00-04:00,330.98,332.78,330.9,332.78,3503.0,332.133,26
2024-05-15 10:05:00-04:00,332.92,334.16,332.79,334.16,1881.0,333.433,17
2024-05-15 10:10:00-04:00,333.88,334.13,332.89,332.9,1438.0,333.362,11
2024-05-15 10:15:00-04:00,332.72,332.74,332.24,332.26,1185.0,332.457,10
2024-05-15 10:20:00-04:00,332.24,332.43,332.03,332.13,1670.0,332.257,15
2024-05-15 10:25:00-04:00,332.49,332.57,332.18,332.41,2067.0,332.423,18
2024-05-15 10:30:00-04:00,332.13,332.72,332.13,332.49,2603.0,332.427,20
2024-05-15 10:35:00-04:00,332.46,333.25,332.33,332.92,2077.0,332.773,19
2024-05-15 10:40:00-04:00,332.99,333.03,332.55,332.78,1306.0,332.841,11
2024-05-15 10:45:00-04:00,332.77,332.77,332.46,332.69,700.0,332.636,6
2024-05-15 10:50:00-04:00,332.45,332.62,332.14,332.14,1486.0,332.39,14
2024-05-15 10:55:00-04:00,332.15,332.36,331.84,331.9,2729.0,331.989,18
2024-05-15 11:00:00-04:00,332.09,332.64,332.08,332.25,3451.0,332.365,29
2024-05-15 11:05:00-04:00,332.45,332.97,332.45,332.96,851.0,332.71,8
2024-05-15 11:10:00-04:00,332.62,332.84,332.61,332.84,1161.0,332.679,10
2024-05-15 11:15:00-04:00,332.85,332.9,332.51,332.9,1600.0,332.72,15
2024-05-15 11:20:00-04:00,333.0,333.2,332.97,333.02,1519.0,333.032,13
2024-05-15 11:25:00-04:00,332.8,333.25,332.8,333.25,795.0,333.019,7
2024-05-15 11:30:00-04:00,333.27,333.36,332.43,332.44,4216.0,332.898,22
2024-05-15 11:35:00-04:00,332.62,332.63,332.22,332.54,3670.0,332.485,20
2024-05-15 11:40:00-04:00,332.51,332.53,332.25,332.27,1578.0,332.382,13
2024-05-15 11:45:00-04:00,332.28,332.8,332.23,332.36,6536.0,332.451,26
2024-05-15 11:50:00-04:00,332.3,332.56,332.11,332.3,2143.0,332.368,18
2024-05-15 11:55:00-04:00,332.02,332.29,331.95,332.29,3825.0,332.093,27
2024-05-15 12:00:00-04:00,332.17,332.22,331.96,332.1,2402.0,332.101,16
2024-05-15 12:05:00-04:00,331.88,331.88,331.44,331.77,4469.0,331.714,38
2024-05-15 12:10:00-04:00,331.75,331.75,331.45,331.45,700.0,331.573,7
2024-05-15 12:15:00-04:00,331.45,331.87,331.45,331.87,3547.0,331.618,29
2024-05-15 12:20:00-04:00,331.64,331.68,331.49,331.52,1100.0,331.585,11
2024-05-15 12:25:00-04:00,331.6,331.6,331.35,331.5,2520.0,331.475,17
2024-05-15 12:30:00-04:00,331.66,331.76,331.6,331.75,2721.0,331.658,21
2024-05-15 12:35:00-04:00,331.76,331.95,331.69,331.69,1702.0,331.842,16
2024-05-15 12:40:00-04:00,331.83,331.84,331.27,331.28,4868.0,331.366,33
2024-05-15 12:45:00-04:00,331.18,331.36,331.05,331.17,1643.0,331.211,11
2024-05-15 12:50:00-04:00,331.24,332.02,331.06,331.95,7792.0,331.602,54
2024-05-15 12:55:00-04:00,331.91,332.35,331.9,332.23,4239.0,332.202,33
2024-05-15 13:00:00-04:00,332.32,332.92,332.32,332.92,3755.0,332.556,29
2024-05-15 13:05:00-04:00,332.78,332.86,332.63,332.7,2635.0,332.694,21
2024-05-15 13:10:00-04:00,332.65,332.93,332.65,332.86,3451.0,332.784,29
2024-05-15 13:15:00-04:00,332.85,332.9,332.44,332.44,2330.0,332.663,22
2024-05-15 13:20:00-04:00,332.29,332.51,332.03,332.38,3366.0,332.21,27
2024-05-15 13:25:00-04:00,332.37,332.52,332.25,332.3,8195.0,332.333,64
2024-05-15 13:30:00-04:00,332.46,332.71,332.36,332.49,1936.0,332.538,15
2024-05-15 13:35:00-04:00,332.66,332.9,332.66,332.79,3234.0,332.799,23
2024-05-15 13:40:00-04:00,332.63,333.0,332.5,332.78,3114.0,332.716,24
2024-05-15 13:45:00-04:00,332.53,332.62,332.31,332.32,3311.0,332.492,17
2024-05-15 13:50:00-04:00,332.34,332.39,332.0,332.04,5629.0,332.309,39
2024-05-15 13:55:00-04:00,332.04,332.48,331.98,332.41,6145.0,332.199,47
2024-05-15 14:00:00-04:00,332.08,332.25,331.98,332.25,600.0,332.094,6
2024-05-15 14:05:00-04:00,332.14,332.54,332.11,332.35,3596.0,332.319,25
2024-05-15 14:10:00-04:00,332.4,332.53,332.36,332.42,2053.0,332.439,16
2024-05-15 14:15:00-04:00,332.37,332.42,332.02,332.21,2147.0,332.191,20
2024-05-15 14:20:00-04:00,332.12,332.21,331.99,332.21,4727.0,332.126,34
2024-05-15 14:25:00-04:00,332.05,332.05,332.05,332.05,100.0,332.05,1
2024-05-15 14:30:00-04:00,332.19,332.43,332.15,332.15,5296.0,332.281,45
2024-05-15 14:35:00-04:00,332.1,332.12,331.83,332.07,700.0,332.043,7
2024-05-15 14:40:00-04:00,331.87,331.99,331.46,331.74,2155.0,331.773,20
2024-05-15 14:45:00-04:00,331.52,331.68,331.11,331.44,10143.0,331.435,71
2024-05-15 14:50:00-04:00,331.28,331.45,331.08,331.11,2090.0,331.254,15
2024-05-15 14:55:00-04:00,331.11,331.3,331.1,331.26,11184.0,331.199,85
2024-05-15 15:00:00-04:00,331.18,331.37,331.0,331.25,10566.0,331.157,64
2024-05-15 15:05:00-04:00,331.31,331.72,331.17,331.72,2849.0,331.413,23
2024-05-15 15:10:00-04:00,331.55,331.55,331.15,331.15,2910.0,331.385,28
2024-05-15 15:15:00-04:00,331.12,331.33,330.86,330.86,6213.0,331.096,50
2024-05-15 15:20:00-04:00,330.78,331.03,330.55,330.6,5100.0,330.86,39
2024-05-15 15:25:00-04:00,330.58,331.01,330.43,331.01,6362.0,330.65,50
2024-05-15 15:30:00-04:00,330.83,331.3,330.83,331.22,9523.0,331.066,63
2024-05-15 15:35:00-04:00,331.4,331.5,331.2,331.25,5791.0,331.311,45
2024-05-15 15:40:00-04:00,331.35,331.84,331.35,331.84,5217.0,331.554,39
2024-05-15 15:45:00-04:00,331.79,331.82,331.68,331.82,8161.0,331.758,65
2024-05-15 15:50:00-04:00,331.67,332.07,331.36,332.03,21272.0,331.774,164
2024-05-15 15:55:00-04:00,332.11,332.35,331.85,332.35,57186.0,332.158,441
2024-05-16 09:30:00-04:00,331.63,332.95,328.2,330.12,34675.0,330.459,91
2024-05-16 09:35:00-04:00,330.73,330.73,329.09,329.12,5012.0,329.813,27
2024-05-16 09:40:00-04:00,329.12,329.37,328.11,328.11,4129.0,328.833,34
2024-05-16 09:45:00-04:00,328.6,328.79,328.04,328.04,2613.0,328.398,24
2024-05-16 09:50:00-04:00,328.32,328.73,327.96,328.03,5477.0,328.433,22
2024-05-16 09:55:00-04:00,327.76,328.69,327.53,328.66,7553.0,328.107,57
2024-05-16 10:00:00-04:00,328.66,328.85,327.4,327.4,5937.0,328.143,49
2024-05-16 10:05:00-04:00,327.38,328.07,327.38,327.85,3841.0,327.798,32
2024-05-16 10:10:00-04:00,327.84,328.16,327.6,327.93,28784.0,327.872,35
2024-05-16 10:15:00-04:00,328.13,328.32,327.6,327.83,6583.0,327.931,55
2024-05-16 10:20:00-04:00,327.71,328.0,327.18,327.23,4253.0,327.478,33
2024-05-16 10:25:00-04:00,327.17,327.29,326.32,326.62,5973.0,326.852,52
2024-05-16 10:30:00-04:00,326.27,326.69,326.04,326.68,6243.0,326.275,48
2024-05-16 10:35:00-04:00,326.32,326.32,325.84,325.93,3607.0,326.092,31
2024-05-16 10:40:00-04:00,326.02,326.17,325.66,325.67,5126.0,325.912,40
2024-05-16 10:45:00-04:00,325.79,326.34,325.78,326.21,12048.0,326.043,73
2024-05-16 10:50:00-04:00,326.13,326.14,325.18,325.44,8774.0,325.617,77
2024-05-16 10:55:00-04:00,325.44,326.24,325.44,325.87,5400.0,325.792,47
2024-05-16 11:00:00-04:00,326.37,326.37,325.96,325.96,7632.0,326.109,29
2024-05-16 11:05:00-04:00,326.0,326.06,325.24,325.88,6351.0,325.795,55
2024-05-16 11:10:00-04:00,325.84,325.86,325.33,325.37,3086.0,325.587,28
2024-05-16 11:15:00-04:00,325.19,325.47,325.18,325.31,5792.0,325.312,47
2024-05-16 11:20:00-04:00,325.08,325.52,325.0,325.51,8683.0,325.301,62
2024-05-16 11:25:00-04:00,325.51,325.69,325.32,325.69,5020.0,325.54,42
2024-05-16 11:30:00-04:00,325.56,325.56,325.18,325.44,4936.0,325.361,38
2024-05-16 11:35:00-04:00,325.47,325.7,325.21,325.63,10319.0,325.427,76
2024-05-16 11:40:00-04:00,325.72,325.73,325.2,325.6,3200.0,325.407,31
2024-05-16 11:45:00-04:00,325.69,325.69,325.31,325.41,2058.0,325.47,20
2024-05-16 11:50:00-04:00,325.37,325.55,325.31,325.47,2306.0,325.419,21
2024-05-16 11:55:00-04:00,325.49,325.49,325.27,325.37,2783.0,325.353,19
2024-05-16 12:00:00-04:00,325.26,325.29,324.86,324.89,5396.0,325.036,51
2024-05-16 12:05:00-04:00,324.87,324.94,324.54,324.8,3863.0,324.766,35
2024-05-16 12:10:00-04:00,324.81,325.32,324.76,325.31,2511.0,324.934,23
2024-05-16 12:15:00-04:00,325.31,325.36,324.87,325.06,4065.0,325.149,36
2024-05-16 12:20:00-04:00,325.11,325.17,324.91,325.08,4696.0,325.027,44
2024-05-16 12:25:00-04:00,325.02,325.08,324.8,324.94,5463.0,324.947,49
2024-05-16 12:30:00-04:00,324.8,324.91,324.42,324.54,2781.0,324.693,26
2024-05-16 12:35:00-04:00,324.55,325.22,324.45,325.16,4689.0,324.897,40
2024-05-16 12:40:00-04:00,325.16,325.59,325.08,325.31,5477.0,325.276,37
2024-05-16 12:45:00-04:00,325.31,325.42,325.17,325.38,2547.0,325.294,22
2024-05-16 12:50:00-04:00,325.27,325.68,325.27,325.55,2891.0,325.489,24
2024-05-16 12:55:00-04:00,325.55,325.6,325.32,325.32,4120.0,325.482,25
2024-05-16 13:00:00-04:00,325.34,325.64,325.29,325.38,2487.0,325.437,20
2024-05-16 13:05:00-04:00,325.34,325.46,325.15,325.34,3081.0,325.289,29
2024-05-16 13:10:00-04:00,325.31,325.31,324.78,324.78,2951.0,325.03,27
2024-05-16 13:15:00-04:00,324.73,324.91,324.73,324.82,1324.0,324.803,12
2024-05-16 13:20:00-04:00,324.89,325.13,323.9,324.12,10283.0,324.627,71
2024-05-16 13:25:00-04:00,324.32,324.32,323.68,323.69,4594.0,323.99,38
2024-05-16 13:30:00-04:00,323.68,324.09,323.49,324.09,4886.0,323.824,39
2024-05-16 13:35:00-04:00,324.03,324.06,323.8,323.95,2764.0,323.926,22
2024-05-16 13:40:00-04:00,324.06,324.06,323.5,323.74,3072.0,323.715,29
2024-05-16 13:45:00-04:00,323.45,323.6,323.29,323.55,1800.0,323.452,16
2024-05-16 13:50:00-04:00,323.6,323.85,323.53,323.85,2901.0,323.687,27
2024-05-16 13:55:00-04:00,323.93,324.06,323.74,323.93,4712.0,323.884,40
2024-05-16 14:00:00-04:00,323.93,324.08,323.7,323.91,3476.0,323.893,28
2024-05-16 14:05:00-04:00,323.76,323.87,323.7,323.78,2301.0,323.773,20
2024-05-16 14:10:00-04:00,323.78,323.89,323.66,323.66,2639.0,323.777,24
2024-05-16 14:15:00-04:00,323.7,323.9,323.64,323.9,1703.0,323.768,16
2024-05-16 14:20:00-04:00,323.87,323.87,323.59,323.77,3073.0,323.737,25
2024-05-16 14:25:00-04:00,323.78,323.92,323.61,323.81,2732.0,323.748,23
2024-05-16 14:30:00-04:00,323.84,324.34,323.84,324.12,2372.0,324.037,20
2024-05-16 14:35:00-04:00,324.02,324.44,324.02,324.44,3892.0,324.197,37
2024-05-16 14:40:00-04:00,324.53,324.67,324.5,324.6,3472.0,324.595,32
2024-05-16 14:45:00-04:00,324.56,324.6,324.32,324.44,2741.0,324.481,26
2024-05-16 14:50:00-04:00,324.44,324.46,324.2,324.35,2697.0,324.33,25
2024-05-16 14:55:00-04:00,324.29,324.62,324.17,324.17,4146.0,324.411,37
2024-05-16 15:00:00-04:00,324.35,324.35,323.88,324.21,4416.0,324.185,35
2024-05-16 15:05:00-04:00,324.32,324.68,324.32,324.52,2473.0,324.527,24
2024-05-16 15:10:00-04:00,324.5,325.09,324.36,325.09,2471.0,324.684,24
2024-05-16 15:15:00-04:00,324.89,325.38,324.78,325.38,1911.0,324.953,16
2024-05-16 15:20:00-04:00,325.52,325.53,325.07,325.07,4402.0,325.264,32
2024-05-16 15:25:00-04:00,325.16,325.22,325.09,325.14,2913.0,325.155,28
2024-05-16 15:30:00-04:00,325.09,325.43,325.03,325.43,13391.0,325.188,116
2024-05-16 15:35:00-04:00,325.44,325.55,324.91,324.92,7327.0,325.227,62
2024-05-16 15:40:00-04:00,324.99,325.01,324.47,324.55,4924.0,324.715,47
2024-05-16 15:45:00-04:00,324.55,324.71,324.43,324.66,8678.0,324.556,77
2024-05-16 15:50:00-04:00,324.63,325.4,324.51,325.25,27598.0,324.947,226
2024-05-16 15:55:00-04:00,325.23,325.3,324.48,324.88,76833.0,324.989,512
2024-05-17 09:30:00-04:00,326.59,326.67,325.77,325.77,28248.0,326.587,6
2024-05-17 09:35:00-04:00,326.45,326.45,325.65,325.67,1277.0,325.998,10
2024-05-17 09:40:00-04:00,325.66,325.92,324.7,324.72,1767.0,325.266,15
2024-05-17 09:45:00-04:00,324.68,326.12,324.67,326.11,1136.0,325.213,11
2024-05-17 09:50:00-04:00,325.83,325.91,325.47,325.82,2907.0,325.821,7
2024-05-17 09:55:00-04:00,325.6,325.98,324.75,325.45,5191.0,325.243,46
2024-05-17 10:00:00-04:00,325.41,325.72,324.77,324.77,3967.0,325.413,36
2024-05-17 10:05:00-04:00,324.73,324.73,324.17,324.28,1600.0,324.443,13
2024-05-17 10:10:00-04:00,324.11,325.17,323.58,324.77,4153.0,324.415,34
2024-05-17 10:15:00-04:00,324.69,325.14,324.52,325.11,1101.0,324.897,11
2024-05-17 10:20:00-04:00,325.06,325.46,325.03,325.06,1667.0,325.175,15
2024-05-17 10:25:00-04:00,325.24,326.01,325.24,325.77,5129.0,325.574,38
2024-05-17 10:30:00-04:00,325.53,325.87,325.47,325.87,1443.0,325.716,9
2024-05-17 10:35:00-04:00,325.82,326.75,325.3,326.0,10774.0,325.905,73
2024-05-17 10:40:00-04:00,326.1,326.52,325.87,325.87,957.0,326.189,9
2024-05-17 10:45:00-04:00,325.83,326.21,325.7,326.21,1900.0,325.929,17
2024-05-17 10:50:00-04:00,326.12,326.79,326.11,326.6,2600.0,326.493,23
2024-05-17 10:55:00-04:00,326.69,326.89,326.37,326.5,7109.0,326.704,43
2024-05-17 11:00:00-04:00,326.34,326.68,326.16,326.2,2636.0,326.407,25
2024-05-17 11:05:00-04:00,326.07,326.57,326.06,326.56,2662.0,326.404,24
2024-05-17 11:10:00-04:00,326.55,327.27,326.55,327.27,4073.0,326.919,33
2024-05-17 11:15:00-04:00,327.36,327.36,326.63,326.97,3972.0,326.972,37
2024-05-17 11:20:00-04:00,327.0,327.06,326.24,326.24,2649.0,326.728,24
2024-05-17 11:25:00-04:00,326.48,326.99,326.48,326.95,6060.0,326.728,46
2024-05-17 11:30:00-04:00,327.0,327.0,326.66,326.73,4128.0,326.797,28
2024-05-17 11:35:00-04:00,326.82,327.07,326.82,327.04,1300.0,326.918,13
2024-05-17 11:40:00-04:00,327.1,327.14,326.94,326.94,695.0,327.066,6
2024-05-17 11:45:00-04:00,327.02,327.33,327.02,327.22,4341.0,327.179,32
2024-05-17 11:50:00-04:00,327.16,327.55,327.1,327.55,2122.0,327.3,17
2024-05-17 11:55:00-04:00,327.55,328.16,327.33,328.12,5342.0,327.669,29
2024-05-17 12:00:00-04:00,327.98,328.05,327.72,327.76,2906.0,327.882,21
2024-05-17 12:05:00-04:00,327.76,327.89,327.55,327.82,3858.0,327.742,26
2024-05-17 12:10:00-04:00,327.86,328.0,327.79,327.88,2794.0,327.922,22
2024-05-17 12:15:00-04:00,328.04,328.04,327.45,327.45,1759.0,327.719,14
2024-05-17 12:20:00-04:00,327.46,327.55,327.28,327.41,2475.0,327.44,17
2024-05-17 12:25:00-04:00,327.44,327.53,327.26,327.34,1500.0,327.394,14
2024-05-17 12:30:00-04:00,327.18,327.42,326.87,326.87,800.0,327.164,8
2024-05-17 12:35:00-04:00,327.2,327.57,327.19,327.57,1704.0,327.309,15
2024-05-17 12:40:00-04:00,326.99,327.22,326.96,327.18,709.0,327.106,7
2024-05-17 12:45:00-04:00,327.14,327.15,326.82,326.97,2009.0,326.979,19
2024-05-17 12:50:00-04:00,326.99,327.09,326.93,327.0,400.0,327.003,4
2024-05-17 12:55:00-04:00,327.08,327.08,326.77,326.8,1887.0,326.871,9
2024-05-17 13:00:00-04:00,326.72,326.78,326.55,326.78,500.0,326.644,5
2024-05-17 13:05:00-04:00,326.64,326.86,326.42,326.82,1600.0,326.668,16
2024-05-17 13:10:00-04:00,326.99,326.99,326.99,326.99,100.0,326.99,1
2024-05-17 13:15:00-04:00,326.7,326.7,326.1,326.1,1046.0,326.365,10
2024-05-17 13:20:00-04:00,326.18,326.19,325.97,325.98,900.0,326.076,9
2024-05-17 13:25:00-04:00,326.06,326.06,325.73,325.73,1100.0,325.891,10
2024-05-17 13:30:00-04:00,325.94,326.18,325.76,325.87,2408.0,325.996,23
2024-05-17 13:35:00-04:00,325.81,326.32,325.81,326.32,2531.0,326.013,14
2024-05-17 13:40:00-04:00,326.34,326.39,326.13,326.31,948.0,326.323,6
2024-05-17 13:45:00-04:00,326.37,326.51,326.15,326.51,1718.0,326.364,11
2024-05-17 13:50:00-04:00,326.57,326.58,326.57,326.57,300.0,326.573,2
2024-05-17 13:55:00-04:00,326.68,327.53,326.58,327.2,22053.0,327.267,96
2024-05-17 14:00:00-04:00,327.03,327.4,327.03,327.11,5667.0,327.287,27
2024-05-17 14:05:00-04:00,327.17,327.33,327.13,327.28,1650.0,327.227,16
2024-05-17 14:10:00-04:00,327.21,327.34,326.73,326.98,8649.0,327.081,16
2024-05-17 14:15:00-04:00,326.56,326.77,326.55,326.55,619.0,326.659,5
2024-05-17 14:20:00-04:00,326.55,326.55,326.07,326.46,1771.0,326.302,14
2024-05-17 14:25:00-04:00,326.58,326.61,326.02,326.61,5443.0,326.252,52
2024-05-17 14:30:00-04:00,326.93,327.12,326.67,327.04,950.0,326.971,9
2024-05-17 14:35:00-04:00,327.03,327.13,327.03,327.08,800.0,327.076,8
2024-05-17 14:40:00-04:00,327.25,327.26,326.87,326.87,900.0,327.14,9
2024-05-17 14:45:00-04:00,327.03,327.1,326.64,326.92,2318.0,326.946,20
2024-05-17 14:50:00-04:00,327.15,327.26,327.0,327.26,800.0,327.107,8
2024-05-17 14:55:00-04:00,327.24,327.46,327.13,327.16,1300.0,327.286,13
2024-05-17 15:00:00-04:00,327.28,327.43,327.12,327.42,801.0,327.256,8
2024-05-17 15:05:00-04:00,327.43,327.43,327.16,327.35,2165.0,327.317,15
2024-05-17 15:10:00-04:00,327.18,327.5,327.18,327.5,2530.0,327.388,24
2024-05-17 15:15:00-04:00,327.5,327.95,327.5,327.94,2605.0,327.774,25
2024-05-17 15:20:00-04:00,327.95,328.4,327.88,328.19,5038.0,328.133,45
2024-05-17 15:25:00-04:00,328.23,328.23,327.79,327.88,3514.0,328.036,33
2024-05-17 15:30:00-04:00,328.07,328.29,328.07,328.21,3827.0,328.185,34
2024-05-17 15:35:00-04:00,328.16,328.38,328.06,328.38,5211.0,328.234,43
2024-05-17 15:40:00-04:00,328.38,328.51,328.25,328.41,7582.0,328.366,65
2024-05-17 15:45:00-04:00,328.38,328.5,327.88,327.96,8706.0,328.283,76
2024-05-17 15:50:00-04:00,327.88,328.66,327.85,328.66,11255.0,328.367,95
2024-05-17 15:55:00-04:00,328.75,328.97,328.35,328.65,63676.0,328.622,463
2024-05-20 09:30:00-04:00,329.26,329.86,327.62,329.41,16526.0,329.026,36
2024-05-20 09:35:00-04:00,329.37,330.79,329.37,330.51,9499.0,330.041,47
2024-05-20 09:40:00-04:00,330.51,331.7,330.51,331.5,2826.0,331.259,22
2024-05-20 09:45:00-04:00,331.82,332.84,331.52,332.16,2666.0,332.104,23
2024-05-20 09:50:00-04:00,332.04,332.06,330.82,331.15,4690.0,331.502,45
2024-05-20 09:55:00-04:00,331.95,332.16,331.51,332.16,2633.0,331.754,22
2024-05-20 10:00:00-04:00,331.84,332.19,331.83,331.85,1320.0,331.898,13
2024-05-20 10:05:00-04:00,331.9,332.53,331.89,332.5,2143.0,332.283,17
2024-05-20 10:10:00-04:00,332.99,333.09,332.76,332.84,1496.0,332.937,13
2024-05-20 10:15:00-04:00,332.9,333.3,332.55,332.88,6021.0,332.85,45
2024-05-20 10:20:00-04:00,332.99,332.99,332.33,332.98,1153.0,332.724,9
2024-05-20 10:25:00-04:00,332.57,332.84,332.5,332.82,2048.0,332.668,14
2024-05-20 10:30:00-04:00,332.92,333.07,332.62,332.81,2089.0,332.843,19
2024-05-20 10:35:00-04:00,332.78,333.0,332.68,332.82,1586.0,332.842,10
2024-05-20 10:40:00-04:00,332.77,333.52,332.77,333.06,3201.0,333.167,32
2024-05-20 10:45:00-04:00,333.06,333.32,332.52,332.8,5287.0,332.902,39
2024-05-20 10:50:00-04:00,332.83,333.07,332.63,332.76,2370.0,332.825,18
2024-05-20 10:55:00-04:00,332.77,333.1,332.63,332.94,2990.0,332.771,12
2024-05-20 11:00:00-04:00,333.17,333.29,332.94,333.11,1825.0,333.137,16
2024-05-20 11:05:00-04:00,333.11,333.24,332.95,333.13,2835.0,333.091,26
2024-05-20 11:10:00-04:00,333.09,333.58,333.08,333.55,1372.0,333.338,11
2024-05-20 11:15:00-04:00,333.53,333.68,333.38,333.5,1600.0,333.521,16
2024-05-20 11:20:00-04:00,333.44,333.65,333.35,333.56,2713.0,333.418,10
2024-05-20 11:25:00-04:00,333.6,333.81,333.6,333.69,3153.0,333.713,26
2024-05-20 11:30:00-04:00,333.83,333.97,333.76,333.82,1261.0,333.828,9
2024-05-20 11:35:00-04:00,333.94,333.94,333.42,333.42,2100.0,333.622,19
2024-05-20 11:40:00-04:00,333.61,333.61,333.01,333.06,2640.0,333.306,18
2024-05-20 11:45:00-04:00,332.79,332.92,332.76,332.76,985.0,332.847,8
2024-05-20 11:50:00-04:00,332.76,333.12,332.76,333.06,1800.0,332.943,14
2024-05-20 11:55:00-04:00,333.06,333.22,332.79,332.83,3843.0,333.007,26
2024-05-20 12:00:00-04:00,332.88,333.37,332.88,333.37,1516.0,333.109,10
2024-05-20 12:05:00-04:00,333.39,333.45,333.02,333.02,3071.0,333.23,13
2024-05-20 12:10:00-04:00,333.17,333.4,333.05,333.06,2088.0,333.221,12
2024-05-20 12:15:00-04:00,333.34,333.52,333.18,333.31,1407.0,333.316,7
2024-05-20 12:20:00-04:00,333.8,333.8,333.25,333.25,858.0,333.407,7
2024-05-20 12:25:00-04:00,332.97,333.49,332.97,333.49,2651.0,333.463,5
2024-05-20 12:30:00-04:00,333.58,333.58,333.39,333.55,300.0,333.507,3
2024-05-20 12:35:00-04:00,333.38,333.56,333.38,333.41,801.0,333.432,6
2024-05-20 12:40:00-04:00,333.29,333.61,333.27,333.39,3300.0,333.38,17
2024-05-20 12:45:00-04:00,333.44,333.63,333.44,333.54,2300.0,333.467,6
2024-05-20 12:50:00-04:00,333.31,333.98,333.27,333.84,3349.0,333.598,20
2024-05-20 12:55:00-04:00,333.98,334.01,333.83,333.9,2489.0,333.912,17
2024-05-20 13:00:00-04:00,333.9,334.25,333.89,333.98,600.0,334.046,6
2024-05-20 13:05:00-04:00,334.02,334.02,333.88,333.88,1200.0,333.959,12
2024-05-20 13:10:00-04:00,333.93,334.02,333.72,333.72,600.0,333.847,6
2024-05-20 13:15:00-04:00,333.84,334.0,333.45,333.55,2500.0,333.582,11
2024-05-20 13:20:00-04:00,333.72,333.99,333.62,333.73,3978.0,333.709,26
2024-05-20 13:25:00-04:00,333.71,333.83,333.5,333.75,4792.0,333.621,24
2024-05-20 13:30:00-04:00,333.47,333.86,333.18,333.8,3689.0,333.528,35
2024-05-20 13:35:00-04:00,333.88,333.94,333.79,333.94,3376.0,333.865,28
2024-05-20 13:40:00-04:00,334.02,334.02,333.49,333.49,1708.0,333.715,17
2024-05-20 13:45:00-04:00,333.62,333.62,332.7,332.73,1336.0,333.094,13
2024-05-20 13:50:00-04:00,332.73,332.85,332.68,332.72,800.0,332.76,8
2024-05-20 13:55:00-04:00,332.67,332.85,332.67,332.84,649.0,332.743,5
2024-05-20 14:00:00-04:00,332.81,332.99,332.8,332.99,200.0,332.898,2
2024-05-20 14:05:00-04:00,332.72,332.72,332.33,332.68,3451.0,332.517,22
2024-05-20 14:10:00-04:00,332.68,332.82,332.59,332.82,1600.0,332.712,16
2024-05-20 14:15:00-04:00,333.02,333.18,333.02,333.18,432.0,333.12,4
2024-05-20 14:20:00-04:00,333.17,333.28,333.14,333.14,663.0,333.197,6
2024-05-20 14:25:00-04:00,333.14,333.29,333.14,333.23,784.0,333.201,7
2024-05-20 14:30:00-04:00,333.3,333.32,333.11,333.11,900.0,333.237,9
2024-05-20 14:35:00-04:00,333.03,333.28,333.02,333.25,1840.0,333.215,10
2024-05-20 14:40:00-04:00,333.26,333.43,333.16,333.18,7949.0,333.286,23
2024-05-20 14:45:00-04:00,333.18,333.22,332.85,333.22,4145.0,333.07,12
2024-05-20 14:50:00-04:00,333.15,333.21,333.09,333.09,600.0,333.148,6
2024-05-20 14:55:00-04:00,333.09,333.18,333.05,333.07,7452.0,333.072,24
2024-05-20 15:00:00-04:00,333.07,333.21,332.99,333.11,9500.0,333.05,24
2024-05-20 15:05:00-04:00,333.12,333.29,333.1,333.29,2471.0,333.163,18
2024-05-20 15:10:00-04:00,333.3,333.3,332.47,332.65,4564.0,332.76,34
2024-05-20 15:15:00-04:00,332.54,332.7,332.48,332.6,1600.0,332.567,15
2024-05-20 15:20:00-04:00,332.48,332.6,332.19,332.19,1500.0,332.461,14
2024-05-20 15:25:00-04:00,332.24,332.68,332.17,332.68,9450.0,332.225,18
2024-05-20 15:30:00-04:00,332.53,332.84,332.53,332.58,2800.0,332.626,26
2024-05-20 15:35:00-04:00,332.57,332.73,332.37,332.44,2716.0,332.552,24
2024-05-20 15:40:00-04:00,332.47,332.58,331.51,331.53,11287.0,332.056,56
2024-05-20 15:45:00-04:00,331.52,331.63,331.23,331.4,8206.0,331.426,70
2024-05-20 15:50:00-04:00,331.46,331.5,330.75,330.85,10822.0,331.156,95
2024-05-20 15:55:00-04:00,330.88,331.09,330.4,330.99,56039.0,330.776,384
2024-05-21 09:30:00-04:00,329.87,330.88,329.06,329.72,42353.0,329.87,90
2024-05-21 09:35:00-04:00,329.63,331.29,329.63,330.73,4800.0,330.255,34
2024-05-21 09:40:00-04:00,331.18,331.76,331.18,331.75,1100.0,331.354,11
2024-05-21 09:45:00-04:00,331.55,332.58,331.51,332.07,8677.0,331.722,28
2024-05-21 09:50:00-04:00,332.2,332.34,330.71,330.93,9300.0,331.457,35
2024-05-21 09:55:00-04:00,330.92,331.02,330.21,330.36,2004.0,330.681,14
2024-05-21 10:00:00-04:00,330.36,331.35,330.28,331.13,15440.0,331.068,44
2024-05-21 10:05:00-04:00,331.06,331.66,330.87,331.55,4838.0,331.172,33
2024-05-21 10:10:00-04:00,331.59,332.27,331.59,332.04,2672.0,331.981,21
2024-05-21 10:15:00-04:00,332.13,332.47,332.12,332.47,3639.0,332.236,30
2024-05-21 10:20:00-04:00,332.7,332.78,332.49,332.67,2803.0,332.642,20
2024-05-21 10:25:00-04:00,332.89,333.22,332.44,332.57,3803.0,332.775,20
2024-05-21 10:30:00-04:00,332.4,332.43,331.93,332.38,6430.0,332.111,60
2024-05-21 10:35:00-04:00,332.38,332.89,332.21,332.82,3027.0,332.686,28
2024-05-21 10:40:00-04:00,332.81,333.43,332.61,333.43,3332.0,333.072,27
2024-05-21 10:45:00-04:00,333.55,333.7,333.55,333.67,1088.0,333.633,9
2024-05-21 10:50:00-04:00,333.66,333.84,333.08,333.08,2281.0,333.658,20
2024-05-21 10:55:00-04:00,333.41,333.89,333.22,333.89,6379.0,333.493,32
2024-05-21 11:00:00-04:00,333.9,334.34,333.89,334.18,2104.0,334.09,19
2024-05-21 11:05:00-04:00,334.18,334.2,333.77,333.77,4291.0,333.985,24
2024-05-21 11:10:00-04:00,334.01,334.42,333.99,334.42,2015.0,334.167,11
2024-05-21 11:15:00-04:00,334.36,334.6,334.2,334.47,2171.0,334.442,17
2024-05-21 11:20:00-04:00,334.55,334.78,334.54,334.75,2862.0,334.629,25
2024-05-21 11:25:00-04:00,334.65,334.82,334.54,334.66,2334.0,334.695,17
2024-05-21 11:30:00-04:00,334.65,334.78,334.06,334.52,4824.0,334.431,42
2024-05-21 11:35:00-04:00,334.62,334.78,334.56,334.6,1569.0,334.633,11
2024-05-21 11:40:00-04:00,334.61,334.62,334.17,334.3,4857.0,334.326,30
2024-05-21 11:45:00-04:00,334.3,334.57,334.03,334.55,2086.0,334.417,14
2024-05-21 11:50:00-04:00,334.57,334.79,334.57,334.7,2145.0,334.621,18
2024-05-21 11:55:00-04:00,334.58,334.63,334.49,334.63,578.0,334.534,4
2024-05-21 12:00:00-04:00,334.59,334.6,334.17,334.27,870.0,334.462,7
2024-05-21 12:05:00-04:00,334.23,334.23,334.22,334.22,200.0,334.225,2
2024-05-21 12:10:00-04:00,334.25,334.51,334.25,334.49,800.0,334.366,7
2024-05-21 12:15:00-04:00,334.42,334.63,334.42,334.63,1041.0,334.562,10
2024-05-21 12:20:00-04:00,334.49,334.49,334.37,334.45,500.0,334.444,5
2024-05-21 12:25:00-04:00,334.53,334.53,334.24,334.29,1218.0,334.397,12
2024-05-21 12:30:00-04:00,334.29,334.65,334.29,334.65,1415.0,334.46,12
2024-05-21 12:35:00-04:00,334.78,334.79,334.22,334.32,2740.0,334.512,12
2024-05-21 12:40:00-04:00,334.25,334.26,333.9,333.91,2907.0,334.07,14
2024-05-21 12:45:00-04:00,333.94,334.18,333.94,334.18,1009.0,334.096,8
2024-05-21 12:50:00-04:00,334.04,334.28,334.04,334.28,300.0,334.119,2
2024-05-21 12:55:00-04:00,334.34,334.34,333.98,333.99,868.0,334.199,6
2024-05-21 13:00:00-04:00,334.0,334.24,334.0,334.24,1885.0,334.089,15
2024-05-21 13:05:00-04:00,334.25,334.63,334.22,334.63,3253.0,334.303,11
2024-05-21 13:10:00-04:00,334.63,334.63,334.47,334.61,3046.0,334.542,22
2024-05-21 13:15:00-04:00,334.63,334.74,334.63,334.67,1266.0,334.657,9
2024-05-21 13:20:00-04:00,334.64,334.76,334.57,334.57,4841.0,334.672,44
2024-05-21 13:25:00-04:00,334.58,334.68,334.22,334.63,6502.0,334.474,49
2024-05-21 13:30:00-04:00,334.88,335.39,334.88,335.31,9531.0,335.121,82
2024-05-21 13:35:00-04:00,335.25,335.28,334.91,335.07,2910.0,335.134,25
2024-05-21 13:40:00-04:00,335.07,335.45,335.04,335.37,2300.0,335.291,21
2024-05-21 13:45:00-04:00,335.59,335.6,335.35,335.46,2689.0,335.439,12
2024-05-21 13:50:00-04:00,335.34,335.82,335.28,335.67,11612.0,335.538,54
2024-05-21 13:55:00-04:00,335.72,336.03,335.66,336.0,4160.0,335.885,31
2024-05-21 14:00:00-04:00,335.94,335.98,335.05,335.05,5200.0,335.734,26
2024-05-21 14:05:00-04:00,335.24,335.46,335.15,335.39,1739.0,335.294,9
2024-05-21 14:10:00-04:00,335.47,335.48,334.81,335.17,10443.0,335.216,38
2024-05-21 14:15:00-04:00,335.37,335.37,335.12,335.33,2595.0,335.282,25
2024-05-21 14:20:00-04:00,335.48,335.62,335.21,335.21,1050.0,335.436,10
2024-05-21 14:25:00-04:00,335.17,335.25,334.94,334.94,800.0,335.128,7
2024-05-21 14:30:00-04:00,335.0,335.0,334.91,335.0,560.0,334.976,5
2024-05-21 14:35:00-04:00,335.15,335.15,335.01,335.1,2841.0,335.082,25
2024-05-21 14:40:00-04:00,334.99,335.12,334.83,334.97,4657.0,334.949,34
2024-05-21 14:45:00-04:00,335.02,335.14,334.94,335.12,4289.0,335.037,26
2024-05-21 14:50:00-04:00,335.14,335.15,334.93,335.05,7065.0,334.98,21
2024-05-21 14:55:00-04:00,335.02,335.2,334.77,334.77,8945.0,335.009,41
2024-05-21 15:00:00-04:00,334.81,335.12,334.81,334.88,2972.0,334.947,28
2024-05-21 15:05:00-04:00,334.87,334.97,334.79,334.9,3428.0,334.89,29
2024-05-21 15:10:00-04:00,335.08,335.35,335.07,335.28,1400.0,335.205,14
2024-05-21 15:15:00-04:00,335.24,335.3,335.09,335.3,1713.0,335.198,17
2024-05-21 15:20:00-04:00,335.4,335.44,335.16,335.43,3056.0,335.334,27
2024-05-21 15:25:00-04:00,335.51,335.61,335.34,335.56,6188.0,335.454,50
2024-05-21 15:30:00-04:00,335.56,335.81,335.56,335.8,2975.0,335.743,25
2024-05-21 15:35:00-04:00,335.85,336.17,335.85,335.95,6599.0,335.947,62
2024-05-21 15:40:00-04:00,336.01,336.01,335.64,335.75,1977.0,335.783,19
2024-05-21 15:45:00-04:00,335.74,335.82,335.19,335.4,5368.0,335.548,50
2024-05-21 15:50:00-04:00,335.33,335.59,335.23,335.42,8033.0,335.427,64
2024-05-21 15:55:00-04:00,335.49,335.98,335.49,335.69,26512.0,335.769,195
2024-05-22 09:30:00-04:00,332.83,335.0,332.67,334.77,15171.0,332.93,13
2024-05-22 09:35:00-04:00,334.81,336.32,334.13,336.21,1276.0,335.28,12
2024-05-22 09:40:00-04:00,336.37,336.37,335.32,335.87,2133.0,335.854,16
2024-05-22 09:45:00-04:00,335.35,335.44,334.71,335.07,4548.0,335.134,37
2024-05-22 09:50:00-04:00,335.61,335.71,335.1,335.1,3591.0,335.436,28
2024-05-22 09:55:00-04:00,334.79,334.8,334.39,334.5,1731.0,334.572,15
2024-05-22 10:00:00-04:00,334.33,334.33,333.1,333.42,2713.0,333.653,22
2024-05-22 10:05:00-04:00,333.41,334.1,333.4,333.48,2677.0,333.745,21
2024-05-22 10:10:00-04:00,333.71,334.12,333.61,333.91,1977.0,333.838,17
2024-05-22 10:15:00-04:00,333.75,333.75,333.23,333.23,1466.0,333.444,13
2024-05-22 10:20:00-04:00,333.24,333.33,332.98,333.12,3798.0,333.148,35
2024-05-22 10:25:00-04:00,333.12,334.21,333.12,334.21,6974.0,333.474,62
2024-05-22 10:30:00-04:00,334.2,334.2,333.12,333.25,6559.0,333.631,50
2024-05-22 10:35:00-04:00,333.09,333.2,332.6,332.65,2777.0,332.976,23
2024-05-22 10:40:00-04:00,332.65,332.65,331.72,331.72,2273.0,332.127,19
2024-05-22 10:45:00-04:00,332.02,333.0,331.86,333.0,1892.0,332.273,17
2024-05-22 10:50:00-04:00,333.04,333.29,332.97,332.99,1968.0,333.067,14
2024-05-22 10:55:00-04:00,332.9,333.38,332.9,333.38,703.0,333.133,7
2024-05-22 11:00:00-04:00,333.44,333.53,333.4,333.53,658.0,333.446,5
2024-05-22 11:05:00-04:00,333.56,333.77,333.52,333.53,2400.0,333.636,24
2024-05-22 11:10:00-04:00,333.63,333.97,333.63,333.83,2949.0,333.811,23
2024-05-22 11:15:00-04:00,333.84,333.94,333.5,333.79,2231.0,333.678,15
2024-05-22 11:20:00-04:00,333.73,333.73,333.25,333.25,1050.0,333.548,9
2024-05-22 11:25:00-04:00,333.2,333.5,333.18,333.22,1287.0,333.326,6
2024-05-22 11:30:00-04:00,332.95,333.39,332.84,333.0,2400.0,333.168,17
2024-05-22 11:35:00-04:00,332.96,333.2,332.95,333.2,695.0,333.039,6
2024-05-22 11:40:00-04:00,333.13,333.4,333.08,333.08,2408.0,333.265,20
2024-05-22 11:45:00-04:00,332.87,333.01,332.81,332.96,1245.0,332.89,7
2024-05-22 11:50:00-04:00,332.72,333.08,332.67,333.06,2297.0,332.823,13
2024-05-22 11:55:00-04:00,333.15,333.49,333.15,333.44,1311.0,333.387,10
2024-05-22 12:00:00-04:00,333.44,333.44,333.44,333.44,0.0,333.44,0
2024-05-22 12:05:00-04:00,333.83,334.28,333.83,334.28,1491.0,334.047,7
2024-05-22 12:10:00-04:00,334.27,334.46,334.27,334.28,1298.0,334.325,10
2024-05-22 12:15:00-04:00,334.33,334.33,334.11,334.19,542.0,334.226,5
2024-05-22 12:20:00-04:00,334.14,334.49,334.14,334.37,3589.0,334.298,31
2024-05-22 12:25:00-04:00,334.54,334.68,334.21,334.68,5047.0,334.531,28
2024-05-22 12:30:00-04:00,334.75,334.9,334.68,334.9,1077.0,334.778,9
2024-05-22 12:35:00-04:00,334.81,335.07,334.73,334.73,1774.0,334.926,16
2024-05-22 12:40:00-04:00,335.01,335.13,334.94,335.01,1300.0,335.017,12
2024-05-22 12:45:00-04:00,335.03,335.04,334.59,334.59,1972.0,334.938,12
2024-05-22 12:50:00-04:00,334.38,334.4,334.23,334.31,413.0,334.333,4
2024-05-22 12:55:00-04:00,334.17,334.2,334.06,334.06,1601.0,334.142,16
2024-05-22 13:00:00-04:00,334.22,334.28,334.22,334.28,300.0,334.253,3
2024-05-22 13:05:00-04:00,334.24,334.24,333.89,333.89,300.0,334.05,3
2024-05-22 13:10:00-04:00,333.89,333.97,333.84,333.84,1387.0,333.944,7
2024-05-22 13:15:00-04:00,333.85,333.85,333.4,333.43,1459.0,333.66,9
2024-05-22 13:20:00-04:00,333.3,333.37,333.29,333.37,300.0,333.32,2
2024-05-22 13:25:00-04:00,333.15,333.16,332.96,333.05,1214.0,333.09,11
2024-05-22 13:30:00-04:00,333.0,333.1,332.77,332.95,1609.0,332.884,13
2024-05-22 13:35:00-04:00,332.88,332.88,332.26,332.37,1000.0,332.452,8
2024-05-22 13:40:00-04:00,332.31,332.31,331.83,331.92,1380.0,332.071,10
2024-05-22 13:45:00-04:00,332.06,332.38,331.85,331.9,1891.0,332.084,14
2024-05-22 13:50:00-04:00,331.83,332.09,331.83,332.05,2003.0,332.011,17
2024-05-22 13:55:00-04:00,332.06,332.15,332.05,332.11,1075.0,332.121,7
2024-05-22 14:00:00-04:00,332.27,332.41,331.57,331.63,1906.0,332.078,19
2024-05-22 14:05:00-04:00,331.88,332.26,331.87,332.26,1641.0,332.131,5
2024-05-22 14:10:00-04:00,331.83,332.22,331.8,332.22,2124.0,331.971,13
2024-05-22 14:15:00-04:00,332.22,332.22,331.82,331.96,515.0,331.982,5
2024-05-22 14:20:00-04:00,331.93,331.93,331.41,331.67,1675.0,331.583,15
2024-05-22 14:25:00-04:00,331.49,331.49,331.01,331.02,1150.0,331.123,6
2024-05-22 14:30:00-04:00,331.21,331.22,331.05,331.08,1401.0,331.168,10
2024-05-22 14:35:00-04:00,331.22,331.41,331.09,331.38,1100.0,331.264,11
2024-05-22 14:40:00-04:00,331.52,331.52,331.2,331.34,2037.0,331.305,20
2024-05-22 14:45:00-04:00,331.28,332.05,331.28,332.05,3262.0,331.61,13
2024-05-22 14:50:00-04:00,332.13,332.13,331.75,331.75,1230.0,331.891,9
2024-05-22 14:55:00-04:00,331.84,332.15,331.83,332.08,3000.0,331.988,17
2024-05-22 15:00:00-04:00,332.09,332.46,332.09,332.31,798.0,332.249,6
2024-05-22 15:05:00-04:00,332.3,332.63,332.29,332.63,1998.0,332.411,9
2024-05-22 15:10:00-04:00,332.59,332.61,332.42,332.56,1552.0,332.535,14
2024-05-22 15:15:00-04:00,332.67,333.0,332.33,332.33,2052.0,332.756,17
2024-05-22 15:20:00-04:00,332.48,332.83,332.48,332.79,1167.0,332.633,9
2024-05-22 15:25:00-04:00,332.91,332.96,332.74,332.74,1247.0,332.875,10
2024-05-22 15:30:00-04:00,333.03,333.92,332.97,333.63,2478.0,333.377,21
2024-05-22 15:35:00-04:00,333.73,333.84,333.34,333.34,1677.0,333.689,13
2024-05-22 15:40:00-04:00,333.26,333.27,333.12,333.21,1520.0,333.199,12
2024-05-22 15:45:00-04:00,333.29,333.51,332.99,332.99,4883.0,333.26,29
2024-05-22 15:50:00-04:00,332.93,333.34,332.69,333.34,6207.0,332.919,44
2024-05-22 15:55:00-04:00,333.61,333.63,333.04,333.4,21126.0,333.363,158
2024-05-23 09:30:00-04:00,336.53,336.53,333.08,334.2,19225.0,335.816,45
2024-05-23 09:35:00-04:00,334.53,334.61,333.25,333.56,3584.0,334.088,31
2024-05-23 09:40:00-04:00,333.39,333.57,332.83,333.57,3256.0,333.243,27
2024-05-23 09:45:00-04:00,333.3,333.84,333.02,333.11,8449.0,333.313,50
2024-05-23 09:50:00-04:00,332.94,333.0,332.02,332.07,5496.0,332.512,44
2024-05-23 09:55:00-04:00,331.83,332.84,331.6,332.84,3294.0,332.096,30
2024-05-23 10:00:00-04:00,332.85,333.56,332.47,333.3,6799.0,333.162,54
2024-05-23 10:05:00-04:00,333.29,334.37,333.29,334.37,1486.0,333.925,13
2024-05-23 10:10:00-04:00,334.79,334.92,334.43,334.92,4941.0,334.699,42
2024-05-23 10:15:00-04:00,334.92,335.2,334.69,334.95,5314.0,334.935,44
2024-05-23 10:20:00-04:00,334.84,334.92,334.25,334.54,9007.0,334.568,57
2024-05-23 10:25:00-04:00,334.56,334.69,334.28,334.47,6063.0,334.482,36
2024-05-23 10:30:00-04:00,334.06,334.3,333.93,334.08,2856.0,334.134,23
2024-05-23 10:35:00-04:00,334.13,334.75,333.87,334.69,7443.0,334.15,58
2024-05-23 10:40:00-04:00,334.64,335.12,334.64,334.67,2027.0,334.862,18
2024-05-23 10:45:00-04:00,334.32,334.32,333.8,334.15,2600.0,334.077,20
2024-05-23 10:50:00-04:00,334.1,334.22,333.87,333.88,1531.0,334.004,13
2024-05-23 10:55:00-04:00,333.87,334.05,333.46,333.6,1660.0,333.73,13
2024-05-23 11:00:00-04:00,333.72,334.63,333.72,334.63,2759.0,334.147,25
2024-05-23 11:05:00-04:00,334.74,335.01,334.64,335.01,2174.0,334.744,20
2024-05-23 11:10:00-04:00,335.27,335.27,334.87,335.17,1151.0,335.095,10
2024-05-23 11:15:00-04:00,335.2,335.7,335.04,335.44,6052.0,335.413,35
2024-05-23 11:20:00-04:00,335.41,335.91,335.36,335.52,2990.0,335.548,23
2024-05-23 11:25:00-04:00,335.63,335.77,335.55,335.77,911.0,335.677,9
2024-05-23 11:30:00-04:00,335.82,335.86,335.45,335.45,1825.0,335.67,18
2024-05-23 11:35:00-04:00,335.57,336.17,335.39,336.17,1687.0,335.666,14
2024-05-23 11:40:00-04:00,336.12,336.12,335.77,335.78,850.0,335.929,8
2024-05-23 11:45:00-04:00,335.93,336.12,335.93,336.04,800.0,336.041,8
2024-05-23 11:50:00-04:00,336.14,336.22,336.06,336.08,983.0,336.152,9
2024-05-23 11:55:00-04:00,336.29,336.34,336.05,336.05,1700.0,336.241,17
2024-05-23 12:00:00-04:00,336.21,336.66,336.16,336.31,1900.0,336.409,19
2024-05-23 12:05:00-04:00,336.24,336.24,335.86,335.86,3400.0,335.969,28
2024-05-23 12:10:00-04:00,335.93,335.93,335.49,335.71,1394.0,335.67,12
2024-05-23 12:15:00-04:00,335.63,335.77,335.55,335.67,753.0,335.69,7
2024-05-23 12:20:00-04:00,335.67,335.67,335.62,335.62,200.0,335.645,2
2024-05-23 12:25:00-04:00,335.66,335.78,335.61,335.61,2074.0,335.704,16
2024-05-23 12:30:00-04:00,335.71,336.11,335.6,336.09,2109.0,335.85,20
2024-05-23 12:35:00-04:00,336.2,336.43,336.2,336.29,1000.0,336.298,9
2024-05-23 12:40:00-04:00,335.94,336.03,335.67,335.67,985.0,335.842,8
2024-05-23 12:45:00-04:00,335.62,335.73,335.3,335.49,1934.0,335.573,18
2024-05-23 12:50:00-04:00,335.63,335.63,335.15,335.43,478.0,335.396,4
2024-05-23 12:55:00-04:00,335.53,335.53,335.32,335.44,2914.0,335.373,12
2024-05-23 13:00:00-04:00,335.34,335.34,335.02,335.08,6088.0,335.294,12
2024-05-23 13:05:00-04:00,335.15,335.56,335.14,335.56,700.0,335.337,7
2024-05-23 13:10:00-04:00,335.45,335.69,335.37,335.53,1433.0,335.446,4
2024-05-23 13:15:00-04:00,335.55,335.64,335.3,335.3,600.0,335.452,6
2024-05-23 13:20:00-04:00,334.99,335.21,334.86,335.21,1883.0,334.98,17
2024-05-23 13:25:00-04:00,335.18,335.29,335.17,335.27,600.0,335.233,6
2024-05-23 13:30:00-04:00,335.18,335.2,334.98,335.1,3035.0,335.086,24
2024-05-23 13:35:00-04:00,335.18,335.18,334.54,334.72,6232.0,334.733,20
2024-05-23 13:40:00-04:00,334.69,334.94,334.26,334.27,3149.0,334.59,20
2024-05-23 13:45:00-04:00,334.19,334.49,334.19,334.21,1020.0,334.324,10
2024-05-23 13:50:00-04:00,334.42,334.42,334.02,334.18,751.0,334.184,7
2024-05-23 13:55:00-04:00,334.17,334.27,333.85,333.85,2093.0,334.059,17
2024-05-23 14:00:00-04:00,333.77,333.96,333.5,333.5,2524.0,333.706,22
2024-05-23 14:05:00-04:00,333.4,333.9,333.37,333.9,2458.0,333.534,17
2024-05-23 14:10:00-04:00,333.85,333.92,333.58,333.92,2946.0,333.714,20
2024-05-23 14:15:00-04:00,333.78,333.93,333.22,333.24,1719.0,333.567,17
2024-05-23 14:20:00-04:00,333.19,333.42,333.16,333.17,2118.0,333.251,18
2024-05-23 14:25:00-04:00,333.29,333.62,333.14,333.62,3261.0,333.371,24
2024-05-23 14:30:00-04:00,333.58,333.72,333.35,333.68,1830.0,333.496,18
2024-05-23 14:35:00-04:00,333.53,334.15,333.52,333.97,1083.0,333.846,8
2024-05-23 14:40:00-04:00,333.94,334.06,333.24,333.24,7985.0,333.596,39
2024-05-23 14:45:00-04:00,333.25,333.32,332.95,333.32,2605.0,333.147,20
2024-05-23 14:50:00-04:00,333.31,333.49,333.18,333.49,2844.0,333.299,13
2024-05-23 14:55:00-04:00,333.34,333.38,333.11,333.28,1451.0,333.27,14
2024-05-23 15:00:00-04:00,333.29,333.7,333.22,333.22,3244.0,333.525,23
2024-05-23 15:05:00-04:00,333.36,333.36,332.68,332.87,5105.0,332.939,35
2024-05-23 15:10:00-04:00,332.8,332.87,332.49,332.71,2677.0,332.712,16
2024-05-23 15:15:00-04:00,332.9,332.97,332.59,332.6,1596.0,332.849,14
2024-05-23 15:20:00-04:00,332.77,333.04,332.64,332.85,2400.0,332.769,23
2024-05-23 15:25:00-04:00,332.86,332.95,332.65,332.86,2326.0,332.814,19
2024-05-23 15:30:00-04:00,333.02,333.02,332.76,332.87,1843.0,332.908,18
2024-05-23 15:35:00-04:00,332.88,332.94,332.71,332.79,2231.0,332.805,21
2024-05-23 15:40:00-04:00,332.8,332.95,332.44,332.92,4152.0,332.696,40
2024-05-23 15:45:00-04:00,332.83,333.14,332.53,333.1,4751.0,332.841,40
2024-05-23 15:50:00-04:00,333.45,333.45,333.09,333.18,8009.0,333.287,74
2024-05-23 15:55:00-04:00,333.07,333.17,332.48,332.95,22458.0,332.762,166
2024-05-24 09:30:00-04:00,333.16,334.26,332.37,332.37,9015.0,333.163,4
2024-05-24 09:35:00-04:00,332.77,333.91,332.76,333.65,9873.0,333.055,84
2024-05-24 09:40:00-04:00,333.7,334.27,333.5,333.62,2830.0,333.855,21
2024-05-24 09:45:00-04:00,333.27,333.65,333.03,333.03,2616.0,333.268,8
2024-05-24 09:50:00-04:00,332.75,332.75,332.03,332.62,767.0,332.412,6
2024-05-24 09:55:00-04:00,331.92,333.62,331.92,333.62,8145.0,332.895,28
2024-05-24 10:00:00-04:00,333.65,334.12,333.64,334.1,832.0,333.854,7
2024-05-24 10:05:00-04:00,334.06,335.41,334.06,335.03,1333.0,334.91,11
2024-05-24 10:10:00-04:00,334.83,335.39,334.62,334.84,2916.0,334.961,15
2024-05-24 10:15:00-04:00,334.79,335.25,334.65,335.25,1112.0,334.815,11
2024-05-24 10:20:00-04:00,334.96,334.96,334.38,334.63,2038.0,334.668,19
2024-05-24 10:25:00-04:00,334.61,335.49,334.45,334.97,4474.0,334.761,25
2024-05-24 10:30:00-04:00,335.05,335.54,334.95,335.49,1821.0,335.147,16
2024-05-24 10:35:00-04:00,335.62,335.66,335.27,335.33,1411.0,335.416,12
2024-05-24 10:40:00-04:00,335.39,335.41,334.91,334.91,1252.0,335.134,12
2024-05-24 10:45:00-04:00,334.86,335.23,334.66,335.23,1238.0,334.899,11
2024-05-24 10:50:00-04:00,335.32,335.85,335.32,335.66,1649.0,335.586,16
2024-05-24 10:55:00-04:00,335.66,335.97,335.65,335.84,2284.0,335.766,13
2024-05-24 11:00:00-04:00,336.19,336.98,336.05,336.98,4808.0,336.335,30
2024-05-24 11:05:00-04:00,336.92,337.2,336.71,336.8,4701.0,336.93,43
2024-05-24 11:10:00-04:00,336.92,337.1,336.75,337.07,1885.0,336.972,17
2024-05-24 11:15:00-04:00,337.07,337.08,336.72,336.77,2825.0,336.929,27
2024-05-24 11:20:00-04:00,336.94,337.36,336.72,337.25,1701.0,337.011,12
2024-05-24 11:25:00-04:00,337.37,337.84,337.37,337.45,5376.0,337.529,35
2024-05-24 11:30:00-04:00,337.5,337.9,337.35,337.59,7488.0,337.461,27
2024-05-24 11:35:00-04:00,337.59,337.59,336.81,336.86,3102.0,337.187,30
2024-05-24 11:40:00-04:00,336.98,337.14,336.68,336.98,804.0,336.94,8
2024-05-24 11:45:00-04:00,337.0,337.06,336.84,336.96,800.0,336.969,7
2024-05-24 11:50:00-04:00,337.13,337.14,336.7,337.14,1359.0,336.875,13
2024-05-24 11:55:00-04:00,337.2,337.57,337.18,337.57,2028.0,337.348,16
2024-05-24 12:00:00-04:00,337.53,337.57,337.33,337.33,750.0,337.487,7
2024-05-24 12:05:00-04:00,337.43,337.56,337.4,337.54,1579.0,337.489,15
2024-05-24 12:10:00-04:00,337.54,337.92,337.54,337.83,975.0,337.704,9
2024-05-24 12:15:00-04:00,337.84,338.09,337.75,337.75,2673.0,337.848,18
2024-05-24 12:20:00-04:00,337.85,337.96,337.59,337.72,1956.0,337.719,17
2024-05-24 12:25:00-04:00,337.68,337.68,337.34,337.34,1494.0,337.597,12
2024-05-24 12:30:00-04:00,337.49,337.56,337.37,337.4,400.0,337.454,4
2024-05-24 12:35:00-04:00,337.56,337.56,337.23,337.23,700.0,337.384,7
2024-05-24 12:40:00-04:00,337.14,337.25,337.07,337.07,400.0,337.156,4
2024-05-24 12:45:00-04:00,336.92,337.31,336.76,337.25,1215.0,337.033,11
2024-05-24 12:50:00-04:00,337.11,337.52,337.0,337.47,916.0,337.288,9
2024-05-24 12:55:00-04:00,337.46,337.46,337.33,337.33,300.0,337.373,3
2024-05-24 13:00:00-04:00,336.98,337.05,336.98,337.05,310.0,337.006,3
2024-05-24 13:05:00-04:00,336.89,336.96,336.88,336.89,1300.0,336.888,4
2024-05-24 13:10:00-04:00,336.84,336.84,336.81,336.81,200.0,336.823,2
2024-05-24 13:15:00-04:00,336.88,337.04,336.88,337.04,1074.0,336.946,10
2024-05-24 13:20:00-04:00,337.12,337.31,337.04,337.31,1471.0,337.178,11
2024-05-24 13:25:00-04:00,337.55,337.81,337.38,337.59,1292.0,337.585,12
2024-05-24 13:30:00-04:00,337.69,337.69,337.25,337.25,700.0,337.452,7
2024-05-24 13:35:00-04:00,337.2,337.2,337.07,337.16,1304.0,337.145,13
2024-05-24 13:40:00-04:00,337.18,337.23,337.0,337.0,500.0,337.116,4
2024-05-24 13:45:00-04:00,337.07,337.07,336.87,337.06,700.0,337.031,4
2024-05-24 13:50:00-04:00,337.01,337.21,337.01,337.05,1000.0,337.08,10
2024-05-24 13:55:00-04:00,336.89,337.22,336.89,337.06,612.0,337.072,6
2024-05-24 14:00:00-04:00,337.22,337.36,337.15,337.32,1605.0,337.255,10
2024-05-24 14:05:00-04:00,337.35,337.42,337.1,337.15,600.0,337.254,6
2024-05-24 14:10:00-04:00,337.1,337.1,336.84,337.04,800.0,336.938,8
2024-05-24 14:15:00-04:00,336.81,336.81,336.13,336.47,7414.0,336.41,43
2024-05-24 14:20:00-04:00,336.42,336.43,336.24,336.38,894.0,336.364,8
2024-05-24 14:25:00-04:00,336.41,336.66,336.4,336.6,322.0,336.558,3
2024-05-24 14:30:00-04:00,336.57,336.85,336.57,336.62,802.0,336.747,8
2024-05-24 14:35:00-04:00,336.64,336.71,336.57,336.71,1000.0,336.65,9
2024-05-24 14:40:00-04:00,336.66,336.73,336.66,336.73,460.0,336.695,4
2024-05-24 14:45:00-04:00,336.64,336.9,336.64,336.9,914.0,336.707,5
2024-05-24 14:50:00-04:00,336.84,337.02,336.84,337.02,1100.0,336.954,9
2024-05-24 14:55:00-04:00,336.93,336.93,336.62,336.62,1071.0,336.802,10
2024-05-24 15:00:00-04:00,336.61,336.93,336.59,336.69,1200.0,336.696,12
2024-05-24 15:05:00-04:00,336.68,336.84,336.63,336.63,600.0,336.737,6
2024-05-24 15:10:00-04:00,336.9,336.99,336.85,336.94,1135.0,336.93,10
2024-05-24 15:15:00-04:00,336.99,336.99,336.87,336.91,1394.0,336.906,13
2024-05-24 15:20:00-04:00,336.9,337.02,336.85,336.93,819.0,336.919,8
2024-05-24 15:25:00-04:00,337.0,337.27,337.0,337.27,2040.0,337.12,19
2024-05-24 15:30:00-04:00,337.02,337.24,337.0,337.23,1101.0,337.114,11
2024-05-24 15:35:00-04:00,337.21,337.59,337.18,337.3,2619.0,337.31,25
2024-05-24 15:40:00-04:00,337.29,337.33,336.96,337.21,2844.0,337.097,25
2024-05-24 15:45:00-04:00,337.23,337.33,336.79,336.84,3116.0,336.925,29
2024-05-24 15:50:00-04:00,336.75,337.4,336.68,337.32,3593.0,337.0,32
2024-05-24 15:55:00-04:00,337.32,337.95,337.25,337.84,29102.0,337.649,200
2024-05-28 09:30:00-04:00,337.05,337.99,335.94,337.01,23892.0,336.995,32
2024-05-28 09:35:00-04:00,336.87,336.87,334.72,334.72,2325.0,335.465,17
2024-05-28 09:40:00-04:00,334.68,335.09,334.3,334.3,5065.0,334.869,42
2024-05-28 09:45:00-04:00,333.6,333.95,332.53,332.94,6658.0,333.113,61
2024-05-28 09:50:00-04:00,332.68,332.89,332.36,332.37,2697.0,332.609,20
2024-05-28 09:55:00-04:00,331.6,332.35,330.69,330.72,5737.0,331.492,44
2024-05-28 10:00:00-04:00,330.71,331.92,330.7,331.73,18630.0,331.295,115
2024-05-28 10:05:00-04:00,331.86,332.53,331.86,332.49,1600.0,332.294,16
2024-05-28 10:10:00-04:00,332.93,332.93,332.18,332.56,2226.0,332.558,22
2024-05-28 10:15:00-04:00,332.7,333.5,332.68,333.5,3461.0,332.98,29
2024-05-28 10:20:00-04:00,333.37,333.45,332.87,333.33,1650.0,333.257,16
2024-05-28 10:25:00-04:00,333.36,333.51,333.05,333.51,3043.0,333.265,25
2024-05-28 10:30:00-04:00,333.45,333.55,332.79,333.13,5529.0,333.212,42
2024-05-28 10:35:00-04:00,333.13,333.4,332.76,332.8,7754.0,333.176,55
2024-05-28 10:40:00-04:00,332.79,333.53,332.69,333.53,3410.0,333.167,29
2024-05-28 10:45:00-04:00,333.62,334.19,333.36,334.0,43758.0,333.956,51
2024-05-28 10:50:00-04:00,333.82,333.95,333.3,333.59,5150.0,333.625,42
2024-05-28 10:55:00-04:00,333.59,333.59,333.15,333.36,3920.0,333.369,30
2024-05-28 11:00:00-04:00,333.35,333.43,332.28,332.64,3730.0,332.905,34
2024-05-28 11:05:00-04:00,332.44,332.89,332.38,332.87,2984.0,332.681,26
2024-05-28 11:10:00-04:00,332.39,332.99,332.35,332.99,2740.0,332.713,26
2024-05-28 11:15:00-04:00,333.03,333.03,332.74,333.0,1647.0,332.856,14
2024-05-28 11:20:00-04:00,332.82,332.82,332.57,332.6,1661.0,332.642,15
2024-05-28 11:25:00-04:00,332.62,332.62,332.22,332.23,2313.0,332.447,19
2024-05-28 11:30:00-04:00,332.12,332.42,331.8,331.8,3877.0,332.126,27
2024-05-28 11:35:00-04:00,331.87,331.91,331.75,331.91,1011.0,331.884,10
2024-05-28 11:40:00-04:00,331.99,332.44,331.84,332.41,2010.0,332.123,20
2024-05-28 11:45:00-04:00,332.42,332.46,332.09,332.09,3602.0,332.3,27
2024-05-28 11:50:00-04:00,332.09,332.38,331.92,332.11,4700.0,332.2,36
2024-05-28 11:55:00-04:00,331.98,332.06,331.73,332.06,4459.0,331.886,38
2024-05-28 12:00:00-04:00,332.14,332.26,331.68,331.85,1700.0,332.029,15
2024-05-28 12:05:00-04:00,331.72,331.77,331.37,331.37,4559.0,331.612,18
2024-05-28 12:10:00-04:00,331.65,332.02,331.49,331.8,2825.0,331.776,25
2024-05-28 12:15:00-04:00,331.62,331.62,331.38,331.51,826.0,331.487,8
2024-05-28 12:20:00-04:00,331.41,331.5,331.25,331.48,4047.0,331.421,23
2024-05-28 12:25:00-04:00,331.37,331.37,330.89,330.9,1820.0,331.128,13
2024-05-28 12:30:00-04:00,331.09,331.55,331.09,331.48,4826.0,331.251,40
2024-05-28 12:35:00-04:00,331.44,331.74,331.44,331.45,3219.0,331.589,25
2024-05-28 12:40:00-04:00,331.46,331.6,330.93,331.01,1654.0,331.238,15
2024-05-28 12:45:00-04:00,330.87,331.03,330.64,330.67,5243.0,330.902,45
2024-05-28 12:50:00-04:00,330.88,331.06,330.79,331.06,2459.0,330.94,22
2024-05-28 12:55:00-04:00,331.08,331.08,330.72,330.95,2745.0,330.892,24
2024-05-28 13:00:00-04:00,330.84,330.84,330.36,330.36,2495.0,330.641,24
2024-05-28 13:05:00-04:00,330.48,330.9,330.47,330.9,1771.0,330.734,16
2024-05-28 13:10:00-04:00,330.76,330.76,330.69,330.69,858.0,330.7,8
2024-05-28 13:15:00-04:00,330.72,330.9,330.58,330.59,2512.0,330.774,25
2024-05-28 13:20:00-04:00,330.5,330.94,330.48,330.94,2855.0,330.617,27
2024-05-28 13:25:00-04:00,330.87,330.87,330.64,330.84,1005.0,330.805,8
2024-05-28 13:30:00-04:00,330.78,331.17,330.78,331.16,1907.0,330.959,18
2024-05-28 13:35:00-04:00,331.09,331.18,330.93,330.94,987.0,331.073,9
2024-05-28 13:40:00-04:00,330.87,330.87,330.62,330.62,600.0,330.771,6
2024-05-28 13:45:00-04:00,330.54,330.54,330.0,330.0,2286.0,330.31,21
2024-05-28 13:50:00-04:00,329.97,330.15,329.5,329.71,4693.0,329.821,41
2024-05-28 13:55:00-04:00,329.48,329.96,329.48,329.96,4503.0,329.839,18
2024-05-28 14:00:00-04:00,329.87,329.92,329.43,329.88,3011.0,329.77,25
2024-05-28 14:05:00-04:00,329.9,330.39,329.89,330.39,3049.0,330.095,24
2024-05-28 14:10:00-04:00,330.41,330.78,330.41,330.78,3786.0,330.626,33
2024-05-28 14:15:00-04:00,331.07,331.07,330.03,330.03,2809.0,330.466,21
2024-05-28 14:20:00-04:00,329.88,330.05,329.71,329.84,2048.0,329.877,19
2024-05-28 14:25:00-04:00,329.71,329.88,329.44,329.58,2789.0,329.662,23
2024-05-28 14:30:00-04:00,329.37,329.39,328.93,328.93,3621.0,329.286,32
2024-05-28 14:35:00-04:00,329.02,329.02,328.59,328.8,2294.0,328.789,20
2024-05-28 14:40:00-04:00,328.88,329.0,328.67,328.67,2088.0,328.919,19
2024-05-28 14:45:00-04:00,328.53,328.55,328.22,328.47,5097.0,328.396,45
2024-05-28 14:50:00-04:00,328.47,328.52,328.25,328.34,3034.0,328.373,25
2024-05-28 14:55:00-04:00,328.47,328.94,328.46,328.86,3809.0,328.635,31
2024-05-28 15:00:00-04:00,328.83,328.96,328.26,328.27,3470.0,328.815,33
2024-05-28 15:05:00-04:00,328.45,328.85,328.37,328.84,5321.0,328.651,45
2024-05-28 15:10:00-04:00,328.65,328.67,328.38,328.49,6730.0,328.519,59
2024-05-28 15:15:00-04:00,328.36,328.52,328.07,328.5,4913.0,328.274,44
2024-05-28 15:20:00-04:00,328.55,328.56,328.18,328.44,5983.0,328.363,49
2024-05-28 15:25:00-04:00,328.59,328.8,328.13,328.13,6514.0,328.478,39
2024-05-28 15:30:00-04:00,328.03,329.07,328.03,328.92,6361.0,328.497,59
2024-05-28 15:35:00-04:00,328.72,329.02,328.58,328.96,6275.0,328.858,50
2024-05-28 15:40:00-04:00,328.87,328.88,328.62,328.63,5819.0,328.733,55
2024-05-28 15:45:00-04:00,328.58,328.58,328.11,328.13,6375.0,328.382,53
2024-05-28 15:50:00-04:00,328.0,328.39,327.97,328.32,17343.0,328.228,138
2024-05-28 15:55:00-04:00,328.37,328.51,327.19,328.22,121018.0,327.67,614
2024-05-29 09:30:00-04:00,325.8,325.8,323.0,325.05,24148.0,325.338,80
2024-05-29 09:35:00-04:00,324.74,326.09,324.69,326.08,4116.0,325.425,27
2024-05-29 09:40:00-04:00,325.36,326.47,325.36,325.75,4502.0,326.055,41
2024-05-29 09:45:00-04:00,325.5,325.97,324.92,325.48,4622.0,325.416,41
2024-05-29 09:50:00-04:00,325.41,326.1,325.41,325.86,28292.0,325.692,53
2024-05-29 09:55:00-04:00,325.64,325.92,325.31,325.31,2665.0,325.694,26
2024-05-29 10:00:00-04:00,325.15,325.64,325.05,325.46,4872.0,325.324,39
2024-05-29 10:05:00-04:00,325.46,325.51,325.04,325.04,2901.0,325.31,26
2024-05-29 10:10:00-04:00,324.93,325.93,324.93,325.93,7862.0,325.354,62
2024-05-29 10:15:00-04:00,326.05,326.75,325.87,326.66,7990.0,326.117,69
2024-05-29 10:20:00-04:00,326.65,326.9,325.82,326.05,7470.0,326.507,57
2024-05-29 10:25:00-04:00,326.22,326.22,325.64,325.82,2259.0,325.974,16
2024-05-29 10:30:00-04:00,325.92,326.2,325.69,325.69,2853.0,326.0,22
2024-05-29 10:35:00-04:00,325.82,326.3,325.82,326.06,5095.0,326.057,38
2024-05-29 10:40:00-04:00,325.91,325.99,324.98,324.98,1827.0,325.556,17
2024-05-29 10:45:00-04:00,325.17,325.17,324.38,324.61,6859.0,324.697,52
2024-05-29 10:50:00-04:00,324.54,325.46,324.43,325.46,7262.0,324.838,55
2024-05-29 10:55:00-04:00,325.47,325.7,325.46,325.52,3433.0,325.58,23
2024-05-29 11:00:00-04:00,325.57,325.63,325.23,325.23,2984.0,325.42,17
2024-05-29 11:05:00-04:00,325.31,325.32,325.04,325.24,1496.0,325.189,10
2024-05-29 11:10:00-04:00,325.07,325.07,324.84,324.9,1725.0,324.97,14
2024-05-29 11:15:00-04:00,324.78,324.78,324.4,324.41,807.0,324.595,8
2024-05-29 11:20:00-04:00,324.52,324.74,324.52,324.68,3264.0,324.599,22
2024-05-29 11:25:00-04:00,324.68,324.86,324.41,324.48,2309.0,324.677,19
2024-05-29 11:30:00-04:00,324.51,324.51,324.15,324.15,1842.0,324.257,13
2024-05-29 11:35:00-04:00,324.19,324.62,324.18,324.45,2338.0,324.455,16
2024-05-29 11:40:00-04:00,324.27,324.71,324.27,324.5,4560.0,324.518,29
2024-05-29 11:45:00-04:00,324.36,324.53,324.19,324.2,1238.0,324.293,10
2024-05-29 11:50:00-04:00,324.38,324.59,324.36,324.56,4406.0,324.502,19
2024-05-29 11:55:00-04:00,324.73,324.74,324.58,324.73,1710.0,324.678,15
2024-05-29 12:00:00-04:00,324.53,324.53,324.34,324.43,1204.0,324.452,10
2024-05-29 12:05:00-04:00,324.55,324.63,324.51,324.61,1304.0,324.548,13
2024-05-29 12:10:00-04:00,324.67,324.8,324.65,324.7,901.0,324.734,8
2024-05-29 12:15:00-04:00,324.68,324.78,324.54,324.54,1495.0,324.691,13
2024-05-29 12:20:00-04:00,324.77,324.77,324.52,324.59,3018.0,324.624,16
2024-05-29 12:25:00-04:00,324.78,324.82,324.74,324.74,946.0,324.8,7
2024-05-29 12:30:00-04:00,324.8,324.92,324.45,324.62,2636.0,324.644,17
2024-05-29 12:35:00-04:00,324.61,324.65,324.44,324.46,925.0,324.547,9
2024-05-29 12:40:00-04:00,324.49,324.54,324.34,324.34,600.0,324.456,5
2024-05-29 12:45:00-04:00,324.45,324.97,324.45,324.97,2277.0,324.628,14
2024-05-29 12:50:00-04:00,324.68,325.02,324.68,324.78,3565.0,324.826,29
2024-05-29 12:55:00-04:00,324.75,324.76,324.56,324.62,1018.0,324.69,8
2024-05-29 13:00:00-04:00,324.63,324.73,323.95,324.11,4763.0,324.339,36
2024-05-29 13:05:00-04:00,324.22,324.25,323.95,323.95,2214.0,324.203,14
2024-05-29 13:10:00-04:00,323.99,323.99,323.99,323.99,200.0,323.99,2
2024-05-29 13:15:00-04:00,323.92,323.92,323.76,323.77,579.0,323.855,5
2024-05-29 13:20:00-04:00,323.99,324.14,323.99,324.13,912.0,324.116,5
2024-05-29 13:25:00-04:00,324.18,324.25,323.96,324.25,2869.0,324.167,16
2024-05-29 13:30:00-04:00,324.34,324.34,324.11,324.11,1781.0,324.207,13
2024-05-29 13:35:00-04:00,324.01,324.03,323.75,323.85,2248.0,323.883,22
2024-05-29 13:40:00-04:00,323.8,324.15,323.76,324.15,1325.0,323.923,11
2024-05-29 13:45:00-04:00,324.16,324.25,324.16,324.25,1230.0,324.225,6
2024-05-29 13:50:00-04:00,324.25,324.31,324.18,324.21,1956.0,324.25,10
2024-05-29 13:55:00-04:00,324.17,324.17,323.98,323.99,525.0,324.037,5
2024-05-29 14:00:00-04:00,324.04,324.11,323.81,323.88,885.0,323.999,7
2024-05-29 14:05:00-04:00,323.88,323.95,323.8,323.8,865.0,323.883,7
2024-05-29 14:10:00-04:00,324.06,324.1,323.91,323.91,940.0,323.997,9
2024-05-29 14:15:00-04:00,324.04,324.04,323.87,323.94,479.0,323.954,4
2024-05-29 14:20:00-04:00,323.94,324.01,323.85,323.88,892.0,323.918,8
2024-05-29 14:25:00-04:00,323.99,323.99,323.73,323.91,1167.0,323.85,10
2024-05-29 14:30:00-04:00,323.75,323.91,323.4,323.66,2678.0,323.693,25
2024-05-29 14:35:00-04:00,323.7,323.71,323.58,323.64,1509.0,323.647,10
2024-05-29 14:40:00-04:00,323.52,323.89,323.32,323.85,1432.0,323.646,13
2024-05-29 14:45:00-04:00,323.85,323.85,323.39,323.56,2221.0,323.486,10
2024-05-29 14:50:00-04:00,323.66,323.7,323.49,323.49,1625.0,323.613,15
2024-05-29 14:55:00-04:00,323.76,323.76,323.45,323.49,2302.0,323.558,12
2024-05-29 15:00:00-04:00,323.49,323.49,323.11,323.14,2786.0,323.344,23
2024-05-29 15:05:00-04:00,323.07,323.13,322.72,322.72,8664.0,322.987,61
2024-05-29 15:10:00-04:00,322.87,323.32,322.74,323.32,3492.0,323.001,26
2024-05-29 15:15:00-04:00,323.36,323.55,323.17,323.45,3632.0,323.425,26
2024-05-29 15:20:00-04:00,323.48,323.48,323.21,323.29,3289.0,323.344,24
2024-05-29 15:25:00-04:00,323.39,323.52,323.23,323.31,15658.0,323.398,133
2024-05-29 15:30:00-04:00,323.31,323.31,322.98,323.13,9149.0,323.132,65
2024-05-29 15:35:00-04:00,322.98,323.4,322.9,323.38,4277.0,323.184,35
2024-05-29 15:40:00-04:00,323.37,323.37,322.38,322.49,11392.0,322.773,91
2024-05-29 15:45:00-04:00,322.48,322.67,322.28,322.43,21967.0,322.482,137
2024-05-29 15:50:00-04:00,322.36,322.4,321.89,322.01,22969.0,322.087,133
2024-05-29 15:55:00-04:00,321.95,322.06,321.54,322.04,103147.0,321.795,639
2024-05-30 09:30:00-04:00,322.0,324.15,320.5,324.15,17108.0,321.854,53
2024-05-30 09:35:00-04:00,324.24,324.68,322.58,323.0,1762.0,323.684,14
2024-05-30 09:40:00-04:00,323.38,323.38,322.37,322.55,3346.0,323.002,24
2024-05-30 09:45:00-04:00,322.27,322.33,321.65,322.33,2500.0,322.123,24
2024-05-30 09:50:00-04:00,322.4,322.96,322.37,322.75,4116.0,322.618,32
2024-05-30 09:55:00-04:00,323.21,324.27,323.01,324.27,2500.0,323.354,20
2024-05-30 10:00:00-04:00,324.33,324.76,323.66,323.67,3661.0,323.963,34
2024-05-30 10:05:00-04:00,323.68,323.78,323.1,323.41,4764.0,323.419,34
2024-05-30 10:10:00-04:00,323.26,323.3,322.09,322.54,3285.0,322.619,27
2024-05-30 10:15:00-04:00,322.28,322.47,322.14,322.17,3847.0,322.373,24
2024-05-30 10:20:00-04:00,322.31,323.87,322.27,323.62,5641.0,322.893,39
2024-05-30 10:25:00-04:00,323.78,323.97,323.52,323.56,8111.0,323.759,35
2024-05-30 10:30:00-04:00,323.55,324.11,323.36,323.81,4873.0,323.73,27
2024-05-30 10:35:00-04:00,323.63,323.69,323.29,323.4,1661.0,323.511,13
2024-05-30 10:40:00-04:00,323.41,324.06,323.41,324.06,1600.0,323.689,13
2024-05-30 10:45:00-04:00,324.17,324.54,323.96,324.14,6838.0,324.089,46
2024-05-30 10:50:00-04:00,324.21,324.51,324.21,324.51,2352.0,324.306,16
2024-05-30 10:55:00-04:00,324.58,324.88,324.19,324.27,2045.0,324.468,18
2024-05-30 11:00:00-04:00,324.38,324.92,324.34,324.6,4810.0,324.534,38
2024-05-30 11:05:00-04:00,324.57,325.08,324.57,324.94,2807.0,324.822,26
2024-05-30 11:10:00-04:00,324.9,325.18,324.82,325.18,2506.0,324.944,22
2024-05-30 11:15:00-04:00,325.03,325.46,325.03,325.3,1021.0,325.283,9
2024-05-30 11:20:00-04:00,325.34,325.41,325.28,325.28,603.0,325.338,6
2024-05-30 11:25:00-04:00,325.37,325.41,325.16,325.17,2224.0,325.291,21
2024-05-30 11:30:00-04:00,325.42,325.77,325.34,325.72,2110.0,325.642,21
2024-05-30 11:35:00-04:00,325.62,325.69,325.13,325.29,1200.0,325.405,11
2024-05-30 11:40:00-04:00,325.35,325.48,325.02,325.02,2450.0,325.203,21
2024-05-30 11:45:00-04:00,325.0,325.28,325.0,325.06,2446.0,325.15,18
2024-05-30 11:50:00-04:00,325.05,325.12,324.52,324.6,3538.0,324.75,29
2024-05-30 11:55:00-04:00,324.75,324.82,324.59,324.59,938.0,324.735,8
2024-05-30 12:00:00-04:00,324.58,325.32,324.49,325.32,2100.0,324.743,21
2024-05-30 12:05:00-04:00,325.43,325.43,325.23,325.24,1486.0,325.341,12
2024-05-30 12:10:00-04:00,325.5,325.59,325.34,325.53,3450.0,325.476,22
2024-05-30 12:15:00-04:00,325.52,325.66,325.32,325.33,3524.0,325.454,25
2024-05-30 12:20:00-04:00,325.4,325.41,325.22,325.32,1511.0,325.33,13
2024-05-30 12:25:00-04:00,325.39,325.39,324.78,324.78,1725.0,325.067,17
2024-05-30 12:30:00-04:00,324.78,324.92,324.63,324.63,4810.0,324.777,33
2024-05-30 12:35:00-04:00,324.65,325.01,324.61,325.01,2201.0,324.824,17
2024-05-30 12:40:00-04:00,325.0,325.02,324.9,325.02,500.0,324.949,4
2024-05-30 12:45:00-04:00,325.15,325.25,325.01,325.03,2730.0,325.139,21
2024-05-30 12:50:00-04:00,325.18,325.32,325.05,325.32,4959.0,325.195,22
2024-05-30 12:55:00-04:00,325.06,325.17,324.9,325.12,2108.0,324.99,17
2024-05-30 13:00:00-04:00,325.34,325.52,325.02,325.13,1671.0,325.2,16
2024-05-30 13:05:00-04:00,325.22,325.35,325.21,325.23,690.0,325.242,6
2024-05-30 13:10:00-04:00,325.35,325.48,325.29,325.48,2126.0,325.37,15
2024-05-30 13:15:00-04:00,325.57,325.58,325.31,325.33,1228.0,325.483,11
2024-05-30 13:20:00-04:00,325.34,325.7,325.33,325.69,1020.0,325.527,9
2024-05-30 13:25:00-04:00,325.65,325.76,325.45,325.66,4019.0,325.639,34
2024-05-30 13:30:00-04:00,325.85,325.87,325.67,325.83,821.0,325.802,7
2024-05-30 13:35:00-04:00,325.79,326.13,325.67,326.02,1700.0,325.868,12
2024-05-30 13:40:00-04:00,326.03,326.35,326.03,326.35,603.0,326.247,6
2024-05-30 13:45:00-04:00,326.46,326.53,325.89,325.96,2536.0,326.126,21
2024-05-30 13:50:00-04:00,325.86,325.94,325.62,325.78,1508.0,325.793,14
2024-05-30 13:55:00-04:00,325.9,325.9,325.52,325.61,7692.0,325.715,11
2024-05-30 14:00:00-04:00,325.67,325.68,325.37,325.38,1527.0,325.56,13
2024-05-30 14:05:00-04:00,325.34,325.5,325.29,325.46,2391.0,325.34,14
2024-05-30 14:10:00-04:00,325.36,325.46,325.23,325.45,1879.0,325.341,15
2024-05-30 14:15:00-04:00,325.46,325.7,325.02,325.7,2692.0,325.384,20
2024-05-30 14:20:00-04:00,325.71,325.73,325.57,325.62,1340.0,325.65,12
2024-05-30 14:25:00-04:00,325.53,325.74,325.45,325.74,1350.0,325.551,13
2024-05-30 14:30:00-04:00,325.82,326.03,325.82,325.96,809.0,325.962,8
2024-05-30 14:35:00-04:00,325.8,325.93,325.58,325.59,8904.0,325.678,12
2024-05-30 14:40:00-04:00,325.53,325.68,325.42,325.55,2688.0,325.578,24
2024-05-30 14:45:00-04:00,325.51,325.94,325.5,325.74,1229.0,325.756,12
2024-05-30 14:50:00-04:00,325.81,325.9,325.73,325.75,2319.0,325.814,19
2024-05-30 14:55:00-04:00,325.77,325.77,325.58,325.68,1211.0,325.635,11
2024-05-30 15:00:00-04:00,325.6,325.82,325.55,325.7,3313.0,325.685,20
2024-05-30 15:05:00-04:00,325.9,325.9,325.59,325.66,491.0,325.725,4
2024-05-30 15:10:00-04:00,325.66,325.75,325.61,325.75,1142.0,325.654,9
2024-05-30 15:15:00-04:00,325.74,325.8,325.66,325.71,2239.0,325.73,15
2024-05-30 15:20:00-04:00,325.63,325.84,325.33,325.46,8043.0,325.711,55
2024-05-30 15:25:00-04:00,325.43,325.62,325.33,325.62,5239.0,325.481,10
2024-05-30 15:30:00-04:00,325.78,325.79,325.57,325.65,1277.0,325.738,12
2024-05-30 15:35:00-04:00,325.56,325.57,325.36,325.4,2225.0,325.432,20
2024-05-30 15:40:00-04:00,325.31,325.55,325.24,325.25,5634.0,325.395,44
2024-05-30 15:45:00-04:00,325.25,325.27,324.14,324.48,8138.0,324.752,64
2024-05-30 15:50:00-04:00,324.23,325.5,324.22,325.37,7490.0,324.962,62
2024-05-30 15:55:00-04:00,325.43,325.54,324.68,325.06,25637.0,324.968,216
2024-05-31 09:30:00-04:00,326.04,326.04,325.59,325.75,11887.0,325.763,7
2024-05-31 09:35:00-04:00,325.77,326.09,325.23,325.75,1556.0,325.582,13
2024-05-31 09:40:00-04:00,325.94,327.01,325.42,325.67,2827.0,326.031,23
2024-05-31 09:45:00-04:00,325.04,326.1,325.01,326.1,6581.0,325.593,58
2024-05-31 09:50:00-04:00,326.14,326.84,326.14,326.31,2989.0,326.439,21
2024-05-31 09:55:00-04:00,326.15,326.15,325.84,326.15,3390.0,325.926,19
2024-05-31 10:00:00-04:00,325.99,325.99,324.57,324.69,3918.0,325.056,33
2024-05-31 10:05:00-04:00,324.58,325.06,324.58,324.86,1702.0,324.806,14
2024-05-31 10:10:00-04:00,324.66,324.66,322.82,322.82,1475.0,323.765,14
2024-05-31 10:15:00-04:00,323.08,323.37,322.34,322.46,2085.0,322.822,18
2024-05-31 10:20:00-04:00,322.29,322.35,321.38,321.38,3468.0,322.043,22
2024-05-31 10:25:00-04:00,321.42,321.85,321.23,321.5,2315.0,321.468,20
2024-05-31 10:30:00-04:00,321.57,322.06,321.57,321.9,1221.0,321.856,10
2024-05-31 10:35:00-04:00,321.67,321.69,321.13,321.61,4271.0,321.54,25
2024-05-31 10:40:00-04:00,321.54,322.13,320.83,320.84,7495.0,321.683,60
2024-05-31 10:45:00-04:00,320.76,320.98,320.58,320.6,2391.0,320.772,23
2024-05-31 10:50:00-04:00,320.86,320.86,319.64,320.02,8576.0,320.141,71
2024-05-31 10:55:00-04:00,320.02,321.11,320.01,320.71,10196.0,320.718,89
2024-05-31 11:00:00-04:00,320.9,321.45,320.61,321.3,11832.0,320.945,44
2024-05-31 11:05:00-04:00,321.42,321.51,321.27,321.43,600.0,321.383,6
2024-05-31 11:10:00-04:00,321.45,321.85,321.44,321.82,900.0,321.621,9
2024-05-31 11:15:00-04:00,321.67,321.71,320.65,320.75,5849.0,321.187,50
2024-05-31 11:20:00-04:00,320.84,321.39,320.52,321.39,6069.0,320.841,51
2024-05-31 11:25:00-04:00,321.01,321.01,320.02,320.16,8862.0,320.574,43
2024-05-31 11:30:00-04:00,320.07,320.14,319.47,319.65,7521.0,319.775,54
2024-05-31 11:35:00-04:00,320.14,320.23,320.08,320.1,1604.0,320.141,10
2024-05-31 11:40:00-04:00,320.55,321.03,320.34,321.03,1552.0,320.607,15
2024-05-31 11:45:00-04:00,320.88,321.26,320.88,321.18,1521.0,321.107,11
2024-05-31 11:50:00-04:00,321.06,321.06,320.38,320.39,2300.0,320.779,23
2024-05-31 11:55:00-04:00,320.41,320.45,320.16,320.35,816.0,320.29,8
2024-05-31 12:00:00-04:00,320.4,320.4,319.82,319.87,1888.0,320.127,16
2024-05-31 12:05:00-04:00,319.93,320.1,319.93,320.1,310.0,320.008,3
2024-05-31 12:10:00-04:00,320.07,320.17,319.83,320.17,949.0,319.999,9
2024-05-31 12:15:00-04:00,319.92,320.01,319.69,319.84,1900.0,319.821,19
2024-05-31 12:20:00-04:00,319.76,319.82,319.16,319.43,2455.0,319.481,24
2024-05-31 12:25:00-04:00,319.57,320.17,319.46,320.17,1200.0,319.766,12
2024-05-31 12:30:00-04:00,319.95,320.66,319.95,320.65,2729.0,320.289,14
2024-05-31 12:35:00-04:00,320.56,320.69,320.51,320.69,1051.0,320.582,10
2024-05-31 12:40:00-04:00,320.6,321.05,320.6,321.04,2898.0,320.906,25
2024-05-31 12:45:00-04:00,321.14,321.4,321.14,321.23,5269.0,321.257,44
2024-05-31 12:50:00-04:00,321.16,321.74,321.16,321.71,1433.0,321.506,12
2024-05-31 12:55:00-04:00,321.83,321.94,321.57,321.88,1772.0,321.734,15
2024-05-31 13:00:00-04:00,321.96,322.27,321.96,322.25,1300.0,322.217,13
2024-05-31 13:05:00-04:00,322.4,322.78,322.4,322.78,1255.0,322.515,12
2024-05-31 13:10:00-04:00,322.69,322.95,322.47,322.95,2542.0,322.587,23
2024-05-31 13:15:00-04:00,322.83,322.99,322.73,322.73,2068.0,322.853,18
2024-05-31 13:20:00-04:00,322.88,323.14,322.78,323.0,1730.0,322.899,14
2024-05-31 13:25:00-04:00,323.11,323.31,323.03,323.04,1747.0,323.102,15
2024-05-31 13:30:00-04:00,323.04,323.26,322.93,323.03,4766.0,323.014,44
2024-05-31 13:35:00-04:00,323.05,323.05,322.57,322.69,2378.0,322.798,21
2024-05-31 13:40:00-04:00,322.69,322.82,322.42,322.82,2505.0,322.566,23
2024-05-31 13:45:00-04:00,322.84,323.27,322.83,322.92,1835.0,323.03,17
2024-05-31 13:50:00-04:00,322.87,323.13,322.69,322.69,2392.0,322.922,20
2024-05-31 13:55:00-04:00,322.79,323.0,322.77,322.93,2530.0,322.911,24
2024-05-31 14:00:00-04:00,322.94,322.98,322.69,322.75,2118.0,322.843,18
2024-05-31 14:05:00-04:00,322.65,322.92,322.65,322.81,2854.0,322.79,25
2024-05-31 14:10:00-04:00,322.86,323.19,322.79,322.98,5514.0,323.053,31
2024-05-31 14:15:00-04:00,323.06,323.45,323.06,323.32,2665.0,323.239,25
2024-05-31 14:20:00-04:00,323.32,323.43,323.21,323.27,2568.0,323.32,20
2024-05-31 14:25:00-04:00,323.18,323.65,323.18,323.5,7066.0,323.4,58
2024-05-31 14:30:00-04:00,323.57,323.57,323.24,323.38,5335.0,323.379,41
2024-05-31 14:35:00-04:00,323.35,323.95,323.32,323.94,3042.0,323.58,26
2024-05-31 14:40:00-04:00,323.96,324.25,323.91,324.07,3537.0,324.046,28
2024-05-31 14:45:00-04:00,324.25,324.27,323.83,323.97,3722.0,323.985,31
2024-05-31 14:50:00-04:00,323.97,323.97,323.32,323.49,7111.0,323.67,60
2024-05-31 14:55:00-04:00,323.54,323.89,323.54,323.59,2954.0,323.707,24
2024-05-31 15:00:00-04:00,323.57,323.74,323.57,323.69,2912.0,323.639,25
2024-05-31 15:05:00-04:00,323.66,324.11,323.66,323.88,3210.0,323.873,24
2024-05-31 15:10:00-04:00,323.82,324.15,323.77,324.05,2596.0,323.965,22
2024-05-31 15:15:00-04:00,324.0,324.21,323.91,324.11,4175.0,324.016,22
2024-05-31 15:20:00-04:00,324.12,324.24,323.98,324.2,3186.0,324.145,28
2024-05-31 15:25:00-04:00,324.1,324.38,324.03,324.12,5718.0,324.171,52
2024-05-31 15:30:00-04:00,324.1,324.27,323.98,324.07,4053.0,324.113,37
2024-05-31 15:35:00-04:00,324.09,324.28,323.92,323.93,4448.0,324.073,38
2024-05-31 15:40:00-04:00,324.02,324.51,323.92,324.32,11337.0,324.227,79
2024-05-31 15:45:00-04:00,324.3,325.13,324.29,325.13,7252.0,324.649,63
2024-05-31 15:50:00-04:00,325.2,326.02,325.13,325.86,17480.0,325.647,156
2024-05-31 15:55:00-04:00,325.82,327.65,325.82,327.15,77208.0,327.182,573
2024-06-03 09:30:00-04:00,331.53,331.66,328.14,328.16,23364.0,331.283,31
2024-06-03 09:35:00-04:00,328.42,328.42,326.04,327.04,11028.0,327.201,59
2024-06-03 09:40:00-04:00,327.54,327.54,326.0,326.44,10068.0,327.072,28
2024-06-03 09:45:00-04:00,326.54,327.84,325.57,326.0,9163.0,327.043,83
2024-06-03 09:50:00-04:00,325.91,326.33,325.73,325.79,4118.0,325.945,33
2024-06-03 09:55:00-04:00,326.01,326.01,324.44,325.09,3137.0,325.082,29
2024-06-03 10:00:00-04:00,325.87,327.07,324.73,324.98,4196.0,325.942,32
2024-06-03 10:05:00-04:00,324.86,325.43,324.3,324.3,1790.0,324.962,16
2024-06-03 10:10:00-04:00,324.58,325.24,324.43,325.24,2739.0,324.853,23
2024-06-03 10:15:00-04:00,325.5,325.83,325.24,325.59,5541.0,325.579,33
2024-06-03 10:20:00-04:00,325.71,325.71,324.24,324.5,4140.0,325.079,23
2024-06-03 10:25:00-04:00,324.01,324.01,323.25,323.26,1000.0,323.445,10
2024-06-03 10:30:00-04:00,323.16,323.16,321.87,322.69,4478.0,322.503,35
2024-06-03 10:35:00-04:00,322.0,322.0,321.19,321.54,900.0,321.592,9
2024-06-03 10:40:00-04:00,321.13,322.42,320.67,321.54,3381.0,321.462,30
2024-06-03 10:45:00-04:00,322.06,322.31,320.77,321.12,2144.0,321.569,19
2024-06-03 10:50:00-04:00,321.12,323.03,321.06,322.98,8470.0,322.076,63
2024-06-03 10:55:00-04:00,322.32,323.58,321.9,323.54,5158.0,322.663,42
2024-06-03 11:00:00-04:00,322.54,322.7,320.93,321.46,5815.0,321.542,19
2024-06-03 11:05:00-04:00,321.46,321.89,321.24,321.75,1865.0,321.667,16
2024-06-03 11:10:00-04:00,321.75,322.72,321.63,322.06,3121.0,322.063,28
2024-06-03 11:15:00-04:00,321.65,321.65,320.63,320.91,950.0,320.899,7
2024-06-03 11:20:00-04:00,320.98,321.44,319.85,319.85,2725.0,320.704,21
2024-06-03 11:25:00-04:00,319.91,320.59,319.91,320.59,1596.0,320.169,15
2024-06-03 11:30:00-04:00,320.87,321.03,319.92,319.92,4604.0,320.898,13
2024-06-03 11:35:00-04:00,320.81,320.81,319.63,319.63,1181.0,320.103,11
2024-06-03 11:40:00-04:00,319.85,320.15,319.43,320.0,1400.0,319.893,14
2024-06-03 11:45:00-04:00,320.43,320.73,319.83,320.73,1509.0,320.193,14
2024-06-03 11:50:00-04:00,320.46,320.66,320.23,320.49,3338.0,320.469,26
2024-06-03 11:55:00-04:00,320.49,320.83,319.52,319.81,5892.0,320.38,38
2024-06-03 12:00:00-04:00,319.84,320.11,319.09,319.24,3322.0,319.621,22
2024-06-03 12:05:00-04:00,319.22,319.89,317.56,317.56,9498.0,319.166,55
2024-06-03 12:10:00-04:00,318.04,318.27,317.51,317.86,2398.0,318.069,16
2024-06-03 12:15:00-04:00,317.48,317.5,317.48,317.5,471.0,317.487,2
2024-06-03 12:20:00-04:00,317.5,317.65,317.05,317.34,4128.0,317.369,31
2024-06-03 12:25:00-04:00,317.58,318.09,317.26,317.51,6280.0,317.594,35
2024-06-03 12:30:00-04:00,317.66,317.88,317.11,317.41,4653.0,317.484,27
2024-06-03 12:35:00-04:00,317.64,318.41,317.23,318.41,2999.0,318.032,20
2024-06-03 12:40:00-04:00,318.09,318.18,317.79,317.99,4917.0,317.919,30
2024-06-03 12:45:00-04:00,317.99,318.49,317.72,318.37,5454.0,318.045,49
2024-06-03 12:50:00-04:00,318.12,318.38,317.25,317.53,13403.0,317.836,66
2024-06-03 12:55:00-04:00,317.54,318.36,317.53,317.99,4552.0,317.835,29
2024-06-03 13:00:00-04:00,317.67,317.88,317.08,317.09,5838.0,317.423,43
2024-06-03 13:05:00-04:00,317.02,317.57,316.76,317.23,4804.0,317.253,25
2024-06-03 13:10:00-04:00,317.14,317.14,316.26,316.65,3182.0,316.521,20
2024-06-03 13:15:00-04:00,316.66,317.34,316.5,317.34,1883.0,316.912,15
2024-06-03 13:20:00-04:00,317.23,317.53,317.17,317.5,2818.0,317.333,17
2024-06-03 13:25:00-04:00,317.39,317.58,317.02,317.31,7081.0,317.397,56
2024-06-03 13:30:00-04:00,317.44,318.1,317.4,318.0,6128.0,317.668,52
2024-06-03 13:35:00-04:00,318.0,318.44,317.99,318.39,3116.0,318.207,30
2024-06-03 13:40:00-04:00,318.5,318.5,317.94,318.2,5014.0,318.26,45
2024-06-03 13:45:00-04:00,318.2,318.26,317.83,318.26,2751.0,317.961,23
2024-06-03 13:50:00-04:00,318.33,318.4,317.89,318.2,2647.0,318.135,23
2024-06-03 13:55:00-04:00,318.05,318.5,317.9,318.42,2622.0,318.085,23
2024-06-03 14:00:00-04:00,318.46,318.86,318.22,318.64,2198.0,318.553,20
2024-06-03 14:05:00-04:00,318.3,318.69,318.3,318.48,2685.0,318.482,24
2024-06-03 14:10:00-04:00,318.56,318.71,318.1,318.17,6956.0,318.371,61
2024-06-03 14:15:00-04:00,318.17,318.5,318.07,318.42,3090.0,318.265,28
2024-06-03 14:20:00-04:00,318.38,319.27,318.31,319.27,3265.0,318.871,29
2024-06-03 14:25:00-04:00,319.19,319.74,318.87,318.87,1906.0,319.3,18
2024-06-03 14:30:00-04:00,318.98,319.1,318.79,318.9,3173.0,318.93,25
2024-06-03 14:35:00-04:00,319.02,319.19,318.66,319.09,2575.0,318.998,20
2024-06-03 14:40:00-04:00,319.23,319.71,318.83,319.19,3285.0,319.322,31
2024-06-03 14:45:00-04:00,319.22,319.65,319.1,319.65,4179.0,319.502,17
2024-06-03 14:50:00-04:00,319.66,319.66,318.59,318.86,2472.0,318.991,16
2024-06-03 14:55:00-04:00,318.88,319.32,318.76,319.15,3376.0,318.993,28
2024-06-03 15:00:00-04:00,319.22,319.59,319.05,319.45,3127.0,319.338,26
2024-06-03 15:05:00-04:00,319.45,319.72,319.04,319.22,2202.0,319.308,18
2024-06-03 15:10:00-04:00,319.44,319.58,319.23,319.36,2799.0,319.415,23
2024-06-03 15:15:00-04:00,319.35,319.64,319.31,319.56,2957.0,319.508,22
2024-06-03 15:20:00-04:00,319.61,320.07,319.54,319.86,5832.0,319.79,48
2024-06-03 15:25:00-04:00,319.81,320.57,319.81,320.43,6081.0,320.16,41
2024-06-03 15:30:00-04:00,320.35,320.81,320.1,320.81,15949.0,320.566,73
2024-06-03 15:35:00-04:00,320.65,320.66,319.91,319.91,5732.0,320.321,47
2024-06-03 15:40:00-04:00,319.97,320.11,319.54,319.58,14980.0,319.86,103
2024-06-03 15:45:00-04:00,319.62,320.02,319.61,320.0,7883.0,319.737,64
2024-06-03 15:50:00-04:00,320.26,321.1,319.93,321.1,21654.0,320.293,166
2024-06-03 15:55:00-04:00,320.96,321.62,320.58,321.62,53768.0,321.181,379
2024-06-04 09:30:00-04:00,323.49,325.0,321.43,322.36,26233.0,323.404,53
2024-06-04 09:35:00-04:00,321.73,321.73,320.43,321.59,2314.0,321.243,17
2024-06-04 09:40:00-04:00,320.84,322.08,320.4,321.95,2298.0,321.479,22
2024-06-04 09:45:00-04:00,322.18,323.44,321.67,322.32,4055.0,322.751,34
2024-06-04 09:50:00-04:00,322.16,322.43,321.53,321.56,2526.0,322.0,24
2024-06-04 09:55:00-04:00,321.45,321.47,320.28,320.52,2200.0,321.061,20
2024-06-04 10:00:00-04:00,320.73,322.32,320.28,321.7,6390.0,321.242,61
2024-06-04 10:05:00-04:00,321.7,321.9,320.36,320.36,2092.0,321.466,19
2024-06-04 10:10:00-04:00,319.41,319.57,318.73,319.0,10120.0,319.047,70
2024-06-04 10:15:00-04:00,318.89,319.49,318.53,319.22,3468.0,319.105,30
2024-06-04 10:20:00-04:00,319.13,319.14,317.82,318.11,3926.0,318.589,20
2024-06-04 10:25:00-04:00,317.9,318.88,317.9,318.59,2586.0,318.462,21
2024-06-04 10:30:00-04:00,318.69,318.69,318.01,318.01,1799.0,318.38,14
2024-06-04 10:35:00-04:00,318.15,318.39,317.94,318.19,1244.0,318.132,12
2024-06-04 10:40:00-04:00,318.17,319.03,318.16,318.82,4738.0,318.718,45
2024-06-04 10:45:00-04:00,319.08,319.08,318.02,318.07,3491.0,318.45,28
2024-06-04 10:50:00-04:00,318.44,318.64,318.14,318.17,5483.0,318.408,46
2024-06-04 10:55:00-04:00,318.28,318.28,317.35,317.35,1300.0,317.846,13
2024-06-04 11:00:00-04:00,317.4,318.03,317.35,317.63,3140.0,317.776,30
2024-06-04 11:05:00-04:00,317.45,317.64,316.81,317.6,3322.0,317.159,28
2024-06-04 11:10:00-04:00,317.68,317.85,317.27,317.52,4813.0,317.584,22
2024-06-04 11:15:00-04:00,317.42,317.8,317.25,317.54,3111.0,317.58,25
2024-06-04 11:20:00-04:00,317.68,317.84,317.38,317.38,1961.0,317.657,18
2024-06-04 11:25:00-04:00,317.13,317.26,316.59,316.8,2910.0,316.86,27
2024-06-04 11:30:00-04:00,316.98,316.98,315.89,316.19,2440.0,316.573,23
2024-06-04 11:35:00-04:00,316.23,317.25,316.19,317.13,7714.0,316.619,57
2024-06-04 11:40:00-04:00,317.07,317.2,316.98,317.11,2255.0,317.109,14
2024-06-04 11:45:00-04:00,317.27,317.5,317.02,317.16,5175.0,317.199,27
2024-06-04 11:50:00-04:00,317.32,317.75,317.17,317.75,3233.0,317.5,23
2024-06-04 11:55:00-04:00,317.51,317.6,317.18,317.31,4695.0,317.363,37
2024-06-04 12:00:00-04:00,317.52,318.0,317.27,317.99,20470.0,317.669,30
2024-06-04 12:05:00-04:00,317.93,318.04,317.58,318.0,3241.0,317.876,28
2024-06-04 12:10:00-04:00,318.09,318.17,317.95,318.05,2239.0,318.037,17
2024-06-04 12:15:00-04:00,318.12,318.88,318.12,318.56,7136.0,318.484,42
2024-06-04 12:20:00-04:00,318.48,318.54,318.43,318.49,500.0,318.473,4
2024-06-04 12:25:00-04:00,318.6,318.63,318.12,318.41,4631.0,318.406,40
2024-06-04 12:30:00-04:00,318.45,318.52,317.82,317.82,2371.0,318.275,21
2024-06-04 12:35:00-04:00,317.95,318.27,317.53,318.13,2312.0,317.884,22
2024-06-04 12:40:00-04:00,318.12,318.8,317.92,318.56,3582.0,318.305,32
2024-06-04 12:45:00-04:00,318.47,318.72,318.45,318.72,1500.0,318.555,15
2024-06-04 12:50:00-04:00,318.61,318.61,317.81,318.16,5806.0,318.135,42
2024-06-04 12:55:00-04:00,318.13,318.54,318.01,318.3,2520.0,318.348,24
2024-06-04 13:00:00-04:00,318.32,318.45,317.94,318.07,2283.0,318.216,15
2024-06-04 13:05:00-04:00,317.94,318.06,317.54,317.55,2856.0,317.812,24
2024-06-04 13:10:00-04:00,317.65,318.2,317.65,318.19,3500.0,317.886,31
2024-06-04 13:15:00-04:00,318.13,318.39,318.11,318.17,1960.0,318.239,17
2024-06-04 13:20:00-04:00,318.47,318.52,317.94,318.08,2351.0,318.208,20
2024-06-04 13:25:00-04:00,318.23,318.7,318.0,318.59,2433.0,318.324,18
2024-06-04 13:30:00-04:00,318.71,318.72,318.16,318.38,2748.0,318.421,23
2024-06-04 13:35:00-04:00,318.27,318.27,317.76,318.06,4287.0,318.014,35
2024-06-04 13:40:00-04:00,318.1,318.2,317.81,317.91,3297.0,318.009,23
2024-06-04 13:45:00-04:00,317.81,317.95,317.41,317.78,7244.0,317.741,57
2024-06-04 13:50:00-04:00,317.89,318.15,317.73,317.73,3569.0,317.92,26
2024-06-04 13:55:00-04:00,317.85,318.23,317.59,317.81,6446.0,317.91,37
2024-06-04 14:00:00-04:00,317.82,318.28,317.82,318.22,1525.0,318.046,14
2024-06-04 14:05:00-04:00,318.21,318.27,318.07,318.27,800.0,318.19,8
2024-06-04 14:10:00-04:00,318.13,318.81,318.13,318.81,1961.0,318.485,17
2024-06-04 14:15:00-04:00,318.99,319.46,318.99,319.31,2089.0,319.259,17
2024-06-04 14:20:00-04:00,319.36,319.97,319.36,319.97,3054.0,319.705,27
2024-06-04 14:25:00-04:00,320.11,320.11,319.36,319.74,4161.0,319.669,34
2024-06-04 14:30:00-04:00,319.78,319.78,319.4,319.44,2715.0,319.601,26
2024-06-04 14:35:00-04:00,319.61,319.72,319.43,319.66,1848.0,319.567,18
2024-06-04 14:40:00-04:00,319.62,319.85,319.44,319.85,2029.0,319.648,17
2024-06-04 14:45:00-04:00,319.85,319.85,319.37,319.53,1405.0,319.608,13
2024-06-04 14:50:00-04:00,319.59,319.59,319.16,319.38,1695.0,319.39,12
2024-06-04 14:55:00-04:00,319.26,319.37,318.63,318.63,5470.0,319.061,32
2024-06-04 15:00:00-04:00,318.77,318.77,318.33,318.38,3879.0,318.464,30
2024-06-04 15:05:00-04:00,318.19,318.57,318.05,318.41,3458.0,318.291,27
2024-06-04 15:10:00-04:00,318.48,319.0,318.48,318.85,2761.0,318.805,24
2024-06-04 15:15:00-04:00,318.74,318.96,318.59,318.63,2782.0,318.794,22
2024-06-04 15:20:00-04:00,318.73,318.73,318.55,318.55,501.0,318.626,4
2024-06-04 15:25:00-04:00,318.7,318.7,318.44,318.59,2593.0,318.568,23
2024-06-04 15:30:00-04:00,318.5,318.84,318.26,318.69,3779.0,318.543,32
2024-06-04 15:35:00-04:00,318.62,318.75,318.14,318.21,3403.0,318.474,33
2024-06-04 15:40:00-04:00,318.38,318.74,318.37,318.72,2730.0,318.557,20
2024-06-04 15:45:00-04:00,318.73,318.93,318.37,318.77,4209.0,318.715,35
2024-06-04 15:50:00-04:00,318.85,319.17,318.85,319.17,5399.0,318.998,45
2024-06-04 15:55:00-04:00,319.18,319.6,319.07,319.54,28000.0,319.343,184
2024-06-05 09:30:00-04:00,319.74,322.56,318.52,322.31,26654.0,320.289,68
2024-06-05 09:35:00-04:00,321.71,323.6,321.6,322.66,16671.0,322.744,59
2024-06-05 09:40:00-04:00,322.38,322.42,321.53,322.36,5632.0,322.092,47
2024-06-06 09:30:00-04:00,323.89,324.81,322.5,323.17,19540.0,323.838,35
2024-06-06 09:35:00-04:00,323.15,323.55,322.06,322.96,3700.0,322.887,37
2024-06-06 09:40:00-04:00,322.97,323.21,321.86,321.95,3919.0,322.385,31
2024-06-06 09:45:00-04:00,322.01,322.49,321.47,322.27,4811.0,322.041,41
2024-06-06 09:50:00-04:00,322.43,322.79,321.86,322.06,5664.0,322.444,41
2024-06-06 09:55:00-04:00,322.07,322.45,321.43,321.43,6928.0,321.959,65
2024-06-06 10:00:00-04:00,321.36,321.46,320.87,320.98,5146.0,321.139,39
2024-06-06 10:05:00-04:00,320.98,322.16,320.68,321.96,6879.0,321.326,56
2024-06-06 10:10:00-04:00,321.9,322.31,321.18,321.59,5615.0,321.658,53
2024-06-06 10:15:00-04:00,321.5,322.11,321.5,321.73,6944.0,321.772,47
2024-06-06 10:20:00-04:00,321.94,322.23,321.82,322.06,3846.0,322.005,28
2024-06-06 10:25:00-04:00,321.83,321.92,321.18,321.92,6407.0,321.601,50
2024-06-06 10:30:00-04:00,321.65,321.68,320.9,320.9,3187.0,321.255,31
2024-06-06 10:35:00-04:00,320.94,321.22,320.41,321.22,5270.0,320.735,49
2024-06-06 10:40:00-04:00,321.08,321.45,320.79,321.25,5499.0,321.048,51
2024-06-06 10:45:00-04:00,321.25,322.33,321.07,322.08,5111.0,321.664,38
2024-06-06 10:50:00-04:00,321.89,322.24,321.82,322.13,2956.0,322.011,25
2024-06-06 10:55:00-04:00,322.29,322.29,321.11,321.11,6516.0,321.747,51
2024-06-06 11:00:00-04:00,321.08,321.15,320.7,320.92,2142.0,320.929,19
2024-06-06 11:05:00-04:00,321.07,321.51,320.91,321.3,3600.0,321.137,36
2024-06-06 11:10:00-04:00,321.23,321.96,321.21,321.77,5423.0,321.566,45
2024-06-06 11:15:00-04:00,321.8,322.13,321.38,321.38,8974.0,321.836,72
2024-06-06 11:20:00-04:00,321.52,321.59,321.22,321.22,5062.0,321.361,50
2024-06-06 11:25:00-04:00,321.4,321.4,320.87,321.06,3145.0,321.067,31
2024-06-06 11:30:00-04:00,321.09,321.09,320.7,320.72,6452.0,320.867,58
2024-06-06 11:35:00-04:00,320.63,320.94,320.63,320.7,3877.0,320.808,37
2024-06-06 11:40:00-04:00,320.75,320.87,319.95,320.33,10602.0,320.349,103
2024-06-06 11:45:00-04:00,320.33,320.55,319.94,319.97,2400.0,320.289,20
2024-06-06 11:50:00-04:00,320.11,320.53,319.81,319.81,9269.0,320.267,47
2024-06-06 11:55:00-04:00,320.15,320.15,319.75,319.86,2714.0,319.87,26
2024-06-06 12:00:00-04:00,319.83,319.9,319.58,319.84,5000.0,319.784,43
2024-06-06 12:05:00-04:00,319.83,319.99,319.67,319.68,4073.0,319.795,36
2024-06-06 12:10:00-04:00,319.39,319.39,319.13,319.23,2600.0,319.241,25
2024-06-06 12:15:00-04:00,319.25,319.51,319.01,319.51,8593.0,319.201,62
2024-06-06 12:20:00-04:00,319.37,319.59,319.23,319.5,5789.0,319.522,37
2024-06-06 12:25:00-04:00,319.5,319.5,319.27,319.48,4700.0,319.378,38
2024-06-06 12:30:00-04:00,319.54,319.57,318.95,319.02,7179.0,319.156,61
2024-06-06 12:35:00-04:00,318.87,319.03,318.57,318.7,5941.0,318.795,40
2024-06-06 12:40:00-04:00,318.65,318.78,318.14,318.14,3361.0,318.542,31
2024-06-06 12:45:00-04:00,318.18,318.36,317.94,317.94,5841.0,318.131,55
2024-06-06 12:50:00-04:00,318.04,318.43,317.91,317.91,5174.0,318.152,44
2024-06-06 12:55:00-04:00,317.91,317.98,317.6,317.64,2459.0,317.748,23
2024-06-06 13:00:00-04:00,317.61,317.65,317.17,317.27,4616.0,317.438,43
2024-06-06 13:05:00-04:00,317.09,317.18,316.93,316.97,2868.0,316.998,26
2024-06-06 13:10:00-04:00,316.96,317.18,316.78,317.12,5494.0,316.985,50
2024-06-06 13:15:00-04:00,317.06,317.94,317.05,317.93,4064.0,317.453,36
2024-06-06 13:20:00-04:00,317.81,318.01,317.43,317.48,10889.0,317.834,36
2024-06-06 13:25:00-04:00,317.48,317.81,317.32,317.81,13257.0,317.533,68
2024-06-06 13:30:00-04:00,317.62,317.67,317.4,317.62,10833.0,317.497,35
2024-06-06 13:35:00-04:00,317.76,317.93,317.26,317.31,4902.0,317.62,47
2024-06-06 13:40:00-04:00,317.31,317.31,317.02,317.11,3500.0,317.148,33
2024-06-06 13:45:00-04:00,317.31,317.32,316.84,316.88,3133.0,317.118,31
2024-06-06 13:50:00-04:00,316.95,317.04,316.78,316.92,4859.0,316.926,42
2024-06-06 13:55:00-04:00,316.92,317.0,316.76,316.94,6084.0,316.889,54
2024-06-06 14:00:00-04:00,316.89,317.26,316.89,316.94,5538.0,317.073,48
2024-06-06 14:05:00-04:00,316.84,316.84,316.33,316.39,5001.0,316.5,43
2024-06-06 14:10:00-04:00,316.4,317.17,316.4,316.91,4822.0,316.777,41
2024-06-06 14:15:00-04:00,316.91,317.41,316.9,317.41,3029.0,317.019,25
2024-06-06 14:20:00-04:00,317.28,317.64,317.02,317.54,6800.0,317.306,47
2024-06-06 14:25:00-04:00,317.64,318.07,317.41,317.91,4191.0,317.652,40
2024-06-06 14:30:00-04:00,317.81,318.18,317.59,318.05,7270.0,317.851,42
2024-06-06 14:35:00-04:00,318.06,318.06,317.73,318.02,2220.0,317.909,22
2024-06-06 14:40:00-04:00,317.94,318.5,317.94,318.36,4382.0,318.295,39
2024-06-06 14:45:00-04:00,318.39,318.71,318.39,318.67,3000.0,318.613,27
2024-06-06 14:50:00-04:00,318.66,318.91,318.46,318.78,4612.0,318.66,44
2024-06-06 14:55:00-04:00,318.66,318.91,318.63,318.78,3852.0,318.709,25
2024-06-06 15:00:00-04:00,318.75,318.93,318.64,318.72,4300.0,318.769,38
2024-06-06 15:05:00-04:00,318.69,318.7,318.42,318.44,5888.0,318.548,47
2024-06-06 15:10:00-04:00,318.45,318.51,318.06,318.14,6871.0,318.312,56
2024-06-06 15:15:00-04:00,318.1,318.53,318.03,318.49,6571.0,318.271,54
2024-06-06 15:20:00-04:00,318.48,318.49,318.08,318.12,7275.0,318.304,58
2024-06-06 15:25:00-04:00,318.13,318.47,318.01,318.47,5120.0,318.163,46
2024-06-06 15:30:00-04:00,318.47,318.52,317.99,317.99,5811.0,318.298,48
2024-06-06 15:35:00-04:00,318.0,318.26,317.82,318.11,9929.0,318.036,76
2024-06-06 15:40:00-04:00,318.11,318.29,317.64,317.82,10847.0,317.927,96
2024-06-06 15:45:00-04:00,317.9,318.77,317.89,318.6,15447.0,318.132,88
2024-06-06 15:50:00-04:00,318.63,318.8,317.78,318.72,14206.0,318.558,111
2024-06-06 15:55:00-04:00,318.64,318.7,318.16,318.37,68361.0,318.37,468
2024-06-07 09:30:00-04:00,318.45,319.16,316.45,317.38,19408.0,318.399,11
2024-06-07 09:35:00-04:00,316.51,317.51,315.65,317.49,6104.0,317.045,43
2024-06-07 09:40:00-04:00,318.3,319.72,318.3,319.42,8811.0,318.682,36
2024-06-07 09:45:00-04:00,319.65,320.36,319.57,320.15,5039.0,319.99,31
2024-06-07 09:50:00-04:00,320.48,320.81,320.09,320.09,4406.0,320.527,34
2024-06-07 09:55:00-04:00,320.25,321.38,320.13,320.5,5245.0,320.702,41
2024-06-07 10:00:00-04:00,320.5,321.36,320.17,321.28,5726.0,320.584,31
2024-06-07 10:05:00-04:00,321.29,321.34,320.79,320.98,4130.0,321.06,32
2024-06-07 10:10:00-04:00,320.97,321.42,320.97,321.09,7750.0,321.212,48
2024-06-07 10:15:00-04:00,321.3,321.72,320.92,320.92,48575.0,321.458,91
2024-06-07 10:20:00-04:00,321.0,321.19,320.58,320.9,3479.0,320.764,25
2024-06-07 10:25:00-04:00,320.92,321.27,320.43,320.63,7860.0,320.771,42
2024-06-07 10:30:00-04:00,320.47,320.69,320.35,320.36,1700.0,320.423,13
2024-06-07 10:35:00-04:00,320.36,321.01,319.94,320.93,9927.0,320.483,70
2024-06-07 10:40:00-04:00,321.09,321.56,321.03,321.29,16000.0,321.525,15
2024-06-07 10:45:00-04:00,321.21,321.28,320.99,321.07,2794.0,321.14,24
2024-06-07 10:50:00-04:00,320.94,321.15,320.91,321.11,1700.0,320.993,12
2024-06-07 10:55:00-04:00,321.23,321.23,320.64,320.64,4850.0,320.896,31
2024-06-07 11:00:00-04:00,320.63,320.67,320.43,320.55,4818.0,320.588,31
2024-06-07 11:05:00-04:00,320.55,320.55,320.31,320.51,9884.0,320.423,58
2024-06-07 11:10:00-04:00,320.49,321.16,320.34,321.0,8303.0,320.64,50
2024-06-07 11:15:00-04:00,321.22,321.5,320.92,321.07,27152.0,321.442,29
2024-06-07 11:20:00-04:00,320.92,321.53,320.87,321.36,8726.0,321.313,31
2024-06-07 11:25:00-04:00,321.38,321.56,321.18,321.21,4629.0,321.443,26
2024-06-07 11:30:00-04:00,321.25,321.63,319.77,320.05,9308.0,320.609,44
2024-06-07 11:35:00-04:00,320.05,320.18,319.81,320.0,7353.0,320.042,42
2024-06-07 11:40:00-04:00,320.0,320.28,319.99,320.18,8762.0,320.151,26
2024-06-07 11:45:00-04:00,320.19,320.46,320.09,320.46,6493.0,320.274,41
2024-06-07 11:50:00-04:00,320.49,320.66,320.25,320.66,3386.0,320.472,29
2024-06-07 11:55:00-04:00,320.71,320.98,320.57,320.86,2688.0,320.816,21
2024-06-07 12:00:00-04:00,320.82,320.84,320.58,320.84,2121.0,320.769,14
2024-06-07 12:05:00-04:00,320.93,321.29,320.8,321.11,2750.0,321.012,22
2024-06-07 12:10:00-04:00,321.24,321.28,321.11,321.28,1628.0,321.211,14
2024-06-07 12:15:00-04:00,321.4,321.74,321.21,321.46,10473.0,321.515,27
2024-06-07 12:20:00-04:00,321.43,322.0,321.23,322.0,7208.0,321.725,43
2024-06-07 12:25:00-04:00,322.32,322.61,322.25,322.31,11118.0,322.297,33
2024-06-07 12:30:00-04:00,322.25,322.69,322.25,322.52,1704.0,322.581,17
2024-06-07 12:35:00-04:00,322.51,322.59,322.29,322.39,1603.0,322.451,15
2024-06-07 12:40:00-04:00,322.35,322.83,322.31,322.72,1957.0,322.526,17
2024-06-07 12:45:00-04:00,322.76,322.91,322.44,322.58,3849.0,322.566,36
2024-06-07 12:50:00-04:00,322.57,323.18,322.4,323.17,3273.0,322.709,26
2024-06-07 12:55:00-04:00,322.88,323.54,322.86,323.05,5651.0,323.099,42
2024-06-07 13:00:00-04:00,322.87,322.89,322.12,322.14,1500.0,322.386,14
2024-06-07 13:05:00-04:00,322.26,322.53,321.84,322.07,5944.0,322.248,48
2024-06-07 13:10:00-04:00,322.07,322.63,322.01,322.29,2536.0,322.239,20
2024-06-07 13:15:00-04:00,322.3,322.37,322.29,322.37,334.0,322.348,3
2024-06-07 13:20:00-04:00,322.31,322.6,322.11,322.6,2297.0,322.322,18
2024-06-07 13:25:00-04:00,322.34,322.34,321.73,321.81,1721.0,321.985,16
2024-06-07 13:30:00-04:00,321.82,321.94,321.61,321.91,1832.0,321.853,12
2024-06-07 13:35:00-04:00,321.91,322.06,321.69,321.69,3527.0,321.84,16
2024-06-07 13:40:00-04:00,321.79,321.81,321.37,321.63,2802.0,321.575,23
2024-06-07 13:45:00-04:00,321.58,321.81,321.58,321.67,784.0,321.74,4
2024-06-07 13:50:00-04:00,321.7,321.74,321.4,321.5,944.0,321.57,6
2024-06-07 13:55:00-04:00,321.36,321.53,321.27,321.27,1004.0,321.404,9
2024-06-07 14:00:00-04:00,321.1,321.1,320.43,320.43,1701.0,320.783,17
2024-06-07 14:05:00-04:00,320.22,320.33,320.03,320.27,400.0,320.213,4
2024-06-07 14:10:00-04:00,320.28,320.44,320.05,320.06,1926.0,320.239,18
2024-06-07 14:15:00-04:00,320.06,320.52,320.05,320.24,1915.0,320.259,19
2024-06-07 14:20:00-04:00,320.47,321.05,320.46,320.93,1132.0,320.736,11
2024-06-07 14:25:00-04:00,320.67,321.18,320.67,321.18,3709.0,321.05,30
2024-06-07 14:30:00-04:00,321.22,321.31,321.02,321.03,1500.0,321.153,15
2024-06-07 14:35:00-04:00,321.05,321.3,321.05,321.3,941.0,321.211,9
2024-06-07 14:40:00-04:00,321.14,321.25,321.14,321.25,200.0,321.193,2
2024-06-07 14:45:00-04:00,321.19,321.24,320.99,320.99,1317.0,321.117,12
2024-06-07 14:50:00-04:00,320.96,320.96,320.47,320.72,1801.0,320.682,17
2024-06-07 14:55:00-04:00,320.67,320.69,320.39,320.4,2200.0,320.598,22
2024-06-07 15:00:00-04:00,320.37,320.73,320.19,320.72,2834.0,320.464,24
2024-06-07 15:05:00-04:00,320.36,320.45,319.94,320.06,1002.0,320.281,10
2024-06-07 15:10:00-04:00,319.83,320.3,319.78,320.12,1942.0,320.06,18
2024-06-07 15:15:00-04:00,320.25,320.31,320.01,320.02,1377.0,320.151,13
2024-06-07 15:20:00-04:00,319.87,320.17,319.59,319.97,5749.0,319.826,39
2024-06-07 15:25:00-04:00,320.03,320.31,320.03,320.17,3038.0,320.173,29
2024-06-07 15:30:00-04:00,319.91,320.02,319.58,319.58,2000.0,319.784,20
2024-06-07 15:35:00-04:00,319.55,319.67,319.38,319.49,9598.0,319.537,31
2024-06-07 15:40:00-04:00,319.44,319.71,319.36,319.43,5641.0,319.553,51
2024-06-07 15:45:00-04:00,319.42,319.87,319.34,319.75,2909.0,319.567,27
2024-06-07 15:50:00-04:00,319.66,320.24,319.66,320.12,8843.0,320.011,78
2024-06-07 15:55:00-04:00,320.14,320.33,318.79,318.89,45100.0,319.444,332
2024-06-10 09:30:00-04:00,317.37,321.0,316.53,321.0,12056.0,317.722,25
2024-06-10 09:35:00-04:00,320.51,321.71,320.5,320.5,3002.0,320.834,25
2024-06-10 09:40:00-04:00,320.51,321.49,320.51,321.47,3125.0,321.09,27
2024-06-10 09:45:00-04:00,321.79,322.39,321.48,322.31,30509.0,321.997,51
2024-06-10 09:50:00-04:00,322.42,322.53,320.98,321.88,3114.0,321.981,23
2024-06-10 09:55:00-04:00,321.42,322.09,321.24,321.4,3357.0,321.601,20
2024-06-10 10:00:00-04:00,321.04,321.24,320.52,320.52,3799.0,320.861,34
2024-06-10 10:05:00-04:00,320.69,321.5,320.69,321.18,4358.0,321.162,40
2024-06-10 10:10:00-04:00,321.17,321.44,321.07,321.26,2553.0,321.245,25
2024-06-10 10:15:00-04:00,321.62,322.0,321.1,321.11,4193.0,321.662,33
2024-06-10 10:20:00-04:00,321.44,321.44,320.71,320.83,3381.0,320.991,32
2024-06-10 10:25:00-04:00,320.88,321.25,320.86,321.04,4419.0,321.056,39
2024-06-10 10:30:00-04:00,320.98,321.39,320.73,321.04,5183.0,321.091,47
2024-06-10 10:35:00-04:00,321.04,321.13,320.93,320.97,4190.0,321.011,36
2024-06-10 10:40:00-04:00,321.12,321.12,320.63,320.66,2229.0,320.78,15
2024-06-10 10:45:00-04:00,320.74,321.57,320.73,321.57,1852.0,321.224,16
2024-06-10 10:50:00-04:00,321.38,321.61,321.18,321.53,4997.0,321.506,16
2024-06-10 10:55:00-04:00,321.23,321.23,320.91,320.92,1102.0,321.007,11
2024-06-10 11:00:00-04:00,320.94,321.18,320.94,321.18,1100.0,321.023,10
2024-06-10 11:05:00-04:00,320.99,321.39,320.98,321.17,800.0,321.242,8
2024-06-10 11:10:00-04:00,321.17,321.43,321.03,321.03,1545.0,321.302,13
2024-06-10 11:15:00-04:00,321.42,321.56,321.06,321.55,1700.0,321.35,16
2024-06-10 11:20:00-04:00,321.81,321.81,321.56,321.56,500.0,321.648,5
2024-06-10 11:25:00-04:00,321.8,321.88,321.79,321.88,400.0,321.815,4
2024-06-10 11:30:00-04:00,321.81,321.83,321.6,321.63,1362.0,321.745,11
2024-06-10 11:35:00-04:00,321.3,322.82,321.14,322.42,23480.0,322.496,93
2024-06-10 11:40:00-04:00,321.99,322.96,321.99,322.8,6164.0,322.504,22
2024-06-10 11:45:00-04:00,322.95,322.95,322.28,322.32,5004.0,322.629,14
2024-06-10 11:50:00-04:00,322.32,322.35,322.04,322.35,1612.0,322.233,14
2024-06-10 11:55:00-04:00,322.5,322.55,322.07,322.07,537.0,322.36,4
2024-06-10 12:00:00-04:00,322.21,322.21,321.9,322.17,3229.0,322.127,16
2024-06-10 12:05:00-04:00,322.24,322.37,322.24,322.37,4469.0,322.315,19
2024-06-10 12:10:00-04:00,322.4,322.44,322.22,322.39,977.0,322.377,7
2024-06-10 12:15:00-04:00,322.26,322.26,321.97,321.97,2200.0,322.098,19
2024-06-10 12:20:00-04:00,322.15,322.15,321.66,321.66,1200.0,321.86,11
2024-06-10 12:25:00-04:00,321.81,321.94,321.6,321.84,2039.0,321.818,20
2024-06-10 12:30:00-04:00,321.75,322.01,321.66,321.69,2604.0,321.829,22
2024-06-10 12:35:00-04:00,321.81,322.26,321.72,322.2,64347.0,321.998,28
2024-06-10 12:40:00-04:00,322.27,322.54,322.27,322.34,1714.0,322.379,16
2024-06-10 12:45:00-04:00,322.51,322.51,322.22,322.34,1110.0,322.383,11
2024-06-10 12:50:00-04:00,322.21,322.47,322.21,322.38,1082.0,322.339,9
2024-06-10 12:55:00-04:00,322.39,322.78,322.39,322.71,2000.0,322.575,20
2024-06-10 13:00:00-04:00,322.71,322.71,322.31,322.41,3538.0,322.491,29
2024-06-10 13:05:00-04:00,322.42,322.69,322.42,322.49,4959.0,322.528,45
2024-06-10 13:10:00-04:00,322.52,322.75,322.51,322.75,3537.0,322.62,32
2024-06-10 13:15:00-04:00,322.63,322.95,322.57,322.9,2996.0,322.758,29
2024-06-10 13:20:00-04:00,323.12,323.17,322.69,322.77,4036.0,322.878,35
2024-06-10 13:25:00-04:00,322.77,322.88,322.68,322.73,2817.0,322.781,27
2024-06-10 13:30:00-04:00,322.81,322.92,322.39,322.47,27837.0,322.614,66
2024-06-10 13:35:00-04:00,322.63,322.73,322.55,322.56,5845.0,322.621,22
2024-06-10 13:40:00-04:00,322.54,323.03,322.3,322.91,3698.0,322.787,22
2024-06-10 13:45:00-04:00,322.88,323.18,322.71,323.03,4200.0,322.884,26
2024-06-10 13:50:00-04:00,323.09,323.09,322.62,322.63,3905.0,322.95,15
2024-06-10 13:55:00-04:00,322.56,322.57,322.45,322.45,661.0,322.52,6
2024-06-10 14:00:00-04:00,322.14,322.14,321.65,321.65,1086.0,322.014,10
2024-06-10 14:05:00-04:00,321.83,322.08,321.67,322.07,800.0,321.951,8
2024-06-10 14:10:00-04:00,322.05,322.26,321.91,322.25,907.0,322.142,9
2024-06-10 14:15:00-04:00,322.25,322.67,322.18,322.18,4220.0,322.428,34
2024-06-10 14:20:00-04:00,322.13,322.24,322.06,322.06,719.0,322.128,7
2024-06-10 14:25:00-04:00,322.01,322.07,321.92,322.04,1418.0,322.005,13
2024-06-10 14:30:00-04:00,321.9,322.48,321.9,322.48,1765.0,322.261,16
2024-06-10 14:35:00-04:00,322.49,322.67,322.24,322.66,5546.0,322.453,47
2024-06-10 14:40:00-04:00,322.71,323.02,322.7,323.02,1922.0,322.836,19
2024-06-10 14:45:00-04:00,323.18,323.23,323.18,323.23,501.0,323.196,4
2024-06-10 14:50:00-04:00,323.17,323.23,322.9,323.02,3693.0,323.078,32
2024-06-10 14:55:00-04:00,323.03,323.15,322.86,322.99,3823.0,323.022,24
2024-06-10 15:00:00-04:00,322.78,323.34,322.74,323.23,3291.0,323.108,24
2024-06-10 15:05:00-04:00,323.22,323.22,322.61,322.71,2725.0,322.879,23
2024-06-10 15:10:00-04:00,322.71,323.48,322.59,323.42,75419.0,322.704,67
2024-06-10 15:15:00-04:00,323.32,323.68,323.09,323.67,2178.0,323.347,21
2024-06-10 15:20:00-04:00,323.8,323.98,323.41,323.41,3549.0,323.701,32
2024-06-10 15:25:00-04:00,323.28,323.83,323.28,323.83,2216.0,323.642,17
2024-06-10 15:30:00-04:00,323.88,323.88,323.52,323.71,4207.0,323.675,38
2024-06-10 15:35:00-04:00,323.76,324.0,323.76,323.92,103547.0,323.963,32
2024-06-10 15:40:00-04:00,323.92,324.38,323.79,324.1,5440.0,324.084,48
2024-06-10 15:45:00-04:00,323.94,324.09,323.9,323.9,5247.0,324.003,45
2024-06-10 15:50:00-04:00,323.86,324.92,323.86,324.61,111804.0,324.473,97
2024-06-10 15:55:00-04:00,324.63,325.23,324.5,325.14,146794.0,324.97,351
2024-06-11 09:30:00-04:00,323.18,324.37,322.19,322.9,13469.0,323.167,49
2024-06-11 09:35:00-04:00,322.8,323.17,321.62,323.17,2086.0,322.612,19
2024-06-11 09:40:00-04:00,323.28,323.36,322.59,323.13,1507.0,323.015,14
2024-06-11 09:45:00-04:00,323.18,323.18,321.42,321.92,1919.0,322.029,18
2024-06-11 09:50:00-04:00,322.38,323.04,321.88,322.43,104055.0,322.735,36
2024-06-11 09:55:00-04:00,322.1,323.2,321.96,322.57,2754.0,322.448,22
2024-06-11 10:00:00-04:00,322.99,322.99,320.95,321.09,2899.0,321.869,23
2024-06-11 10:05:00-04:00,321.32,321.49,320.9,321.31,6098.0,321.202,42
2024-06-11 10:10:00-04:00,321.64,322.0,321.64,322.0,1300.0,321.893,11
2024-06-11 10:15:00-04:00,321.88,322.78,321.67,322.78,9767.0,322.492,25
2024-06-11 10:20:00-04:00,322.81,323.25,322.7,323.25,4251.0,322.945,40
2024-06-11 10:25:00-04:00,323.09,323.36,322.82,323.12,2700.0,323.132,18
2024-06-11 10:30:00-04:00,323.08,323.09,322.47,322.7,2300.0,322.736,23
2024-06-11 10:35:00-04:00,322.92,323.05,322.52,322.52,1200.0,322.743,12
2024-06-11 10:40:00-04:00,322.86,323.47,322.61,323.43,77803.0,322.9,28
2024-06-11 10:45:00-04:00,323.53,323.53,323.09,323.34,2617.0,323.27,24
2024-06-11 10:50:00-04:00,323.37,323.5,322.95,323.5,1801.0,323.227,18
2024-06-11 10:55:00-04:00,323.68,323.96,323.36,323.36,77235.0,323.679,22
2024-06-11 11:00:00-04:00,323.28,323.61,323.27,323.41,1030.0,323.496,7
2024-06-11 11:05:00-04:00,323.21,323.47,323.04,323.36,1124.0,323.366,10
2024-06-11 11:10:00-04:00,323.68,323.79,323.5,323.5,800.0,323.588,8
2024-06-11 11:15:00-04:00,323.47,323.47,322.9,323.01,1519.0,323.102,14
2024-06-11 11:20:00-04:00,323.17,323.17,322.73,322.9,1113.0,322.865,11
2024-06-11 11:25:00-04:00,322.77,323.14,322.77,323.04,916.0,322.967,9
2024-06-11 11:30:00-04:00,323.19,323.3,322.99,323.14,1756.0,323.17,12
2024-06-11 11:35:00-04:00,323.05,323.19,322.99,323.18,1000.0,323.074,10
2024-06-11 11:40:00-04:00,323.2,323.2,322.84,322.85,2319.0,323.036,22
2024-06-11 11:45:00-04:00,322.96,323.26,322.96,323.26,935.0,323.107,7
2024-06-11 11:50:00-04:00,323.01,323.23,322.97,323.2,1740.0,323.104,17
2024-06-11 11:55:00-04:00,322.91,323.07,322.77,323.03,1479.0,322.903,12
2024-06-11 12:00:00-04:00,323.03,323.41,323.03,323.41,850.0,323.193,6
2024-06-11 12:05:00-04:00,323.7,323.88,323.58,323.74,824.0,323.751,7
2024-06-11 12:10:00-04:00,324.03,324.03,323.7,323.83,1106.0,323.901,11
2024-06-11 12:15:00-04:00,323.65,323.69,323.47,323.51,766.0,323.566,6
2024-06-11 12:20:00-04:00,323.44,323.64,323.44,323.46,607.0,323.49,5
2024-06-11 12:25:00-04:00,323.49,323.64,323.49,323.6,617.0,323.558,6
2024-06-11 12:30:00-04:00,323.48,323.7,323.48,323.63,1238.0,323.602,12
2024-06-11 12:35:00-04:00,323.47,323.84,323.39,323.63,53417.0,323.64,24
2024-06-11 12:40:00-04:00,323.43,323.63,323.32,323.52,1100.0,323.519,11
2024-06-11 12:45:00-04:00,323.63,323.64,323.39,323.57,1500.0,323.504,15
2024-06-11 12:50:00-04:00,323.72,323.72,323.55,323.61,600.0,323.628,6
2024-06-11 12:55:00-04:00,323.83,324.15,323.6,323.9,25598.0,323.947,11
2024-06-11 13:00:00-04:00,323.94,324.48,323.66,324.48,2366.0,324.139,21
2024-06-11 13:05:00-04:00,324.62,324.64,324.3,324.44,7803.0,324.499,64
2024-06-11 13:10:00-04:00,324.46,324.56,324.16,324.29,6096.0,324.356,57
2024-06-11 13:15:00-04:00,324.16,324.38,323.86,324.21,3519.0,324.124,22
2024-06-11 13:20:00-04:00,324.06,324.22,323.43,323.43,1304.0,323.914,12
2024-06-11 13:25:00-04:00,323.16,323.45,323.16,323.19,600.0,323.305,5
2024-06-11 13:30:00-04:00,323.13,323.63,323.12,323.63,1811.0,323.434,18
2024-06-11 13:35:00-04:00,323.85,323.85,323.58,323.69,1507.0,323.668,9
2024-06-11 13:40:00-04:00,323.61,323.69,323.42,323.42,1410.0,323.547,13
2024-06-11 13:45:00-04:00,323.53,323.59,323.36,323.4,1532.0,323.448,13
2024-06-11 13:50:00-04:00,323.37,323.91,323.36,323.83,1442.0,323.593,12
2024-06-11 13:55:00-04:00,323.76,324.11,323.76,324.03,994.0,323.996,9
2024-06-11 14:00:00-04:00,324.22,324.38,324.22,324.38,400.0,324.289,4
2024-06-11 14:05:00-04:00,324.29,324.29,323.69,323.69,1507.0,324.074,14
2024-06-11 14:10:00-04:00,323.79,324.18,323.79,324.18,1000.0,324.027,10
2024-06-11 14:15:00-04:00,324.3,324.3,324.18,324.18,666.0,324.272,3
2024-06-11 14:20:00-04:00,324.32,324.58,324.32,324.57,800.0,324.464,8
2024-06-11 14:25:00-04:00,324.62,324.89,324.62,324.89,1500.0,324.7,13
2024-06-11 14:30:00-04:00,325.11,325.19,324.89,324.89,2014.0,325.065,20
2024-06-11 14:35:00-04:00,324.86,324.86,324.51,324.69,3160.0,324.667,19
2024-06-11 14:40:00-04:00,324.94,324.94,324.29,324.29,1362.0,324.692,13
2024-06-11 14:45:00-04:00,324.38,324.69,324.38,324.57,1964.0,324.587,19
2024-06-11 14:50:00-04:00,324.64,324.65,324.23,324.4,2896.0,324.421,20
2024-06-11 14:55:00-04:00,324.25,324.38,324.08,324.28,22169.0,324.357,27
2024-06-11 15:00:00-04:00,324.34,324.87,324.33,324.79,1603.0,324.668,14
2024-06-11 15:05:00-04:00,324.85,324.97,324.76,324.77,1832.0,324.878,18
2024-06-11 15:10:00-04:00,324.84,324.84,324.48,324.69,3055.0,324.643,30
2024-06-11 15:15:00-04:00,324.69,324.8,324.57,324.57,2211.0,324.705,20
2024-06-11 15:20:00-04:00,324.68,325.14,324.64,325.11,3250.0,324.93,20
2024-06-11 15:25:00-04:00,325.13,325.35,324.97,325.2,4151.0,325.174,38
2024-06-11 15:30:00-04:00,325.14,325.14,324.67,324.78,3428.0,324.955,32
2024-06-11 15:35:00-04:00,324.69,325.27,324.51,324.93,10635.0,325.012,56
2024-06-11 15:40:00-04:00,325.08,325.09,324.64,324.85,6065.0,324.93,52
2024-06-11 15:45:00-04:00,324.77,324.77,324.39,324.41,4504.0,324.599,39
2024-06-11 15:50:00-04:00,324.38,325.26,324.38,325.19,4196.0,324.861,39
2024-06-11 15:55:00-04:00,325.19,325.38,324.83,325.11,29816.0,325.136,230
2024-06-12 09:30:00-04:00,329.03,329.85,327.24,327.25,57605.0,328.865,96
2024-06-12 09:35:00-04:00,326.96,328.05,326.96,327.2,27056.0,327.703,82
2024-06-12 09:40:00-04:00,328.0,329.94,328.0,329.85,50555.0,328.787,85
2024-06-12 09:45:00-04:00,329.5,331.76,329.49,331.17,10900.0,330.781,75
2024-06-12 09:50:00-04:00,330.95,331.4,329.6,329.68,15003.0,330.647,112
2024-06-12 09:55:00-04:00,329.75,330.25,329.19,329.62,9792.0,329.82,68
2024-06-12 10:00:00-04:00,329.65,330.85,329.64,330.85,7790.0,330.212,63
2024-06-12 10:05:00-04:00,330.86,331.59,330.85,331.09,20221.0,331.17,120
2024-06-12 10:10:00-04:00,331.06,331.25,330.31,331.12,10615.0,330.722,76
2024-06-12 10:15:00-04:00,331.13,331.61,331.09,331.47,7856.0,331.377,55
2024-06-12 10:20:00-04:00,331.43,331.78,331.22,331.77,7924.0,331.506,73
2024-06-12 10:25:00-04:00,331.77,332.0,331.68,331.86,11034.0,331.876,47
2024-06-12 10:30:00-04:00,331.74,331.97,331.1,331.53,5746.0,331.62,50
2024-06-12 10:35:00-04:00,331.56,331.6,330.97,331.13,4335.0,331.295,40
2024-06-12 10:40:00-04:00,331.1,331.19,329.91,329.91,1600.0,330.763,16
2024-06-12 10:45:00-04:00,329.81,330.43,329.81,329.91,3813.0,330.182,35
2024-06-12 10:50:00-04:00,329.97,329.97,328.47,329.0,112488.0,328.849,84
2024-06-12 10:55:00-04:00,328.99,329.61,328.99,329.07,182592.0,329.112,107
2024-06-12 11:00:00-04:00,329.1,329.93,329.1,329.58,17095.0,329.463,46
2024-06-12 11:05:00-04:00,329.47,329.85,329.47,329.71,4525.0,329.706,33
2024-06-12 11:10:00-04:00,329.71,329.74,328.94,328.95,23815.0,329.619,47
2024-06-12 11:15:00-04:00,328.99,329.53,328.97,329.53,5316.0,329.164,43
2024-06-12 11:20:00-04:00,329.43,330.22,329.42,329.93,9394.0,329.926,76
2024-06-12 11:25:00-04:00,329.94,330.17,329.4,330.08,21920.0,329.945,78
2024-06-12 11:30:00-04:00,329.91,329.91,328.5,329.01,3269.0,329.477,27
2024-06-12 11:35:00-04:00,328.69,329.28,328.69,328.98,1900.0,328.989,16
2024-06-12 11:40:00-04:00,329.21,329.58,329.07,329.17,6901.0,329.379,61
2024-06-12 11:45:00-04:00,328.98,329.29,328.98,329.25,2820.0,329.183,20
2024-06-12 11:50:00-04:00,329.37,329.37,329.07,329.22,3829.0,329.193,35
2024-06-12 11:55:00-04:00,329.41,329.52,329.0,329.17,4229.0,329.359,39
2024-06-12 12:00:00-04:00,329.32,329.35,329.01,329.3,2900.0,329.192,27
2024-06-12 12:05:00-04:00,329.31,329.32,328.73,328.93,1800.0,329.023,18
2024-06-12 12:10:00-04:00,328.68,328.79,328.15,328.44,1004.0,328.599,10
2024-06-12 12:15:00-04:00,328.63,329.03,328.63,328.82,1550.0,328.807,13
2024-06-12 12:20:00-04:00,328.85,329.09,328.84,328.96,1667.0,328.927,15
2024-06-12 12:25:00-04:00,329.06,329.07,328.76,328.99,2300.0,328.916,22
2024-06-12 12:30:00-04:00,328.78,329.28,328.78,328.9,3599.0,329.035,29
2024-06-12 12:35:00-04:00,329.06,329.2,328.76,328.76,26064.0,329.062,25
2024-06-12 12:40:00-04:00,328.73,329.02,328.73,329.02,1000.0,328.911,9
2024-06-12 12:45:00-04:00,328.88,329.41,328.8,328.81,6739.0,329.182,49
2024-06-12 12:50:00-04:00,328.62,328.75,328.46,328.52,2927.0,328.646,27
2024-06-12 12:55:00-04:00,328.83,329.0,328.61,328.92,7744.0,328.89,23
2024-06-12 13:00:00-04:00,328.82,328.95,328.8,328.82,13083.0,328.9,20
2024-06-12 13:05:00-04:00,328.84,328.99,328.68,328.99,13233.0,328.818,15
2024-06-12 13:10:00-04:00,328.83,329.46,328.71,329.38,26565.0,329.261,43
2024-06-12 13:15:00-04:00,329.29,329.9,329.11,329.9,1910.0,329.545,18
2024-06-12 13:20:00-04:00,330.21,330.88,330.21,330.73,53500.0,330.655,43
2024-06-12 13:25:00-04:00,330.84,331.04,330.48,330.63,9336.0,330.619,32
2024-06-12 13:30:00-04:00,330.37,330.51,330.17,330.51,2258.0,330.385,17
2024-06-12 13:35:00-04:00,330.47,330.54,330.38,330.52,502.0,330.486,5
2024-06-12 13:40:00-04:00,330.54,330.54,329.59,329.79,5097.0,329.993,44
2024-06-12 13:45:00-04:00,329.99,330.12,329.83,330.01,4302.0,329.97,32
2024-06-12 13:50:00-04:00,329.83,330.06,329.76,330.0,1814.0,329.974,13
2024-06-12 13:55:00-04:00,330.13,330.25,329.78,329.78,2837.0,330.072,18
2024-06-12 14:00:00-04:00,329.78,329.78,327.45,328.93,8346.0,328.498,68
2024-06-12 14:05:00-04:00,328.98,329.1,328.58,328.92,3649.0,328.884,35
2024-06-12 14:10:00-04:00,329.0,329.71,328.99,329.71,32219.0,329.139,60
2024-06-12 14:15:00-04:00,329.47,330.3,329.45,329.9,18707.0,330.057,29
2024-06-12 14:20:00-04:00,330.12,330.65,330.11,330.64,17257.0,330.469,19
2024-06-12 14:25:00-04:00,330.64,331.06,330.51,331.06,51951.0,331.014,30
2024-06-12 14:30:00-04:00,331.05,331.31,330.4,330.85,27639.0,330.993,87
2024-06-12 14:35:00-04:00,330.84,330.91,330.14,330.56,2705.0,330.565,26
2024-06-12 14:40:00-04:00,330.34,330.36,329.47,330.29,3622.0,330.011,32
2024-06-12 14:45:00-04:00,329.93,330.32,329.74,329.82,3966.0,329.97,29
2024-06-12 14:50:00-04:00,329.86,330.3,329.53,330.13,5341.0,329.95,46
2024-06-12 14:55:00-04:00,330.43,330.98,330.4,330.79,5272.0,330.721,45
2024-06-12 15:00:00-04:00,330.94,332.41,330.82,332.11,9843.0,331.876,84
2024-06-12 15:05:00-04:00,331.95,332.6,331.71,332.25,6743.0,332.134,60
2024-06-12 15:10:00-04:00,331.98,332.53,331.98,332.45,1800.0,332.363,17
2024-06-12 15:15:00-04:00,332.76,333.42,332.58,333.42,5922.0,333.033,45
2024-06-12 15:20:00-04:00,333.43,333.63,332.61,332.69,12812.0,333.307,100
2024-06-12 15:25:00-04:00,332.51,332.92,332.01,332.14,3476.0,332.487,29
2024-06-12 15:30:00-04:00,332.05,332.24,331.41,331.79,2747.0,331.911,21
2024-06-12 15:35:00-04:00,331.75,332.14,331.48,331.54,3988.0,331.83,36
2024-06-12 15:40:00-04:00,331.43,331.52,330.98,331.19,2827.0,331.257,25
2024-06-12 15:45:00-04:00,331.22,331.73,331.02,331.52,5509.0,331.396,49
2024-06-12 15:50:00-04:00,331.51,332.1,331.22,331.68,11433.0,331.63,86
2024-06-12 15:55:00-04:00,331.8,332.38,331.5,332.09,31737.0,332.062,242
2024-06-13 09:30:00-04:00,332.47,334.57,330.28,330.29,20965.0,332.361,28
2024-06-13 09:35:00-04:00,330.25,331.27,330.25,330.75,2827.0,330.712,24
2024-06-13 09:40:00-04:00,330.73,331.1,330.72,330.92,1300.0,330.943,13
2024-06-13 09:45:00-04:00,330.3,330.48,329.82,330.39,2897.0,330.101,21
2024-06-13 09:50:00-04:00,329.72,329.91,329.24,329.5,2850.0,329.578,27
2024-06-13 09:55:00-04:00,328.71,328.8,328.26,328.73,3434.0,328.676,33
2024-06-13 10:00:00-04:00,328.49,329.54,328.29,328.29,6015.0,328.958,44
2024-06-13 10:05:00-04:00,328.48,328.77,327.88,328.62,3806.0,328.422,35
2024-06-13 10:10:00-04:00,328.35,328.35,327.1,327.1,844.0,327.709,8
2024-06-13 10:15:00-04:00,327.11,327.44,326.84,326.84,3885.0,327.21,36
2024-06-13 10:20:00-04:00,326.82,327.4,326.42,326.97,6885.0,327.067,38
2024-06-13 10:25:00-04:00,327.14,327.17,326.14,326.84,4945.0,326.64,32
2024-06-13 10:30:00-04:00,326.99,327.03,326.32,326.65,4056.0,326.694,40
2024-06-13 10:35:00-04:00,326.71,327.52,326.37,327.52,2749.0,327.129,26
2024-06-13 10:40:00-04:00,327.22,327.34,326.9,327.0,3770.0,327.09,33
2024-06-13 10:45:00-04:00,327.0,327.19,326.3,326.43,5950.0,326.644,40
2024-06-13 10:50:00-04:00,326.68,326.89,326.33,326.88,2615.0,326.58,26
2024-06-13 10:55:00-04:00,326.97,327.26,326.72,327.15,2519.0,327.032,25
2024-06-13 11:00:00-04:00,327.07,327.07,326.61,326.7,2801.0,326.693,13
2024-06-13 11:05:00-04:00,326.81,326.81,326.33,326.52,3780.0,326.403,8
2024-06-13 11:10:00-04:00,326.5,326.61,326.33,326.4,4780.0,326.387,14
2024-06-13 11:15:00-04:00,326.59,327.8,326.38,327.47,7237.0,327.161,59
2024-06-13 11:20:00-04:00,327.48,327.86,327.48,327.86,1900.0,327.673,15
2024-06-13 11:25:00-04:00,328.03,328.67,328.03,328.67,1556.0,328.437,15
2024-06-13 11:30:00-04:00,328.69,329.05,328.43,328.99,1700.0,328.82,15
2024-06-13 11:35:00-04:00,329.0,329.13,328.89,329.02,2000.0,329.075,20
2024-06-13 11:40:00-04:00,329.02,329.18,328.68,329.0,4575.0,328.93,41
2024-06-13 11:45:00-04:00,329.0,329.36,328.99,329.36,1615.0,329.196,14
2024-06-13 11:50:00-04:00,329.47,329.88,329.39,329.52,6823.0,329.674,61
2024-06-13 11:55:00-04:00,329.77,330.09,329.64,329.9,2031.0,329.847,16
2024-06-13 12:00:00-04:00,330.11,330.11,329.47,329.67,2247.0,329.677,21
2024-06-13 12:05:00-04:00,329.83,330.16,329.8,330.16,1846.0,330.001,18
2024-06-13 12:10:00-04:00,330.1,330.57,330.02,330.57,1204.0,330.197,12
2024-06-13 12:15:00-04:00,330.36,330.38,329.65,330.38,3257.0,329.985,28
2024-06-13 12:20:00-04:00,330.0,330.39,330.0,330.38,1703.0,330.104,15
2024-06-13 12:25:00-04:00,330.43,330.43,329.68,329.74,2477.0,329.856,18
2024-06-13 12:30:00-04:00,329.74,330.62,329.51,330.62,2825.0,330.068,26
2024-06-13 12:35:00-04:00,330.55,330.96,330.55,330.96,1602.0,330.725,15
2024-06-13 12:40:00-04:00,330.94,331.08,330.65,330.69,1766.0,330.82,13
2024-06-13 12:45:00-04:00,330.72,330.72,330.44,330.56,2400.0,330.576,20
2024-06-13 12:50:00-04:00,330.71,330.89,330.67,330.89,1239.0,330.782,12
2024-06-13 12:55:00-04:00,330.85,331.22,330.77,331.07,1582.0,331.042,14
2024-06-13 13:00:00-04:00,331.06,331.69,331.0,331.43,1841.0,331.345,17
2024-06-13 13:05:00-04:00,331.49,331.51,331.31,331.32,900.0,331.387,9
2024-06-13 13:10:00-04:00,331.37,331.61,331.33,331.61,1443.0,331.439,11
2024-06-13 13:15:00-04:00,331.36,331.36,330.87,330.98,2100.0,331.145,20
2024-06-13 13:20:00-04:00,330.96,331.07,330.41,330.41,3085.0,330.885,27
2024-06-13 13:25:00-04:00,330.46,330.54,330.31,330.32,1003.0,330.465,10
2024-06-13 13:30:00-04:00,330.29,330.36,330.1,330.36,1208.0,330.273,12
2024-06-13 13:35:00-04:00,330.28,330.55,330.1,330.55,4463.0,330.249,32
2024-06-13 13:40:00-04:00,330.61,330.61,330.61,330.61,392.0,330.61,3
2024-06-13 13:45:00-04:00,330.71,330.77,330.5,330.66,2877.0,330.618,24
2024-06-13 13:50:00-04:00,330.76,330.76,330.51,330.56,458.0,330.613,4
2024-06-13 13:55:00-04:00,330.62,330.76,330.54,330.54,1366.0,330.664,12
2024-06-13 14:00:00-04:00,330.47,330.84,330.46,330.65,1814.0,330.626,17
2024-06-13 14:05:00-04:00,330.9,331.42,330.8,331.42,1117.0,331.02,10
2024-06-13 14:10:00-04:00,331.63,331.63,331.18,331.18,2014.0,331.375,19
2024-06-13 14:15:00-04:00,331.03,331.28,331.03,331.09,3940.0,331.166,28
2024-06-13 14:20:00-04:00,331.14,331.16,331.14,331.16,500.0,331.152,5
2024-06-13 14:25:00-04:00,331.06,331.31,331.03,331.3,2425.0,331.2,18
2024-06-13 14:30:00-04:00,331.36,331.36,331.17,331.32,2164.0,331.279,18
2024-06-13 14:35:00-04:00,331.42,331.42,331.19,331.21,2432.0,331.277,19
2024-06-13 14:40:00-04:00,331.27,331.47,331.27,331.35,1224.0,331.389,12
2024-06-13 14:45:00-04:00,331.41,331.41,331.14,331.19,2307.0,331.245,20
2024-06-13 14:50:00-04:00,331.13,331.21,331.03,331.15,1289.0,331.106,12
2024-06-13 14:55:00-04:00,331.2,331.52,331.13,331.52,2069.0,331.321,19
2024-06-13 15:00:00-04:00,331.45,331.73,331.4,331.71,1831.0,331.539,16
2024-06-13 15:05:00-04:00,331.74,331.74,331.51,331.66,1059.0,331.619,10
2024-06-13 15:10:00-04:00,331.63,331.63,331.38,331.41,2934.0,331.495,25
2024-06-13 15:15:00-04:00,331.41,331.45,331.35,331.45,1000.0,331.398,10
2024-06-13 15:20:00-04:00,331.48,331.78,331.37,331.72,1970.0,331.621,18
2024-06-13 15:25:00-04:00,331.71,331.85,331.69,331.75,1368.0,331.76,12
2024-06-13 15:30:00-04:00,331.68,332.07,331.52,331.91,3899.0,331.714,35
2024-06-13 15:35:00-04:00,331.86,332.5,331.84,332.14,4305.0,332.187,35
2024-06-13 15:40:00-04:00,332.22,332.4,332.18,332.4,5860.0,332.272,53
2024-06-13 15:45:00-04:00,332.61,333.31,332.61,333.11,12571.0,333.088,84
2024-06-13 15:50:00-04:00,333.04,334.04,332.97,333.83,15896.0,333.575,115
2024-06-13 15:55:00-04:00,333.91,334.03,333.38,333.38,42160.0,333.735,302
2024-06-14 09:30:00-04:00,330.75,330.76,328.65,329.69,14372.0,330.578,20
2024-06-14 09:35:00-04:00,329.68,330.18,328.54,329.32,4144.0,329.416,26
2024-06-14 09:40:00-04:00,329.8,331.55,329.8,331.44,6332.0,331.06,55
2024-06-14 09:45:00-04:00,331.32,331.33,330.48,330.71,2956.0,330.793,26
2024-06-14 09:50:00-04:00,330.83,331.29,330.16,330.72,5906.0,330.787,47
2024-06-14 09:55:00-04:00,330.28,330.71,329.35,329.36,6110.0,330.226,46
2024-06-14 10:00:00-04:00,329.05,329.36,328.77,329.33,14362.0,329.043,93
2024-06-14 10:05:00-04:00,329.05,330.05,328.91,329.45,17459.0,329.294,116
2024-06-14 10:10:00-04:00,329.62,329.79,329.01,329.04,3563.0,329.449,31
2024-06-14 10:15:00-04:00,329.08,330.22,329.08,329.32,4418.0,329.767,38
2024-06-14 10:20:00-04:00,329.23,329.94,329.23,329.54,5206.0,329.639,42
2024-06-14 10:25:00-04:00,329.23,329.25,328.86,329.04,10622.0,329.082,69
2024-06-14 10:30:00-04:00,328.88,328.89,327.62,328.35,4364.0,328.337,41
2024-06-14 10:35:00-04:00,328.53,328.57,327.31,327.5,2583.0,327.843,17
2024-06-14 10:40:00-04:00,327.28,327.28,326.75,326.77,1839.0,326.94,13
2024-06-14 10:45:00-04:00,326.77,326.99,326.26,326.26,4972.0,326.586,33
2024-06-14 10:50:00-04:00,326.29,327.06,326.28,326.82,5550.0,326.554,40
2024-06-14 10:55:00-04:00,326.69,327.12,326.69,326.98,2549.0,326.944,21
2024-06-14 11:00:00-04:00,327.01,327.41,327.01,327.39,1546.0,327.204,15
2024-06-14 11:05:00-04:00,327.38,327.46,326.98,326.99,1475.0,327.203,13
2024-06-14 11:10:00-04:00,327.01,327.52,327.01,327.43,1400.0,327.325,14
2024-06-14 11:15:00-04:00,327.34,327.65,327.06,327.65,3232.0,327.228,18
2024-06-14 11:20:00-04:00,327.65,327.65,326.87,326.87,4678.0,327.204,36
2024-06-14 11:25:00-04:00,326.87,326.99,326.76,326.9,4614.0,326.92,40
2024-06-14 11:30:00-04:00,326.97,328.01,326.97,327.55,12747.0,327.441,116
2024-06-14 11:35:00-04:00,327.43,328.08,327.43,327.85,4598.0,327.844,30
2024-06-14 11:40:00-04:00,327.68,328.02,327.68,327.83,1419.0,327.913,14
2024-06-14 11:45:00-04:00,328.03,328.24,327.65,327.65,3341.0,327.951,32
2024-06-14 11:50:00-04:00,327.67,327.82,327.2,327.4,10423.0,327.714,34
2024-06-14 11:55:00-04:00,327.44,327.61,327.35,327.52,6720.0,327.526,47
2024-06-14 12:00:00-04:00,327.52,327.58,327.13,327.13,3419.0,327.334,27
2024-06-14 12:05:00-04:00,327.22,327.47,327.09,327.34,6349.0,327.299,40
2024-06-14 12:10:00-04:00,327.34,328.18,327.34,327.9,6819.0,327.639,53
2024-06-14 12:15:00-04:00,327.94,327.94,327.5,327.63,1337.0,327.697,13
2024-06-14 12:20:00-04:00,327.5,327.71,327.43,327.67,1937.0,327.566,19
2024-06-14 12:25:00-04:00,327.66,327.66,327.33,327.54,1500.0,327.46,15
2024-06-14 12:30:00-04:00,327.59,327.86,327.53,327.82,3027.0,327.663,24
2024-06-14 12:35:00-04:00,327.94,328.13,327.85,327.94,4486.0,327.973,40
2024-06-14 12:40:00-04:00,327.97,327.97,327.73,327.81,1300.0,327.813,13
2024-06-14 12:45:00-04:00,327.81,328.41,327.81,328.41,4676.0,328.037,42
2024-06-14 12:50:00-04:00,328.63,329.16,328.53,328.53,1706.0,328.783,16
2024-06-14 12:55:00-04:00,328.68,328.84,328.68,328.84,735.0,328.796,6
2024-06-14 13:00:00-04:00,328.83,328.83,328.44,328.44,2421.0,328.667,24
2024-06-14 13:05:00-04:00,328.4,328.48,328.24,328.3,2367.0,328.354,21
2024-06-14 13:10:00-04:00,328.16,328.65,328.11,328.62,2989.0,328.38,29
2024-06-14 13:15:00-04:00,328.75,328.86,328.51,328.53,1200.0,328.681,12
2024-06-14 13:20:00-04:00,328.75,329.06,328.71,328.85,2419.0,328.895,24
2024-06-14 13:25:00-04:00,328.85,329.06,328.69,328.69,4025.0,328.93,37
2024-06-14 13:30:00-04:00,328.79,328.84,328.45,328.59,1990.0,328.686,19
2024-06-14 13:35:00-04:00,328.58,328.75,328.53,328.75,3479.0,328.624,34
2024-06-14 13:40:00-04:00,328.68,328.68,328.07,328.1,1314.0,328.288,12
2024-06-14 13:45:00-04:00,328.26,328.52,328.22,328.22,1921.0,328.376,17
2024-06-14 13:50:00-04:00,328.35,329.29,328.25,329.23,4975.0,328.646,37
2024-06-14 13:55:00-04:00,329.34,329.39,329.0,329.31,3570.0,329.201,24
2024-06-14 14:00:00-04:00,329.22,329.73,329.05,329.71,3695.0,329.324,31
2024-06-14 14:05:00-04:00,329.62,329.76,329.28,329.28,1004.0,329.588,6
2024-06-14 14:10:00-04:00,329.11,329.11,328.78,328.86,1268.0,328.929,12
2024-06-14 14:15:00-04:00,328.79,329.15,328.62,329.09,1770.0,328.841,17
2024-06-14 14:20:00-04:00,329.24,329.29,329.09,329.29,1061.0,329.182,9
2024-06-14 14:25:00-04:00,329.42,329.82,329.41,329.5,1500.0,329.543,13
2024-06-14 14:30:00-04:00,329.37,329.53,329.37,329.44,1922.0,329.45,14
2024-06-14 14:35:00-04:00,329.67,330.27,329.67,330.27,3408.0,329.929,28
2024-06-14 14:40:00-04:00,330.17,330.36,329.92,330.25,5052.0,330.188,49
2024-06-14 14:45:00-04:00,330.3,330.37,330.09,330.3,2057.0,330.223,19
2024-06-14 14:50:00-04:00,330.28,330.78,330.23,330.71,3443.0,330.474,28
2024-06-14 14:55:00-04:00,330.72,330.72,330.34,330.68,3333.0,330.532,32
2024-06-14 15:00:00-04:00,330.5,330.74,330.49,330.63,1626.0,330.623,16
2024-06-14 15:05:00-04:00,330.67,330.79,330.42,330.57,3050.0,330.606,28
2024-06-14 15:10:00-04:00,330.44,330.53,330.37,330.5,3712.0,330.46,35
2024-06-14 15:15:00-04:00,330.44,330.73,330.44,330.55,3410.0,330.596,32
2024-06-14 15:20:00-04:00,330.61,330.75,330.36,330.52,5040.0,330.527,46
2024-06-14 15:25:00-04:00,330.73,330.76,330.34,330.51,5907.0,330.59,56
2024-06-14 15:30:00-04:00,330.43,330.47,330.21,330.22,4278.0,330.33,40
2024-06-14 15:35:00-04:00,330.27,330.54,330.05,330.54,7613.0,330.267,71
2024-06-14 15:40:00-04:00,330.46,330.46,329.94,330.33,4328.0,330.197,36
2024-06-14 15:45:00-04:00,330.29,330.36,330.03,330.04,3647.0,330.166,32
2024-06-14 15:50:00-04:00,329.97,330.11,329.46,329.57,9469.0,329.709,87
2024-06-14 15:55:00-04:00,329.6,329.99,329.5,329.63,28861.0,329.714,224
2024-06-17 09:30:00-04:00,329.47,330.3,327.86,330.25,16994.0,329.35,39
2024-06-17 09:35:00-04:00,329.92,330.99,329.0,329.76,7738.0,329.452,64
2024-06-17 09:40:00-04:00,329.41,330.06,329.32,329.41,2579.0,329.595,19
2024-06-17 09:45:00-04:00,329.06,330.05,328.4,328.4,11678.0,329.124,95
2024-06-17 09:50:00-04:00,328.4,329.28,327.88,328.63,5633.0,328.516,38
2024-06-17 09:55:00-04:00,328.47,329.08,327.82,328.35,9317.0,328.298,60
2024-06-17 10:00:00-04:00,328.62,329.4,328.36,329.13,3182.0,328.882,27
2024-06-17 10:05:00-04:00,329.66,331.71,329.57,331.5,5832.0,330.672,43
2024-06-17 10:10:00-04:00,331.78,332.55,331.15,332.2,11998.0,331.845,99
2024-06-17 10:15:00-04:00,332.2,333.12,332.0,332.47,12231.0,332.585,100
2024-06-17 10:20:00-04:00,332.74,332.74,331.86,332.07,9763.0,332.209,88
2024-06-17 10:25:00-04:00,332.07,332.51,332.07,332.16,4929.0,332.236,47
2024-06-17 10:30:00-04:00,332.16,332.72,332.16,332.41,5816.0,332.384,51
2024-06-17 10:35:00-04:00,332.44,332.81,332.15,332.6,8400.0,332.47,70
2024-06-17 10:40:00-04:00,332.6,333.19,332.36,332.95,5943.0,332.845,45
2024-06-17 10:45:00-04:00,333.06,333.4,332.85,333.0,5048.0,333.083,33
2024-06-17 10:50:00-04:00,333.09,333.32,332.54,332.55,3546.0,332.907,30
2024-06-17 10:55:00-04:00,332.68,332.68,331.35,331.67,6345.0,331.973,41
2024-06-17 11:00:00-04:00,331.93,332.19,331.33,331.85,4142.0,331.722,37
2024-06-17 11:05:00-04:00,331.94,332.34,331.68,332.31,3530.0,332.108,33
2024-06-17 11:10:00-04:00,332.24,332.81,332.14,332.71,5959.0,332.585,44
2024-06-17 11:15:00-04:00,332.58,332.67,332.47,332.55,2768.0,332.575,23
2024-06-17 11:20:00-04:00,332.51,333.32,332.36,333.32,4534.0,332.666,40
2024-06-17 11:25:00-04:00,333.27,333.33,332.89,333.13,5950.0,333.113,50
2024-06-17 11:30:00-04:00,333.0,333.04,332.48,332.48,3394.0,332.867,33
2024-06-17 11:35:00-04:00,332.6,332.64,332.24,332.46,3281.0,332.414,30
2024-06-17 11:40:00-04:00,332.32,332.78,332.18,332.68,5178.0,332.424,46
2024-06-17 11:45:00-04:00,332.78,332.9,332.46,332.52,6797.0,332.644,64
2024-06-17 11:50:00-04:00,332.52,332.84,332.41,332.84,2837.0,332.615,25
2024-06-17 11:55:00-04:00,332.91,333.38,332.91,333.38,3819.0,333.211,34
2024-06-17 12:00:00-04:00,333.28,333.39,333.03,333.38,6198.0,333.214,54
2024-06-17 12:05:00-04:00,333.24,333.36,333.21,333.36,3610.0,333.294,31
2024-06-17 12:10:00-04:00,333.23,333.89,333.09,333.59,2570.0,333.478,21
2024-06-17 12:15:00-04:00,333.9,334.1,333.83,333.89,4784.0,333.975,41
2024-06-17 12:20:00-04:00,333.81,334.28,333.61,334.28,2051.0,333.842,19
2024-06-17 12:25:00-04:00,334.23,334.53,334.14,334.53,3746.0,334.305,28
2024-06-17 12:30:00-04:00,334.41,334.46,334.06,334.32,2261.0,334.312,20
2024-06-17 12:35:00-04:00,334.32,334.32,333.67,333.91,2252.0,334.036,19
2024-06-17 12:40:00-04:00,334.05,334.06,333.53,333.85,1667.0,333.823,12
2024-06-17 12:45:00-04:00,333.84,334.45,333.84,334.42,2300.0,334.128,20
2024-06-17 12:50:00-04:00,334.5,334.68,334.4,334.41,3001.0,334.534,24
2024-06-17 12:55:00-04:00,334.34,334.62,334.29,334.47,2417.0,334.408,19
2024-06-17 13:00:00-04:00,334.47,334.72,334.36,334.62,1300.0,334.517,12
2024-06-17 13:05:00-04:00,334.66,334.78,334.65,334.78,2299.0,334.716,22
2024-06-17 13:10:00-04:00,334.65,334.9,334.64,334.74,4361.0,334.819,19
2024-06-17 13:15:00-04:00,334.88,335.19,334.84,335.0,3760.0,335.041,32
2024-06-17 13:20:00-04:00,335.07,335.19,334.76,334.85,2400.0,334.935,24
2024-06-17 13:25:00-04:00,334.86,335.1,334.79,334.88,6567.0,334.959,47
2024-06-17 13:30:00-04:00,334.9,335.48,334.89,335.25,4486.0,335.152,40
2024-06-17 13:35:00-04:00,335.22,335.63,335.19,335.63,1221.0,335.397,11
2024-06-17 13:40:00-04:00,335.6,335.75,335.33,335.42,4057.0,335.524,33
2024-06-17 13:45:00-04:00,335.5,335.66,335.44,335.44,3220.0,335.573,28
2024-06-17 13:50:00-04:00,335.63,335.85,335.63,335.85,1466.0,335.716,14
2024-06-17 13:55:00-04:00,335.67,335.67,335.15,335.5,3130.0,335.48,29
2024-06-17 14:00:00-04:00,335.45,336.27,335.45,336.27,5819.0,336.012,42
2024-06-17 14:05:00-04:00,336.28,336.56,336.28,336.45,2016.0,336.43,15
2024-06-17 14:10:00-04:00,336.54,336.57,335.35,335.36,6879.0,336.075,52
2024-06-17 14:15:00-04:00,335.6,336.21,335.38,336.05,4783.0,335.858,37
2024-06-17 14:20:00-04:00,336.04,336.29,335.91,336.25,3986.0,336.129,24
2024-06-17 14:25:00-04:00,336.09,336.29,335.95,335.95,4360.0,336.065,31
2024-06-17 14:30:00-04:00,336.08,336.11,335.77,336.1,1224.0,336.053,12
2024-06-17 14:35:00-04:00,336.26,336.68,336.21,336.4,3643.0,336.393,31
2024-06-17 14:40:00-04:00,336.35,336.36,335.99,336.19,2784.0,336.214,24
2024-06-17 14:45:00-04:00,336.28,336.28,336.06,336.13,1133.0,336.145,10
2024-06-17 14:50:00-04:00,336.07,336.25,336.0,336.1,3006.0,336.121,24
2024-06-17 14:55:00-04:00,336.04,336.29,336.0,336.29,5883.0,336.123,57
2024-06-17 15:00:00-04:00,336.09,336.39,335.96,336.27,6658.0,336.208,42
2024-06-17 15:05:00-04:00,336.22,336.35,336.21,336.35,1167.0,336.29,11
2024-06-17 15:10:00-04:00,336.42,336.62,336.27,336.62,4754.0,336.377,37
2024-06-17 15:15:00-04:00,336.55,336.77,336.45,336.46,4866.0,336.608,41
2024-06-17 15:20:00-04:00,336.46,336.47,335.97,336.17,10990.0,336.225,88
2024-06-17 15:25:00-04:00,336.21,336.47,336.04,336.2,15986.0,336.248,131
2024-06-17 15:30:00-04:00,336.21,336.21,335.28,335.68,8833.0,335.715,68
2024-06-17 15:35:00-04:00,335.54,335.96,335.53,335.82,7215.0,335.769,63
2024-06-17 15:40:00-04:00,335.86,336.35,335.86,336.0,10470.0,336.157,86
2024-06-17 15:45:00-04:00,335.96,336.05,335.15,335.33,9203.0,335.654,79
2024-06-17 15:50:00-04:00,335.43,335.61,334.92,335.25,26559.0,335.199,190
2024-06-17 15:55:00-04:00,335.33,335.57,334.98,335.54,51042.0,335.341,348
2024-06-18 09:30:00-04:00,334.62,335.91,334.08,335.17,20480.0,334.742,71
2024-06-18 09:35:00-04:00,335.42,337.5,335.42,336.6,6948.0,336.84,52
2024-06-18 09:40:00-04:00,336.75,338.06,336.15,336.92,11006.0,337.229,75
2024-06-18 09:45:00-04:00,336.81,337.46,336.07,336.12,7229.0,336.822,54
2024-06-18 09:50:00-04:00,335.96,336.72,335.11,335.51,13692.0,335.818,104
2024-06-18 09:55:00-04:00,335.29,335.59,334.09,334.41,19155.0,334.801,176
2024-06-18 10:00:00-04:00,334.4,336.01,333.92,335.06,15890.0,335.121,127
2024-06-18 10:05:00-04:00,334.68,336.47,334.29,336.35,10128.0,335.372,83
2024-06-18 10:10:00-04:00,336.51,336.68,335.6,335.93,4246.0,336.218,33
2024-06-18 10:15:00-04:00,335.99,336.82,335.99,336.74,5880.0,336.476,48
2024-06-18 10:20:00-04:00,336.67,337.38,336.38,336.82,7764.0,336.837,55
2024-06-18 10:25:00-04:00,336.58,337.72,336.3,336.98,11504.0,337.165,101
2024-06-18 10:30:00-04:00,336.99,338.89,336.98,338.89,6537.0,338.067,56
2024-06-18 10:35:00-04:00,338.7,338.87,338.29,338.52,6551.0,338.598,48
2024-06-18 10:40:00-04:00,338.46,338.83,338.46,338.83,2074.0,338.647,19
2024-06-18 10:45:00-04:00,338.7,339.04,338.13,338.44,11196.0,338.569,56
2024-06-18 10:50:00-04:00,338.38,338.91,338.22,338.67,2643.0,338.559,24
2024-06-18 10:55:00-04:00,338.68,338.85,338.46,338.72,4399.0,338.684,36
2024-06-18 11:00:00-04:00,338.66,339.31,338.65,338.79,8633.0,338.918,54
2024-06-18 11:05:00-04:00,338.75,339.14,338.75,339.0,1944.0,338.894,14
2024-06-18 11:10:00-04:00,339.16,339.17,338.71,339.0,4702.0,338.925,45
2024-06-18 11:15:00-04:00,339.17,339.39,338.88,339.39,4327.0,339.128,40
2024-06-18 11:20:00-04:00,339.36,339.78,339.36,339.76,3444.0,339.593,25
2024-06-18 11:25:00-04:00,339.61,339.95,339.39,339.94,5556.0,339.556,35
2024-06-18 11:30:00-04:00,339.83,340.03,339.76,339.8,9009.0,339.915,58
2024-06-18 11:35:00-04:00,339.88,340.25,339.88,340.03,4562.0,340.029,37
2024-06-18 11:40:00-04:00,340.05,340.14,339.34,339.55,3516.0,339.781,34
2024-06-18 11:45:00-04:00,339.68,340.46,339.68,340.46,8206.0,340.121,72
2024-06-18 11:50:00-04:00,340.43,341.22,340.43,341.14,11005.0,340.727,66
2024-06-18 11:55:00-04:00,341.03,341.18,340.74,341.12,8756.0,340.953,56
2024-06-18 12:00:00-04:00,341.08,341.39,340.89,341.03,12929.0,341.117,68
2024-06-18 12:05:00-04:00,341.03,341.5,340.9,341.5,6513.0,341.264,33
2024-06-18 12:10:00-04:00,341.5,341.75,341.27,341.63,8865.0,341.533,34
2024-06-18 12:15:00-04:00,341.68,341.88,341.58,341.83,7657.0,341.751,28
2024-06-18 12:20:00-04:00,341.84,342.12,341.74,341.92,17036.0,341.919,76
2024-06-18 12:25:00-04:00,341.87,342.42,341.87,342.24,9073.0,342.129,53
2024-06-18 12:30:00-04:00,342.36,342.72,342.22,342.59,10045.0,342.513,43
2024-06-18 12:35:00-04:00,342.38,342.74,342.38,342.73,3220.0,342.617,29
2024-06-18 12:40:00-04:00,342.75,342.82,342.13,342.14,6066.0,342.466,35
2024-06-18 12:45:00-04:00,341.95,342.14,341.88,342.14,1392.0,342.013,10
2024-06-18 12:50:00-04:00,342.06,342.28,342.01,342.28,2691.0,342.142,21
2024-06-18 12:55:00-04:00,342.28,343.09,342.23,343.09,13077.0,342.761,97
2024-06-18 13:00:00-04:00,342.97,343.03,342.65,343.03,10346.0,342.888,89
2024-06-18 13:05:00-04:00,342.92,343.02,342.52,342.88,7876.0,342.77,55
2024-06-18 13:10:00-04:00,342.86,343.01,342.74,343.0,6932.0,342.896,34
2024-06-18 13:15:00-04:00,343.0,343.01,342.51,342.78,9830.0,342.746,38
2024-06-18 13:20:00-04:00,342.91,343.15,342.8,342.91,4626.0,342.967,35
2024-06-18 13:25:00-04:00,342.81,342.96,342.69,342.73,3106.0,342.849,23
2024-06-18 13:30:00-04:00,342.75,342.89,342.66,342.87,5570.0,342.814,29
2024-06-18 13:35:00-04:00,342.88,343.11,342.86,343.1,3135.0,342.972,22
2024-06-18 13:40:00-04:00,343.0,343.0,342.67,342.87,3064.0,342.873,20
2024-06-18 13:45:00-04:00,342.94,343.16,342.94,342.99,4126.0,343.011,31
2024-06-18 13:50:00-04:00,343.1,343.12,342.5,342.72,8654.0,342.785,79
2024-06-18 13:55:00-04:00,342.88,342.96,342.54,342.66,3744.0,342.838,37
2024-06-18 14:00:00-04:00,342.65,342.65,341.75,342.22,4743.0,342.187,36
2024-06-18 14:05:00-04:00,342.29,342.6,342.27,342.32,3100.0,342.403,25
2024-06-18 14:10:00-04:00,342.45,342.46,342.07,342.1,1825.0,342.272,16
2024-06-18 14:15:00-04:00,341.96,342.18,341.89,341.91,2603.0,342.081,25
2024-06-18 14:20:00-04:00,341.96,342.27,341.96,342.24,3691.0,342.156,29
2024-06-18 14:25:00-04:00,342.32,342.69,342.28,342.52,3002.0,342.517,27
2024-06-18 14:30:00-04:00,342.59,342.79,342.55,342.67,3074.0,342.688,23
2024-06-18 14:35:00-04:00,342.72,342.81,342.42,342.53,2134.0,342.678,19
2024-06-18 14:40:00-04:00,342.55,343.02,342.54,343.02,4442.0,342.886,40
2024-06-18 14:45:00-04:00,343.0,343.06,342.78,342.78,5598.0,342.895,36
2024-06-18 14:50:00-04:00,342.85,342.85,342.49,342.61,4587.0,342.644,23
2024-06-18 14:55:00-04:00,342.74,342.87,342.58,342.62,5087.0,342.747,34
2024-06-18 15:00:00-04:00,342.62,342.95,342.62,342.84,3083.0,342.863,19
2024-06-18 15:05:00-04:00,342.85,343.1,342.67,343.1,6120.0,342.864,54
2024-06-18 15:10:00-04:00,343.09,343.14,342.87,342.94,4513.0,342.957,39
2024-06-18 15:15:00-04:00,342.94,343.06,342.94,343.0,4230.0,342.999,36
2024-06-18 15:20:00-04:00,343.0,343.24,342.99,343.16,4608.0,343.141,36
2024-06-18 15:25:00-04:00,343.19,343.65,343.19,343.49,8013.0,343.466,65
2024-06-18 15:30:00-04:00,343.52,343.67,343.39,343.67,6117.0,343.521,46
2024-06-18 15:35:00-04:00,343.71,343.87,343.55,343.83,5543.0,343.722,43
2024-06-18 15:40:00-04:00,343.79,343.91,343.63,343.73,9064.0,343.798,68
2024-06-18 15:45:00-04:00,343.75,344.16,343.73,343.73,10737.0,343.982,93
2024-06-18 15:50:00-04:00,343.93,344.3,343.75,344.1,24222.0,344.018,202
2024-06-18 15:55:00-04:00,344.11,345.46,343.86,345.46,84863.0,344.834,530
2024-06-20 09:30:00-04:00,341.21,343.92,341.21,343.23,56128.0,341.824,82
2024-06-20 09:35:00-04:00,342.72,342.94,339.55,341.31,34900.0,340.623,72
2024-06-20 09:40:00-04:00,341.13,342.03,341.07,341.07,6726.0,341.558,59
2024-06-20 09:45:00-04:00,341.45,342.75,341.25,342.48,9894.0,341.988,91
2024-06-20 09:50:00-04:00,342.19,342.19,340.15,340.93,4389.0,340.886,38
2024-06-20 09:55:00-04:00,340.88,341.36,340.1,340.93,26894.0,340.398,76
2024-06-20 10:00:00-04:00,340.89,341.38,340.5,340.97,11378.0,340.774,50
2024-06-20 10:05:00-04:00,340.92,340.96,339.33,339.34,12946.0,340.237,113
2024-06-20 10:10:00-04:00,339.08,339.13,337.47,338.06,23764.0,338.18,169
2024-06-20 10:15:00-04:00,337.88,338.99,337.06,337.29,33678.0,338.289,102
2024-06-20 10:20:00-04:00,337.35,337.35,336.05,336.82,19186.0,336.584,154
2024-06-20 10:25:00-04:00,336.87,338.23,336.69,337.27,34925.0,337.318,234
2024-06-20 10:30:00-04:00,336.77,337.93,336.46,337.41,7693.0,337.336,69
2024-06-20 10:35:00-04:00,337.42,337.42,336.57,336.77,6134.0,337.126,50
2024-06-20 10:40:00-04:00,336.77,336.86,335.45,336.13,14287.0,336.125,117
2024-06-20 10:45:00-04:00,336.18,336.18,335.84,335.86,2450.0,335.999,23
2024-06-20 10:50:00-04:00,335.88,337.24,335.88,337.24,20556.0,336.456,137
2024-06-20 10:55:00-04:00,337.23,337.64,336.71,337.17,12090.0,336.925,43
2024-06-20 11:00:00-04:00,337.18,337.65,337.17,337.43,6104.0,337.43,53
2024-06-20 11:05:00-04:00,337.41,337.41,336.62,337.2,9018.0,336.896,48
2024-06-20 11:10:00-04:00,337.15,337.43,336.93,337.12,9408.0,337.189,63
2024-06-20 11:15:00-04:00,337.04,337.13,336.52,336.53,3710.0,336.769,34
2024-06-20 11:20:00-04:00,336.42,336.42,335.97,335.99,4145.0,336.184,39
2024-06-20 11:25:00-04:00,335.87,336.89,335.74,336.73,4816.0,336.182,45
2024-06-20 11:30:00-04:00,336.84,337.63,336.81,337.63,7158.0,337.234,52
2024-06-20 11:35:00-04:00,337.58,337.61,336.21,336.46,14388.0,337.186,69
2024-06-20 11:40:00-04:00,336.5,336.75,336.12,336.27,8574.0,336.459,41
2024-06-20 11:45:00-04:00,336.3,336.65,335.92,335.93,11040.0,336.369,49
2024-06-20 11:50:00-04:00,336.06,336.25,335.48,335.63,5229.0,335.901,44
2024-06-20 11:55:00-04:00,335.57,335.7,335.37,335.48,3628.0,335.553,30
2024-06-20 12:00:00-04:00,335.32,336.45,335.31,336.32,6709.0,335.947,58
2024-06-20 12:05:00-04:00,336.31,336.43,336.09,336.29,2806.0,336.262,26
2024-06-20 12:10:00-04:00,336.2,336.66,336.13,336.48,5305.0,336.546,24
2024-06-20 12:15:00-04:00,336.56,337.15,336.45,336.82,5918.0,336.762,47
2024-06-20 12:20:00-04:00,336.9,337.45,336.24,336.33,6661.0,336.895,61
2024-06-20 12:25:00-04:00,336.25,336.78,336.15,336.15,3511.0,336.485,35
2024-06-20 12:30:00-04:00,335.84,335.93,335.4,335.74,4443.0,335.713,35
2024-06-20 12:35:00-04:00,335.81,336.12,335.5,335.78,2926.0,335.858,24
2024-06-20 12:40:00-04:00,335.88,336.24,335.69,335.9,6957.0,336.065,31
2024-06-20 12:45:00-04:00,335.86,335.98,335.3,335.79,6238.0,335.681,45
2024-06-20 12:50:00-04:00,335.8,335.89,335.53,335.6,2908.0,335.743,24
2024-06-20 12:55:00-04:00,335.72,335.72,335.27,335.59,2631.0,335.503,24
2024-06-20 13:00:00-04:00,335.46,335.46,334.79,334.84,3728.0,335.039,36
2024-06-20 13:05:00-04:00,334.78,335.01,333.94,334.08,5980.0,334.297,42
2024-06-20 13:10:00-04:00,334.1,334.73,334.0,334.52,5110.0,334.436,39
2024-06-20 13:15:00-04:00,334.24,334.51,334.2,334.2,2483.0,334.402,20
2024-06-20 13:20:00-04:00,334.19,334.32,333.84,334.01,3600.0,334.123,35
2024-06-20 13:25:00-04:00,333.85,333.85,333.47,333.73,3484.0,333.731,30
2024-06-20 13:30:00-04:00,333.86,334.15,332.73,332.88,2423.0,333.372,23
2024-06-20 13:35:00-04:00,332.82,333.13,332.25,332.52,7959.0,332.689,70
2024-06-20 13:40:00-04:00,332.52,332.97,332.48,332.97,4682.0,332.78,35
2024-06-20 13:45:00-04:00,332.74,332.74,332.34,332.34,3746.0,332.559,36
2024-06-20 13:50:00-04:00,332.44,332.94,332.43,332.71,4862.0,332.68,38
2024-06-20 13:55:00-04:00,332.69,333.07,332.69,333.07,5210.0,332.846,45
2024-06-20 14:00:00-04:00,333.08,334.04,332.96,333.92,4564.0,333.61,44
2024-06-20 14:05:00-04:00,333.94,333.94,333.61,333.65,2164.0,333.729,21
2024-06-20 14:10:00-04:00,333.76,334.12,333.66,334.02,2503.0,333.894,24
2024-06-20 14:15:00-04:00,334.22,334.76,334.08,334.69,9545.0,334.402,50
2024-06-20 14:20:00-04:00,334.63,334.64,333.84,334.24,5285.0,334.196,52
2024-06-20 14:25:00-04:00,334.23,334.7,334.23,334.57,3245.0,334.465,29
2024-06-20 14:30:00-04:00,334.56,334.86,334.55,334.61,6987.0,334.706,50
2024-06-20 14:35:00-04:00,334.61,334.61,333.63,333.98,6548.0,334.139,57
2024-06-20 14:40:00-04:00,334.08,334.16,333.71,334.01,7193.0,334.009,47
2024-06-20 14:45:00-04:00,334.13,334.15,333.57,333.79,10619.0,333.867,87
2024-06-20 14:50:00-04:00,333.79,333.86,333.35,333.35,3446.0,333.645,31
2024-06-20 14:55:00-04:00,333.6,333.63,333.06,333.06,7767.0,333.432,62
2024-06-20 15:00:00-04:00,333.17,333.31,332.65,332.94,8846.0,333.103,61
2024-06-20 15:05:00-04:00,333.04,333.05,332.62,332.76,4684.0,332.762,45
2024-06-20 15:10:00-04:00,332.56,333.01,332.56,333.01,5967.0,332.785,51
2024-06-20 15:15:00-04:00,332.98,333.12,332.98,333.02,4781.0,333.029,44
2024-06-20 15:20:00-04:00,333.01,333.64,332.92,333.64,9299.0,333.185,87
2024-06-20 15:25:00-04:00,333.71,334.61,333.71,334.46,8501.0,334.21,71
2024-06-20 15:30:00-04:00,334.57,335.21,334.18,335.0,13899.0,334.482,115
2024-06-20 15:35:00-04:00,335.16,335.16,334.36,334.56,13060.0,334.701,116
2024-06-20 15:40:00-04:00,334.59,335.22,334.45,335.22,16648.0,334.792,144
2024-06-20 15:45:00-04:00,335.14,335.48,334.84,335.3,21367.0,335.141,172
2024-06-20 15:50:00-04:00,335.29,336.15,335.2,335.94,26136.0,335.828,205
2024-06-20 15:55:00-04:00,335.94,335.97,335.34,335.94,79591.0,335.64,505
2024-06-21 09:30:00-04:00,333.93,334.31,332.03,332.25,139613.0,333.92,13
2024-06-21 09:35:00-04:00,332.31,333.43,330.81,330.89,2667.0,332.021,22
2024-06-21 09:40:00-04:00,330.86,330.86,329.01,329.26,2536.0,330.111,17
2024-06-21 09:45:00-04:00,328.54,330.46,327.61,330.46,5958.0,329.192,51
2024-06-21 09:50:00-04:00,330.57,332.01,330.18,330.95,6000.0,330.767,53
2024-06-21 09:55:00-04:00,330.88,331.24,330.61,330.99,4417.0,330.954,39
2024-06-21 10:00:00-04:00,330.98,332.38,330.97,332.38,8782.0,331.909,65
2024-06-21 10:05:00-04:00,332.39,333.15,332.2,332.81,5859.0,332.707,31
2024-06-21 10:10:00-04:00,332.81,333.5,332.74,333.37,3697.0,333.04,32
2024-06-21 10:15:00-04:00,333.55,333.81,332.2,332.73,10237.0,333.32,35
2024-06-21 10:20:00-04:00,333.34,333.34,332.31,332.74,3786.0,332.794,29
2024-06-21 10:25:00-04:00,332.74,332.98,332.54,332.54,4012.0,332.806,34
2024-06-21 10:30:00-04:00,332.24,332.36,331.79,331.79,7578.0,332.138,67
2024-06-21 10:35:00-04:00,331.8,332.11,331.5,332.06,4431.0,331.78,33
2024-06-21 10:40:00-04:00,332.08,333.07,332.08,332.55,7528.0,332.559,64
2024-06-21 10:45:00-04:00,332.78,333.47,332.78,333.38,2250.0,333.222,20
2024-06-21 10:50:00-04:00,333.24,333.37,333.0,333.33,1840.0,333.211,16
2024-06-21 10:55:00-04:00,332.67,333.51,332.67,333.08,7367.0,333.314,58
2024-06-21 11:00:00-04:00,333.07,333.5,333.07,333.18,5449.0,333.364,41
2024-06-21 11:05:00-04:00,333.13,333.41,332.8,332.81,2948.0,333.06,18
2024-06-21 11:10:00-04:00,332.71,332.99,332.71,332.88,5038.0,332.824,35
2024-06-21 11:15:00-04:00,332.88,333.21,332.74,333.21,3944.0,332.896,25
2024-06-21 11:20:00-04:00,332.93,332.93,332.77,332.82,1370.0,332.852,11
2024-06-21 11:25:00-04:00,332.86,332.86,332.04,332.55,4469.0,332.391,31
2024-06-21 11:30:00-04:00,332.55,332.69,332.04,332.04,7944.0,332.395,54
2024-06-21 11:35:00-04:00,332.21,332.24,331.02,331.24,4561.0,331.769,32
2024-06-21 11:40:00-04:00,331.27,331.78,331.12,331.34,7576.0,331.426,57
2024-06-21 11:45:00-04:00,331.51,332.69,331.36,332.59,4146.0,332.096,36
2024-06-21 11:50:00-04:00,332.91,333.3,332.66,333.01,4771.0,332.991,40
2024-06-21 11:55:00-04:00,332.99,332.99,332.75,332.79,2335.0,332.905,18
2024-06-21 12:00:00-04:00,332.93,332.99,332.34,332.8,6495.0,332.67,44
2024-06-21 12:05:00-04:00,332.71,332.83,332.14,332.32,3327.0,332.425,26
2024-06-21 12:10:00-04:00,332.25,332.38,332.14,332.38,1887.0,332.301,13
2024-06-21 12:15:00-04:00,332.37,332.61,332.03,332.12,1893.0,332.368,18
2024-06-21 12:20:00-04:00,332.11,332.26,331.84,331.9,2178.0,332.078,20
2024-06-21 12:25:00-04:00,331.72,332.37,331.71,332.29,2929.0,332.001,23
2024-06-21 12:30:00-04:00,332.52,332.52,332.37,332.44,1335.0,332.423,11
2024-06-21 12:35:00-04:00,332.44,332.73,332.43,332.48,1714.0,332.616,14
2024-06-21 12:40:00-04:00,332.58,332.8,332.32,332.32,3380.0,332.582,25
2024-06-21 12:45:00-04:00,332.31,332.89,332.31,332.89,2869.0,332.656,28
2024-06-21 12:50:00-04:00,332.76,333.08,332.71,332.94,3797.0,332.933,33
2024-06-21 12:55:00-04:00,332.73,332.87,332.43,332.44,2024.0,332.69,17
2024-06-21 13:00:00-04:00,332.46,332.46,332.24,332.37,1783.0,332.383,13
2024-06-21 13:05:00-04:00,332.18,332.35,332.16,332.33,1104.0,332.248,10
2024-06-21 13:10:00-04:00,332.31,332.31,331.9,332.08,1545.0,332.13,14
2024-06-21 13:15:00-04:00,332.06,332.37,332.06,332.16,2835.0,332.229,27
2024-06-21 13:20:00-04:00,332.38,332.39,332.04,332.04,653.0,332.325,5
2024-06-21 13:25:00-04:00,331.99,332.29,331.98,332.2,1084.0,332.154,10
2024-06-21 13:30:00-04:00,331.95,332.16,331.74,331.74,900.0,332.022,9
2024-06-21 13:35:00-04:00,331.81,331.94,331.8,331.94,1124.0,331.881,11
2024-06-21 13:40:00-04:00,331.77,331.77,331.43,331.43,400.0,331.603,4
2024-06-21 13:45:00-04:00,331.58,331.59,331.58,331.59,200.0,331.585,2
2024-06-21 13:50:00-04:00,331.59,331.86,331.53,331.75,2048.0,331.73,19
2024-06-21 13:55:00-04:00,331.64,331.64,331.48,331.48,600.0,331.517,6
2024-06-21 14:00:00-04:00,331.49,331.56,331.39,331.39,1024.0,331.463,9
2024-06-21 14:05:00-04:00,331.39,331.72,331.3,331.71,1504.0,331.496,14
2024-06-21 14:10:00-04:00,331.6,331.8,331.51,331.68,1500.0,331.611,13
2024-06-21 14:15:00-04:00,331.68,331.99,331.68,331.83,2113.0,331.828,18
2024-06-21 14:20:00-04:00,331.85,331.85,331.52,331.52,608.0,331.695,5
2024-06-21 14:25:00-04:00,331.49,331.76,331.49,331.76,1015.0,331.613,9
2024-06-21 14:30:00-04:00,331.56,331.69,331.37,331.39,1633.0,331.443,11
2024-06-21 14:35:00-04:00,331.43,331.57,331.28,331.45,1234.0,331.441,10
2024-06-21 14:40:00-04:00,331.53,331.85,331.48,331.85,2981.0,331.786,12
2024-06-21 14:45:00-04:00,331.75,331.88,331.62,331.62,1212.0,331.766,11
2024-06-21 14:50:00-04:00,331.71,331.94,331.52,331.94,840.0,331.727,7
2024-06-21 14:55:00-04:00,331.77,332.2,331.73,332.2,1092.0,331.944,10
2024-06-21 15:00:00-04:00,332.16,332.71,332.16,332.71,871.0,332.418,7
2024-06-21 15:05:00-04:00,332.75,333.04,332.75,332.86,7404.0,332.925,48
2024-06-21 15:10:00-04:00,333.2,333.43,333.11,333.27,3398.0,333.269,22
2024-06-21 15:15:00-04:00,333.5,333.5,332.97,333.24,2208.0,333.207,18
2024-06-21 15:20:00-04:00,333.04,333.35,333.04,333.33,2318.0,333.224,22
2024-06-21 15:25:00-04:00,333.23,333.24,333.05,333.19,1200.0,333.144,12
2024-06-21 15:30:00-04:00,333.05,333.16,332.86,333.0,3095.0,333.009,26
2024-06-21 15:35:00-04:00,332.9,333.5,332.89,333.06,5833.0,333.326,53
2024-06-21 15:40:00-04:00,333.15,334.71,333.15,334.63,24727.0,333.712,128
2024-06-21 15:45:00-04:00,334.56,334.56,333.43,333.43,22994.0,334.021,122
2024-06-21 15:50:00-04:00,333.67,334.91,333.66,334.62,17972.0,334.347,138
2024-06-21 15:55:00-04:00,334.78,335.17,333.75,333.83,58212.0,334.379,458
2024-06-24 09:30:00-04:00,333.0,334.73,331.93,333.13,26093.0,333.06,61
2024-06-24 09:35:00-04:00,333.07,335.13,332.25,334.49,5584.0,333.985,53
2024-06-24 09:40:00-04:00,334.97,334.97,332.16,332.78,5667.0,332.982,42
2024-06-24 09:45:00-04:00,333.05,335.1,332.86,335.1,2863.0,333.917,27
2024-06-24 09:50:00-04:00,335.14,337.19,334.95,336.6,3591.0,336.185,31
2024-06-24 09:55:00-04:00,336.98,338.85,336.83,338.12,15434.0,338.034,106
2024-06-24 10:00:00-04:00,338.11,339.33,338.08,339.27,23495.0,338.646,158
2024-06-24 10:05:00-04:00,339.21,339.31,337.91,339.05,7376.0,338.765,47
2024-06-24 10:10:00-04:00,338.7,338.7,337.79,338.56,5943.0,338.229,56
2024-06-24 10:15:00-04:00,338.2,338.33,337.09,337.68,11881.0,337.762,76
2024-06-24 10:20:00-04:00,337.41,338.01,337.26,337.97,1900.0,337.517,17
2024-06-24 10:25:00-04:00,338.01,338.01,337.0,337.06,2597.0,337.409,25
2024-06-24 10:30:00-04:00,337.5,338.27,337.1,337.34,4166.0,337.482,25
2024-06-24 10:35:00-04:00,337.03,338.24,336.92,337.86,6445.0,337.352,60
2024-06-24 10:40:00-04:00,337.82,338.39,337.71,338.01,3365.0,338.037,27
2024-06-24 10:45:00-04:00,338.11,338.7,337.81,338.7,5481.0,338.298,37
2024-06-24 10:50:00-04:00,337.87,338.29,337.34,337.48,8009.0,337.827,64
2024-06-24 10:55:00-04:00,337.76,339.35,337.72,338.81,5561.0,338.487,46
2024-06-24 11:00:00-04:00,338.82,338.85,337.92,338.04,7695.0,338.452,29
2024-06-24 11:05:00-04:00,338.04,338.17,337.81,338.0,2438.0,338.014,21
2024-06-24 11:10:00-04:00,338.17,338.56,338.1,338.32,2800.0,338.33,26
2024-06-24 11:15:00-04:00,338.19,338.47,338.09,338.24,2347.0,338.313,21
2024-06-24 11:20:00-04:00,338.47,339.22,338.41,338.41,4305.0,338.765,42
2024-06-24 11:25:00-04:00,338.63,339.11,338.54,338.97,15560.0,338.679,26
2024-06-24 11:30:00-04:00,339.06,339.09,338.46,338.47,2603.0,338.783,25
2024-06-24 11:35:00-04:00,338.43,338.44,337.88,338.43,2800.0,338.212,28
2024-06-24 11:40:00-04:00,338.11,338.27,337.88,338.0,5559.0,338.108,21
2024-06-24 11:45:00-04:00,338.02,338.41,337.92,337.92,1095.0,338.133,10
2024-06-24 11:50:00-04:00,338.28,338.86,338.27,338.71,5631.0,338.636,31
2024-06-24 11:55:00-04:00,338.72,339.01,338.48,338.94,2214.0,338.781,21
2024-06-24 12:00:00-04:00,338.63,339.02,338.63,339.02,1110.0,338.838,9
2024-06-24 12:05:00-04:00,338.89,338.9,338.41,338.51,3898.0,338.667,31
2024-06-24 12:10:00-04:00,338.39,338.57,338.26,338.56,4576.0,338.407,36
2024-06-24 12:15:00-04:00,338.61,339.08,338.6,339.0,3688.0,338.88,34
2024-06-24 12:20:00-04:00,339.0,339.18,338.76,338.92,6805.0,338.959,52
2024-06-24 12:25:00-04:00,339.02,339.03,338.72,338.92,4014.0,338.85,29
2024-06-24 12:30:00-04:00,338.92,339.08,338.76,338.79,4168.0,338.898,29
2024-06-24 12:35:00-04:00,338.86,338.92,338.69,338.81,3896.0,338.833,14
2024-06-24 12:40:00-04:00,338.86,339.01,338.35,338.39,8212.0,338.704,49
2024-06-24 12:45:00-04:00,338.11,338.64,337.84,338.64,2143.0,338.213,21
2024-06-24 12:50:00-04:00,338.52,338.68,338.26,338.49,1662.0,338.513,7
2024-06-24 12:55:00-04:00,338.64,338.84,338.31,338.84,2268.0,338.508,22
2024-06-24 13:00:00-04:00,338.57,339.08,338.57,338.96,2139.0,338.921,20
2024-06-24 13:05:00-04:00,339.0,339.05,338.11,338.68,4639.0,338.534,44
2024-06-24 13:10:00-04:00,338.65,338.81,338.43,338.78,1335.0,338.602,10
2024-06-24 13:15:00-04:00,338.86,338.86,338.7,338.7,827.0,338.763,8
2024-06-24 13:20:00-04:00,338.54,338.54,338.16,338.24,2251.0,338.328,21
2024-06-24 13:25:00-04:00,338.24,338.84,338.07,338.3,2100.0,338.454,19
2024-06-24 13:30:00-04:00,338.46,338.46,338.04,338.19,2956.0,338.297,21
2024-06-24 13:35:00-04:00,338.16,338.6,338.15,338.53,1635.0,338.407,16
2024-06-24 13:40:00-04:00,338.76,339.15,338.69,338.84,2423.0,338.9,21
2024-06-24 13:45:00-04:00,338.7,338.79,338.32,338.58,2100.0,338.528,19
2024-06-24 13:50:00-04:00,338.36,338.69,338.36,338.69,2292.0,338.622,9
2024-06-24 13:55:00-04:00,338.68,338.74,338.26,338.26,1058.0,338.548,9
2024-06-24 14:00:00-04:00,338.26,338.42,338.26,338.32,1411.0,338.31,14
2024-06-24 14:05:00-04:00,338.42,338.6,338.34,338.59,3166.0,338.523,26
2024-06-24 14:10:00-04:00,338.6,338.7,338.43,338.55,2873.0,338.556,13
2024-06-24 14:15:00-04:00,338.46,338.7,338.12,338.38,4424.0,338.431,35
2024-06-24 14:20:00-04:00,338.46,338.69,338.31,338.31,3540.0,338.429,16
2024-06-24 14:25:00-04:00,338.37,338.67,338.19,338.51,4742.0,338.525,28
2024-06-24 14:30:00-04:00,338.51,338.63,338.23,338.51,2845.0,338.498,23
2024-06-24 14:35:00-04:00,338.56,338.6,338.24,338.49,6520.0,338.393,49
2024-06-24 14:40:00-04:00,338.51,338.6,338.0,338.05,10234.0,338.416,79
2024-06-24 14:45:00-04:00,338.21,338.33,338.06,338.06,1581.0,338.203,15
2024-06-24 14:50:00-04:00,338.31,338.31,338.11,338.16,1200.0,338.206,12
2024-06-24 14:55:00-04:00,337.91,337.93,337.31,337.51,2678.0,337.66,20
2024-06-24 15:00:00-04:00,337.58,337.84,337.58,337.71,1615.0,337.769,15
2024-06-24 15:05:00-04:00,337.74,338.25,337.72,338.22,1642.0,337.975,14
2024-06-24 15:10:00-04:00,338.1,338.22,337.87,338.22,2749.0,338.019,26
2024-06-24 15:15:00-04:00,338.06,338.22,337.89,338.07,3343.0,338.11,25
2024-06-24 15:20:00-04:00,338.06,338.12,337.76,338.02,4857.0,337.96,35
2024-06-24 15:25:00-04:00,338.14,338.24,337.97,338.24,2811.0,338.115,21
2024-06-24 15:30:00-04:00,338.14,338.24,337.81,337.97,8153.0,338.032,56
2024-06-24 15:35:00-04:00,337.92,338.32,337.78,338.11,3167.0,338.107,28
2024-06-24 15:40:00-04:00,338.23,338.34,337.81,337.99,6673.0,337.982,56
2024-06-24 15:45:00-04:00,337.88,338.34,337.88,338.14,8451.0,338.169,68
2024-06-24 15:50:00-04:00,338.32,338.47,337.93,338.17,16200.0,338.239,130
2024-06-24 15:55:00-04:00,338.05,338.48,337.93,337.95,56736.0,338.315,414
2024-06-25 09:30:00-04:00,335.76,336.19,330.72,332.3,38031.0,334.016,174
2024-06-25 09:35:00-04:00,333.43,335.35,331.5,335.06,15488.0,333.201,108
2024-06-25 09:40:00-04:00,335.21,335.21,333.08,333.27,5344.0,334.141,49
2024-06-25 09:45:00-04:00,333.74,335.74,333.73,335.34,12058.0,335.188,94
2024-06-25 09:50:00-04:00,335.24,336.45,335.11,336.26,7869.0,335.861,41
2024-06-25 09:55:00-04:00,334.96,334.97,334.17,334.42,5019.0,334.622,36
2024-06-25 10:00:00-04:00,333.58,334.65,332.37,334.65,4344.0,333.137,40
2024-06-25 10:05:00-04:00,335.06,335.06,333.49,333.49,4655.0,334.108,41
2024-06-25 10:10:00-04:00,333.59,333.88,332.85,333.05,11496.0,333.542,64
2024-06-25 10:15:00-04:00,333.23,333.42,332.53,332.81,6487.0,333.162,33
2024-06-25 10:20:00-04:00,333.0,333.19,332.79,332.96,4259.0,332.934,27
2024-06-25 10:25:00-04:00,332.59,332.59,331.79,332.14,19010.0,332.286,47
2024-06-25 10:30:00-04:00,332.13,332.23,331.55,332.16,6116.0,332.062,42
2024-06-25 10:35:00-04:00,331.93,332.22,331.52,331.52,2763.0,331.91,23
2024-06-25 10:40:00-04:00,331.61,331.8,331.23,331.27,2557.0,331.599,21
2024-06-25 10:45:00-04:00,331.31,331.91,331.26,331.6,2146.0,331.548,21
2024-06-25 10:50:00-04:00,331.94,331.94,331.52,331.87,1193.0,331.741,9
2024-06-25 10:55:00-04:00,331.58,332.24,331.48,332.06,4679.0,331.958,20
2024-06-25 11:00:00-04:00,332.04,332.05,331.15,331.15,2608.0,331.632,22
2024-06-25 11:05:00-04:00,331.33,331.53,330.78,330.88,4808.0,331.155,32
2024-06-25 11:10:00-04:00,330.98,331.25,330.97,331.04,1000.0,331.094,9
2024-06-25 11:15:00-04:00,331.17,331.23,330.67,330.96,1307.0,330.975,13
2024-06-25 11:20:00-04:00,330.93,331.38,330.87,331.15,5312.0,331.082,30
2024-06-25 11:25:00-04:00,331.01,331.01,330.69,330.73,907.0,330.779,9
2024-06-25 11:30:00-04:00,330.8,331.25,330.66,331.2,5095.0,330.969,32
2024-06-25 11:35:00-04:00,331.24,331.33,330.84,331.12,2055.0,331.153,15
2024-06-25 11:40:00-04:00,331.12,331.46,330.99,331.31,3161.0,331.181,26
2024-06-25 11:45:00-04:00,331.34,331.64,331.25,331.31,4935.0,331.514,25
2024-06-25 11:50:00-04:00,331.31,331.71,331.14,331.71,1206.0,331.298,12
2024-06-25 11:55:00-04:00,331.42,331.51,331.32,331.44,700.0,331.445,6
2024-06-25 12:00:00-04:00,331.53,331.53,331.27,331.45,1541.0,331.397,11
2024-06-25 12:05:00-04:00,331.26,331.39,331.09,331.13,2697.0,331.241,19
2024-06-25 12:10:00-04:00,331.2,331.5,330.95,331.5,6291.0,331.175,45
2024-06-25 12:15:00-04:00,331.43,331.73,331.24,331.73,1358.0,331.582,12
2024-06-25 12:20:00-04:00,331.92,332.1,331.63,332.1,1656.0,331.867,11
2024-06-25 12:25:00-04:00,332.12,332.26,331.9,332.23,1101.0,332.1,9
2024-06-25 12:30:00-04:00,332.12,332.71,332.04,332.36,2757.0,332.332,25
2024-06-25 12:35:00-04:00,332.28,332.43,332.23,332.28,2000.0,332.327,11
2024-06-25 12:40:00-04:00,332.55,332.69,332.52,332.58,1700.0,332.602,16
2024-06-25 12:45:00-04:00,332.46,332.54,332.1,332.5,3579.0,332.38,34
2024-06-25 12:50:00-04:00,332.45,332.58,332.38,332.45,2972.0,332.509,21
2024-06-25 12:55:00-04:00,332.35,332.57,332.27,332.5,800.0,332.434,8
2024-06-25 13:00:00-04:00,332.56,332.59,332.28,332.28,1061.0,332.495,9
2024-06-25 13:05:00-04:00,332.3,332.73,332.27,332.72,2306.0,332.49,17
2024-06-25 13:10:00-04:00,332.83,333.3,332.83,333.12,2538.0,333.083,20
2024-06-25 13:15:00-04:00,333.02,333.05,333.02,333.05,300.0,333.03,2
2024-06-25 13:20:00-04:00,333.01,333.01,332.76,332.76,1527.0,332.884,15
2024-06-25 13:25:00-04:00,332.87,333.27,332.86,333.26,4075.0,333.044,38
2024-06-25 13:30:00-04:00,333.15,333.19,333.13,333.13,600.0,333.151,6
2024-06-25 13:35:00-04:00,333.38,333.38,332.89,332.9,1700.0,333.096,17
2024-06-25 13:40:00-04:00,332.9,333.28,332.89,333.28,1117.0,333.043,11
2024-06-25 13:45:00-04:00,333.43,333.65,333.42,333.56,1409.0,333.503,11
2024-06-25 13:50:00-04:00,333.67,334.1,333.66,333.67,4653.0,333.841,25
2024-06-25 13:55:00-04:00,333.81,333.94,333.77,333.77,1438.0,333.843,8
2024-06-25 14:00:00-04:00,333.67,333.97,333.62,333.97,1400.0,333.748,14
2024-06-25 14:05:00-04:00,333.94,334.19,333.93,334.15,1395.0,334.055,13
2024-06-25 14:10:00-04:00,334.34,334.55,333.99,333.99,2911.0,334.301,23
2024-06-25 14:15:00-04:00,334.1,334.19,334.01,334.19,880.0,334.134,7
2024-06-25 14:20:00-04:00,334.15,334.22,334.12,334.22,706.0,334.173,6
2024-06-25 14:25:00-04:00,334.27,334.58,334.25,334.58,2343.0,334.428,21
2024-06-25 14:30:00-04:00,334.59,334.59,334.35,334.4,1777.0,334.447,10
2024-06-25 14:35:00-04:00,334.31,334.5,334.1,334.4,5079.0,334.304,43
2024-06-25 14:40:00-04:00,334.44,334.44,334.06,334.31,1666.0,334.233,16
2024-06-25 14:45:00-04:00,334.31,334.44,333.1,333.36,6644.0,333.73,62
2024-06-25 14:50:00-04:00,333.36,333.68,333.2,333.45,3509.0,333.464,31
2024-06-25 14:55:00-04:00,333.47,333.47,333.31,333.4,1200.0,333.385,11
2024-06-25 15:00:00-04:00,333.4,333.47,333.12,333.16,4400.0,333.293,35
2024-06-25 15:05:00-04:00,333.17,333.42,332.97,333.42,3536.0,333.163,35
2024-06-25 15:10:00-04:00,333.21,333.69,333.2,333.53,2648.0,333.499,23
2024-06-25 15:15:00-04:00,333.49,333.75,333.49,333.52,2608.0,333.628,23
2024-06-25 15:20:00-04:00,333.43,333.77,333.43,333.77,3773.0,333.59,18
2024-06-25 15:25:00-04:00,333.65,334.25,333.65,334.24,2349.0,333.912,21
2024-06-25 15:30:00-04:00,334.24,334.24,333.73,334.03,3663.0,333.956,33
2024-06-25 15:35:00-04:00,333.97,334.29,333.67,334.23,4292.0,333.903,38
2024-06-25 15:40:00-04:00,334.21,334.48,333.95,334.37,8620.0,334.159,76
2024-06-25 15:45:00-04:00,334.42,334.75,334.28,334.4,6423.0,334.49,55
2024-06-25 15:50:00-04:00,334.31,335.08,334.31,334.98,11113.0,334.778,98
2024-06-25 15:55:00-04:00,334.99,335.93,334.84,335.56,41270.0,335.426,288
2024-06-26 09:30:00-04:00,333.61,335.25,330.7,332.59,22038.0,333.387,34
2024-06-26 09:35:00-04:00,332.16,334.62,332.16,332.78,3529.0,333.191,32
2024-06-26 09:40:00-04:00,333.36,333.64,332.12,332.87,3949.0,332.755,21
2024-06-26 09:45:00-04:00,332.52,333.7,332.52,333.09,3173.0,333.062,26
2024-06-26 09:50:00-04:00,332.89,333.05,331.32,331.34,6894.0,332.441,46
2024-06-26 09:55:00-04:00,331.6,332.11,331.23,331.23,4682.0,331.606,34
2024-06-26 10:00:00-04:00,331.0,331.7,331.0,331.25,1414.0,331.357,12
2024-06-26 10:05:00-04:00,331.09,331.43,330.91,331.09,2507.0,331.196,22
2024-06-26 10:10:00-04:00,331.58,331.75,331.04,331.24,3095.0,331.481,27
2024-06-26 10:15:00-04:00,331.21,331.57,331.15,331.32,4787.0,331.324,35
2024-06-26 10:20:00-04:00,331.4,331.4,330.11,330.13,7284.0,330.789,62
2024-06-26 10:25:00-04:00,330.13,330.13,328.31,328.31,15093.0,329.066,119
2024-06-26 10:30:00-04:00,328.19,328.44,327.7,328.11,9169.0,328.032,83
2024-06-26 10:35:00-04:00,328.5,328.54,328.0,328.26,2512.0,328.291,23
2024-06-26 10:40:00-04:00,328.35,328.85,328.04,328.06,5806.0,328.468,52
2024-06-26 10:45:00-04:00,328.28,328.94,328.05,328.39,10529.0,328.558,86
2024-06-26 10:50:00-04:00,328.65,328.87,328.38,328.49,5749.0,328.664,44
2024-06-26 10:55:00-04:00,328.7,329.02,328.28,329.0,20242.0,328.657,141
2024-06-26 11:00:00-04:00,328.97,329.02,328.0,328.12,8173.0,328.432,49
2024-06-26 11:05:00-04:00,327.86,328.09,327.38,327.63,15119.0,327.771,55
2024-06-26 11:10:00-04:00,327.83,328.2,327.11,327.5,29813.0,327.931,113
2024-06-26 11:15:00-04:00,327.64,328.93,327.64,328.34,9443.0,328.299,55
2024-06-26 11:20:00-04:00,328.45,328.68,328.09,328.18,2940.0,328.375,28
2024-06-26 11:25:00-04:00,328.18,328.36,328.01,328.03,3045.0,328.273,24
2024-06-26 11:30:00-04:00,327.9,328.08,327.72,327.75,1215.0,327.871,12
2024-06-26 11:35:00-04:00,328.1,328.11,327.42,327.79,9796.0,327.703,86
2024-06-26 11:40:00-04:00,327.87,328.63,327.79,328.6,9947.0,328.181,77
2024-06-26 11:45:00-04:00,328.73,328.73,328.42,328.63,3946.0,328.586,28
2024-06-26 11:50:00-04:00,328.56,329.13,328.48,329.1,8936.0,328.765,77
2024-06-26 11:55:00-04:00,329.11,329.12,328.47,328.66,4323.0,328.907,34
2024-06-26 12:00:00-04:00,328.66,328.8,328.44,328.74,1625.0,328.636,15
2024-06-26 12:05:00-04:00,328.65,328.9,328.47,328.47,6098.0,328.742,51
2024-06-26 12:10:00-04:00,328.65,328.75,328.37,328.57,3029.0,328.543,28
2024-06-26 12:15:00-04:00,328.42,328.97,328.42,328.94,9218.0,328.773,59
2024-06-26 12:20:00-04:00,329.12,329.39,328.71,329.13,3331.0,329.044,29
2024-06-26 12:25:00-04:00,328.72,328.91,328.46,328.91,4924.0,328.767,41
2024-06-26 12:30:00-04:00,328.67,328.99,328.58,328.75,810.0,328.779,7
2024-06-26 12:35:00-04:00,328.94,329.11,328.59,328.67,6541.0,328.865,48
2024-06-26 12:40:00-04:00,328.7,328.72,328.42,328.44,2622.0,328.545,22
2024-06-26 12:45:00-04:00,328.33,328.84,328.33,328.73,6920.0,328.613,50
2024-06-26 12:50:00-04:00,328.72,328.95,328.6,328.79,4542.0,328.81,41
2024-06-26 12:55:00-04:00,328.86,328.86,328.42,328.75,3256.0,328.67,28
2024-06-26 13:00:00-04:00,328.62,329.0,328.61,329.0,2678.0,328.807,24
2024-06-26 13:05:00-04:00,328.83,329.06,328.48,329.03,2673.0,328.828,25
2024-06-26 13:10:00-04:00,329.29,329.44,329.21,329.35,2550.0,329.294,24
2024-06-26 13:15:00-04:00,329.35,329.59,329.04,329.04,4573.0,329.324,42
2024-06-26 13:20:00-04:00,328.74,329.37,328.74,329.02,3636.0,329.094,32
2024-06-26 13:25:00-04:00,328.8,329.04,328.79,328.96,1909.0,328.915,18
2024-06-26 13:30:00-04:00,328.76,329.14,328.76,329.14,800.0,328.926,7
2024-06-26 13:35:00-04:00,328.96,329.13,328.78,328.92,2010.0,328.976,20
2024-06-26 13:40:00-04:00,328.79,329.04,328.68,328.91,3076.0,328.862,25
2024-06-26 13:45:00-04:00,328.91,329.04,328.27,328.27,9405.0,328.65,53
2024-06-26 13:50:00-04:00,328.27,328.61,328.23,328.47,5410.0,328.503,37
2024-06-26 13:55:00-04:00,328.47,328.75,328.32,328.72,3220.0,328.592,29
2024-06-26 14:00:00-04:00,328.72,328.79,328.4,328.42,4571.0,328.572,40
2024-06-26 14:05:00-04:00,328.52,328.53,328.15,328.39,4220.0,328.348,35
2024-06-26 14:10:00-04:00,328.27,328.53,328.01,328.35,4395.0,328.357,38
2024-06-26 14:15:00-04:00,328.45,328.86,328.45,328.67,5961.0,328.656,48
2024-06-26 14:20:00-04:00,328.63,328.87,328.63,328.71,7651.0,328.774,62
2024-06-26 14:25:00-04:00,328.79,328.81,328.34,328.41,6052.0,328.58,56
2024-06-26 14:30:00-04:00,328.28,328.41,327.83,327.99,6356.0,328.055,57
2024-06-26 14:35:00-04:00,327.88,327.91,327.54,327.61,3241.0,327.74,29
2024-06-26 14:40:00-04:00,327.48,327.84,327.48,327.8,2188.0,327.762,20
2024-06-26 14:45:00-04:00,327.82,328.08,327.82,327.98,3756.0,327.992,35
2024-06-26 14:50:00-04:00,327.97,328.07,327.78,327.94,4287.0,327.953,28
2024-06-26 14:55:00-04:00,327.94,328.08,327.94,327.99,5887.0,328.03,49
2024-06-26 15:00:00-04:00,328.07,328.22,327.99,328.16,4312.0,328.116,41
2024-06-26 15:05:00-04:00,328.03,328.14,327.91,328.05,3701.0,328.01,35
2024-06-26 15:10:00-04:00,328.12,328.12,327.83,328.04,4533.0,327.983,35
2024-06-26 15:15:00-04:00,328.08,328.15,327.82,327.9,8496.0,328.004,66
2024-06-26 15:20:00-04:00,327.9,328.06,327.9,328.03,3001.0,327.991,29
2024-06-26 15:25:00-04:00,328.0,328.03,327.04,327.56,19924.0,327.471,153
2024-06-26 15:30:00-04:00,327.64,328.11,327.61,327.87,14877.0,327.791,136
2024-06-26 15:35:00-04:00,327.91,328.24,327.84,328.0,45946.0,328.006,162
2024-06-26 15:40:00-04:00,327.97,328.25,327.87,328.05,14725.0,328.057,85
2024-06-26 15:45:00-04:00,328.02,328.13,327.93,328.01,15398.0,328.03,123
2024-06-26 15:50:00-04:00,328.09,329.34,328.01,329.3,39645.0,328.465,272
2024-06-26 15:55:00-04:00,329.16,330.06,329.16,329.38,49327.0,329.735,376
2024-06-27 09:30:00-04:00,331.34,332.22,330.95,331.75,14723.0,331.344,19
2024-06-27 09:35:00-04:00,332.02,332.02,331.4,331.79,4244.0,331.618,28
2024-06-27 09:40:00-04:00,331.79,333.46,331.79,333.46,1672.0,332.874,12
2024-06-27 09:45:00-04:00,333.21,333.35,332.23,332.23,4329.0,332.845,39
2024-06-27 09:50:00-04:00,332.21,332.23,330.96,331.74,5382.0,331.439,36
2024-06-27 09:55:00-04:00,331.4,331.89,330.79,331.27,4289.0,331.447,33
2024-06-27 10:00:00-04:00,331.27,331.29,330.7,331.18,3539.0,331.183,30
2024-06-27 10:05:00-04:00,331.35,331.92,331.18,331.92,2000.0,331.428,17
2024-06-27 10:10:00-04:00,332.12,333.09,332.12,333.05,4517.0,332.791,36
2024-06-27 10:15:00-04:00,332.91,333.35,332.52,333.34,1400.0,332.945,12
2024-06-27 10:20:00-04:00,333.37,333.6,332.9,333.21,2800.0,333.235,24
2024-06-27 10:25:00-04:00,333.2,333.72,332.9,333.7,1874.0,333.504,15
2024-06-27 10:30:00-04:00,333.75,333.76,332.92,333.03,9445.0,333.289,32
2024-06-27 10:35:00-04:00,333.08,333.22,332.17,332.79,11865.0,332.444,102
2024-06-27 10:40:00-04:00,332.79,333.33,332.61,332.65,2369.0,332.881,23
2024-06-27 10:45:00-04:00,332.68,333.55,332.36,333.02,12189.0,333.027,107
2024-06-27 10:50:00-04:00,333.2,333.2,331.55,331.8,3711.0,332.609,33
2024-06-27 10:55:00-04:00,331.75,331.79,331.59,331.65,1300.0,331.671,13
2024-06-27 11:00:00-04:00,331.65,331.93,330.94,331.13,5520.0,331.546,52
2024-06-27 11:05:00-04:00,331.14,331.33,330.73,331.16,3413.0,330.98,34
2024-06-27 11:10:00-04:00,331.17,331.36,330.96,331.18,3840.0,331.106,35
2024-06-27 11:15:00-04:00,331.37,331.39,330.99,331.22,3105.0,331.114,23
2024-06-27 11:20:00-04:00,331.15,331.83,331.14,331.43,3224.0,331.479,29
2024-06-27 11:25:00-04:00,331.33,331.34,330.69,330.7,1646.0,330.98,10
2024-06-27 11:30:00-04:00,330.5,330.95,330.28,330.28,1611.0,330.736,15
2024-06-27 11:35:00-04:00,330.58,330.85,330.42,330.77,4551.0,330.591,26
2024-06-27 11:40:00-04:00,330.65,331.24,330.64,330.83,4870.0,330.923,45
2024-06-27 11:45:00-04:00,330.8,331.06,330.8,331.06,1041.0,330.916,8
2024-06-27 11:50:00-04:00,330.9,330.9,330.51,330.66,1609.0,330.739,13
2024-06-27 11:55:00-04:00,330.46,330.64,330.26,330.26,1721.0,330.466,15
2024-06-27 12:00:00-04:00,330.52,330.52,329.89,330.2,1078.0,330.2,10
2024-06-27 12:05:00-04:00,330.2,330.47,330.09,330.47,2881.0,330.282,25
2024-06-27 12:10:00-04:00,330.54,330.65,330.38,330.49,1284.0,330.48,8
2024-06-27 12:15:00-04:00,330.49,330.64,330.37,330.45,2273.0,330.454,20
2024-06-27 12:20:00-04:00,330.57,330.75,330.44,330.67,4464.0,330.576,33
2024-06-27 12:25:00-04:00,330.71,330.75,330.17,330.17,2377.0,330.41,19
2024-06-27 12:30:00-04:00,330.15,330.85,330.15,330.46,6865.0,330.458,31
2024-06-27 12:35:00-04:00,330.65,330.76,330.54,330.58,1100.0,330.635,11
2024-06-27 12:40:00-04:00,330.7,330.91,330.63,330.75,2404.0,330.784,15
2024-06-27 12:45:00-04:00,330.88,331.1,330.88,331.01,993.0,330.969,9
2024-06-27 12:50:00-04:00,331.16,331.34,331.09,331.18,5163.0,331.224,39
2024-06-27 12:55:00-04:00,331.18,331.57,331.16,331.16,6649.0,331.375,59
2024-06-27 13:00:00-04:00,331.23,331.72,331.22,331.44,5356.0,331.487,44
2024-06-27 13:05:00-04:00,331.44,331.68,331.4,331.55,2310.0,331.551,14
2024-06-27 13:10:00-04:00,331.55,331.62,331.23,331.29,5998.0,331.484,54
2024-06-27 13:15:00-04:00,331.29,331.36,331.13,331.23,2820.0,331.234,28
2024-06-27 13:20:00-04:00,331.23,331.28,330.95,331.27,4716.0,331.121,43
2024-06-27 13:25:00-04:00,331.16,331.67,331.15,331.36,13830.0,331.426,74
2024-06-27 13:30:00-04:00,331.51,331.66,331.41,331.62,1800.0,331.561,18
2024-06-27 13:35:00-04:00,331.66,331.8,331.48,331.74,3168.0,331.617,28
2024-06-27 13:40:00-04:00,331.74,331.85,331.65,331.75,2602.0,331.762,24
2024-06-27 13:45:00-04:00,331.64,331.81,331.5,331.78,2067.0,331.654,19
2024-06-27 13:50:00-04:00,331.85,332.05,331.73,332.05,3203.0,331.894,26
2024-06-27 13:55:00-04:00,332.16,332.38,332.13,332.19,2069.0,332.201,19
2024-06-27 14:00:00-04:00,332.21,332.21,331.56,331.56,2827.0,331.813,28
2024-06-27 14:05:00-04:00,331.67,331.67,331.05,331.19,7607.0,331.363,61
2024-06-27 14:10:00-04:00,331.22,331.44,330.98,331.32,3836.0,331.172,34
2024-06-27 14:15:00-04:00,331.37,331.55,331.23,331.37,1442.0,331.342,14
2024-06-27 14:20:00-04:00,331.51,331.64,331.37,331.6,2448.0,331.464,14
2024-06-27 14:25:00-04:00,331.6,331.96,331.55,331.96,2355.0,331.719,23
2024-06-27 14:30:00-04:00,331.87,331.87,331.47,331.7,4221.0,331.64,38
2024-06-27 14:35:00-04:00,331.73,331.88,331.72,331.79,1100.0,331.774,11
2024-06-27 14:40:00-04:00,331.75,331.75,331.54,331.56,2739.0,331.682,20
2024-06-27 14:45:00-04:00,331.69,331.84,331.64,331.78,2618.0,331.726,22
2024-06-27 14:50:00-04:00,331.84,331.88,331.69,331.81,2539.0,331.791,23
2024-06-27 14:55:00-04:00,331.68,331.82,331.48,331.77,1809.0,331.677,18
2024-06-27 15:00:00-04:00,331.77,331.96,331.64,331.8,3170.0,331.828,29
2024-06-27 15:05:00-04:00,331.68,331.82,331.45,331.71,2430.0,331.645,23
2024-06-27 15:10:00-04:00,331.71,331.83,331.47,331.51,6496.0,331.685,42
2024-06-27 15:15:00-04:00,331.46,331.9,331.46,331.84,3380.0,331.714,31
2024-06-27 15:20:00-04:00,331.88,332.19,331.88,332.0,2960.0,332.019,26
2024-06-27 15:25:00-04:00,331.93,332.27,331.93,332.21,3843.0,332.097,25
2024-06-27 15:30:00-04:00,332.32,333.12,332.27,333.05,13311.0,332.767,112
2024-06-27 15:35:00-04:00,333.03,333.44,332.93,333.15,7400.0,333.175,69
2024-06-27 15:40:00-04:00,333.16,333.56,333.14,333.19,4387.0,333.282,38
2024-06-27 15:45:00-04:00,333.13,333.49,333.12,333.47,16346.0,333.302,142
2024-06-27 15:50:00-04:00,333.49,333.94,333.31,333.31,15972.0,333.638,132
2024-06-27 15:55:00-04:00,333.38,333.95,333.31,333.74,51843.0,333.64,425
2024-06-28 09:30:00-04:00,332.07,334.87,332.07,334.47,12293.0,332.356,18
2024-06-28 09:35:00-04:00,335.46,336.67,334.56,336.65,14743.0,335.572,89
2024-06-28 09:40:00-04:00,336.98,337.64,336.4,337.02,13330.0,336.871,102
2024-06-28 09:45:00-04:00,337.1,337.11,334.61,335.01,20962.0,335.968,70
2024-06-28 09:50:00-04:00,334.85,335.89,334.84,335.82,3965.0,335.527,35
2024-06-28 09:55:00-04:00,335.74,335.8,334.33,334.81,4695.0,335.035,29
2024-06-28 10:00:00-04:00,334.92,335.59,334.34,335.29,6702.0,335.014,50
2024-06-28 10:05:00-04:00,335.02,335.03,333.7,334.24,6922.0,334.384,50
2024-06-28 10:10:00-04:00,334.01,334.34,333.4,333.94,6649.0,334.005,58
2024-06-28 10:15:00-04:00,334.08,334.61,333.16,333.16,5760.0,334.072,41
2024-06-28 10:20:00-04:00,333.35,334.67,333.25,334.45,7089.0,334.068,39
2024-06-28 10:25:00-04:00,334.06,334.78,334.05,334.14,2418.0,334.388,22
2024-06-28 10:30:00-04:00,334.0,334.42,333.91,334.14,3513.0,334.207,32
2024-06-28 10:35:00-04:00,333.91,334.33,333.75,333.84,4772.0,334.172,23
2024-06-28 10:40:00-04:00,333.48,335.43,333.36,335.42,18041.0,334.446,51
2024-06-28 10:45:00-04:00,335.08,335.4,334.81,335.06,3520.0,335.097,32
2024-06-28 10:50:00-04:00,335.13,335.37,333.76,333.76,7255.0,334.679,50
2024-06-28 10:55:00-04:00,333.88,334.19,333.86,333.96,2923.0,334.018,27
2024-06-28 11:00:00-04:00,334.0,334.0,332.72,333.13,4519.0,333.388,35
2024-06-28 11:05:00-04:00,333.11,333.74,332.76,332.94,9247.0,333.3,54
2024-06-28 11:10:00-04:00,333.09,333.45,332.97,333.03,5611.0,333.163,48
2024-06-28 11:15:00-04:00,333.01,333.52,332.79,333.44,4421.0,333.248,39
2024-06-28 11:20:00-04:00,333.44,333.84,333.43,333.54,3797.0,333.647,34
2024-06-28 11:25:00-04:00,333.39,333.69,332.79,332.97,2226.0,333.304,20
2024-06-28 11:30:00-04:00,332.85,333.32,332.8,333.25,2711.0,333.174,26
2024-06-28 11:35:00-04:00,333.38,333.59,332.92,333.24,4107.0,333.283,35
2024-06-28 11:40:00-04:00,333.36,333.4,332.93,333.16,2348.0,333.159,21
2024-06-28 11:45:00-04:00,332.96,333.17,332.64,332.8,2421.0,332.985,24
2024-06-28 11:50:00-04:00,332.8,332.99,332.24,332.24,6871.0,332.799,51
2024-06-28 11:55:00-04:00,332.22,332.45,331.97,332.44,4848.0,332.189,37
2024-06-28 12:00:00-04:00,332.27,332.98,332.16,332.25,4471.0,332.616,37
2024-06-28 12:05:00-04:00,332.19,332.29,331.83,331.84,3152.0,332.044,26
2024-06-28 12:10:00-04:00,331.82,331.82,331.18,331.66,4737.0,331.501,41
2024-06-28 12:15:00-04:00,331.66,331.73,331.15,331.55,4568.0,331.381,27
2024-06-28 12:20:00-04:00,331.53,331.92,331.28,331.92,2199.0,331.651,18
2024-06-28 12:25:00-04:00,331.93,332.16,331.82,332.03,3311.0,332.016,30
2024-06-28 12:30:00-04:00,331.96,332.01,331.34,331.57,2758.0,331.842,24
2024-06-28 12:35:00-04:00,331.38,331.56,330.82,331.03,9068.0,331.204,60
2024-06-28 12:40:00-04:00,330.9,331.2,330.81,331.2,4102.0,330.997,28
2024-06-28 12:45:00-04:00,331.03,331.29,330.5,330.76,5927.0,330.872,50
2024-06-28 12:50:00-04:00,330.41,330.94,330.39,330.94,8123.0,330.634,65
2024-06-28 12:55:00-04:00,330.85,331.09,330.61,330.82,5100.0,330.917,51
2024-06-28 13:00:00-04:00,330.96,330.96,330.52,330.74,4271.0,330.775,40
2024-06-28 13:05:00-04:00,330.7,331.27,330.7,331.22,2822.0,330.967,26
2024-06-28 13:10:00-04:00,331.26,331.35,331.08,331.27,1700.0,331.231,17
2024-06-28 13:15:00-04:00,331.27,331.36,330.87,331.07,3331.0,331.2,33
2024-06-28 13:20:00-04:00,331.07,331.08,330.82,330.97,2794.0,330.962,26
2024-06-28 13:25:00-04:00,330.97,330.97,330.4,330.4,1705.0,330.709,17
2024-06-28 13:30:00-04:00,330.4,330.52,330.09,330.25,3473.0,330.307,28
2024-06-28 13:35:00-04:00,330.33,330.54,330.25,330.48,4345.0,330.373,28
2024-06-28 13:40:00-04:00,330.55,330.61,330.07,330.13,1823.0,330.309,18
2024-06-28 13:45:00-04:00,330.0,330.0,329.4,329.51,2431.0,329.767,18
2024-06-28 13:50:00-04:00,329.62,329.83,329.45,329.81,3843.0,329.638,32
2024-06-28 13:55:00-04:00,329.74,329.98,329.7,329.76,2211.0,329.813,22
2024-06-28 14:00:00-04:00,329.87,330.49,329.79,330.49,5231.0,330.064,48
2024-06-28 14:05:00-04:00,330.22,330.45,330.13,330.17,5385.0,330.33,33
2024-06-28 14:10:00-04:00,330.17,330.39,330.0,330.24,8301.0,330.233,75
2024-06-28 14:15:00-04:00,330.24,330.31,329.63,329.63,7120.0,329.961,62
2024-06-28 14:20:00-04:00,329.71,329.71,328.77,329.18,7248.0,329.256,61
2024-06-28 14:25:00-04:00,329.12,329.32,328.65,328.65,7024.0,329.022,57
2024-06-28 14:30:00-04:00,328.74,329.59,328.69,329.41,9992.0,329.17,81
2024-06-28 14:35:00-04:00,329.5,329.56,329.24,329.26,4031.0,329.377,38
2024-06-28 14:40:00-04:00,329.34,329.61,329.19,329.41,3164.0,329.442,30
2024-06-28 14:45:00-04:00,329.35,329.35,328.76,328.76,2690.0,329.059,26
2024-06-28 14:50:00-04:00,328.81,329.26,328.8,329.03,5032.0,329.01,46
2024-06-28 14:55:00-04:00,328.9,328.99,328.62,328.92,6236.0,328.801,58
2024-06-28 15:00:00-04:00,328.82,328.82,328.09,328.33,6851.0,328.472,58
2024-06-28 15:05:00-04:00,328.31,328.67,328.03,328.32,22026.0,328.403,95
2024-06-28 15:10:00-04:00,328.32,328.73,328.28,328.42,6637.0,328.434,57
2024-06-28 15:15:00-04:00,328.76,328.93,328.26,328.43,4452.0,328.587,41
2024-06-28 15:20:00-04:00,328.43,329.1,328.42,328.81,3677.0,328.738,33
2024-06-28 15:25:00-04:00,328.94,328.95,328.58,328.65,3206.0,328.781,30
2024-06-28 15:30:00-04:00,328.71,328.93,328.08,328.93,9897.0,328.408,91
2024-06-28 15:35:00-04:00,328.94,330.03,328.81,329.92,9232.0,329.34,67
2024-06-28 15:40:00-04:00,330.07,330.83,330.06,330.64,18644.0,330.536,153
2024-06-28 15:45:00-04:00,330.68,330.72,329.85,329.93,25733.0,330.422,193
2024-06-28 15:50:00-04:00,330.07,331.8,329.7,330.46,72653.0,330.444,476
2024-06-28 15:55:00-04:00,330.85,330.87,328.36,328.95,331199.0,329.236,1659
2024-07-01 09:30:00-04:00,332.78,332.78,330.02,331.76,20405.0,332.678,23
2024-07-01 09:35:00-04:00,331.74,331.83,330.48,330.61,2366.0,331.23,17
2024-07-01 09:40:00-04:00,330.54,330.54,328.43,328.43,6630.0,329.249,37
2024-07-01 09:45:00-04:00,328.3,328.3,326.75,326.75,7076.0,327.631,60
2024-07-01 09:50:00-04:00,327.12,328.06,326.51,327.9,4247.0,327.417,34
2024-07-01 09:55:00-04:00,327.51,328.6,326.89,328.13,7052.0,328.128,63
2024-07-01 10:00:00-04:00,328.36,328.73,326.05,326.4,37962.0,327.687,203
2024-07-01 10:05:00-04:00,325.96,326.28,323.19,323.2,12047.0,324.634,105
2024-07-01 10:10:00-04:00,323.58,323.64,322.4,322.9,11082.0,323.07,88
2024-07-01 10:15:00-04:00,323.27,323.27,322.16,322.67,13477.0,322.567,108
2024-07-01 10:20:00-04:00,322.41,323.01,321.8,322.51,13847.0,322.459,122
2024-07-01 10:25:00-04:00,322.53,322.77,322.02,322.56,12128.0,322.559,96
2024-07-01 10:30:00-04:00,322.56,322.57,321.27,321.27,9190.0,321.93,55
2024-07-01 10:35:00-04:00,321.5,322.0,320.95,321.0,10921.0,321.495,87
2024-07-01 10:40:00-04:00,320.94,321.97,320.94,321.88,20009.0,321.441,141
2024-07-01 10:45:00-04:00,321.68,322.15,320.76,320.95,9808.0,321.713,70
2024-07-01 10:50:00-04:00,320.95,321.68,320.64,320.92,12962.0,321.031,108
2024-07-01 10:55:00-04:00,320.92,321.3,320.71,321.16,7254.0,321.009,54
2024-07-01 11:00:00-04:00,321.05,321.43,320.51,321.42,8675.0,320.895,74
2024-07-01 11:05:00-04:00,321.42,322.38,321.42,322.02,8904.0,321.988,81
2024-07-01 11:10:00-04:00,322.12,322.12,321.4,321.63,7276.0,321.741,64
2024-07-01 11:15:00-04:00,321.76,322.11,321.62,322.02,5700.0,321.927,44
2024-07-01 11:20:00-04:00,322.03,322.94,322.03,322.61,6308.0,322.46,55
2024-07-01 11:25:00-04:00,322.62,322.94,322.38,322.45,5808.0,322.702,52
2024-07-01 11:30:00-04:00,322.52,322.54,321.8,322.35,6503.0,322.213,51
2024-07-01 11:35:00-04:00,322.64,322.75,322.12,322.26,5495.0,322.543,45
2024-07-01 11:40:00-04:00,322.29,322.57,322.13,322.13,7921.0,322.344,69
2024-07-01 11:45:00-04:00,322.25,322.49,321.92,322.28,7738.0,322.19,63
2024-07-01 11:50:00-04:00,322.38,322.38,321.51,321.69,10928.0,321.749,67
2024-07-01 11:55:00-04:00,321.69,322.36,321.54,322.18,7865.0,321.875,66
2024-07-01 12:00:00-04:00,322.19,322.46,322.14,322.22,3309.0,322.243,24
2024-07-01 12:05:00-04:00,322.41,322.7,322.18,322.69,8320.0,322.468,74
2024-07-01 12:10:00-04:00,322.47,322.96,322.34,322.91,3231.0,322.691,30
2024-07-01 12:15:00-04:00,323.1,323.35,322.9,323.31,6550.0,323.173,48
2024-07-01 12:20:00-04:00,323.31,323.53,323.08,323.1,2221.0,323.362,21
2024-07-01 12:25:00-04:00,323.38,323.73,323.07,323.59,4671.0,323.383,35
2024-07-01 12:30:00-04:00,323.72,323.72,322.96,323.19,5192.0,323.402,41
2024-07-01 12:35:00-04:00,323.17,323.36,323.04,323.35,2200.0,323.218,21
2024-07-01 12:40:00-04:00,323.1,323.95,323.1,323.9,7403.0,323.557,54
2024-07-01 12:45:00-04:00,323.87,323.98,323.35,323.35,4735.0,323.771,36
2024-07-01 12:50:00-04:00,323.5,323.78,323.46,323.47,4239.0,323.625,25
2024-07-01 12:55:00-04:00,323.38,323.6,323.32,323.43,1400.0,323.395,14
2024-07-01 13:00:00-04:00,323.55,323.92,323.52,323.75,5934.0,323.687,49
2024-07-01 13:05:00-04:00,323.7,323.86,323.4,323.56,4445.0,323.636,38
2024-07-01 13:10:00-04:00,323.61,323.61,323.23,323.46,1204.0,323.472,10
2024-07-01 13:15:00-04:00,323.49,323.49,323.24,323.43,4262.0,323.423,26
2024-07-01 13:20:00-04:00,323.44,323.93,323.43,323.73,2893.0,323.617,27
2024-07-01 13:25:00-04:00,323.87,324.23,323.71,324.03,3794.0,323.95,32
2024-07-01 13:30:00-04:00,323.96,324.45,323.96,324.44,3080.0,324.225,22
2024-07-01 13:35:00-04:00,324.34,324.51,324.22,324.45,2739.0,324.372,25
2024-07-01 13:40:00-04:00,324.26,324.36,324.02,324.22,1987.0,324.163,17
2024-07-01 13:45:00-04:00,324.2,324.34,323.99,324.11,3820.0,324.137,26
2024-07-01 13:50:00-04:00,324.0,324.11,323.87,323.95,5844.0,323.986,48
2024-07-01 13:55:00-04:00,323.85,323.99,323.5,323.51,1475.0,323.636,13
2024-07-01 14:00:00-04:00,323.5,324.1,323.44,324.1,5318.0,323.692,41
2024-07-01 14:05:00-04:00,323.98,324.27,323.98,324.19,2356.0,324.118,21
2024-07-01 14:10:00-04:00,324.11,324.28,323.62,323.62,5361.0,324.101,39
2024-07-01 14:15:00-04:00,323.93,324.19,323.73,324.07,4002.0,323.953,22
2024-07-01 14:20:00-04:00,324.22,324.42,324.07,324.21,2186.0,324.269,18
2024-07-01 14:25:00-04:00,324.2,324.21,323.66,324.13,7406.0,324.004,51
2024-07-01 14:30:00-04:00,324.11,324.24,323.77,324.19,4497.0,324.121,41
2024-07-01 14:35:00-04:00,324.19,324.27,323.8,323.91,4637.0,324.104,42
2024-07-01 14:40:00-04:00,323.92,324.01,323.73,323.9,6679.0,323.885,46
2024-07-01 14:45:00-04:00,323.98,323.98,323.69,323.73,3211.0,323.838,26
2024-07-01 14:50:00-04:00,323.75,324.0,323.74,323.86,7053.0,323.869,42
2024-07-01 14:55:00-04:00,323.98,324.02,323.81,323.93,4678.0,323.963,35
2024-07-01 15:00:00-04:00,323.83,323.83,323.39,323.45,10506.0,323.575,59
2024-07-01 15:05:00-04:00,323.37,323.64,323.37,323.46,7782.0,323.53,51
2024-07-01 15:10:00-04:00,323.48,323.56,323.35,323.44,5665.0,323.474,46
2024-07-01 15:15:00-04:00,323.48,323.48,323.23,323.45,7489.0,323.338,53
2024-07-01 15:20:00-04:00,323.49,323.57,322.95,322.95,5970.0,323.374,52
2024-07-01 15:25:00-04:00,322.95,323.0,322.34,322.56,13248.0,322.718,86
2024-07-01 15:30:00-04:00,322.56,323.19,322.47,323.05,19731.0,322.716,127
2024-07-01 15:35:00-04:00,323.1,323.15,322.58,322.62,7527.0,322.834,64
2024-07-01 15:40:00-04:00,322.57,322.65,321.99,322.01,25961.0,322.244,171
2024-07-01 15:45:00-04:00,322.04,322.08,321.53,321.56,45578.0,321.765,308
2024-07-01 15:50:00-04:00,321.59,322.14,321.5,322.05,44536.0,321.768,339
2024-07-01 15:55:00-04:00,322.14,322.35,321.1,321.3,125468.0,321.623,853
2024-07-02 09:30:00-04:00,323.08,323.74,320.62,321.19,17752.0,322.825,25
2024-07-02 09:35:00-04:00,321.29,322.1,320.11,320.33,16055.0,321.039,31
2024-07-02 09:40:00-04:00,320.5,322.32,320.5,321.58,3734.0,321.723,28
2024-07-02 09:45:00-04:00,321.88,322.67,321.04,321.57,2475.0,321.864,19
2024-07-02 09:50:00-04:00,321.04,321.33,320.43,320.8,8109.0,320.88,67
2024-07-02 09:55:00-04:00,320.4,320.46,319.34,320.17,13609.0,319.899,93
2024-07-02 10:00:00-04:00,320.69,321.48,320.4,320.48,8509.0,320.851,77
2024-07-02 10:05:00-04:00,320.77,321.49,320.76,320.92,22223.0,321.258,103
2024-07-02 10:10:00-04:00,321.02,321.02,319.63,320.95,19014.0,320.188,150
2024-07-02 10:15:00-04:00,320.67,321.28,320.37,320.96,5671.0,320.859,40
2024-07-02 10:20:00-04:00,320.98,321.29,320.72,320.9,14801.0,321.126,92
2024-07-02 10:25:00-04:00,320.8,321.38,320.49,321.04,49094.0,320.847,225
2024-07-02 10:30:00-04:00,321.06,321.21,320.3,320.47,8458.0,320.865,78
2024-07-02 10:35:00-04:00,320.53,321.12,319.93,320.53,6146.0,320.57,42
2024-07-02 10:40:00-04:00,320.55,320.58,319.41,319.59,4965.0,320.174,42
2024-07-02 10:45:00-04:00,319.44,320.16,319.27,320.16,9614.0,319.654,60
2024-07-02 10:50:00-04:00,319.95,320.14,319.57,319.63,18234.0,319.92,117
2024-07-02 10:55:00-04:00,319.63,319.98,319.41,319.58,3780.0,319.717,36
2024-07-02 11:00:00-04:00,319.8,320.37,319.72,320.07,14552.0,319.995,87
2024-07-02 11:05:00-04:00,319.89,320.79,319.87,320.51,12103.0,320.297,53
2024-07-02 11:10:00-04:00,320.8,321.15,320.79,320.85,10173.0,321.058,48
2024-07-02 11:15:00-04:00,320.85,321.12,320.22,320.3,8139.0,320.491,54
2024-07-02 11:20:00-04:00,320.3,320.37,320.06,320.22,8135.0,320.235,52
2024-07-02 11:25:00-04:00,320.22,320.54,320.08,320.51,11429.0,320.315,99
2024-07-02 11:30:00-04:00,320.56,320.67,320.01,320.01,9608.0,320.363,72
2024-07-02 11:35:00-04:00,320.22,321.15,320.22,321.09,4918.0,320.745,32
2024-07-02 11:40:00-04:00,321.1,321.11,320.43,320.43,9700.0,320.81,58
2024-07-02 11:45:00-04:00,320.43,321.02,320.4,320.76,19680.0,320.753,150
2024-07-02 11:50:00-04:00,320.76,321.1,320.76,320.79,11669.0,320.883,95
2024-07-02 11:55:00-04:00,320.81,321.1,320.59,320.82,5942.0,320.829,50
2024-07-02 12:00:00-04:00,320.93,321.4,320.71,321.32,7952.0,321.154,67
2024-07-02 12:05:00-04:00,321.32,321.46,321.0,321.0,6133.0,321.256,51
2024-07-02 12:10:00-04:00,321.09,321.68,321.09,321.68,8851.0,321.354,79
2024-07-02 12:15:00-04:00,321.67,321.67,321.26,321.26,3694.0,321.429,30
2024-07-02 12:20:00-04:00,321.33,322.35,321.26,322.03,7303.0,321.74,47
2024-07-02 12:25:00-04:00,322.03,322.24,321.85,321.91,2404.0,322.043,23
2024-07-02 12:30:00-04:00,322.12,322.32,321.84,322.25,3752.0,322.152,25
2024-07-02 12:35:00-04:00,321.9,322.33,321.78,322.15,2709.0,322.113,24
2024-07-02 12:40:00-04:00,322.18,322.25,321.84,322.12,2918.0,322.111,23
2024-07-02 12:45:00-04:00,321.97,322.35,321.75,321.88,5268.0,322.056,45
2024-07-02 12:50:00-04:00,321.71,321.79,321.53,321.73,5009.0,321.702,43
2024-07-02 12:55:00-04:00,321.65,321.65,321.38,321.42,1205.0,321.507,12
2024-07-02 13:00:00-04:00,321.55,321.77,321.31,321.67,11411.0,321.598,83
2024-07-02 13:05:00-04:00,321.73,321.91,321.49,321.91,27849.0,321.615,229
2024-07-02 13:10:00-04:00,321.91,322.34,321.61,322.24,4056.0,321.952,29
2024-07-02 13:15:00-04:00,322.16,322.16,321.71,321.71,2631.0,321.99,26
2024-07-02 13:20:00-04:00,321.87,322.05,321.84,322.03,4541.0,321.994,34
2024-07-02 13:25:00-04:00,321.91,322.03,321.69,321.72,3222.0,321.865,26
2024-07-02 13:30:00-04:00,321.8,321.8,321.42,321.66,7501.0,321.578,60
2024-07-02 13:35:00-04:00,321.52,321.61,321.4,321.53,2057.0,321.503,16
2024-07-02 13:40:00-04:00,321.53,322.36,321.41,322.36,5139.0,321.808,42
2024-07-02 13:45:00-04:00,322.47,322.72,322.21,322.51,3310.0,322.535,25
2024-07-02 13:50:00-04:00,322.36,322.57,322.15,322.36,3818.0,322.338,25
2024-07-02 13:55:00-04:00,322.36,322.77,322.36,322.74,3272.0,322.635,29
2024-07-02 14:00:00-04:00,322.88,323.23,322.74,322.99,3360.0,322.952,32
2024-07-02 14:05:00-04:00,322.99,323.55,322.94,323.55,3111.0,323.206,25
2024-07-02 14:10:00-04:00,323.46,323.77,323.46,323.7,7322.0,323.603,71
2024-07-02 14:15:00-04:00,323.51,324.13,323.51,323.99,2625.0,323.832,23
2024-07-02 14:20:00-04:00,324.3,324.53,323.98,324.42,6809.0,324.265,64
2024-07-02 14:25:00-04:00,324.43,324.43,323.77,323.77,4063.0,324.175,35
2024-07-02 14:30:00-04:00,323.64,324.19,323.64,323.67,3748.0,323.887,29
2024-07-02 14:35:00-04:00,323.59,323.68,323.41,323.46,4118.0,323.564,38
2024-07-02 14:40:00-04:00,323.36,323.48,323.01,323.12,3001.0,323.226,25
2024-07-02 14:45:00-04:00,323.12,323.13,322.89,322.98,3829.0,323.005,28
2024-07-02 14:50:00-04:00,322.95,323.27,322.64,323.22,14750.0,323.012,108
2024-07-02 14:55:00-04:00,323.22,323.62,323.13,323.23,8756.0,323.425,67
2024-07-02 15:00:00-04:00,323.09,323.33,323.09,323.21,2302.0,323.187,19
2024-07-02 15:05:00-04:00,323.24,323.32,323.03,323.16,3255.0,323.174,30
2024-07-02 15:10:00-04:00,323.16,323.23,322.93,322.97,4647.0,323.058,42
2024-07-02 15:15:00-04:00,322.98,323.74,322.98,323.62,16120.0,323.531,85
2024-07-02 15:20:00-04:00,323.54,323.64,323.29,323.6,2517.0,323.464,23
2024-07-02 15:25:00-04:00,323.44,323.9,323.3,323.71,3217.0,323.72,31
2024-07-02 15:30:00-04:00,323.61,323.99,323.59,323.88,3186.0,323.811,23
2024-07-02 15:35:00-04:00,323.9,324.22,323.82,324.22,6954.0,324.045,62
2024-07-02 15:40:00-04:00,324.17,324.7,324.17,324.61,6478.0,324.478,59
2024-07-02 15:45:00-04:00,324.67,324.7,324.22,324.4,7816.0,324.535,73
2024-07-02 15:50:00-04:00,324.28,324.77,324.14,324.65,22354.0,324.494,186
2024-07-02 15:55:00-04:00,324.54,325.24,324.41,324.83,55834.0,324.954,408
2024-07-03 09:30:00-04:00,323.65,324.59,323.34,324.18,10459.0,323.744,15
2024-07-03 09:35:00-04:00,323.98,325.8,323.15,325.8,23093.0,324.411,71
2024-07-03 09:40:00-04:00,325.73,325.93,324.78,325.93,6764.0,325.25,59
2024-07-03 09:45:00-04:00,326.11,328.31,326.1,327.75,5202.0,327.464,39
2024-07-03 09:50:00-04:00,327.63,327.64,326.42,326.95,5412.0,326.976,42
2024-07-03 09:55:00-04:00,327.31,328.55,326.83,328.29,5227.0,327.707,37
2024-07-03 10:00:00-04:00,328.27,329.15,327.37,328.8,14113.0,328.105,110
2024-07-03 10:05:00-04:00,328.8,329.39,328.76,329.21,7379.0,329.032,69
2024-07-03 10:10:00-04:00,329.34,329.57,329.03,329.57,3657.0,329.247,34
2024-07-03 10:15:00-04:00,329.61,331.06,329.58,329.59,11716.0,330.323,81
2024-07-03 10:20:00-04:00,329.63,330.41,329.31,329.81,4610.0,329.873,45
2024-07-03 10:25:00-04:00,329.81,330.52,329.46,330.28,8165.0,330.014,67
2024-07-03 10:30:00-04:00,330.18,330.89,330.09,330.75,9756.0,330.605,90
2024-07-03 10:35:00-04:00,330.89,331.0,330.23,330.69,7690.0,330.683,69
2024-07-03 10:40:00-04:00,330.23,330.49,329.85,330.29,6879.0,330.178,57
2024-07-03 10:45:00-04:00,330.28,331.0,330.2,330.81,6850.0,330.482,59
2024-07-03 10:50:00-04:00,330.84,331.26,330.62,330.63,7004.0,330.95,60
2024-07-03 10:55:00-04:00,330.64,330.75,330.34,330.47,3523.0,330.566,33
2024-07-03 11:00:00-04:00,330.46,330.85,330.05,330.69,5653.0,330.471,50
2024-07-03 11:05:00-04:00,330.78,330.78,330.3,330.41,3366.0,330.566,31
2024-07-03 11:10:00-04:00,330.41,330.76,330.18,330.46,9544.0,330.409,77
2024-07-03 11:15:00-04:00,330.65,330.95,330.06,330.7,3313.0,330.609,31
2024-07-03 11:20:00-04:00,331.0,331.01,330.24,330.73,6241.0,330.675,28
2024-07-03 11:25:00-04:00,330.68,330.94,330.16,330.23,4018.0,330.512,33
2024-07-03 11:30:00-04:00,330.26,330.82,330.04,330.37,17869.0,330.653,65
2024-07-03 11:35:00-04:00,330.32,330.61,330.11,330.26,1565.0,330.298,15
2024-07-03 11:40:00-04:00,330.13,330.17,328.9,329.03,3775.0,329.716,36
2024-07-03 11:45:00-04:00,329.24,329.41,329.0,329.25,1023.0,329.229,9
2024-07-03 11:50:00-04:00,329.19,329.46,328.9,329.46,3121.0,329.129,26
2024-07-03 11:55:00-04:00,329.42,329.49,328.43,329.23,3122.0,329.121,28
2024-07-03 12:00:00-04:00,329.04,329.23,328.76,329.18,4199.0,329.07,31
2024-07-03 12:05:00-04:00,329.14,329.18,328.85,329.18,2595.0,329.043,23
2024-07-03 12:10:00-04:00,329.06,329.15,328.85,329.08,1829.0,329.005,16
2024-07-03 12:15:00-04:00,329.02,329.51,329.02,329.35,4093.0,329.266,38
2024-07-03 12:20:00-04:00,329.36,329.79,328.84,329.03,8194.0,329.334,68
2024-07-03 12:25:00-04:00,329.0,329.81,328.98,329.7,3434.0,329.442,30
2024-07-03 12:30:00-04:00,329.52,329.69,329.39,329.69,3896.0,329.544,35
2024-07-03 12:35:00-04:00,329.74,330.01,329.28,329.85,3278.0,329.554,31
2024-07-03 12:40:00-04:00,329.73,330.18,329.73,329.92,3199.0,329.97,26
2024-07-03 12:45:00-04:00,329.85,330.04,329.39,329.99,5934.0,329.645,53
2024-07-03 12:50:00-04:00,330.11,330.51,329.89,330.37,9032.0,330.237,76
2024-07-03 12:55:00-04:00,330.45,331.43,330.38,331.08,38984.0,330.975,293
2024-07-05 09:30:00-04:00,331.29,332.0,328.74,329.54,38617.0,331.144,63
2024-07-05 09:35:00-04:00,329.95,329.95,327.77,328.04,6376.0,329.1,54
2024-07-05 09:40:00-04:00,328.4,329.03,327.89,327.89,6565.0,328.579,58
2024-07-05 09:40:00-04:00,328.4,329.03,327.7,327.83,6865.0,328.551,61
2024-07-05 09:45:00-04:00,328.29,328.29,326.81,327.56,6259.0,327.44,46
2024-07-05 09:50:00-04:00,327.21,327.89,326.38,327.66,14702.0,327.155,71
2024-07-05 09:55:00-04:00,327.66,328.74,327.25,327.65,12071.0,327.752,100
2024-07-05 10:00:00-04:00,328.02,328.1,326.84,328.1,18317.0,327.388,78
2024-07-05 10:05:00-04:00,328.39,328.47,327.21,327.21,8407.0,327.876,68
2024-07-05 10:10:00-04:00,327.47,328.33,326.56,327.48,2311.0,327.671,19
2024-07-05 10:15:00-04:00,327.56,327.56,326.99,326.99,1600.0,327.139,15
2024-07-05 10:20:00-04:00,327.0,327.26,326.49,326.55,3891.0,326.914,36
2024-07-05 10:25:00-04:00,327.02,327.11,326.42,326.5,3778.0,326.898,21
2024-07-05 10:30:00-04:00,326.05,327.54,326.05,327.31,8667.0,326.649,75
2024-07-05 10:35:00-04:00,326.93,327.75,326.93,327.37,1870.0,327.546,15
2024-07-05 10:40:00-04:00,327.57,328.22,327.57,328.22,2750.0,327.959,24
2024-07-05 10:45:00-04:00,328.32,328.33,327.77,327.87,3173.0,328.079,28
2024-07-05 10:50:00-04:00,327.63,328.63,327.63,328.36,2276.0,328.262,22
2024-07-05 10:55:00-04:00,328.21,328.65,328.11,328.26,1848.0,328.359,16
2024-07-05 11:00:00-04:00,328.32,328.5,327.93,328.5,2680.0,328.254,23
2024-07-05 11:05:00-04:00,328.5,328.8,328.25,328.4,2299.0,328.565,21
2024-07-05 11:10:00-04:00,328.5,328.84,328.39,328.84,1328.0,328.655,13
2024-07-05 11:15:00-04:00,328.66,328.86,328.38,328.38,1000.0,328.586,10
2024-07-05 11:20:00-04:00,328.62,328.93,328.62,328.66,1793.0,328.811,17
2024-07-05 11:25:00-04:00,328.88,329.08,328.7,329.08,2304.0,328.918,22
2024-07-05 11:30:00-04:00,329.19,329.19,328.72,328.94,2168.0,328.964,19
2024-07-05 11:35:00-04:00,328.91,329.01,328.62,328.85,2194.0,328.839,21
2024-07-05 11:40:00-04:00,329.01,329.15,328.68,328.81,1610.0,329.008,16
2024-07-05 11:45:00-04:00,328.86,329.56,328.85,329.56,2047.0,329.223,16
2024-07-05 11:50:00-04:00,329.49,329.71,329.11,329.11,2538.0,329.428,24
2024-07-05 11:55:00-04:00,329.06,329.95,329.02,329.85,5822.0,329.463,34
2024-07-05 12:00:00-04:00,329.97,330.08,329.68,330.02,3865.0,329.924,32
2024-07-05 12:05:00-04:00,329.88,330.46,329.87,330.18,5503.0,330.187,51
2024-07-05 12:10:00-04:00,330.19,330.64,330.19,330.63,2607.0,330.346,15
2024-07-05 12:15:00-04:00,330.61,330.61,330.1,330.42,2200.0,330.353,19
2024-07-05 12:20:00-04:00,330.46,330.78,330.38,330.78,3600.0,330.6,33
2024-07-05 12:25:00-04:00,330.46,330.61,330.21,330.6,2406.0,330.445,20
2024-07-05 12:30:00-04:00,330.48,330.68,330.29,330.64,1848.0,330.54,16
2024-07-05 12:35:00-04:00,330.68,330.78,330.56,330.67,600.0,330.663,6
2024-07-05 12:40:00-04:00,330.8,330.94,330.79,330.94,1200.0,330.851,12
2024-07-05 12:45:00-04:00,330.84,330.99,330.79,330.81,700.0,330.876,7
2024-07-05 12:50:00-04:00,330.93,331.31,330.91,331.27,1915.0,331.067,14
2024-07-05 12:55:00-04:00,331.27,331.7,331.26,331.5,1728.0,331.465,15
2024-07-05 13:00:00-04:00,331.5,331.51,331.09,331.31,906.0,331.246,8
2024-07-05 13:05:00-04:00,331.28,331.46,331.07,331.13,2279.0,331.294,16
2024-07-05 13:10:00-04:00,331.28,331.28,330.86,331.01,2212.0,331.074,18
2024-07-05 13:15:00-04:00,331.0,331.01,330.83,330.84,600.0,330.877,6
2024-07-05 13:20:00-04:00,330.69,331.17,330.68,331.05,4153.0,330.922,27
2024-07-05 13:25:00-04:00,331.06,331.36,330.96,331.17,1835.0,331.189,14
2024-07-05 13:30:00-04:00,330.93,331.35,330.8,331.01,2469.0,331.099,18
2024-07-05 13:35:00-04:00,330.91,331.21,330.8,331.08,1525.0,331.015,13
2024-07-05 13:40:00-04:00,331.03,331.17,330.83,331.04,950.0,331.043,9
2024-07-05 13:45:00-04:00,331.21,331.43,331.07,331.17,4204.0,331.264,40
2024-07-05 13:50:00-04:00,331.07,331.35,331.07,331.3,708.0,331.258,6
2024-07-05 13:55:00-04:00,331.18,331.49,331.18,331.22,1140.0,331.362,8
2024-07-05 14:00:00-04:00,331.39,331.56,331.21,331.21,3700.0,331.408,28
2024-07-05 14:05:00-04:00,331.37,331.78,331.22,331.37,2467.0,331.528,21
2024-07-05 14:10:00-04:00,331.26,331.88,331.26,331.5,2224.0,331.703,20
2024-07-05 14:15:00-04:00,331.85,332.0,331.79,331.85,1900.0,331.867,16
2024-07-05 14:20:00-04:00,332.0,332.01,331.54,331.58,4544.0,331.826,40
2024-07-05 14:25:00-04:00,331.6,331.72,331.32,331.53,1837.0,331.568,16
2024-07-05 14:30:00-04:00,331.69,331.69,331.36,331.52,2309.0,331.599,14
2024-07-05 14:35:00-04:00,331.6,331.63,331.5,331.5,712.0,331.549,7
2024-07-05 14:40:00-04:00,331.57,331.96,331.55,331.76,1706.0,331.78,16
2024-07-05 14:45:00-04:00,331.93,332.19,331.83,331.85,3400.0,332.031,33
2024-07-05 14:50:00-04:00,332.04,332.21,331.85,332.1,5000.0,332.078,47
2024-07-05 14:55:00-04:00,332.08,332.21,331.94,332.14,2200.0,332.122,22
2024-07-05 15:00:00-04:00,332.1,332.1,331.94,332.09,706.0,332.067,7
2024-07-05 15:05:00-04:00,331.94,332.15,331.94,332.07,1085.0,332.044,10
2024-07-05 15:10:00-04:00,332.08,332.41,331.99,332.01,6686.0,332.187,48
2024-07-05 15:15:00-04:00,332.23,332.31,332.01,332.18,1007.0,332.161,10
2024-07-05 15:20:00-04:00,332.18,332.35,332.08,332.26,3062.0,332.244,24
2024-07-05 15:25:00-04:00,332.27,332.59,332.17,332.41,3561.0,332.386,34
2024-07-05 15:30:00-04:00,332.41,332.65,332.16,332.44,3297.0,332.362,32
2024-07-05 15:35:00-04:00,332.41,332.66,332.27,332.4,5089.0,332.474,38
2024-07-05 15:40:00-04:00,332.44,332.47,332.0,332.11,3422.0,332.141,30
2024-07-05 15:45:00-04:00,332.17,332.26,332.02,332.08,7157.0,332.164,61
2024-07-05 15:50:00-04:00,332.06,332.47,331.91,332.42,15292.0,332.223,124
2024-07-05 15:55:00-04:00,332.35,332.4,331.58,331.68,41705.0,331.944,309
2024-07-08 09:30:00-04:00,333.6,335.8,333.6,335.8,11288.0,333.657,5
2024-07-08 09:35:00-04:00,334.96,335.72,334.75,335.09,1750.0,335.256,14
2024-07-08 09:40:00-04:00,334.89,334.89,334.23,334.46,1000.0,334.645,6
2024-07-08 09:45:00-04:00,334.07,334.07,333.6,333.92,800.0,333.869,8
2024-07-08 09:50:00-04:00,334.15,335.46,334.15,334.91,5553.0,335.02,46
2024-07-08 09:55:00-04:00,334.9,335.08,334.64,335.07,2507.0,334.906,14
2024-07-08 10:00:00-04:00,334.55,334.87,334.08,334.08,4319.0,334.521,26
2024-07-08 10:05:00-04:00,334.31,334.37,333.66,333.76,2889.0,333.968,22
2024-07-08 10:10:00-04:00,333.96,334.57,333.96,334.19,2729.0,334.318,26
2024-07-08 10:15:00-04:00,334.36,334.62,333.64,333.75,7796.0,334.082,64
2024-07-08 10:20:00-04:00,333.75,334.14,333.52,334.1,5836.0,333.866,46
2024-07-08 10:25:00-04:00,334.06,334.3,333.9,333.9,1951.0,334.033,17
2024-07-08 10:30:00-04:00,333.88,334.44,333.87,334.44,1340.0,334.132,12
2024-07-08 10:35:00-04:00,334.44,334.9,334.44,334.89,1609.0,334.597,15
2024-07-08 10:40:00-04:00,334.74,334.92,334.55,334.75,3173.0,334.666,27
2024-07-08 10:45:00-04:00,334.67,335.42,334.67,335.1,2642.0,334.995,21
2024-07-08 10:50:00-04:00,335.26,335.47,334.94,335.03,3959.0,335.131,30
2024-07-08 10:55:00-04:00,335.1,335.12,334.73,334.73,2170.0,334.975,19
2024-07-08 11:00:00-04:00,334.88,335.15,334.73,334.73,4447.0,334.973,37
2024-07-08 11:05:00-04:00,334.9,335.09,334.62,334.7,1821.0,334.824,18
2024-07-08 11:10:00-04:00,334.71,334.72,334.45,334.47,1944.0,334.609,19
2024-07-08 11:15:00-04:00,334.48,334.49,334.19,334.31,2184.0,334.355,21
2024-07-08 11:20:00-04:00,334.34,335.12,334.34,334.93,4979.0,334.712,38
2024-07-08 11:25:00-04:00,334.92,335.18,334.82,334.84,3447.0,334.95,29
2024-07-08 11:30:00-04:00,334.63,334.63,333.63,333.63,3396.0,334.298,22
2024-07-08 11:35:00-04:00,333.52,333.64,333.16,333.64,4563.0,333.391,41
2024-07-08 11:40:00-04:00,333.41,333.94,333.25,333.56,2132.0,333.565,20
2024-07-08 11:45:00-04:00,333.62,333.78,333.49,333.78,1920.0,333.602,17
2024-07-08 11:50:00-04:00,333.77,333.77,333.22,333.27,2024.0,333.565,18
2024-07-08 11:55:00-04:00,333.26,333.39,332.85,333.21,2786.0,333.239,25
2024-07-08 12:00:00-04:00,333.17,333.47,333.17,333.41,2486.0,333.391,20
2024-07-08 12:05:00-04:00,333.4,333.49,332.96,333.11,2107.0,333.196,20
2024-07-08 12:10:00-04:00,333.09,333.41,333.06,333.25,3071.0,333.259,29
2024-07-08 12:15:00-04:00,333.16,333.26,332.92,333.23,2602.0,333.148,24
2024-07-08 12:20:00-04:00,333.24,333.24,333.05,333.15,2231.0,333.144,22
2024-07-08 12:25:00-04:00,333.15,333.23,332.87,333.04,1643.0,333.072,16
2024-07-08 12:30:00-04:00,332.95,333.34,332.8,333.07,3372.0,333.129,25
2024-07-08 12:35:00-04:00,333.06,333.4,332.92,333.31,2293.0,333.193,22
2024-07-08 12:40:00-04:00,333.31,333.98,333.29,333.86,11576.0,333.65,97
2024-07-08 12:45:00-04:00,334.0,334.3,333.98,334.3,3370.0,334.088,30
2024-07-08 12:50:00-04:00,334.13,334.26,334.0,334.2,2793.0,334.138,27
2024-07-08 12:55:00-04:00,334.2,334.2,333.63,333.63,2280.0,333.938,22
2024-07-08 13:00:00-04:00,333.66,333.78,333.53,333.78,2681.0,333.616,23
2024-07-08 13:05:00-04:00,333.68,333.97,333.68,333.84,2388.0,333.848,19
2024-07-08 13:10:00-04:00,333.92,334.2,333.84,334.19,1410.0,334.038,14
2024-07-08 13:15:00-04:00,334.19,334.42,334.17,334.36,1206.0,334.289,11
2024-07-08 13:20:00-04:00,334.36,334.44,334.23,334.23,2828.0,334.359,22
2024-07-08 13:25:00-04:00,334.44,334.44,334.01,334.02,917.0,334.173,9
2024-07-08 13:30:00-04:00,334.14,334.38,334.09,334.38,4084.0,334.197,15
2024-07-08 13:35:00-04:00,334.46,334.66,334.45,334.66,711.0,334.576,7
2024-07-08 13:40:00-04:00,334.65,334.69,334.05,334.15,2579.0,334.445,23
2024-07-08 13:45:00-04:00,334.15,334.16,333.83,333.94,2392.0,334.079,20
2024-07-08 13:50:00-04:00,334.04,334.04,333.87,333.94,2400.0,333.918,20
2024-07-08 13:55:00-04:00,334.05,334.2,333.95,334.19,2564.0,334.106,17
2024-07-08 14:00:00-04:00,334.21,334.3,334.12,334.16,4535.0,334.208,36
2024-07-08 14:05:00-04:00,334.16,334.25,333.96,333.99,1106.0,334.052,9
2024-07-08 14:10:00-04:00,334.02,334.02,333.76,333.77,1285.0,333.881,10
2024-07-08 14:15:00-04:00,333.85,333.87,333.65,333.87,877.0,333.795,8
2024-07-08 14:20:00-04:00,333.76,334.19,333.75,334.06,2449.0,333.934,20
2024-07-08 14:25:00-04:00,334.1,334.17,333.69,333.69,7503.0,333.974,23
2024-07-08 14:30:00-04:00,333.46,333.63,333.43,333.63,1228.0,333.539,10
2024-07-08 14:35:00-04:00,333.53,333.53,333.08,333.2,1386.0,333.297,13
2024-07-08 14:40:00-04:00,333.1,333.16,332.8,333.03,3181.0,333.051,27
2024-07-08 14:45:00-04:00,333.0,333.27,332.94,333.27,2523.0,333.084,20
2024-07-08 14:50:00-04:00,333.28,333.65,333.28,333.49,7935.0,333.508,42
2024-07-08 14:55:00-04:00,333.49,333.71,333.33,333.52,3900.0,333.555,29
2024-07-08 15:00:00-04:00,333.5,333.5,333.25,333.25,1421.0,333.379,13
2024-07-08 15:05:00-04:00,333.18,333.4,333.14,333.4,1822.0,333.263,15
2024-07-08 15:10:00-04:00,333.34,333.69,333.34,333.69,2179.0,333.522,16
2024-07-08 15:15:00-04:00,333.8,333.8,333.38,333.5,2933.0,333.558,25
2024-07-08 15:20:00-04:00,333.53,333.53,333.4,333.48,2426.0,333.47,19
2024-07-08 15:25:00-04:00,333.49,333.64,333.27,333.39,4819.0,333.455,38
2024-07-08 15:30:00-04:00,333.37,333.48,333.22,333.35,2431.0,333.374,22
2024-07-08 15:35:00-04:00,333.34,333.82,333.33,333.65,4871.0,333.568,36
2024-07-08 15:40:00-04:00,333.73,334.25,333.55,334.25,8876.0,333.736,75
2024-07-08 15:45:00-04:00,334.36,334.45,334.1,334.28,8648.0,334.273,74
2024-07-08 15:50:00-04:00,334.26,334.26,333.89,333.98,14103.0,334.083,102
2024-07-08 15:55:00-04:00,333.95,334.22,333.47,333.54,42905.0,333.906,343
2024-07-09 09:30:00-04:00,333.52,335.36,333.52,335.36,9223.0,333.565,3
2024-07-09 09:35:00-04:00,335.33,335.36,334.02,334.14,2306.0,334.737,19
2024-07-09 09:40:00-04:00,334.31,335.24,334.3,334.98,1982.0,334.801,15
2024-07-09 09:45:00-04:00,335.06,335.32,333.96,334.63,10822.0,334.492,56
2024-07-09 09:50:00-04:00,334.31,335.11,334.3,335.04,2652.0,334.579,18
2024-07-09 09:55:00-04:00,335.3,335.63,335.23,335.41,1973.0,335.431,17
2024-07-09 10:00:00-04:00,335.37,335.57,334.0,334.02,9067.0,335.173,55
2024-07-09 10:05:00-04:00,333.9,334.41,333.17,333.74,4400.0,333.749,35
2024-07-09 10:10:00-04:00,333.98,335.3,333.98,335.14,2229.0,334.824,19
2024-07-09 10:15:00-04:00,335.15,335.22,334.47,334.74,2088.0,334.879,19
2024-07-09 10:20:00-04:00,334.54,334.67,334.35,334.37,1558.0,334.558,13
2024-07-09 10:25:00-04:00,334.4,334.5,334.11,334.47,1500.0,334.309,15
2024-07-09 10:30:00-04:00,333.94,334.2,333.76,334.2,1971.0,333.925,16
2024-07-09 10:35:00-04:00,334.46,334.6,334.27,334.34,907.0,334.361,9
2024-07-09 10:40:00-04:00,334.53,334.53,334.1,334.17,1700.0,334.347,17
2024-07-09 10:45:00-04:00,334.0,334.43,334.0,334.09,1619.0,334.244,16
2024-07-09 10:50:00-04:00,334.09,334.3,333.89,334.11,4968.0,334.01,29
2024-07-09 10:55:00-04:00,334.08,334.08,333.43,333.67,16271.0,333.902,133
2024-07-09 11:00:00-04:00,333.47,334.19,333.46,333.72,3972.0,333.811,36
2024-07-09 11:05:00-04:00,333.8,334.07,333.65,334.07,2001.0,333.789,16
2024-07-09 11:10:00-04:00,333.99,334.43,333.65,334.27,2301.0,334.023,20
2024-07-09 11:15:00-04:00,334.58,334.67,334.15,334.34,2108.0,334.392,18
2024-07-09 11:20:00-04:00,334.17,334.71,334.05,334.37,7266.0,334.275,31
2024-07-09 11:25:00-04:00,334.19,334.77,334.19,334.77,2290.0,334.544,16
2024-07-09 11:30:00-04:00,334.85,334.88,334.46,334.58,5567.0,334.601,33
2024-07-09 11:35:00-04:00,334.71,334.79,334.63,334.71,900.0,334.727,9
2024-07-09 11:40:00-04:00,334.69,335.11,334.65,335.11,3259.0,334.884,26
2024-07-09 11:45:00-04:00,335.08,335.33,335.08,335.21,1343.0,335.189,13
2024-07-09 11:50:00-04:00,335.34,335.34,335.04,335.1,1863.0,335.134,15
2024-07-09 11:55:00-04:00,335.08,335.11,334.93,335.09,1333.0,335.056,10
2024-07-09 12:00:00-04:00,334.99,334.99,334.6,334.79,2049.0,334.805,19
2024-07-09 12:05:00-04:00,334.65,334.73,334.52,334.73,1298.0,334.619,11
2024-07-09 12:10:00-04:00,334.88,335.17,334.88,335.17,500.0,335.087,5
2024-07-09 12:15:00-04:00,335.09,335.76,335.09,335.76,1772.0,335.525,14
2024-07-09 12:20:00-04:00,335.76,335.76,335.48,335.68,1500.0,335.545,13
2024-07-09 12:25:00-04:00,335.71,335.81,335.56,335.68,3428.0,335.693,27
2024-07-09 12:30:00-04:00,335.63,335.77,335.63,335.67,1678.0,335.694,16
2024-07-09 12:35:00-04:00,335.76,336.02,335.51,335.85,3463.0,335.747,30
2024-07-09 12:40:00-04:00,335.84,336.52,335.84,336.42,1996.0,336.253,19
2024-07-09 12:45:00-04:00,336.41,336.7,336.4,336.44,2778.0,336.502,27
2024-07-09 12:50:00-04:00,336.51,336.65,336.33,336.42,1796.0,336.51,16
2024-07-09 12:55:00-04:00,336.31,336.52,336.31,336.48,1100.0,336.443,11
2024-07-09 13:00:00-04:00,336.55,336.98,336.54,336.98,4434.0,336.798,42
2024-07-09 13:05:00-04:00,336.73,337.06,336.64,336.83,1471.0,336.805,14
2024-07-09 13:10:00-04:00,336.94,337.12,336.73,336.79,2006.0,336.923,19
2024-07-09 13:15:00-04:00,336.84,336.84,336.01,336.49,1434.0,336.401,14
2024-07-09 13:20:00-04:00,336.42,336.48,336.32,336.37,1100.0,336.41,10
2024-07-09 13:25:00-04:00,336.17,336.62,336.17,336.48,997.0,336.398,7
2024-07-09 13:30:00-04:00,336.56,336.58,336.45,336.58,1302.0,336.526,12
2024-07-09 13:35:00-04:00,336.42,336.47,336.2,336.3,1052.0,336.328,10
2024-07-09 13:40:00-04:00,336.29,336.29,336.03,336.16,1948.0,336.127,19
2024-07-09 13:45:00-04:00,336.11,336.22,336.01,336.06,1745.0,336.064,16
2024-07-09 13:50:00-04:00,336.38,336.4,336.3,336.36,2022.0,336.335,18
2024-07-09 13:55:00-04:00,336.24,336.25,336.04,336.05,724.0,336.159,7
2024-07-09 14:00:00-04:00,335.94,335.94,335.74,335.75,500.0,335.862,4
2024-07-09 14:05:00-04:00,335.69,336.28,335.55,336.11,2766.0,336.037,23
2024-07-09 14:10:00-04:00,336.07,336.29,336.07,336.17,1100.0,336.217,10
2024-07-09 14:15:00-04:00,336.17,336.53,336.16,336.46,11249.0,336.364,87
2024-07-09 14:20:00-04:00,336.47,336.59,336.33,336.43,1663.0,336.423,15
2024-07-09 14:25:00-04:00,336.32,336.32,335.79,335.99,1618.0,336.075,14
2024-07-09 14:30:00-04:00,335.99,336.46,335.99,336.29,1300.0,336.258,13
2024-07-09 14:35:00-04:00,336.23,336.51,336.11,336.38,3233.0,336.337,28
2024-07-09 14:40:00-04:00,336.42,336.5,336.01,336.49,2848.0,336.227,17
2024-07-09 14:45:00-04:00,336.47,336.47,336.17,336.37,3931.0,336.302,32
2024-07-09 14:50:00-04:00,336.33,336.37,336.09,336.31,12176.0,336.262,67
2024-07-09 14:55:00-04:00,336.33,336.61,336.32,336.5,4931.0,336.457,38
2024-07-09 15:00:00-04:00,336.5,336.6,335.86,335.86,4750.0,336.294,34
2024-07-09 15:05:00-04:00,335.58,335.71,335.46,335.57,3252.0,335.588,26
2024-07-09 15:10:00-04:00,335.49,335.59,335.19,335.34,1677.0,335.364,16
2024-07-09 15:15:00-04:00,335.24,335.28,334.88,335.28,2102.0,335.141,20
2024-07-09 15:20:00-04:00,335.23,335.23,335.07,335.07,1200.0,335.125,11
2024-07-09 15:25:00-04:00,335.19,335.27,335.03,335.22,3762.0,335.158,33
2024-07-09 15:30:00-04:00,335.12,335.27,335.02,335.03,3573.0,335.094,33
2024-07-09 15:35:00-04:00,335.11,335.48,334.99,335.29,3664.0,335.28,35
2024-07-09 15:40:00-04:00,335.47,335.54,335.04,335.09,5218.0,335.341,47
2024-07-09 15:45:00-04:00,335.21,335.39,334.96,334.98,4551.0,335.218,44
2024-07-09 15:50:00-04:00,335.07,335.39,334.58,334.67,10216.0,335.119,89
2024-07-09 15:55:00-04:00,334.59,334.71,333.56,333.74,51558.0,333.998,378
2024-07-10 09:30:00-04:00,336.38,337.51,335.05,336.98,21671.0,336.422,23
2024-07-10 09:35:00-04:00,337.22,337.46,336.5,337.27,2200.0,337.08,18
2024-07-10 09:40:00-04:00,336.57,336.64,336.01,336.19,5058.0,336.411,44
2024-07-10 09:45:00-04:00,336.45,338.39,336.45,338.39,16310.0,337.466,78
2024-07-10 09:50:00-04:00,338.01,338.53,337.66,338.26,2750.0,338.029,23
2024-07-10 09:55:00-04:00,338.28,338.82,337.83,338.11,20151.0,338.328,141
2024-07-10 10:00:00-04:00,338.41,339.64,338.41,339.17,4811.0,339.254,37
2024-07-10 10:05:00-04:00,338.75,338.75,337.55,338.1,7358.0,338.146,62
2024-07-10 10:10:00-04:00,337.65,337.65,335.95,337.46,16051.0,336.334,54
2024-07-10 10:15:00-04:00,337.04,337.04,335.03,335.06,3015.0,336.03,27
2024-07-10 10:20:00-04:00,335.04,335.21,333.68,334.51,11193.0,334.246,82
2024-07-10 10:25:00-04:00,334.22,334.22,333.4,333.97,4249.0,333.631,25
2024-07-10 10:30:00-04:00,333.97,334.63,333.6,334.59,8958.0,333.935,33
2024-07-10 10:35:00-04:00,334.79,335.21,334.73,334.94,3390.0,334.898,27
2024-07-10 10:40:00-04:00,335.1,335.5,335.1,335.26,2408.0,335.302,15
2024-07-10 10:45:00-04:00,335.2,335.42,334.72,335.05,2458.0,335.009,21
2024-07-10 10:50:00-04:00,334.96,335.55,334.95,335.43,3121.0,335.356,30
2024-07-10 10:55:00-04:00,335.43,336.03,335.24,335.96,3118.0,335.544,26
2024-07-10 11:00:00-04:00,336.06,336.16,335.71,336.14,2157.0,335.956,13
2024-07-10 11:05:00-04:00,336.05,336.57,336.02,336.52,2293.0,336.231,18
2024-07-10 11:10:00-04:00,336.53,336.7,335.14,335.14,7915.0,336.161,74
2024-07-10 11:15:00-04:00,335.15,335.86,335.0,335.86,3700.0,335.228,17
2024-07-10 11:20:00-04:00,335.69,336.23,335.69,336.23,2419.0,335.94,20
2024-07-10 11:25:00-04:00,336.26,336.26,335.94,336.24,1300.0,336.133,12
2024-07-10 11:30:00-04:00,336.34,336.34,336.27,336.27,900.0,336.318,8
2024-07-10 11:35:00-04:00,336.34,336.65,336.17,336.6,1804.0,336.351,15
2024-07-10 11:40:00-04:00,336.66,336.96,336.66,336.96,702.0,336.797,7
2024-07-10 11:45:00-04:00,336.91,337.12,336.55,336.56,3681.0,336.842,33
2024-07-10 11:50:00-04:00,336.61,336.8,336.35,336.35,1739.0,336.61,16
2024-07-10 11:55:00-04:00,336.5,337.02,336.2,336.4,4936.0,336.648,41
2024-07-10 12:00:00-04:00,336.36,336.75,336.18,336.75,1121.0,336.401,9
2024-07-10 12:05:00-04:00,336.7,337.06,336.7,336.91,1425.0,336.911,13
2024-07-10 12:10:00-04:00,336.73,337.02,336.73,336.89,6222.0,336.874,52
2024-07-10 12:15:00-04:00,336.91,337.6,336.9,337.6,6848.0,336.981,30
2024-07-10 12:20:00-04:00,337.77,338.4,337.77,338.4,1004.0,338.052,10
2024-07-10 12:25:00-04:00,338.38,339.06,338.38,338.56,6024.0,338.723,47
2024-07-10 12:30:00-04:00,338.53,338.86,338.04,338.39,6667.0,338.485,41
2024-07-10 12:35:00-04:00,338.36,338.43,338.12,338.29,2303.0,338.295,19
2024-07-10 12:40:00-04:00,338.22,338.85,338.21,338.84,5188.0,338.451,16
2024-07-10 12:45:00-04:00,338.67,338.79,338.43,338.43,1476.0,338.67,13
2024-07-10 12:50:00-04:00,338.5,338.67,338.45,338.56,2169.0,338.538,21
2024-07-10 12:55:00-04:00,338.56,339.05,338.56,339.05,2300.0,338.697,10
2024-07-10 13:00:00-04:00,339.07,339.07,338.82,338.82,1629.0,338.926,14
2024-07-10 13:05:00-04:00,338.83,339.08,338.69,338.76,2353.0,338.865,21
2024-07-10 13:10:00-04:00,338.91,339.0,338.78,338.78,848.0,338.881,8
2024-07-10 13:15:00-04:00,338.9,338.9,338.44,338.44,2997.0,338.559,17
2024-07-10 13:20:00-04:00,338.37,338.56,337.94,338.08,4341.0,338.122,20
2024-07-10 13:25:00-04:00,338.24,338.24,338.03,338.15,1556.0,338.14,12
2024-07-10 13:30:00-04:00,338.14,338.16,337.71,338.16,2450.0,337.99,22
2024-07-10 13:35:00-04:00,337.88,338.0,337.68,337.85,2240.0,337.807,22
2024-07-10 13:40:00-04:00,337.99,337.99,337.66,337.96,1686.0,337.777,15
2024-07-10 13:45:00-04:00,337.99,338.3,337.85,337.88,1757.0,337.989,17
2024-07-10 13:50:00-04:00,338.02,338.5,338.02,338.32,1307.0,338.21,12
2024-07-10 13:55:00-04:00,338.37,338.66,338.36,338.6,5159.0,338.494,45
2024-07-10 14:00:00-04:00,338.72,338.79,338.21,338.21,3253.0,338.52,31
2024-07-10 14:05:00-04:00,338.32,338.35,338.31,338.31,300.0,338.327,3
2024-07-10 14:10:00-04:00,338.25,338.31,338.23,338.28,1403.0,338.284,8
2024-07-10 14:15:00-04:00,338.08,338.2,337.97,338.08,1482.0,338.072,14
2024-07-10 14:20:00-04:00,337.87,338.21,337.87,337.98,1218.0,338.018,12
2024-07-10 14:25:00-04:00,338.21,338.98,338.21,338.98,600.0,338.563,6
2024-07-10 14:30:00-04:00,338.89,338.98,338.72,338.92,848.0,338.858,6
2024-07-10 14:35:00-04:00,339.01,339.22,339.01,339.12,1876.0,339.093,11
2024-07-10 14:40:00-04:00,339.03,339.24,339.0,339.19,900.0,339.108,9
2024-07-10 14:45:00-04:00,339.18,339.5,338.95,339.06,2100.0,339.244,18
2024-07-10 14:50:00-04:00,339.03,339.03,338.95,338.96,1259.0,338.976,9
2024-07-10 14:55:00-04:00,339.1,339.13,338.98,339.09,2636.0,339.053,25
2024-07-10 15:00:00-04:00,339.08,339.15,338.87,338.88,5900.0,339.012,46
2024-07-10 15:05:00-04:00,338.86,339.43,338.78,339.43,2976.0,339.016,23
2024-07-10 15:10:00-04:00,339.57,339.65,339.33,339.42,1255.0,339.49,11
2024-07-10 15:15:00-04:00,339.23,339.84,339.23,339.68,4470.0,339.619,34
2024-07-10 15:20:00-04:00,339.65,340.0,339.63,340.0,1646.0,339.764,15
2024-07-10 15:25:00-04:00,339.86,339.9,339.67,339.72,2022.0,339.787,20
2024-07-10 15:30:00-04:00,339.67,339.89,339.57,339.7,2050.0,339.729,20
2024-07-10 15:35:00-04:00,339.7,339.92,339.63,339.88,2627.0,339.787,26
2024-07-10 15:40:00-04:00,339.92,340.03,339.55,339.59,3134.0,339.754,25
2024-07-10 15:45:00-04:00,339.68,340.18,339.67,339.88,4224.0,339.907,34
2024-07-10 15:50:00-04:00,339.88,340.54,339.88,340.31,10402.0,340.292,86
2024-07-10 15:55:00-04:00,340.3,341.1,340.15,341.05,55919.0,340.633,375
2024-07-11 09:30:00-04:00,340.82,344.14,340.82,342.95,16141.0,341.122,20
2024-07-11 09:35:00-04:00,343.68,343.69,342.42,342.53,1165.0,342.932,6
2024-07-11 09:40:00-04:00,342.66,343.15,342.39,342.8,3949.0,342.879,38
2024-07-11 09:45:00-04:00,342.94,343.71,342.46,343.41,2313.0,343.204,21
2024-07-11 09:50:00-04:00,343.37,343.42,342.37,342.37,3458.0,343.063,30
2024-07-11 09:55:00-04:00,341.95,341.98,341.37,341.78,1341.0,341.816,11
2024-07-11 10:00:00-04:00,341.89,343.2,341.76,343.19,1284.0,342.261,12
2024-07-11 10:05:00-04:00,343.74,344.33,343.71,344.1,2686.0,344.004,24
2024-07-11 10:10:00-04:00,344.37,344.84,344.37,344.53,1751.0,344.581,14
2024-07-11 10:15:00-04:00,344.88,344.88,343.77,343.98,1600.0,344.146,15
2024-07-11 10:20:00-04:00,344.4,344.66,343.91,344.42,3133.0,344.253,26
2024-07-11 10:25:00-04:00,344.3,345.03,344.3,344.7,1688.0,344.803,15
2024-07-11 10:30:00-04:00,344.62,345.18,344.61,344.62,1009.0,344.812,7
2024-07-11 10:35:00-04:00,344.31,344.68,344.12,344.62,1409.0,344.445,14
2024-07-11 10:40:00-04:00,344.72,344.73,344.38,344.4,2187.0,344.631,17
2024-07-11 10:45:00-04:00,344.92,345.29,344.69,345.18,1189.0,345.031,10
2024-07-11 10:50:00-04:00,345.34,345.9,345.13,345.13,6302.0,345.665,35
2024-07-11 10:55:00-04:00,345.12,345.21,344.58,344.89,2475.0,344.87,21
2024-07-11 11:00:00-04:00,345.1,345.65,345.04,345.63,5723.0,345.261,32
2024-07-11 11:05:00-04:00,345.49,346.14,345.36,346.14,800.0,345.707,8
2024-07-11 11:10:00-04:00,346.8,346.8,345.94,346.28,6247.0,346.259,54
2024-07-11 11:15:00-04:00,346.28,346.28,346.01,346.26,2298.0,346.149,17
2024-07-11 11:20:00-04:00,346.39,346.63,346.25,346.43,2907.0,346.426,28
2024-07-11 11:25:00-04:00,346.22,346.6,345.94,346.56,3445.0,346.371,31
2024-07-11 11:30:00-04:00,346.31,346.54,346.09,346.09,1047.0,346.295,10
2024-07-11 11:35:00-04:00,346.44,346.83,346.14,346.14,4476.0,346.506,36
2024-07-11 11:40:00-04:00,346.01,346.22,345.22,345.66,7749.0,345.737,38
2024-07-11 11:45:00-04:00,345.91,346.1,344.87,344.87,2000.0,345.595,20
2024-07-11 11:50:00-04:00,345.01,345.43,344.86,344.9,6180.0,345.164,37
2024-07-11 11:55:00-04:00,345.08,345.5,344.69,344.72,5401.0,345.121,42
2024-07-11 12:00:00-04:00,344.59,344.6,343.87,344.2,1951.0,344.202,16
2024-07-11 12:05:00-04:00,343.79,344.22,343.54,344.22,2934.0,343.889,29
2024-07-11 12:10:00-04:00,344.27,344.45,344.23,344.24,945.0,344.299,7
2024-07-11 12:15:00-04:00,344.34,344.37,343.91,344.25,1400.0,344.163,14
2024-07-11 12:20:00-04:00,344.47,344.47,344.23,344.23,900.0,344.299,9
2024-07-11 12:25:00-04:00,344.3,344.44,344.12,344.12,1065.0,344.268,6
2024-07-11 12:30:00-04:00,344.1,344.46,344.05,344.46,1700.0,344.219,17
2024-07-11 12:35:00-04:00,344.2,344.29,343.95,344.07,1405.0,344.136,14
2024-07-11 12:40:00-04:00,343.73,343.93,343.47,343.67,1100.0,343.657,10
2024-07-11 12:45:00-04:00,343.55,343.68,343.3,343.56,1837.0,343.534,14
2024-07-11 12:50:00-04:00,343.55,343.55,343.1,343.1,1610.0,343.349,16
2024-07-11 12:55:00-04:00,343.02,343.87,343.02,343.87,13044.0,343.572,21
2024-07-11 13:00:00-04:00,343.69,343.85,343.32,343.6,3535.0,343.624,31
2024-07-11 13:05:00-04:00,343.32,343.9,343.32,343.71,1522.0,343.654,13
2024-07-11 13:10:00-04:00,343.66,343.92,343.34,343.92,2408.0,343.665,21
2024-07-11 13:15:00-04:00,344.04,344.69,343.9,344.64,4092.0,344.26,35
2024-07-11 13:20:00-04:00,344.81,345.06,344.53,344.53,2650.0,344.772,26
2024-07-11 13:25:00-04:00,344.6,345.2,344.48,345.07,2311.0,344.915,16
2024-07-11 13:30:00-04:00,345.07,345.16,344.87,345.01,5176.0,345.011,35
2024-07-11 13:35:00-04:00,345.15,345.34,344.78,345.33,3712.0,345.04,24
2024-07-11 13:40:00-04:00,345.47,345.74,345.39,345.7,2200.0,345.553,22
2024-07-11 13:45:00-04:00,345.74,345.74,345.28,345.51,2099.0,345.494,20
2024-07-11 13:50:00-04:00,345.48,345.63,345.22,345.23,2410.0,345.435,21
2024-07-11 13:55:00-04:00,345.37,345.54,345.23,345.34,1154.0,345.384,11
2024-07-11 14:00:00-04:00,345.34,345.56,345.26,345.51,2945.0,345.422,26
2024-07-11 14:05:00-04:00,345.58,345.95,345.58,345.9,2424.0,345.777,20
2024-07-11 14:10:00-04:00,345.9,346.13,345.89,346.07,1044.0,346.037,6
2024-07-11 14:15:00-04:00,346.12,346.23,345.98,346.23,855.0,346.094,8
2024-07-11 14:20:00-04:00,346.06,346.29,345.93,345.95,2564.0,346.076,23
2024-07-11 14:25:00-04:00,345.74,345.74,345.63,345.63,829.0,345.701,5
2024-07-11 14:30:00-04:00,345.48,346.16,345.44,346.03,1500.0,345.779,15
2024-07-11 14:35:00-04:00,346.1,346.19,345.95,346.19,1250.0,346.081,8
2024-07-11 14:40:00-04:00,346.0,346.37,345.97,346.15,2916.0,346.128,26
2024-07-11 14:45:00-04:00,346.25,346.57,346.2,346.57,3888.0,346.399,30
2024-07-11 14:50:00-04:00,346.45,346.67,346.33,346.38,4614.0,346.497,42
2024-07-11 14:55:00-04:00,346.48,346.48,346.14,346.31,6600.0,346.296,48
2024-07-11 15:00:00-04:00,346.31,346.57,346.04,346.57,9881.0,346.268,87
2024-07-11 15:05:00-04:00,346.5,346.64,346.39,346.63,4078.0,346.51,30
2024-07-11 15:10:00-04:00,346.63,346.82,346.37,346.5,4801.0,346.52,31
2024-07-11 15:15:00-04:00,346.5,346.92,346.44,346.9,4131.0,346.559,33
2024-07-11 15:20:00-04:00,346.95,347.13,346.91,347.05,1650.0,347.03,16
2024-07-11 15:25:00-04:00,346.83,346.86,346.32,346.4,3905.0,346.591,34
2024-07-11 15:30:00-04:00,346.4,346.54,346.11,346.42,10323.0,346.383,77
2024-07-11 15:35:00-04:00,346.62,346.9,346.59,346.7,6981.0,346.681,57
2024-07-11 15:40:00-04:00,346.85,346.99,346.75,346.81,6574.0,346.862,57
2024-07-11 15:45:00-04:00,346.81,347.2,346.8,347.0,4005.0,347.027,38
2024-07-11 15:50:00-04:00,347.01,347.11,345.19,345.19,9247.0,346.208,86
2024-07-11 15:55:00-04:00,345.12,345.36,344.55,344.56,43526.0,345.009,312
2024-07-12 09:30:00-04:00,344.56,344.56,342.32,343.06,20857.0,344.325,34
2024-07-12 09:35:00-04:00,342.8,343.93,342.78,342.86,3022.0,343.371,26
2024-07-12 09:40:00-04:00,343.25,344.09,342.79,342.85,2733.0,343.572,21
2024-07-12 09:45:00-04:00,342.88,344.25,342.33,344.19,9689.0,343.601,83
2024-07-12 09:50:00-04:00,344.02,345.22,344.02,345.08,4163.0,344.674,32
2024-07-12 09:55:00-04:00,344.68,344.9,344.08,344.46,3250.0,344.61,31
2024-07-12 10:00:00-04:00,344.18,345.9,344.18,345.11,23759.0,344.911,157
2024-07-12 10:05:00-04:00,345.54,345.66,344.56,344.56,3943.0,345.323,24
2024-07-12 10:10:00-04:00,344.67,344.67,343.91,344.27,2433.0,344.281,17
2024-07-12 10:15:00-04:00,344.26,345.03,344.22,344.87,9600.0,344.358,43
2024-07-12 10:20:00-04:00,345.05,345.22,344.59,344.97,2793.0,344.996,22
2024-07-12 10:25:00-04:00,345.0,345.28,344.68,345.28,2669.0,345.064,24
2024-07-12 10:30:00-04:00,345.38,345.38,344.86,345.11,1406.0,345.077,13
2024-07-12 10:35:00-04:00,345.06,345.94,344.88,345.46,5752.0,345.473,49
2024-07-12 10:40:00-04:00,345.56,345.57,344.83,344.84,2990.0,345.069,22
2024-07-12 10:45:00-04:00,344.91,345.4,344.72,345.4,14715.0,345.127,41
2024-07-12 10:50:00-04:00,345.5,345.71,345.3,345.55,1513.0,345.512,15
2024-07-12 10:55:00-04:00,345.49,345.69,345.46,345.63,1996.0,345.574,17
2024-07-12 11:00:00-04:00,345.51,345.56,345.07,345.17,2379.0,345.301,23
2024-07-12 11:05:00-04:00,345.06,345.26,344.77,345.02,9582.0,345.027,81
2024-07-12 11:10:00-04:00,345.09,345.11,344.04,344.14,15940.0,344.701,109
2024-07-12 11:15:00-04:00,344.0,344.14,343.31,343.47,3671.0,343.732,33
2024-07-12 11:20:00-04:00,343.48,343.79,343.34,343.55,4853.0,343.597,34
2024-07-12 11:25:00-04:00,343.66,344.46,343.65,344.46,5972.0,343.998,48
2024-07-12 11:30:00-04:00,344.46,344.71,344.06,344.16,6850.0,344.497,60
2024-07-12 11:35:00-04:00,344.12,344.66,343.98,344.53,18161.0,344.366,139
2024-07-12 11:40:00-04:00,344.63,345.74,344.63,344.82,14823.0,345.124,107
2024-07-12 11:45:00-04:00,344.71,344.82,344.38,344.43,7256.0,344.639,70
2024-07-12 11:50:00-04:00,344.23,344.66,344.05,344.06,4946.0,344.42,43
2024-07-12 11:55:00-04:00,344.11,344.51,343.78,343.78,5718.0,344.227,43
2024-07-12 12:00:00-04:00,344.11,344.26,343.79,344.07,4592.0,344.007,35
2024-07-12 12:05:00-04:00,344.21,344.28,343.79,343.8,1887.0,344.009,18
2024-07-12 12:10:00-04:00,344.03,344.28,343.92,344.14,2971.0,344.102,26
2024-07-12 12:15:00-04:00,344.31,344.51,344.1,344.22,3478.0,344.347,33
2024-07-12 12:20:00-04:00,344.09,344.24,343.62,343.62,2445.0,343.941,23
2024-07-12 12:25:00-04:00,343.68,343.92,343.33,343.92,4955.0,343.58,46
2024-07-12 12:30:00-04:00,343.98,344.15,343.77,344.06,4142.0,344.017,35
2024-07-12 12:35:00-04:00,344.01,344.23,343.85,344.12,3145.0,344.015,29
2024-07-12 12:40:00-04:00,344.0,344.2,343.97,344.0,2298.0,344.055,20
2024-07-12 12:45:00-04:00,343.99,344.21,343.99,344.01,2909.0,344.111,26
2024-07-12 12:50:00-04:00,343.91,344.03,343.28,343.96,3395.0,343.682,31
2024-07-12 12:55:00-04:00,343.82,344.37,343.82,344.25,2777.0,344.171,16
2024-07-12 13:00:00-04:00,344.25,344.54,344.24,344.53,1800.0,344.425,15
2024-07-12 13:05:00-04:00,344.41,344.59,344.39,344.59,2395.0,344.505,21
2024-07-12 13:10:00-04:00,344.67,344.98,344.65,344.98,2002.0,344.771,18
2024-07-12 13:15:00-04:00,345.11,345.26,344.97,344.97,6732.0,345.137,40
2024-07-12 13:20:00-04:00,344.76,345.12,344.75,344.95,800.0,344.977,8
2024-07-12 13:25:00-04:00,344.95,344.98,344.73,344.73,1363.0,344.773,10
2024-07-12 13:30:00-04:00,344.73,345.09,344.65,345.09,2439.0,344.899,19
2024-07-12 13:35:00-04:00,344.97,345.37,344.85,345.25,2326.0,345.144,21
2024-07-12 13:40:00-04:00,345.13,345.38,345.02,345.16,2306.0,345.254,23
2024-07-12 13:45:00-04:00,345.25,345.79,345.24,345.65,4392.0,345.369,25
2024-07-12 13:50:00-04:00,345.68,345.85,345.51,345.62,1954.0,345.654,16
2024-07-12 13:55:00-04:00,345.66,345.9,345.5,345.66,4299.0,345.754,30
2024-07-12 14:00:00-04:00,345.5,345.7,345.26,345.28,2938.0,345.417,24
2024-07-12 14:05:00-04:00,345.54,345.79,345.41,345.79,2633.0,345.662,24
2024-07-12 14:10:00-04:00,345.85,345.86,345.78,345.78,2213.0,345.815,16
2024-07-12 14:15:00-04:00,345.88,345.94,345.53,345.53,1764.0,345.803,15
2024-07-12 14:20:00-04:00,345.49,345.82,345.3,345.81,3024.0,345.56,27
2024-07-12 14:25:00-04:00,345.75,346.08,345.67,345.96,3130.0,345.842,27
2024-07-12 14:30:00-04:00,345.62,345.63,345.17,345.17,1990.0,345.38,13
2024-07-12 14:35:00-04:00,345.18,345.32,345.06,345.32,1268.0,345.2,12
2024-07-12 14:40:00-04:00,345.18,345.2,344.84,344.99,2471.0,344.998,24
2024-07-12 14:45:00-04:00,345.07,345.17,344.8,344.96,1819.0,345.009,16
2024-07-12 14:50:00-04:00,344.95,344.95,344.56,344.6,2248.0,344.724,21
2024-07-12 14:55:00-04:00,344.74,344.92,344.7,344.92,3181.0,344.804,26
2024-07-12 15:00:00-04:00,344.84,345.0,344.74,344.74,3574.0,344.917,28
2024-07-12 15:05:00-04:00,344.75,344.88,344.63,344.63,1133.0,344.764,11
2024-07-12 15:10:00-04:00,344.68,344.7,344.44,344.7,4306.0,344.584,33
2024-07-12 15:15:00-04:00,344.55,344.57,344.3,344.37,1872.0,344.375,14
2024-07-12 15:20:00-04:00,344.3,344.62,344.09,344.39,7347.0,344.391,57
2024-07-12 15:25:00-04:00,344.37,344.97,344.37,344.8,20630.0,344.663,65
2024-07-12 15:30:00-04:00,344.78,344.99,344.56,344.99,6147.0,344.769,37
2024-07-12 15:35:00-04:00,344.84,345.05,344.68,344.9,7700.0,344.896,52
2024-07-12 15:40:00-04:00,344.8,344.86,344.49,344.53,14975.0,344.696,74
2024-07-12 15:45:00-04:00,344.65,344.85,344.09,344.14,25312.0,344.588,99
2024-07-12 15:50:00-04:00,344.03,344.03,343.17,343.8,29311.0,343.653,181
2024-07-12 15:55:00-04:00,343.78,343.88,343.22,343.88,57978.0,343.503,358
2024-07-15 09:30:00-04:00,344.06,347.33,341.36,341.54,25901.0,343.583,61
2024-07-15 09:35:00-04:00,342.63,343.66,342.46,343.29,5432.0,343.043,46
2024-07-15 09:40:00-04:00,343.25,343.25,342.41,342.73,3897.0,343.089,13
2024-07-15 09:45:00-04:00,343.73,343.73,341.66,342.41,8299.0,342.344,28
2024-07-15 09:50:00-04:00,342.41,344.08,342.32,343.31,11309.0,343.261,82
2024-07-15 09:55:00-04:00,343.05,343.69,343.05,343.66,4390.0,343.389,40
2024-07-15 10:00:00-04:00,343.5,344.51,343.49,344.39,16601.0,343.761,129
2024-07-15 10:05:00-04:00,344.4,344.58,343.79,344.35,12720.0,344.411,39
2024-07-15 10:10:00-04:00,344.32,344.37,344.02,344.02,3047.0,344.249,25
2024-07-15 10:15:00-04:00,344.27,345.38,344.02,345.24,13943.0,344.781,84
2024-07-15 10:20:00-04:00,345.32,345.7,345.14,345.34,3107.0,345.399,26
2024-07-15 10:25:00-04:00,345.41,345.69,345.06,345.07,4739.0,345.304,35
2024-07-15 10:30:00-04:00,345.57,345.87,345.51,345.51,2918.0,345.629,22
2024-07-15 10:35:00-04:00,345.25,345.83,344.97,345.07,4786.0,345.446,36
2024-07-15 10:40:00-04:00,345.06,345.07,344.62,344.9,5325.0,344.873,49
2024-07-15 10:45:00-04:00,344.91,345.39,344.89,345.06,6081.0,345.167,55
2024-07-15 10:50:00-04:00,345.18,345.31,345.04,345.2,2177.0,345.193,18
2024-07-15 10:55:00-04:00,345.21,345.21,344.1,344.62,2700.0,344.553,24
2024-07-15 11:00:00-04:00,344.57,344.7,344.34,344.57,3336.0,344.453,13
2024-07-15 11:05:00-04:00,345.02,345.08,344.83,344.83,696.0,344.988,6
2024-07-15 11:10:00-04:00,344.93,345.0,344.79,345.0,1813.0,344.933,16
2024-07-15 11:15:00-04:00,344.99,345.59,344.99,345.5,2238.0,345.272,20
2024-07-15 11:20:00-04:00,345.59,345.79,345.55,345.78,1700.0,345.622,17
2024-07-15 11:25:00-04:00,345.77,345.77,345.17,345.17,3087.0,345.472,24
2024-07-15 11:30:00-04:00,345.36,345.43,345.09,345.38,1969.0,345.272,19
2024-07-15 11:35:00-04:00,345.27,345.66,345.25,345.66,1400.0,345.419,13
2024-07-15 11:40:00-04:00,345.59,345.72,345.31,345.31,2718.0,345.561,14
2024-07-15 11:45:00-04:00,345.22,345.29,345.02,345.29,2039.0,345.174,20
2024-07-15 11:50:00-04:00,345.15,345.58,345.15,345.58,1708.0,345.393,17
2024-07-15 11:55:00-04:00,345.51,345.74,345.51,345.74,2717.0,345.639,20
2024-07-15 12:00:00-04:00,345.52,345.81,345.52,345.59,6978.0,345.587,24
2024-07-15 12:05:00-04:00,345.4,345.59,345.09,345.42,4333.0,345.351,41
2024-07-15 12:10:00-04:00,345.31,345.76,345.22,345.22,2334.0,345.515,19
2024-07-15 12:15:00-04:00,345.25,345.29,344.66,344.66,2624.0,344.936,26
2024-07-15 12:20:00-04:00,344.75,345.21,344.56,345.21,4585.0,344.801,26
2024-07-15 12:25:00-04:00,344.78,344.78,344.55,344.76,1914.0,344.716,7
2024-07-15 12:30:00-04:00,344.52,344.62,344.34,344.46,1950.0,344.453,13
2024-07-15 12:35:00-04:00,344.36,344.62,344.09,344.21,2700.0,344.367,27
2024-07-15 12:40:00-04:00,344.12,344.41,343.85,344.04,6171.0,344.172,54
2024-07-15 12:45:00-04:00,343.98,344.07,343.85,343.91,3141.0,343.933,24
2024-07-15 12:50:00-04:00,343.92,344.17,343.58,344.17,10898.0,343.761,35
2024-07-15 12:55:00-04:00,343.98,344.16,343.81,343.81,671.0,343.97,6
2024-07-15 13:00:00-04:00,343.75,344.34,343.3,344.34,20230.0,343.782,99
2024-07-15 13:05:00-04:00,344.38,344.9,344.38,344.9,900.0,344.609,9
2024-07-15 13:10:00-04:00,344.65,344.72,344.4,344.6,600.0,344.589,6
2024-07-15 13:15:00-04:00,344.74,344.93,344.55,344.89,1273.0,344.768,12
2024-07-15 13:20:00-04:00,344.75,345.01,344.73,345.01,602.0,344.858,5
2024-07-15 13:25:00-04:00,344.81,344.81,344.35,344.71,1271.0,344.612,12
2024-07-15 13:30:00-04:00,344.28,344.39,343.66,343.66,4513.0,344.131,41
2024-07-15 13:35:00-04:00,343.67,343.83,343.45,343.69,13033.0,343.626,100
2024-07-15 13:40:00-04:00,343.56,343.56,342.44,342.44,5386.0,343.104,49
2024-07-15 13:45:00-04:00,342.54,342.54,341.31,341.64,5466.0,341.946,32
2024-07-15 13:50:00-04:00,341.53,342.27,341.53,342.23,2659.0,341.963,24
2024-07-15 13:55:00-04:00,342.51,342.76,342.15,342.73,1647.0,342.422,15
2024-07-15 14:00:00-04:00,342.43,343.13,342.43,342.97,1000.0,342.867,10
2024-07-15 14:05:00-04:00,342.99,343.36,342.98,343.2,1789.0,343.169,15
2024-07-15 14:10:00-04:00,343.37,343.37,342.83,342.99,2021.0,343.092,16
2024-07-15 14:15:00-04:00,342.71,343.11,342.71,343.11,1900.0,342.968,19
2024-07-15 14:20:00-04:00,343.06,343.39,342.7,343.11,3850.0,342.996,38
2024-07-15 14:25:00-04:00,343.15,343.15,342.75,342.75,3500.0,342.973,34
2024-07-15 14:30:00-04:00,342.74,343.1,342.61,342.81,6449.0,342.86,63
2024-07-15 14:35:00-04:00,342.84,342.96,342.13,342.81,7197.0,342.685,59
2024-07-15 14:40:00-04:00,342.78,342.82,342.48,342.75,15615.0,342.745,47
2024-07-15 14:45:00-04:00,342.7,343.15,342.69,343.01,13606.0,342.852,52
2024-07-15 14:50:00-04:00,342.9,343.1,342.73,342.73,15843.0,342.872,22
2024-07-15 14:55:00-04:00,342.77,342.86,342.34,342.73,4411.0,342.699,33
2024-07-15 15:00:00-04:00,342.72,342.75,342.28,342.36,2430.0,342.461,21
2024-07-15 15:05:00-04:00,342.33,342.48,342.28,342.36,1434.0,342.384,13
2024-07-15 15:10:00-04:00,342.46,342.79,342.31,342.79,4816.0,342.562,38
2024-07-15 15:15:00-04:00,342.86,342.92,342.65,342.81,2489.0,342.764,22
2024-07-15 15:20:00-04:00,342.64,342.77,342.46,342.77,2335.0,342.628,19
2024-07-15 15:25:00-04:00,342.84,342.84,342.22,342.33,6193.0,342.397,53
2024-07-15 15:30:00-04:00,342.21,342.37,342.19,342.29,10212.0,342.279,83
2024-07-15 15:35:00-04:00,342.28,342.28,341.66,341.66,6004.0,342.01,46
2024-07-15 15:40:00-04:00,341.73,341.73,341.23,341.23,6308.0,341.475,46
2024-07-15 15:45:00-04:00,341.29,341.45,341.13,341.13,9251.0,341.309,53
2024-07-15 15:50:00-04:00,341.12,341.37,340.62,341.19,15723.0,341.004,124
2024-07-15 15:55:00-04:00,341.42,341.45,340.45,341.0,95347.0,340.889,583
2024-07-16 09:30:00-04:00,344.71,346.05,342.95,345.37,14711.0,344.832,26
2024-07-16 09:35:00-04:00,345.47,346.23,345.46,346.02,1842.0,345.944,18
2024-07-16 09:40:00-04:00,346.15,346.15,345.24,345.58,1926.0,345.725,18
2024-07-16 09:45:00-04:00,345.73,346.44,345.54,345.69,6837.0,345.824,41
2024-07-16 09:50:00-04:00,345.72,346.58,345.69,345.8,8172.0,346.062,66
2024-07-16 09:55:00-04:00,345.89,345.97,345.11,345.72,4112.0,345.798,26
2024-07-16 10:00:00-04:00,345.49,345.65,344.73,344.81,5851.0,345.286,29
2024-07-16 10:05:00-04:00,344.64,344.64,344.02,344.21,2671.0,344.388,25
2024-07-16 10:10:00-04:00,344.18,344.47,343.54,344.47,7804.0,344.058,62
2024-07-16 10:15:00-04:00,344.33,344.63,344.01,344.22,5304.0,344.375,43
2024-07-16 10:20:00-04:00,344.02,344.75,343.9,343.94,9762.0,344.42,39
2024-07-16 10:25:00-04:00,343.78,344.3,343.74,344.18,2906.0,344.03,26
2024-07-16 10:30:00-04:00,344.06,344.35,343.81,343.81,2896.0,344.13,24
2024-07-16 10:35:00-04:00,343.88,343.88,343.37,343.38,23936.0,343.673,135
2024-07-16 10:40:00-04:00,343.34,343.73,343.16,343.46,6016.0,343.418,31
2024-07-16 10:45:00-04:00,343.8,344.5,343.64,344.19,5856.0,344.043,41
2024-07-16 10:50:00-04:00,344.21,344.36,343.99,344.11,9174.0,344.173,44
2024-07-16 10:55:00-04:00,344.19,344.19,343.71,343.76,8329.0,343.992,39
2024-07-16 11:00:00-04:00,343.92,344.39,343.75,344.15,20832.0,344.054,132
2024-07-16 11:05:00-04:00,344.42,344.79,344.09,344.63,18517.0,344.461,137
2024-07-16 11:10:00-04:00,344.85,345.98,344.83,345.01,11230.0,345.371,61
2024-07-16 11:15:00-04:00,345.03,345.16,344.84,345.08,13323.0,345.018,99
2024-07-16 11:20:00-04:00,344.93,344.93,344.53,344.54,9317.0,344.731,61
2024-07-16 11:25:00-04:00,344.56,345.05,344.54,344.98,3764.0,344.87,28
2024-07-16 11:30:00-04:00,344.88,345.02,344.51,344.51,4516.0,344.765,30
2024-07-16 11:35:00-04:00,344.48,344.68,344.06,344.68,5313.0,344.379,42
2024-07-16 11:40:00-04:00,344.6,344.67,344.42,344.62,4652.0,344.579,38
2024-07-16 11:45:00-04:00,344.65,344.82,344.27,344.51,6903.0,344.497,49
2024-07-16 11:50:00-04:00,344.63,344.8,344.58,344.8,3775.0,344.673,33
2024-07-16 11:55:00-04:00,344.66,344.72,344.24,344.46,6547.0,344.424,60
2024-07-16 12:00:00-04:00,344.57,344.86,344.14,344.76,21749.0,344.469,71
2024-07-16 12:05:00-04:00,344.6,345.29,344.6,344.87,10540.0,345.043,83
2024-07-16 12:10:00-04:00,345.03,345.58,345.02,345.5,5333.0,345.265,48
2024-07-16 12:15:00-04:00,345.62,345.79,345.05,345.34,6087.0,345.431,52
2024-07-16 12:20:00-04:00,345.44,345.45,345.13,345.19,5706.0,345.38,34
2024-07-16 12:25:00-04:00,345.0,345.24,344.94,344.97,10314.0,345.117,73
2024-07-16 12:30:00-04:00,344.91,345.17,344.72,345.05,10973.0,344.972,95
2024-07-16 12:35:00-04:00,345.17,345.68,345.1,345.5,9063.0,345.4,63
2024-07-16 12:40:00-04:00,345.62,345.66,345.28,345.35,6526.0,345.527,43
2024-07-16 12:45:00-04:00,345.35,345.55,345.16,345.16,2444.0,345.385,18
2024-07-16 12:50:00-04:00,345.12,345.13,345.0,345.13,1574.0,345.075,13
2024-07-16 12:55:00-04:00,344.93,345.28,344.86,345.07,12064.0,345.085,101
2024-07-16 13:00:00-04:00,345.06,345.21,344.84,344.92,10987.0,345.081,82
2024-07-16 13:05:00-04:00,344.8,345.03,344.56,344.68,4386.0,344.77,38
2024-07-16 13:10:00-04:00,344.68,344.68,344.07,344.15,4413.0,344.271,39
2024-07-16 13:15:00-04:00,344.14,344.18,343.76,343.76,2958.0,343.953,26
2024-07-16 13:20:00-04:00,343.72,343.91,343.6,343.77,4780.0,343.816,35
2024-07-16 13:25:00-04:00,343.65,343.87,343.6,343.72,3688.0,343.771,31
2024-07-16 13:30:00-04:00,343.6,343.62,343.37,343.57,2650.0,343.517,25
2024-07-16 13:35:00-04:00,343.7,344.38,343.51,344.1,8652.0,343.802,77
2024-07-16 13:40:00-04:00,344.09,344.37,343.78,344.37,2642.0,344.053,26
2024-07-16 13:45:00-04:00,344.45,344.78,344.36,344.38,3800.0,344.575,33
2024-07-16 13:50:00-04:00,344.46,344.77,344.43,344.58,4400.0,344.538,41
2024-07-16 13:55:00-04:00,344.58,344.83,344.58,344.77,1546.0,344.717,14
2024-07-16 14:00:00-04:00,344.6,344.7,344.27,344.47,3931.0,344.517,23
2024-07-16 14:05:00-04:00,344.44,344.46,343.97,344.0,2930.0,344.237,29
2024-07-16 14:10:00-04:00,343.83,344.41,343.76,344.41,10363.0,343.96,93
2024-07-16 14:15:00-04:00,344.26,344.3,343.86,344.0,4078.0,344.052,28
2024-07-16 14:20:00-04:00,343.98,344.11,343.78,343.81,7176.0,344.025,28
2024-07-16 14:25:00-04:00,343.85,344.15,343.8,344.07,3404.0,343.984,31
2024-07-16 14:30:00-04:00,344.12,344.12,343.98,344.05,2668.0,344.048,20
2024-07-16 14:35:00-04:00,343.99,344.79,343.98,344.79,15220.0,344.452,78
2024-07-16 14:40:00-04:00,344.85,345.15,344.8,345.13,11541.0,345.03,90
2024-07-16 14:45:00-04:00,345.03,345.1,344.88,344.95,5726.0,344.986,45
2024-07-16 14:50:00-04:00,344.91,345.37,344.86,345.37,5690.0,345.098,45
2024-07-16 14:55:00-04:00,345.18,345.24,344.7,344.99,3667.0,345.024,27
2024-07-16 15:00:00-04:00,345.0,345.27,344.73,345.13,3507.0,345.023,29
2024-07-16 15:05:00-04:00,345.1,345.1,344.75,344.79,2450.0,344.868,24
2024-07-16 15:10:00-04:00,344.66,344.9,344.63,344.81,5821.0,344.785,43
2024-07-16 15:15:00-04:00,344.81,344.89,344.72,344.78,6067.0,344.785,49
2024-07-16 15:20:00-04:00,344.78,345.7,344.75,345.69,15368.0,345.009,128
2024-07-16 15:25:00-04:00,345.88,345.88,345.54,345.84,4938.0,345.721,42
2024-07-16 15:30:00-04:00,345.74,345.74,345.47,345.6,7946.0,345.615,63
2024-07-16 15:35:00-04:00,345.59,345.84,345.45,345.55,8748.0,345.644,62
2024-07-16 15:40:00-04:00,345.58,345.83,345.38,345.61,9154.0,345.588,58
2024-07-16 15:45:00-04:00,345.58,345.85,345.42,345.62,18973.0,345.569,68
2024-07-16 15:50:00-04:00,345.56,346.65,345.56,346.57,21379.0,346.298,160
2024-07-16 15:55:00-04:00,346.43,346.66,345.91,346.23,48999.0,346.4,280
2024-07-17 09:30:00-04:00,344.13,345.72,341.38,341.8,14030.0,343.873,25
2024-07-17 09:35:00-04:00,341.9,343.29,341.45,343.29,5828.0,342.022,40
2024-07-17 09:40:00-04:00,342.59,342.99,341.57,342.25,4290.0,342.222,37
2024-07-17 09:45:00-04:00,342.52,342.67,341.0,341.0,2069.0,341.83,18
2024-07-17 09:50:00-04:00,341.36,342.44,341.35,342.37,6695.0,342.023,39
2024-07-17 09:55:00-04:00,342.08,342.09,341.08,341.53,1600.0,341.546,15
2024-07-17 10:00:00-04:00,341.51,341.68,340.38,340.68,9177.0,341.256,43
2024-07-17 10:05:00-04:00,339.96,339.96,337.33,337.34,10271.0,338.053,49
2024-07-17 10:10:00-04:00,337.52,338.91,336.17,338.61,23759.0,337.106,145
2024-07-17 10:15:00-04:00,338.61,339.57,338.61,338.97,4126.0,339.031,38
2024-07-17 10:20:00-04:00,338.78,338.95,336.77,337.36,17413.0,337.744,138
2024-07-17 10:25:00-04:00,337.2,337.54,335.48,336.26,24373.0,336.098,184
2024-07-17 10:30:00-04:00,336.31,336.35,335.05,335.97,12793.0,335.735,100
2024-07-17 10:35:00-04:00,335.95,336.57,335.28,335.88,7830.0,336.117,40
2024-07-17 10:40:00-04:00,335.89,336.57,335.3,335.9,12448.0,336.069,92
2024-07-17 10:45:00-04:00,335.9,338.15,335.9,337.5,17878.0,336.426,69
2024-07-17 10:50:00-04:00,337.97,338.02,337.51,337.55,7645.0,337.769,63
2024-07-17 10:55:00-04:00,337.51,338.35,337.24,337.91,10524.0,337.586,53
2024-07-17 11:00:00-04:00,338.1,338.36,337.77,338.07,6247.0,338.14,53
2024-07-17 11:05:00-04:00,338.07,338.5,337.83,338.37,3743.0,338.238,32
2024-07-17 11:10:00-04:00,338.37,338.95,338.16,338.95,3900.0,338.497,39
2024-07-17 11:15:00-04:00,338.95,339.69,338.63,339.43,5157.0,339.173,35
2024-07-17 11:20:00-04:00,339.46,339.74,339.02,339.14,3481.0,339.263,34
2024-07-17 11:25:00-04:00,339.14,339.41,338.84,339.37,3669.0,339.248,31
2024-07-17 11:30:00-04:00,339.37,340.0,339.35,339.85,4404.0,339.563,34
2024-07-17 11:35:00-04:00,339.93,340.2,339.76,339.97,1933.0,339.99,15
2024-07-17 11:40:00-04:00,340.38,340.44,339.6,339.77,4095.0,339.929,36
2024-07-17 11:45:00-04:00,339.78,340.24,339.71,340.0,4005.0,339.937,35
2024-07-17 11:50:00-04:00,339.88,340.05,339.61,340.05,3693.0,339.891,30
2024-07-17 11:55:00-04:00,339.83,340.18,339.6,340.18,4848.0,339.912,36
2024-07-17 12:00:00-04:00,339.83,340.26,339.77,340.14,2742.0,339.947,23
2024-07-17 12:05:00-04:00,340.02,340.25,339.73,339.73,3392.0,339.962,29
2024-07-17 12:10:00-04:00,340.06,340.25,339.61,339.69,5203.0,339.901,50
2024-07-17 12:15:00-04:00,339.72,340.35,339.71,340.25,4507.0,340.042,41
2024-07-17 12:20:00-04:00,340.27,340.53,339.76,339.88,3074.0,340.115,26
2024-07-17 12:25:00-04:00,339.91,339.98,339.29,339.45,4178.0,339.622,37
2024-07-17 12:30:00-04:00,339.37,339.43,339.22,339.32,1900.0,339.347,18
2024-07-17 12:35:00-04:00,339.31,339.45,338.33,338.33,9895.0,338.781,52
2024-07-17 12:40:00-04:00,338.42,339.67,338.33,339.45,5361.0,338.919,22
2024-07-17 12:45:00-04:00,339.49,339.65,339.18,339.39,5405.0,339.36,43
2024-07-17 12:50:00-04:00,339.22,339.96,339.09,339.73,10321.0,339.398,74
2024-07-17 12:55:00-04:00,339.94,340.31,339.88,340.12,6346.0,340.06,56
2024-07-17 13:00:00-04:00,340.12,340.21,339.73,340.11,3820.0,340.002,34
2024-07-17 13:05:00-04:00,340.13,340.14,339.67,339.76,8674.0,339.858,74
2024-07-17 13:10:00-04:00,339.91,339.91,339.58,339.79,792.0,339.791,7
2024-07-17 13:15:00-04:00,339.92,340.01,338.91,339.24,18366.0,339.612,122
2024-07-17 13:20:00-04:00,339.23,339.37,338.97,339.16,2629.0,339.216,24
2024-07-17 13:25:00-04:00,339.18,339.37,339.04,339.33,11021.0,339.193,33
2024-07-17 13:30:00-04:00,339.33,339.61,339.2,339.38,4486.0,339.388,32
2024-07-17 13:35:00-04:00,339.34,339.34,338.32,338.43,5718.0,338.876,53
2024-07-17 13:40:00-04:00,338.21,338.29,338.14,338.29,1217.0,338.232,12
2024-07-17 13:45:00-04:00,338.28,338.41,337.98,338.14,3034.0,338.155,27
2024-07-17 13:50:00-04:00,337.98,337.98,337.47,337.47,2709.0,337.732,21
2024-07-17 13:55:00-04:00,337.5,337.67,337.43,337.45,1650.0,337.515,15
2024-07-17 14:00:00-04:00,337.28,337.29,336.88,337.29,4072.0,337.117,37
2024-07-17 14:05:00-04:00,337.18,337.58,336.81,337.43,2311.0,337.18,23
2024-07-17 14:10:00-04:00,337.43,337.8,337.43,337.62,2099.0,337.645,18
2024-07-17 14:15:00-04:00,337.59,337.89,337.37,337.54,6951.0,337.572,47
2024-07-17 14:20:00-04:00,337.71,338.02,337.7,337.92,1900.0,337.814,16
2024-07-17 14:25:00-04:00,338.09,338.1,337.53,337.89,4069.0,337.847,35
2024-07-17 14:30:00-04:00,337.6,338.02,337.6,337.84,2019.0,337.778,19
2024-07-17 14:35:00-04:00,337.67,338.01,337.47,337.6,2956.0,337.732,28
2024-07-17 14:40:00-04:00,337.63,338.0,337.49,337.68,3231.0,337.692,30
2024-07-17 14:45:00-04:00,337.57,337.67,337.27,337.29,3998.0,337.477,37
2024-07-17 14:50:00-04:00,337.23,337.4,337.1,337.11,3780.0,337.258,35
2024-07-17 14:55:00-04:00,337.05,337.2,336.76,336.94,6079.0,336.983,49
2024-07-17 15:00:00-04:00,336.78,336.78,336.37,336.37,2701.0,336.637,27
2024-07-17 15:05:00-04:00,336.31,336.64,335.9,336.43,7814.0,336.172,69
2024-07-17 15:10:00-04:00,336.61,337.1,336.61,336.76,2005.0,336.808,19
2024-07-17 15:15:00-04:00,336.89,337.03,336.62,336.68,13886.0,336.856,25
2024-07-17 15:20:00-04:00,336.7,336.78,336.49,336.51,4025.0,336.611,36
2024-07-17 15:25:00-04:00,336.52,336.94,336.41,336.83,3081.0,336.705,26
2024-07-17 15:30:00-04:00,336.94,336.96,336.33,336.33,6146.0,336.677,54
2024-07-17 15:35:00-04:00,336.33,336.42,336.05,336.22,12373.0,336.16,58
2024-07-17 15:40:00-04:00,336.22,336.22,335.8,335.92,5367.0,335.989,50
2024-07-17 15:45:00-04:00,335.93,335.93,335.33,335.45,10757.0,335.589,61
2024-07-17 15:50:00-04:00,335.45,335.81,335.17,335.29,12639.0,335.461,97
2024-07-17 15:55:00-04:00,335.3,335.62,334.78,335.54,76151.0,335.256,445
2024-07-18 09:30:00-04:00,335.0,335.74,333.55,335.74,11996.0,334.962,13
2024-07-18 09:35:00-04:00,335.11,337.85,335.09,337.68,3720.0,336.357,27
2024-07-18 09:40:00-04:00,337.32,337.53,336.62,337.53,6147.0,337.098,39
2024-07-18 09:45:00-04:00,337.52,337.63,336.91,337.43,5645.0,337.429,20
2024-07-18 09:50:00-04:00,337.08,337.92,336.26,337.92,20458.0,337.217,42
2024-07-18 09:55:00-04:00,337.96,339.13,337.66,339.13,5277.0,338.314,47
2024-07-18 10:00:00-04:00,338.36,339.01,337.56,337.65,14660.0,338.674,99
2024-07-18 10:05:00-04:00,337.82,338.26,336.69,336.75,6480.0,337.295,26
2024-07-18 10:10:00-04:00,336.73,336.91,336.2,336.43,9792.0,336.536,51
2024-07-18 10:15:00-04:00,336.48,336.48,335.67,335.67,15713.0,336.196,49
2024-07-18 10:20:00-04:00,335.93,335.94,334.77,335.57,6315.0,335.514,22
2024-07-18 10:25:00-04:00,335.39,335.65,335.03,335.47,3918.0,335.3,36
2024-07-18 10:30:00-04:00,335.28,335.39,334.33,334.77,8721.0,334.842,40
2024-07-18 10:35:00-04:00,335.0,335.0,333.46,333.78,13740.0,334.097,53
2024-07-18 10:40:00-04:00,333.76,334.02,332.69,333.37,15567.0,333.141,73
2024-07-18 10:45:00-04:00,333.5,333.54,332.61,333.06,5474.0,332.968,43
2024-07-18 10:50:00-04:00,333.01,333.52,332.56,333.31,7588.0,333.092,54
2024-07-18 10:55:00-04:00,333.32,333.32,331.59,331.59,13132.0,332.758,73
2024-07-18 11:00:00-04:00,331.71,332.54,331.57,332.22,7846.0,332.222,51
2024-07-18 11:05:00-04:00,332.24,332.45,330.72,330.76,7902.0,331.671,71
2024-07-18 11:10:00-04:00,330.66,331.15,330.45,330.58,6626.0,330.83,47
2024-07-18 11:15:00-04:00,330.76,330.78,329.2,329.2,11421.0,330.088,80
2024-07-18 11:20:00-04:00,328.65,329.63,328.51,329.02,24792.0,329.008,115
2024-07-18 11:25:00-04:00,328.96,329.67,328.95,329.1,15055.0,329.256,104
2024-07-18 11:30:00-04:00,329.13,329.41,328.37,328.88,8262.0,328.904,71
2024-07-18 11:35:00-04:00,328.65,329.14,327.74,327.74,13036.0,328.68,72
2024-07-18 11:40:00-04:00,327.9,328.59,327.9,328.2,9604.0,328.223,69
2024-07-18 11:45:00-04:00,328.02,328.02,326.62,326.62,2933.0,327.422,25
2024-07-18 11:50:00-04:00,326.59,327.27,326.59,327.27,6931.0,326.889,63
2024-07-18 11:55:00-04:00,327.16,327.27,326.35,326.51,13965.0,326.821,98
2024-07-18 12:00:00-04:00,326.51,326.72,325.94,326.11,9394.0,326.439,72
2024-07-18 12:05:00-04:00,326.09,326.82,326.02,326.4,31047.0,326.331,251
2024-07-18 12:10:00-04:00,326.32,326.49,325.82,326.15,4633.0,326.085,39
2024-07-18 12:15:00-04:00,326.09,326.09,325.41,325.62,11677.0,325.689,64
2024-07-18 12:20:00-04:00,325.72,325.83,325.14,325.14,10268.0,325.538,84
2024-07-18 12:25:00-04:00,325.28,325.28,324.04,324.49,16354.0,324.669,137
2024-07-18 12:30:00-04:00,324.58,325.44,324.29,325.14,15095.0,324.725,95
2024-07-18 12:35:00-04:00,324.89,325.77,324.89,325.54,7401.0,325.51,47
2024-07-18 12:40:00-04:00,325.5,326.46,325.29,326.46,14076.0,325.66,68
2024-07-18 12:45:00-04:00,326.64,326.64,326.03,326.28,11137.0,326.467,44
2024-07-18 12:50:00-04:00,326.47,326.98,326.47,326.56,14049.0,326.689,89
2024-07-18 12:55:00-04:00,326.59,327.0,326.58,327.0,4936.0,326.803,44
2024-07-18 13:00:00-04:00,327.0,327.01,326.66,326.69,3587.0,326.904,23
2024-07-18 13:05:00-04:00,326.73,326.85,326.31,326.31,8432.0,326.549,63
2024-07-18 13:10:00-04:00,326.62,326.78,326.43,326.52,16620.0,326.615,103
2024-07-18 13:15:00-04:00,326.52,326.73,326.27,326.27,7988.0,326.588,53
2024-07-18 13:20:00-04:00,326.42,326.42,325.93,325.93,2242.0,326.176,22
2024-07-18 13:25:00-04:00,325.94,326.06,325.63,325.81,11965.0,325.88,50
2024-07-18 13:30:00-04:00,325.68,326.57,325.68,326.03,34386.0,326.147,193
2024-07-18 13:35:00-04:00,326.01,326.49,325.91,326.1,6026.0,326.099,33
2024-07-18 13:40:00-04:00,326.1,326.19,325.97,326.12,2207.0,326.065,20
2024-07-18 13:45:00-04:00,326.18,326.39,326.01,326.39,4452.0,326.193,40
2024-07-18 13:50:00-04:00,326.4,326.49,326.14,326.25,2084.0,326.312,18
2024-07-18 13:55:00-04:00,326.28,326.31,325.93,325.99,5603.0,326.104,34
2024-07-18 14:00:00-04:00,325.96,325.97,325.48,325.53,6514.0,325.742,52
2024-07-18 14:05:00-04:00,325.72,326.53,325.72,326.36,2691.0,326.127,16
2024-07-18 14:10:00-04:00,326.5,326.51,325.92,326.21,3851.0,326.21,24
2024-07-18 14:15:00-04:00,326.21,326.34,325.88,325.88,6560.0,326.09,49
2024-07-18 14:20:00-04:00,326.02,326.62,325.92,326.36,22478.0,326.18,178
2024-07-18 14:25:00-04:00,326.37,326.4,325.9,326.03,9304.0,326.14,79
2024-07-18 14:30:00-04:00,326.0,326.78,325.91,326.78,10373.0,326.11,88
2024-07-18 14:35:00-04:00,326.79,326.81,326.44,326.51,4408.0,326.67,37
2024-07-18 14:40:00-04:00,326.86,326.86,326.63,326.65,2640.0,326.786,22
2024-07-18 14:45:00-04:00,326.75,327.21,326.58,326.94,4472.0,326.791,36
2024-07-18 14:50:00-04:00,326.97,327.4,326.43,327.4,12342.0,326.84,105
2024-07-18 14:55:00-04:00,327.42,327.94,327.42,327.94,5538.0,327.649,49
2024-07-18 15:00:00-04:00,328.02,329.94,327.95,329.49,13650.0,329.197,127
2024-07-18 15:05:00-04:00,329.6,330.06,329.3,329.57,8455.0,329.651,55
2024-07-18 15:10:00-04:00,329.38,329.49,328.54,328.98,5241.0,329.045,42
2024-07-18 15:15:00-04:00,329.33,329.65,329.13,329.13,7832.0,329.416,48
2024-07-18 15:20:00-04:00,329.11,329.38,328.95,329.06,5185.0,329.124,42
2024-07-18 15:25:00-04:00,329.18,329.56,329.18,329.56,5370.0,329.354,40
2024-07-18 15:30:00-04:00,329.56,329.81,329.24,329.32,9945.0,329.52,86
2024-07-18 15:35:00-04:00,329.46,329.69,329.33,329.34,10250.0,329.513,74
2024-07-18 15:40:00-04:00,329.47,330.31,329.32,329.83,11597.0,329.675,87
2024-07-18 15:45:00-04:00,330.1,330.57,329.96,330.31,6307.0,330.213,55
2024-07-18 15:50:00-04:00,330.53,330.68,329.9,329.92,19580.0,330.159,141
2024-07-18 15:55:00-04:00,329.74,330.64,329.49,330.44,53374.0,330.055,366
2024-07-19 09:30:00-04:00,331.99,333.95,330.45,331.25,60665.0,333.877,18
2024-07-19 09:35:00-04:00,331.18,332.24,330.77,331.88,7008.0,331.543,45
2024-07-19 09:40:00-04:00,331.28,332.56,331.18,332.44,16767.0,331.909,95
2024-07-19 09:45:00-04:00,332.66,334.22,332.66,333.18,4052.0,333.369,29
2024-07-19 09:50:00-04:00,332.68,333.15,331.94,331.94,9349.0,332.856,49
2024-07-19 09:55:00-04:00,332.21,333.06,332.21,332.9,2015.0,332.697,19
2024-07-19 10:00:00-04:00,332.43,332.87,332.02,332.02,2599.0,332.439,19
2024-07-19 10:05:00-04:00,331.9,332.78,331.86,332.49,4966.0,332.404,22
2024-07-19 10:10:00-04:00,332.39,332.43,331.78,332.08,5887.0,332.343,24
2024-07-19 10:15:00-04:00,332.15,332.68,332.0,332.33,1152.0,332.435,8
2024-07-19 10:20:00-04:00,331.99,331.99,331.71,331.71,1241.0,331.868,11
2024-07-19 10:25:00-04:00,332.06,332.19,331.31,331.51,3333.0,331.647,31
2024-07-19 10:30:00-04:00,331.52,331.86,330.58,330.93,3120.0,331.12,27
2024-07-19 10:35:00-04:00,330.9,331.31,330.9,331.0,7404.0,331.07,53
2024-07-19 10:40:00-04:00,331.16,331.16,330.4,330.65,2235.0,330.697,21
2024-07-19 10:45:00-04:00,330.6,331.02,330.44,330.93,6540.0,330.807,57
2024-07-19 10:50:00-04:00,330.83,331.07,330.3,331.06,15578.0,330.684,76
2024-07-19 10:55:00-04:00,331.06,331.28,330.93,331.13,5013.0,331.106,46
2024-07-19 11:00:00-04:00,331.13,331.57,331.13,331.39,25091.0,331.32,135
2024-07-19 11:05:00-04:00,331.39,331.53,330.57,330.8,25147.0,331.042,164
2024-07-19 11:10:00-04:00,330.79,330.87,330.35,330.56,8708.0,330.616,63
2024-07-19 11:15:00-04:00,330.39,330.71,330.23,330.64,15866.0,330.497,79
2024-07-19 11:20:00-04:00,330.65,330.86,330.34,330.59,10524.0,330.578,78
2024-07-19 11:25:00-04:00,330.61,330.7,330.27,330.32,5124.0,330.537,40
2024-07-19 11:30:00-04:00,330.33,330.56,330.13,330.52,10470.0,330.318,51
2024-07-19 11:35:00-04:00,330.63,330.98,330.47,330.98,8559.0,330.677,40
2024-07-19 11:40:00-04:00,330.83,330.98,330.43,330.56,18137.0,330.562,45
2024-07-19 11:45:00-04:00,330.58,330.63,330.54,330.62,3282.0,330.594,12
2024-07-19 11:50:00-04:00,330.51,331.06,330.51,330.75,14608.0,330.815,82
2024-07-19 11:55:00-04:00,330.73,331.53,330.65,331.53,19174.0,331.012,137
2024-07-19 12:00:00-04:00,331.6,331.95,331.54,331.67,7955.0,331.71,55
2024-07-19 12:05:00-04:00,331.8,332.01,331.56,331.69,5754.0,331.79,31
2024-07-19 12:10:00-04:00,331.67,332.0,331.63,331.65,7280.0,331.839,42
2024-07-19 12:15:00-04:00,331.74,332.05,331.55,331.91,21490.0,331.837,62
2024-07-19 12:20:00-04:00,331.91,331.92,331.42,331.43,3972.0,331.701,37
2024-07-19 12:25:00-04:00,331.5,331.57,331.38,331.43,1936.0,331.474,15
2024-07-19 12:30:00-04:00,331.43,331.43,331.04,331.13,5700.0,331.172,51
2024-07-19 12:35:00-04:00,331.06,331.52,330.99,331.12,6806.0,331.183,56
2024-07-19 12:40:00-04:00,331.19,331.45,331.1,331.1,3378.0,331.197,29
2024-07-19 12:45:00-04:00,330.98,331.22,330.85,331.01,5645.0,331.044,29
2024-07-19 12:50:00-04:00,331.02,331.15,330.84,330.89,2436.0,331.001,20
2024-07-19 12:55:00-04:00,330.94,331.03,330.7,330.94,3894.0,330.875,27
2024-07-19 13:00:00-04:00,330.75,330.76,330.31,330.31,2266.0,330.55,20
2024-07-19 13:05:00-04:00,330.31,330.57,330.08,330.23,1373.0,330.269,12
2024-07-19 13:10:00-04:00,330.22,330.32,329.94,330.32,2961.0,330.106,25
2024-07-19 13:15:00-04:00,330.5,330.68,330.27,330.37,2030.0,330.485,20
2024-07-19 13:20:00-04:00,330.53,330.71,330.34,330.62,2318.0,330.532,23
2024-07-19 13:25:00-04:00,330.63,330.8,330.57,330.62,1625.0,330.628,15
2024-07-19 13:30:00-04:00,330.42,330.44,330.18,330.28,1838.0,330.277,12
2024-07-19 13:35:00-04:00,330.41,330.87,330.41,330.87,1413.0,330.662,13
2024-07-19 13:40:00-04:00,330.82,330.91,330.21,330.46,3295.0,330.561,31
2024-07-19 13:45:00-04:00,330.41,330.74,330.41,330.73,1391.0,330.606,13
2024-07-19 13:50:00-04:00,330.79,330.81,330.45,330.63,1400.0,330.623,12
2024-07-19 13:55:00-04:00,330.66,330.85,330.56,330.85,2021.0,330.713,19
2024-07-19 14:00:00-04:00,330.82,330.92,330.59,330.63,3092.0,330.734,26
2024-07-19 14:05:00-04:00,330.62,330.94,330.61,330.69,2277.0,330.698,21
2024-07-19 14:10:00-04:00,330.62,330.91,330.6,330.78,3705.0,330.814,21
2024-07-19 14:15:00-04:00,330.78,330.89,330.49,330.5,2820.0,330.679,25
2024-07-19 14:20:00-04:00,330.48,330.74,330.45,330.72,3701.0,330.625,26
2024-07-19 14:25:00-04:00,330.73,330.77,330.32,330.32,2372.0,330.529,20
2024-07-19 14:30:00-04:00,330.32,330.75,330.22,330.69,3249.0,330.465,21
2024-07-19 14:35:00-04:00,330.7,330.74,330.49,330.62,1500.0,330.656,15
2024-07-19 14:40:00-04:00,330.63,330.65,330.3,330.3,2370.0,330.446,21
2024-07-19 14:45:00-04:00,330.5,330.58,330.15,330.58,1616.0,330.378,15
2024-07-19 14:50:00-04:00,330.62,330.77,330.44,330.74,2929.0,330.624,29
2024-07-19 14:55:00-04:00,330.74,331.02,330.64,330.8,4136.0,330.832,37
2024-07-19 15:00:00-04:00,330.92,331.11,330.91,331.09,2863.0,330.953,24
2024-07-19 15:05:00-04:00,331.18,331.36,330.96,331.22,5248.0,331.14,47
2024-07-19 15:10:00-04:00,331.23,331.3,330.86,330.97,5040.0,331.072,36
2024-07-19 15:15:00-04:00,330.97,330.98,330.65,330.74,7355.0,330.754,53
2024-07-19 15:20:00-04:00,330.75,330.96,330.66,330.9,4702.0,330.823,38
2024-07-19 15:25:00-04:00,330.79,331.37,330.79,331.23,5569.0,331.133,36
2024-07-19 15:30:00-04:00,331.3,331.52,330.9,330.9,7172.0,331.178,68
2024-07-19 15:35:00-04:00,331.0,331.01,330.73,330.9,7663.0,330.859,59
2024-07-19 15:40:00-04:00,330.97,330.97,330.42,330.49,8086.0,330.689,61
2024-07-19 15:45:00-04:00,330.53,330.88,330.34,330.43,18856.0,330.608,125
2024-07-19 15:50:00-04:00,330.38,331.11,330.35,330.69,27926.0,330.711,198
2024-07-19 15:55:00-04:00,330.65,330.74,329.71,330.2,79693.0,330.034,494
2024-07-22 09:30:00-04:00,334.11,334.11,332.55,333.63,13290.0,334.016,13
2024-07-22 09:35:00-04:00,333.93,335.76,333.47,333.48,28977.0,334.409,71
2024-07-22 09:40:00-04:00,333.61,335.12,333.45,334.05,7882.0,334.356,42
2024-07-22 09:45:00-04:00,334.89,336.99,334.89,335.42,15402.0,336.235,94
2024-07-22 09:50:00-04:00,335.87,335.87,334.17,334.41,3738.0,334.963,19
2024-07-22 09:55:00-04:00,334.68,334.79,333.59,333.59,9432.0,334.312,60
2024-07-22 10:00:00-04:00,333.79,333.81,332.9,333.35,15097.0,333.134,42
2024-07-22 10:05:00-04:00,333.67,333.89,332.43,332.44,6475.0,333.307,44
2024-07-22 10:10:00-04:00,332.76,334.2,332.35,334.08,12871.0,333.573,71
2024-07-22 10:15:00-04:00,334.0,334.0,332.55,333.08,5833.0,333.155,38
2024-07-22 10:20:00-04:00,333.09,333.09,331.62,332.04,4627.0,332.315,34
2024-07-22 10:25:00-04:00,332.03,333.48,332.03,333.48,11374.0,332.826,75
2024-07-22 10:30:00-04:00,333.47,334.97,333.4,334.8,17042.0,333.897,111
2024-07-22 10:35:00-04:00,334.9,335.2,333.92,334.41,16112.0,334.39,100
2024-07-22 10:40:00-04:00,334.2,334.44,333.32,334.08,10955.0,333.99,75
2024-07-22 10:45:00-04:00,334.07,334.08,333.2,333.76,3124.0,333.687,28
2024-07-22 10:50:00-04:00,333.64,334.11,333.17,334.1,4384.0,333.652,35
2024-07-22 10:55:00-04:00,334.1,335.22,333.94,334.84,12869.0,334.355,82
2024-07-22 11:00:00-04:00,335.18,335.36,334.44,335.12,15165.0,334.944,96
2024-07-22 11:05:00-04:00,334.85,335.12,334.13,334.14,7482.0,334.728,64
2024-07-22 11:10:00-04:00,334.1,334.34,333.58,333.86,18018.0,334.093,95
2024-07-22 11:15:00-04:00,334.06,334.17,333.66,333.94,7413.0,333.99,50
2024-07-22 11:20:00-04:00,334.02,334.48,333.74,333.89,12636.0,334.093,62
2024-07-22 11:25:00-04:00,333.73,334.35,333.72,334.07,8172.0,334.096,41
2024-07-22 11:30:00-04:00,333.91,334.15,333.76,334.13,2743.0,333.981,22
2024-07-22 11:35:00-04:00,334.19,334.56,333.98,334.48,6018.0,334.34,41
2024-07-22 11:40:00-04:00,334.52,335.1,334.18,335.04,23163.0,334.654,150
2024-07-22 11:45:00-04:00,334.95,334.97,334.61,334.91,4012.0,334.831,29
2024-07-22 11:50:00-04:00,334.91,335.12,334.72,334.8,2428.0,334.92,23
2024-07-22 11:55:00-04:00,334.79,334.85,334.65,334.76,1795.0,334.774,16
2024-07-22 12:00:00-04:00,334.71,334.82,334.11,334.32,4048.0,334.47,33
2024-07-22 12:05:00-04:00,334.33,334.9,334.29,334.78,7510.0,334.564,36
2024-07-22 12:10:00-04:00,334.75,334.94,334.56,334.61,4549.0,334.773,34
2024-07-22 12:15:00-04:00,334.57,334.78,334.56,334.71,1620.0,334.666,12
2024-07-22 12:20:00-04:00,334.85,335.08,334.79,334.88,4445.0,334.846,22
2024-07-22 12:25:00-04:00,334.88,335.06,334.68,334.8,1300.0,334.83,11
2024-07-22 12:30:00-04:00,334.63,334.73,334.56,334.73,3450.0,334.636,24
2024-07-22 12:35:00-04:00,334.79,335.31,334.7,335.31,2700.0,334.84,19
2024-07-22 12:40:00-04:00,335.36,335.43,335.18,335.4,1899.0,335.32,15
2024-07-22 12:45:00-04:00,335.44,335.48,335.25,335.34,2739.0,335.348,16
2024-07-22 12:50:00-04:00,335.31,335.86,335.31,335.86,3251.0,335.676,18
2024-07-22 12:55:00-04:00,335.85,335.87,335.5,335.79,13754.0,335.637,81
2024-07-22 13:00:00-04:00,335.93,335.93,335.27,335.39,8485.0,335.435,34
2024-07-22 13:05:00-04:00,335.56,335.75,335.34,335.35,3621.0,335.552,20
2024-07-22 13:10:00-04:00,335.38,335.64,335.35,335.47,3434.0,335.51,28
2024-07-22 13:15:00-04:00,335.47,335.6,335.44,335.5,1181.0,335.502,9
2024-07-22 13:20:00-04:00,335.49,335.54,335.41,335.54,6989.0,335.5,54
2024-07-22 13:25:00-04:00,335.5,335.91,335.46,335.6,21087.0,335.55,169
2024-07-22 13:30:00-04:00,335.74,335.9,335.35,335.64,9671.0,335.602,68
2024-07-22 13:35:00-04:00,335.66,335.66,335.32,335.51,5051.0,335.514,41
2024-07-22 13:40:00-04:00,335.35,335.64,335.24,335.57,7950.0,335.428,51
2024-07-22 13:45:00-04:00,335.56,335.77,335.53,335.61,4936.0,335.683,29
2024-07-22 13:50:00-04:00,335.61,335.82,335.61,335.75,2580.0,335.729,25
2024-07-22 13:55:00-04:00,335.79,336.1,335.66,336.1,6415.0,335.873,50
2024-07-22 14:00:00-04:00,336.12,336.25,336.03,336.09,4903.0,336.129,33
2024-07-22 14:05:00-04:00,336.07,336.25,335.83,336.24,4697.0,335.966,32
2024-07-22 14:10:00-04:00,336.29,336.35,336.19,336.35,1200.0,336.224,8
2024-07-22 14:15:00-04:00,336.21,336.42,336.21,336.36,1865.0,336.279,15
2024-07-22 14:20:00-04:00,336.39,336.39,336.1,336.1,3012.0,336.287,24
2024-07-22 14:25:00-04:00,336.19,336.19,335.94,335.94,1508.0,336.115,11
2024-07-22 14:30:00-04:00,336.03,336.5,336.02,336.35,7875.0,336.153,38
2024-07-22 14:35:00-04:00,336.19,336.33,335.9,336.29,5170.0,336.168,31
2024-07-22 14:40:00-04:00,336.31,336.31,335.87,336.04,4603.0,336.105,36
2024-07-22 14:45:00-04:00,335.95,336.08,335.65,335.8,3688.0,335.858,23
2024-07-22 14:50:00-04:00,335.8,336.24,335.8,336.13,3281.0,336.003,24
2024-07-22 14:55:00-04:00,336.13,336.13,335.72,335.88,4878.0,335.92,30
2024-07-22 15:00:00-04:00,335.85,335.85,335.4,335.42,8861.0,335.57,48
2024-07-22 15:05:00-04:00,335.29,336.04,335.29,336.04,5368.0,335.531,34
2024-07-22 15:10:00-04:00,336.01,336.1,335.78,335.93,2555.0,335.968,20
2024-07-22 15:15:00-04:00,336.04,336.28,336.02,336.02,3071.0,336.165,17
2024-07-22 15:20:00-04:00,336.03,336.18,335.72,336.17,7704.0,335.921,54
2024-07-22 15:25:00-04:00,336.14,336.14,335.49,335.49,6241.0,335.78,33
2024-07-22 15:30:00-04:00,335.45,336.57,335.43,336.56,9389.0,336.064,58
2024-07-22 15:35:00-04:00,336.6,336.96,336.55,336.96,6515.0,336.692,44
2024-07-22 15:40:00-04:00,336.96,337.07,336.35,336.4,12882.0,336.627,109
2024-07-22 15:45:00-04:00,336.48,336.88,336.3,336.84,12194.0,336.616,84
2024-07-22 15:50:00-04:00,336.86,337.01,336.26,336.97,20497.0,336.748,139
2024-07-22 15:55:00-04:00,337.03,337.18,336.69,337.18,56912.0,337.01,338
2024-07-23 09:30:00-04:00,338.24,338.24,336.34,337.26,16101.0,337.984,33
2024-07-23 09:35:00-04:00,337.41,339.2,337.33,339.19,8415.0,338.094,32
2024-07-23 09:40:00-04:00,339.33,341.21,338.26,341.21,3508.0,339.565,30
2024-07-23 09:45:00-04:00,340.38,342.25,340.38,341.16,12717.0,341.328,85
2024-07-23 09:50:00-04:00,341.64,342.3,340.45,340.84,3336.0,341.246,31
2024-07-23 09:55:00-04:00,341.58,342.28,341.06,342.25,1944.0,341.948,14
2024-07-23 10:00:00-04:00,341.97,343.83,341.77,343.57,3620.0,342.786,32
2024-07-23 10:05:00-04:00,343.33,344.78,342.62,344.55,6118.0,343.346,47
2024-07-23 10:10:00-04:00,344.71,344.71,343.31,344.3,6060.0,344.059,59
2024-07-23 10:15:00-04:00,344.44,344.8,343.55,343.8,22881.0,344.471,121
2024-07-23 10:20:00-04:00,344.18,344.66,343.48,343.66,10266.0,344.183,65
2024-07-23 10:25:00-04:00,343.97,344.09,342.9,343.21,7637.0,343.79,62
2024-07-23 10:30:00-04:00,343.05,343.19,342.41,342.43,3061.0,342.893,29
2024-07-23 10:35:00-04:00,342.35,343.46,341.93,342.12,17864.0,342.803,106
2024-07-23 10:40:00-04:00,342.24,342.53,341.82,342.53,2902.0,341.979,27
2024-07-23 10:45:00-04:00,341.69,342.25,341.65,341.95,4276.0,341.827,25
2024-07-23 10:50:00-04:00,342.24,342.93,342.24,342.7,3717.0,342.601,22
2024-07-23 10:55:00-04:00,342.76,343.16,342.45,342.99,10892.0,342.745,77
2024-07-23 11:00:00-04:00,343.18,343.8,343.12,343.79,1550.0,343.482,15
2024-07-23 11:05:00-04:00,343.87,344.24,343.87,344.06,300.0,344.057,3
2024-07-23 11:10:00-04:00,344.22,344.49,343.9,344.12,13764.0,344.362,29
2024-07-23 11:15:00-04:00,344.24,344.31,343.85,344.17,2118.0,344.133,17
2024-07-23 11:20:00-04:00,343.88,343.95,343.56,343.93,2639.0,343.842,23
2024-07-23 11:25:00-04:00,343.74,344.0,343.57,344.0,1033.0,343.781,10
2024-07-23 11:30:00-04:00,344.03,344.36,343.98,344.27,6028.0,344.225,45
2024-07-23 11:35:00-04:00,344.28,344.31,343.49,343.74,7130.0,343.742,48
2024-07-23 11:40:00-04:00,343.9,344.72,343.9,344.72,6383.0,344.287,18
2024-07-23 11:45:00-04:00,344.38,344.75,344.37,344.75,789.0,344.574,5
2024-07-23 11:50:00-04:00,344.64,345.0,344.57,344.57,4212.0,344.851,32
2024-07-23 11:55:00-04:00,344.86,345.04,344.85,345.02,797.0,344.945,7
2024-07-23 12:00:00-04:00,345.13,345.44,345.0,345.0,6696.0,345.143,25
2024-07-23 12:05:00-04:00,345.16,345.16,344.49,344.93,3138.0,344.85,29
2024-07-23 12:10:00-04:00,344.9,344.9,344.13,344.29,2069.0,344.33,16
2024-07-23 12:15:00-04:00,344.32,344.57,344.29,344.57,600.0,344.483,6
2024-07-23 12:20:00-04:00,344.74,344.78,344.29,344.57,2245.0,344.533,19
2024-07-23 12:25:00-04:00,344.63,344.69,344.37,344.69,800.0,344.641,7
2024-07-23 12:30:00-04:00,344.39,344.54,344.38,344.54,401.0,344.422,4
2024-07-23 12:35:00-04:00,344.72,344.76,344.15,344.15,1839.0,344.439,17
2024-07-23 12:40:00-04:00,344.37,344.51,344.22,344.51,900.0,344.385,7
2024-07-23 12:45:00-04:00,344.24,344.24,343.93,344.17,1861.0,344.113,17
2024-07-23 12:50:00-04:00,343.99,344.14,343.93,344.04,1414.0,344.001,14
2024-07-23 12:55:00-04:00,344.04,344.13,343.78,343.98,2353.0,343.948,21
2024-07-23 13:00:00-04:00,344.0,344.36,343.91,344.36,1010.0,344.076,10
2024-07-23 13:05:00-04:00,344.3,344.3,344.01,344.01,1838.0,344.101,17
2024-07-23 13:10:00-04:00,344.06,344.2,343.97,343.99,1475.0,344.047,14
2024-07-23 13:15:00-04:00,344.03,344.03,343.81,343.86,3221.0,343.879,19
2024-07-23 13:20:00-04:00,344.03,344.59,344.03,344.17,2967.0,344.271,27
2024-07-23 13:25:00-04:00,344.46,344.48,344.25,344.38,2643.0,344.428,26
2024-07-23 13:30:00-04:00,344.34,344.34,343.99,344.02,1598.0,344.119,15
2024-07-23 13:35:00-04:00,344.24,344.24,343.94,343.94,1070.0,344.008,10
2024-07-23 13:40:00-04:00,343.87,344.01,343.65,344.01,1917.0,343.794,16
2024-07-23 13:45:00-04:00,344.19,344.19,344.18,344.19,100.0,344.186,1
2024-07-23 13:50:00-04:00,344.28,344.48,344.27,344.47,1100.0,344.337,11
2024-07-23 13:55:00-04:00,344.57,344.58,344.12,344.26,3803.0,344.302,36
2024-07-23 14:00:00-04:00,344.34,344.34,344.25,344.25,725.0,344.317,3
2024-07-23 14:05:00-04:00,344.28,344.35,344.24,344.33,500.0,344.29,5
2024-07-23 14:10:00-04:00,344.35,344.35,343.95,344.01,2657.0,344.12,26
2024-07-23 14:15:00-04:00,343.86,344.63,343.85,344.62,4494.0,344.071,21
2024-07-23 14:20:00-04:00,344.62,345.42,344.62,345.04,2430.0,345.02,22
2024-07-23 14:25:00-04:00,345.05,345.05,344.14,344.58,9007.0,344.601,65
2024-07-23 14:30:00-04:00,344.6,344.67,344.42,344.62,3633.0,344.52,24
2024-07-23 14:35:00-04:00,344.63,345.08,344.63,344.94,4446.0,344.9,25
2024-07-23 14:40:00-04:00,344.9,344.94,344.65,344.68,6630.0,344.808,38
2024-07-23 14:45:00-04:00,344.62,344.98,344.55,344.98,3901.0,344.759,26
2024-07-23 14:50:00-04:00,344.93,345.21,344.79,344.95,5040.0,344.924,32
2024-07-23 14:55:00-04:00,344.98,344.99,344.62,344.67,7588.0,344.924,37
2024-07-23 15:00:00-04:00,344.61,344.67,344.42,344.44,2010.0,344.549,15
2024-07-23 15:05:00-04:00,344.58,344.71,344.21,344.33,5057.0,344.481,46
2024-07-23 15:10:00-04:00,344.32,344.86,344.18,344.81,3500.0,344.586,34
2024-07-23 15:15:00-04:00,344.62,344.82,344.59,344.68,5866.0,344.687,38
2024-07-23 15:20:00-04:00,344.61,345.14,344.57,345.07,4943.0,344.956,44
2024-07-23 15:25:00-04:00,345.12,345.12,344.8,344.88,8452.0,344.972,71
2024-07-23 15:30:00-04:00,344.88,344.88,344.52,344.82,9147.0,344.767,60
2024-07-23 15:35:00-04:00,344.82,344.83,344.37,344.45,8715.0,344.556,67
2024-07-23 15:40:00-04:00,344.45,344.49,343.73,344.09,22193.0,344.159,139
2024-07-23 15:45:00-04:00,344.03,344.33,343.78,344.32,8113.0,344.087,72
2024-07-23 15:50:00-04:00,344.32,344.75,344.14,344.22,24162.0,344.394,179
2024-07-23 15:55:00-04:00,344.19,345.17,344.08,345.01,76052.0,344.615,518
2024-07-24 09:30:00-04:00,340.76,343.79,340.55,343.07,22196.0,341.236,58
2024-07-24 09:35:00-04:00,343.12,343.53,339.2,339.36,34571.0,342.036,127
2024-07-24 09:40:00-04:00,339.42,340.35,339.2,339.89,12762.0,339.701,78
2024-07-24 09:45:00-04:00,339.99,340.84,339.65,340.69,5784.0,340.239,47
2024-07-24 09:50:00-04:00,340.9,340.91,338.8,339.1,18067.0,339.412,96
2024-07-24 09:55:00-04:00,338.5,338.94,337.87,338.8,6695.0,338.439,53
2024-07-24 10:00:00-04:00,339.13,340.57,338.93,339.57,3470.0,339.481,23
2024-07-24 10:05:00-04:00,339.73,339.89,338.45,338.98,16682.0,339.082,78
2024-07-24 10:10:00-04:00,339.03,339.1,338.16,338.69,10028.0,338.715,35
2024-07-24 10:15:00-04:00,338.29,339.76,338.06,339.25,4744.0,338.701,40
2024-07-24 10:20:00-04:00,339.31,339.79,338.97,339.38,17097.0,339.245,96
2024-07-24 10:25:00-04:00,339.38,340.23,339.05,340.23,4562.0,339.598,37
2024-07-24 10:30:00-04:00,339.94,340.74,339.89,340.43,7300.0,340.356,48
2024-07-24 10:35:00-04:00,340.14,340.54,340.02,340.05,7005.0,340.315,39
2024-07-24 10:40:00-04:00,339.87,340.13,339.2,339.31,11899.0,339.888,46
2024-07-24 10:45:00-04:00,339.28,339.28,338.65,339.14,4929.0,339.099,40
2024-07-24 10:50:00-04:00,339.06,339.33,338.29,338.43,10049.0,338.895,61
2024-07-24 10:55:00-04:00,338.37,339.21,338.37,339.06,4199.0,338.837,29
2024-07-24 11:00:00-04:00,339.0,339.01,338.32,338.37,2110.0,338.689,17
2024-07-24 11:05:00-04:00,338.35,338.38,337.88,338.26,6156.0,338.224,32
2024-07-24 11:10:00-04:00,338.05,338.05,337.13,337.13,6563.0,337.542,48
2024-07-24 11:15:00-04:00,337.11,337.28,336.62,337.23,10944.0,337.083,53
2024-07-24 11:20:00-04:00,337.01,337.08,336.62,336.65,13447.0,336.886,61
2024-07-24 11:25:00-04:00,336.91,337.06,336.37,336.65,6154.0,336.803,46
2024-07-24 11:30:00-04:00,336.84,337.52,336.45,337.33,4593.0,337.05,36
2024-07-24 11:35:00-04:00,337.52,337.52,336.96,337.02,1400.0,337.207,11
2024-07-24 11:40:00-04:00,337.07,337.07,336.73,336.73,3213.0,336.885,17
2024-07-24 11:45:00-04:00,336.59,336.78,336.56,336.78,1021.0,336.661,9
2024-07-24 11:50:00-04:00,336.72,337.09,336.72,337.04,2599.0,336.911,16
2024-07-24 11:55:00-04:00,336.99,337.0,336.52,336.65,5129.0,336.714,36
2024-07-24 12:00:00-04:00,336.65,336.96,336.44,336.62,7367.0,336.693,64
2024-07-24 12:05:00-04:00,336.36,336.54,335.97,336.14,4013.0,336.308,39
2024-07-24 12:10:00-04:00,336.19,336.19,335.64,335.89,8879.0,335.896,67
2024-07-24 12:15:00-04:00,336.04,336.78,336.03,336.63,1959.0,336.506,14
2024-07-24 12:20:00-04:00,336.69,337.39,336.61,336.97,4517.0,336.896,42
2024-07-24 12:25:00-04:00,337.02,337.21,336.57,336.77,10896.0,336.809,59
2024-07-24 12:30:00-04:00,336.77,336.78,335.89,335.94,10789.0,336.49,36
2024-07-24 12:35:00-04:00,336.0,336.47,335.75,335.78,9211.0,336.176,45
2024-07-24 12:40:00-04:00,335.64,335.84,335.5,335.7,21865.0,335.525,40
2024-07-24 12:45:00-04:00,335.71,336.01,335.5,335.5,3983.0,335.763,23
2024-07-24 12:50:00-04:00,335.5,335.72,335.5,335.65,2414.0,335.63,17
2024-07-24 12:55:00-04:00,335.5,335.87,335.5,335.71,10159.0,335.719,29
2024-07-24 13:00:00-04:00,335.6,335.9,335.5,335.74,13620.0,335.631,93
2024-07-24 13:05:00-04:00,335.89,336.1,335.74,335.88,4810.0,335.87,31
2024-07-24 13:10:00-04:00,336.01,336.83,336.01,336.56,1304.0,336.352,12
2024-07-24 13:15:00-04:00,336.43,336.58,336.13,336.13,1210.0,336.374,10
2024-07-24 13:20:00-04:00,336.11,336.39,335.98,335.98,3628.0,336.141,24
2024-07-24 13:25:00-04:00,335.94,336.18,335.83,336.15,3991.0,336.028,30
2024-07-24 13:30:00-04:00,336.13,336.2,335.79,336.2,1800.0,336.027,17
2024-07-24 13:35:00-04:00,336.24,336.24,335.91,336.06,2760.0,336.131,25
2024-07-24 13:40:00-04:00,335.93,335.93,335.66,335.91,1284.0,335.788,12
2024-07-24 13:45:00-04:00,335.82,335.82,335.5,335.68,4276.0,335.621,31
2024-07-24 13:50:00-04:00,335.68,335.98,335.51,335.81,17612.0,335.78,77
2024-07-24 13:55:00-04:00,335.7,336.29,335.65,336.14,16570.0,335.949,82
2024-07-24 14:00:00-04:00,336.07,339.5,336.07,338.65,39905.0,337.889,198
2024-07-24 14:05:00-04:00,338.84,339.58,338.7,339.5,4831.0,339.274,34
2024-07-24 14:10:00-04:00,339.43,339.76,339.19,339.32,6505.0,339.356,40
2024-07-24 14:15:00-04:00,339.31,339.32,338.96,339.15,1293.0,339.089,12
2024-07-24 14:20:00-04:00,339.1,339.1,338.45,338.56,3597.0,338.732,30
2024-07-24 14:25:00-04:00,338.57,338.57,337.68,337.94,9707.0,338.05,78
2024-07-24 14:30:00-04:00,338.0,338.04,337.45,337.45,3066.0,337.712,28
2024-07-24 14:35:00-04:00,337.38,337.61,337.27,337.6,3721.0,337.425,29
2024-07-24 14:40:00-04:00,337.71,337.71,337.37,337.62,7404.0,337.547,58
2024-07-24 14:45:00-04:00,337.68,337.91,336.74,336.86,14585.0,337.338,109
2024-07-24 14:50:00-04:00,336.87,337.08,336.62,336.76,16374.0,336.901,102
2024-07-24 14:55:00-04:00,336.98,337.11,336.82,336.96,4185.0,336.969,34
2024-07-24 15:00:00-04:00,336.95,337.03,336.04,336.49,12992.0,336.686,121
2024-07-24 15:05:00-04:00,336.49,336.67,335.41,335.65,13573.0,336.077,113
2024-07-24 15:10:00-04:00,335.63,336.14,335.63,335.93,3616.0,335.949,27
2024-07-24 15:15:00-04:00,335.94,336.11,335.49,335.91,17248.0,335.677,50
2024-07-24 15:20:00-04:00,335.91,336.28,335.65,335.78,5457.0,335.998,47
2024-07-24 15:25:00-04:00,335.96,335.96,335.49,335.6,8609.0,335.682,72
2024-07-24 15:30:00-04:00,335.61,336.47,335.52,336.47,5580.0,335.891,44
2024-07-24 15:35:00-04:00,336.39,336.39,335.59,335.81,16507.0,336.074,115
2024-07-24 15:40:00-04:00,335.84,335.85,333.67,333.74,27780.0,335.237,148
2024-07-24 15:45:00-04:00,333.66,333.66,332.29,332.63,24058.0,332.761,156
2024-07-24 15:50:00-04:00,332.82,333.27,332.63,332.74,16075.0,332.983,116
2024-07-24 15:55:00-04:00,332.78,333.65,332.77,332.85,54630.0,333.174,414
2024-07-25 09:30:00-04:00,332.79,332.79,330.0,330.38,17148.0,332.54,21
2024-07-25 09:35:00-04:00,331.36,331.48,329.24,329.46,11663.0,330.658,56
2024-07-25 09:40:00-04:00,328.72,331.03,328.61,330.39,18092.0,330.163,101
2024-07-25 09:45:00-04:00,329.85,330.54,328.6,328.8,14658.0,329.572,77
2024-07-25 09:50:00-04:00,329.17,329.62,328.46,328.79,6501.0,329.303,46
2024-07-25 09:55:00-04:00,329.05,329.05,327.41,327.45,1989.0,328.013,19
2024-07-25 10:00:00-04:00,327.2,327.7,323.41,324.11,22129.0,324.789,149
2024-07-25 10:05:00-04:00,324.4,324.94,321.01,322.07,33790.0,322.469,209
2024-07-25 10:10:00-04:00,322.07,323.2,321.45,321.85,30698.0,322.217,203
2024-07-25 10:15:00-04:00,322.1,324.16,321.98,324.06,39281.0,322.984,300
2024-07-25 10:20:00-04:00,324.01,324.09,323.41,323.96,17960.0,323.777,120
2024-07-25 10:25:00-04:00,323.96,325.46,323.94,324.84,29655.0,324.776,202
2024-07-25 10:30:00-04:00,324.61,325.9,324.61,325.37,89690.0,325.178,382
2024-07-25 10:35:00-04:00,325.22,326.24,324.05,324.05,31753.0,325.591,152
2024-07-25 10:40:00-04:00,323.81,324.42,323.53,324.24,24640.0,323.846,80
2024-07-25 10:45:00-04:00,324.3,324.98,323.82,324.12,9318.0,324.441,69
2024-07-25 10:50:00-04:00,324.11,325.29,324.1,324.91,16376.0,324.874,70
2024-07-25 10:55:00-04:00,325.25,325.76,324.9,325.11,17024.0,325.246,89
2024-07-25 11:00:00-04:00,325.1,326.13,324.93,325.75,21627.0,325.395,139
2024-07-25 11:05:00-04:00,325.92,325.95,325.42,325.45,16167.0,325.722,120
2024-07-25 11:10:00-04:00,325.38,325.43,324.85,325.36,59702.0,325.251,345
2024-07-25 11:15:00-04:00,325.36,325.59,325.05,325.44,25123.0,325.338,137
2024-07-25 11:20:00-04:00,325.45,326.33,325.22,325.98,38164.0,325.725,132
2024-07-25 11:25:00-04:00,326.07,326.97,325.92,326.04,17184.0,326.383,144
2024-07-25 11:30:00-04:00,325.98,326.97,325.93,326.97,5002.0,326.453,47
2024-07-25 11:35:00-04:00,326.97,327.94,326.76,327.72,13983.0,327.444,81
2024-07-25 11:40:00-04:00,327.69,327.95,327.11,327.22,5099.0,327.526,48
2024-07-25 11:45:00-04:00,327.32,327.43,326.74,326.86,4106.0,327.017,34
2024-07-25 11:50:00-04:00,326.67,327.07,326.46,326.91,15301.0,326.782,123
2024-07-25 11:55:00-04:00,326.91,327.17,326.66,327.07,12356.0,326.982,93
2024-07-25 12:00:00-04:00,327.17,327.53,327.06,327.25,8115.0,327.234,64
2024-07-25 12:05:00-04:00,327.1,327.34,326.68,326.81,7573.0,327.074,72
2024-07-25 12:10:00-04:00,326.81,327.39,326.48,327.26,12148.0,326.878,98
2024-07-25 12:15:00-04:00,327.13,327.42,327.06,327.11,6777.0,327.258,58
2024-07-25 12:20:00-04:00,327.17,327.17,326.75,326.86,12761.0,327.03,113
2024-07-25 12:25:00-04:00,326.74,326.99,326.23,326.99,25210.0,326.489,183
2024-07-25 12:30:00-04:00,327.08,327.08,326.58,326.98,9444.0,326.852,86
2024-07-25 12:35:00-04:00,326.98,327.33,326.84,327.0,19059.0,327.067,134
2024-07-25 12:40:00-04:00,326.95,326.99,326.37,326.46,4185.0,326.686,38
2024-07-25 12:45:00-04:00,326.47,326.88,326.31,326.42,8565.0,326.609,79
2024-07-25 12:50:00-04:00,326.57,326.67,326.18,326.26,6822.0,326.482,45
2024-07-25 12:55:00-04:00,326.34,327.38,326.33,326.68,18342.0,326.694,100
2024-07-25 13:00:00-04:00,326.84,327.22,326.68,326.96,16841.0,327.008,102
2024-07-25 13:05:00-04:00,326.95,327.46,326.88,327.25,11785.0,327.207,76
2024-07-25 13:10:00-04:00,327.28,327.37,326.61,326.87,6008.0,326.968,56
2024-07-25 13:15:00-04:00,326.77,326.95,326.11,326.32,5500.0,326.474,40
2024-07-25 13:20:00-04:00,326.32,326.35,325.45,325.63,6066.0,326.017,59
2024-07-25 13:25:00-04:00,325.48,326.21,325.48,326.01,3031.0,325.937,28
2024-07-25 13:30:00-04:00,326.13,326.17,325.55,326.0,5670.0,325.861,51
2024-07-25 13:35:00-04:00,325.75,326.26,325.75,326.13,3702.0,326.038,33
2024-07-25 13:40:00-04:00,326.26,326.6,326.18,326.23,4245.0,326.377,35
2024-07-25 13:45:00-04:00,326.45,326.45,325.39,325.5,6392.0,325.887,52
2024-07-25 13:50:00-04:00,325.47,325.62,325.27,325.47,3901.0,325.48,33
2024-07-25 13:55:00-04:00,325.31,325.7,325.14,325.6,6420.0,325.483,61
2024-07-25 14:00:00-04:00,325.59,325.61,325.11,325.32,4057.0,325.347,35
2024-07-25 14:05:00-04:00,325.42,325.53,325.08,325.18,4368.0,325.348,38
2024-07-25 14:10:00-04:00,325.01,325.13,324.4,324.4,6031.0,324.748,56
2024-07-25 14:15:00-04:00,324.48,324.88,324.31,324.38,10457.0,324.642,91
2024-07-25 14:20:00-04:00,324.38,324.47,323.91,324.0,6412.0,324.18,55
2024-07-25 14:25:00-04:00,323.88,324.66,323.88,324.49,8204.0,324.378,69
2024-07-25 14:30:00-04:00,324.49,324.77,324.38,324.5,5990.0,324.567,51
2024-07-25 14:35:00-04:00,324.36,324.44,323.8,323.94,7184.0,324.14,63
2024-07-25 14:40:00-04:00,323.79,323.89,323.11,323.41,16380.0,323.46,82
2024-07-25 14:45:00-04:00,323.25,323.25,321.86,322.04,6527.0,322.56,55
2024-07-25 14:50:00-04:00,322.05,322.62,322.04,322.16,9700.0,322.315,83
2024-07-25 14:55:00-04:00,322.28,323.41,322.22,323.39,11503.0,322.676,95
2024-07-25 15:00:00-04:00,323.4,324.24,323.33,323.9,16121.0,323.9,96
2024-07-25 15:05:00-04:00,323.99,324.14,323.23,323.27,7551.0,323.807,61
2024-07-25 15:10:00-04:00,323.31,323.67,323.19,323.52,7404.0,323.447,62
2024-07-25 15:15:00-04:00,323.61,324.15,323.55,324.15,8377.0,323.735,70
2024-07-25 15:20:00-04:00,324.03,324.23,323.82,323.99,10451.0,324.043,79
2024-07-25 15:25:00-04:00,324.18,325.02,324.12,325.02,8351.0,324.615,77
2024-07-25 15:30:00-04:00,324.92,325.51,324.6,324.6,10932.0,325.072,104
2024-07-25 15:35:00-04:00,324.8,324.82,321.18,323.83,24763.0,323.747,197
2024-07-25 15:40:00-04:00,323.76,323.84,323.07,323.38,27495.0,323.386,128
2024-07-25 15:45:00-04:00,323.3,323.56,322.4,323.33,20019.0,322.927,170
2024-07-25 15:50:00-04:00,323.33,323.53,322.06,322.12,26631.0,322.517,220
2024-07-25 15:55:00-04:00,322.09,322.27,321.69,322.25,102311.0,321.887,617
2024-07-26 09:30:00-04:00,326.95,328.54,323.3,325.92,37654.0,327.287,92
2024-07-26 09:35:00-04:00,325.92,329.49,325.92,328.66,30797.0,328.042,180
2024-07-26 09:40:00-04:00,328.65,328.96,326.66,328.07,40310.0,327.749,136
2024-07-26 09:45:00-04:00,327.64,329.47,327.61,328.84,18390.0,328.495,131
2024-07-26 09:50:00-04:00,328.9,329.59,328.17,329.5,50606.0,328.881,138
2024-07-26 09:55:00-04:00,329.25,330.72,329.09,330.39,18110.0,329.792,94
2024-07-26 10:00:00-04:00,330.25,333.34,330.22,332.54,66886.0,331.794,211
2024-07-26 10:05:00-04:00,332.6,332.6,330.7,331.04,7127.0,331.704,39
2024-07-26 10:10:00-04:00,331.06,331.29,330.16,330.16,4748.0,330.993,41
2024-07-26 10:15:00-04:00,329.88,329.91,328.79,328.87,3521.0,329.537,28
2024-07-26 10:20:00-04:00,328.49,330.16,328.47,330.14,10994.0,329.302,79
2024-07-26 10:25:00-04:00,329.89,331.23,329.52,330.2,6287.0,330.044,62
2024-07-26 10:30:00-04:00,330.0,330.0,328.67,329.04,8904.0,329.145,54
2024-07-26 10:35:00-04:00,329.04,329.7,328.82,329.31,6599.0,329.25,50
2024-07-26 10:40:00-04:00,329.41,330.78,329.04,330.05,4190.0,329.709,40
2024-07-26 10:45:00-04:00,330.07,330.73,329.8,330.42,1800.0,330.412,18
2024-07-26 10:50:00-04:00,330.57,331.74,330.09,331.6,3938.0,330.876,38
2024-07-26 10:55:00-04:00,331.59,331.84,330.59,331.82,7977.0,331.105,57
2024-07-26 11:00:00-04:00,331.8,331.8,331.27,331.37,900.0,331.529,9
2024-07-26 11:05:00-04:00,331.36,331.59,330.98,330.98,3035.0,331.286,30
2024-07-26 11:10:00-04:00,330.88,331.15,330.73,331.14,3573.0,330.987,29
2024-07-26 11:15:00-04:00,331.17,331.17,330.47,330.98,1605.0,330.839,15
2024-07-26 11:20:00-04:00,331.44,332.21,331.25,331.89,3560.0,331.79,32
2024-07-26 11:25:00-04:00,331.7,331.8,331.2,331.34,4295.0,331.478,32
2024-07-26 11:30:00-04:00,331.65,332.12,331.45,331.52,3210.0,331.687,26
2024-07-26 11:35:00-04:00,331.35,331.51,331.15,331.44,1706.0,331.34,16
2024-07-26 11:40:00-04:00,331.46,331.56,331.06,331.56,3093.0,331.352,23
2024-07-26 11:45:00-04:00,331.51,331.85,331.3,331.76,2744.0,331.602,21
2024-07-26 11:50:00-04:00,331.91,331.92,331.34,331.34,3093.0,331.675,29
2024-07-26 11:55:00-04:00,331.3,331.8,331.3,331.62,1283.0,331.555,12
2024-07-26 12:00:00-04:00,331.9,331.94,331.6,331.8,1485.0,331.793,13
2024-07-26 12:05:00-04:00,331.68,331.92,331.48,331.62,2144.0,331.624,18
2024-07-26 12:10:00-04:00,331.79,331.8,331.11,331.27,2626.0,331.412,22
2024-07-26 12:15:00-04:00,331.37,331.51,331.01,331.14,5040.0,331.184,43
2024-07-26 12:20:00-04:00,330.99,331.0,330.8,330.82,2551.0,330.96,22
2024-07-26 12:25:00-04:00,331.17,331.69,331.04,331.46,4317.0,331.257,36
2024-07-26 12:30:00-04:00,331.59,331.93,331.58,331.7,2168.0,331.719,19
2024-07-26 12:35:00-04:00,331.63,331.9,331.63,331.8,3248.0,331.766,26
2024-07-26 12:40:00-04:00,331.9,332.17,331.75,332.17,2941.0,331.932,24
2024-07-26 12:45:00-04:00,332.19,332.55,332.07,332.3,4365.0,332.315,36
2024-07-26 12:50:00-04:00,332.5,332.74,332.46,332.52,1185.0,332.566,10
2024-07-26 12:55:00-04:00,332.59,332.84,332.47,332.63,1494.0,332.647,13
2024-07-26 13:00:00-04:00,332.49,332.67,332.4,332.61,2436.0,332.533,15
2024-07-26 13:05:00-04:00,332.6,332.6,331.91,331.91,4930.0,332.242,35
2024-07-26 13:10:00-04:00,332.08,332.15,331.8,331.9,5208.0,331.982,40
2024-07-26 13:15:00-04:00,331.94,332.42,331.94,332.28,3896.0,332.174,30
2024-07-26 13:20:00-04:00,332.06,332.21,331.98,332.01,2200.0,332.023,13
2024-07-26 13:25:00-04:00,331.97,332.47,331.81,332.39,5862.0,332.176,40
2024-07-26 13:30:00-04:00,332.19,332.24,331.81,332.0,4111.0,332.034,39
2024-07-26 13:35:00-04:00,331.79,331.92,330.63,331.06,13659.0,331.259,127
2024-07-26 13:40:00-04:00,330.9,330.96,330.66,330.86,3275.0,330.808,31
2024-07-26 13:45:00-04:00,330.86,331.34,330.73,331.03,5542.0,331.032,44
2024-07-26 13:50:00-04:00,330.89,331.29,330.79,331.11,3448.0,331.012,23
2024-07-26 13:55:00-04:00,331.14,331.25,330.94,330.94,2290.0,331.093,20
2024-07-26 14:00:00-04:00,330.96,331.17,330.72,330.72,3900.0,330.943,30
2024-07-26 14:05:00-04:00,330.6,330.99,330.36,330.59,6951.0,330.622,47
2024-07-26 14:10:00-04:00,330.49,330.79,330.46,330.47,2871.0,330.645,25
2024-07-26 14:15:00-04:00,330.56,330.58,329.86,329.93,3680.0,330.246,24
2024-07-26 14:20:00-04:00,329.8,329.89,329.61,329.78,4640.0,329.752,38
2024-07-26 14:25:00-04:00,329.78,330.15,329.78,329.84,5402.0,329.938,39
2024-07-26 14:30:00-04:00,329.81,330.0,329.68,329.69,4075.0,329.781,27
2024-07-26 14:35:00-04:00,330.0,330.0,329.58,329.87,1400.0,329.775,14
2024-07-26 14:40:00-04:00,329.82,330.06,329.46,329.99,4130.0,329.785,30
2024-07-26 14:45:00-04:00,329.81,330.01,329.81,330.0,2646.0,329.925,15
2024-07-26 14:50:00-04:00,330.0,330.25,329.78,329.84,2623.0,330.013,25
2024-07-26 14:55:00-04:00,329.96,330.29,329.65,329.88,4505.0,329.909,31
2024-07-26 15:00:00-04:00,329.66,330.02,329.64,329.84,2206.0,329.813,16
2024-07-26 15:05:00-04:00,329.66,329.84,329.38,329.84,1872.0,329.635,15
2024-07-26 15:10:00-04:00,330.0,330.27,329.75,330.15,7442.0,330.011,43
2024-07-26 15:15:00-04:00,330.0,330.15,329.52,329.86,13334.0,329.901,108
2024-07-26 15:20:00-04:00,329.84,330.27,329.73,330.19,12517.0,329.984,88
2024-07-26 15:25:00-04:00,330.3,330.41,330.08,330.19,9438.0,330.256,78
2024-07-26 15:30:00-04:00,330.12,330.27,329.39,329.56,6979.0,329.951,64
2024-07-26 15:35:00-04:00,329.55,330.02,329.48,330.02,15969.0,329.664,87
2024-07-26 15:40:00-04:00,330.11,330.46,329.8,330.46,7133.0,330.119,63
2024-07-26 15:45:00-04:00,330.47,331.21,330.46,331.09,7894.0,330.945,68
2024-07-26 15:50:00-04:00,331.36,331.48,330.11,330.16,21145.0,330.57,194
2024-07-26 15:55:00-04:00,330.25,330.25,329.41,329.71,60606.0,329.829,439
2024-07-29 09:30:00-04:00,330.96,332.99,328.48,329.34,16825.0,330.832,19
2024-07-29 09:35:00-04:00,331.49,334.35,331.33,332.87,3281.0,332.518,26
2024-07-29 09:40:00-04:00,332.18,333.21,331.73,332.76,7424.0,332.543,26
2024-07-29 09:45:00-04:00,333.21,333.21,330.78,331.88,8793.0,332.043,67
2024-07-29 09:50:00-04:00,331.41,332.1,330.43,330.94,2400.0,331.053,24
2024-07-29 09:55:00-04:00,331.01,331.63,330.34,331.49,3989.0,330.949,28
2024-07-29 10:00:00-04:00,331.57,332.72,331.23,332.22,12524.0,332.159,55
2024-07-29 10:05:00-04:00,332.3,332.69,331.68,332.03,6175.0,332.198,48
2024-07-29 10:10:00-04:00,331.91,331.91,329.57,329.57,1423.0,330.778,14
2024-07-29 10:15:00-04:00,330.4,331.44,330.4,330.76,900.0,330.783,9
2024-07-29 10:20:00-04:00,331.3,332.16,331.1,332.16,2436.0,331.739,23
2024-07-29 10:25:00-04:00,332.03,332.44,331.89,332.37,8115.0,332.001,15
2024-07-29 10:30:00-04:00,331.78,331.78,330.93,330.93,3298.0,331.261,28
2024-07-29 10:35:00-04:00,331.28,331.71,330.99,331.45,2485.0,331.279,23
2024-07-29 10:40:00-04:00,331.43,331.75,331.22,331.69,2526.0,331.535,19
2024-07-29 10:45:00-04:00,331.71,331.71,330.78,331.47,4330.0,331.197,36
2024-07-29 10:50:00-04:00,331.26,331.37,330.93,330.95,1901.0,331.133,18
2024-07-29 10:55:00-04:00,331.52,331.62,331.23,331.57,1669.0,331.435,15
2024-07-29 11:00:00-04:00,331.21,331.23,330.63,331.02,2682.0,330.977,24
2024-07-29 11:05:00-04:00,331.03,331.07,330.55,330.74,2053.0,330.836,20
2024-07-29 11:10:00-04:00,330.83,331.07,330.45,330.86,2717.0,330.774,24
2024-07-29 11:15:00-04:00,330.59,331.0,330.59,330.73,1455.0,330.795,13
2024-07-29 11:20:00-04:00,330.65,331.41,330.62,331.41,13778.0,331.057,25
2024-07-29 11:25:00-04:00,331.83,331.83,331.42,331.48,1600.0,331.595,16
2024-07-29 11:30:00-04:00,331.32,331.32,330.55,330.6,4819.0,331.065,36
2024-07-29 11:35:00-04:00,330.7,331.15,330.42,330.96,1927.0,330.752,17
2024-07-29 11:40:00-04:00,331.05,331.05,330.78,330.94,1064.0,330.979,8
2024-07-29 11:45:00-04:00,330.98,331.86,330.94,331.77,2611.0,331.373,25
2024-07-29 11:50:00-04:00,331.82,332.0,331.73,331.73,2263.0,331.903,20
2024-07-29 11:55:00-04:00,331.88,332.16,331.88,332.16,1146.0,332.065,10
2024-07-29 12:00:00-04:00,332.3,332.57,332.25,332.57,2242.0,332.388,21
2024-07-29 12:05:00-04:00,332.58,332.89,332.51,332.68,5816.0,332.699,41
2024-07-29 12:10:00-04:00,332.68,333.15,332.58,333.03,6526.0,332.852,52
2024-07-29 12:15:00-04:00,332.85,333.21,332.71,332.9,4121.0,332.913,36
2024-07-29 12:20:00-04:00,333.02,333.17,332.84,333.02,7318.0,332.999,71
2024-07-29 12:25:00-04:00,332.93,333.05,332.59,332.81,4626.0,332.824,34
2024-07-29 12:30:00-04:00,332.86,333.16,332.47,332.7,6820.0,332.808,50
2024-07-29 12:35:00-04:00,332.86,333.0,332.4,332.7,6208.0,332.885,44
2024-07-29 12:40:00-04:00,332.52,332.78,332.52,332.75,1344.0,332.715,13
2024-07-29 12:45:00-04:00,332.75,332.75,332.4,332.61,2620.0,332.575,16
2024-07-29 12:50:00-04:00,332.4,332.48,331.76,332.07,3504.0,332.182,24
2024-07-29 12:55:00-04:00,332.06,332.06,331.94,331.96,1408.0,331.997,9
2024-07-29 13:00:00-04:00,331.96,332.2,331.93,332.02,5540.0,332.0,43
2024-07-29 13:05:00-04:00,331.92,332.22,331.92,332.2,1000.0,332.064,10
2024-07-29 13:10:00-04:00,332.27,332.69,332.21,332.59,2307.0,332.454,17
2024-07-29 13:15:00-04:00,332.5,332.71,332.12,332.71,1701.0,332.41,14
2024-07-29 13:20:00-04:00,332.66,332.66,332.29,332.44,1995.0,332.505,14
2024-07-29 13:25:00-04:00,332.32,332.41,331.98,331.98,3250.0,332.217,26
2024-07-29 13:30:00-04:00,332.17,332.17,331.87,332.11,2652.0,332.036,21
2024-07-29 13:35:00-04:00,332.12,332.23,331.84,331.91,3487.0,331.972,28
2024-07-29 13:40:00-04:00,331.91,332.08,331.76,331.9,1757.0,331.939,11
2024-07-29 13:45:00-04:00,331.7,331.88,331.68,331.68,1215.0,331.768,12
2024-07-29 13:50:00-04:00,331.69,331.77,331.61,331.72,2078.0,331.701,19
2024-07-29 13:55:00-04:00,331.72,331.72,331.41,331.62,5230.0,331.585,35
2024-07-29 14:00:00-04:00,331.6,331.6,331.05,331.19,4735.0,331.36,37
2024-07-29 14:05:00-04:00,331.2,331.66,331.2,331.51,3991.0,331.433,33
2024-07-29 14:10:00-04:00,331.48,331.87,331.27,331.77,6468.0,331.51,38
2024-07-29 14:15:00-04:00,331.87,332.15,331.52,331.92,6103.0,331.816,43
2024-07-29 14:20:00-04:00,331.92,332.98,331.74,332.5,15198.0,332.374,61
2024-07-29 14:25:00-04:00,332.35,332.7,332.25,332.7,3032.0,332.406,24
2024-07-29 14:30:00-04:00,332.63,332.63,332.05,332.1,3310.0,332.353,32
2024-07-29 14:35:00-04:00,331.91,332.13,331.91,332.13,901.0,332.003,8
2024-07-29 14:40:00-04:00,332.13,332.76,332.12,332.49,1195.0,332.429,11
2024-07-29 14:45:00-04:00,332.67,332.67,332.28,332.4,1750.0,332.46,17
2024-07-29 14:50:00-04:00,332.42,332.61,332.15,332.41,1849.0,332.326,17
2024-07-29 14:55:00-04:00,332.48,332.96,332.48,332.73,3233.0,332.724,25
2024-07-29 15:00:00-04:00,332.73,333.0,332.7,332.75,3247.0,332.872,30
2024-07-29 15:05:00-04:00,333.0,333.13,332.85,332.95,3516.0,333.005,31
2024-07-29 15:10:00-04:00,333.16,333.72,333.16,333.72,938.0,333.511,9
2024-07-29 15:15:00-04:00,333.5,333.63,333.12,333.54,3753.0,333.4,31
2024-07-29 15:20:00-04:00,333.4,333.66,333.31,333.31,1899.0,333.451,13
2024-07-29 15:25:00-04:00,333.19,333.58,333.17,333.53,3455.0,333.35,29
2024-07-29 15:30:00-04:00,333.59,333.68,333.42,333.46,1827.0,333.557,16
2024-07-29 15:35:00-04:00,333.48,334.01,333.48,333.97,5394.0,333.802,48
2024-07-29 15:40:00-04:00,333.96,334.05,333.62,333.84,4457.0,333.796,42
2024-07-29 15:45:00-04:00,333.77,333.87,333.36,333.48,6870.0,333.624,64
2024-07-29 15:50:00-04:00,333.68,333.91,332.84,332.84,11364.0,333.375,109
2024-07-29 15:55:00-04:00,333.0,333.05,331.84,331.85,73313.0,332.321,540
2024-07-30 09:30:00-04:00,333.14,334.89,333.02,333.93,16783.0,333.397,37
2024-07-30 09:35:00-04:00,334.46,335.23,334.15,335.12,4147.0,334.74,37
2024-07-30 09:40:00-04:00,335.5,336.0,334.49,334.71,10876.0,335.337,46
2024-07-30 09:45:00-04:00,334.0,334.3,333.55,333.56,5637.0,333.953,47
2024-07-30 09:50:00-04:00,333.1,333.9,332.49,333.15,4820.0,333.06,30
2024-07-30 09:55:00-04:00,332.96,333.54,332.67,332.67,2231.0,333.112,19
2024-07-30 10:00:00-04:00,333.07,333.24,331.03,331.52,7034.0,332.122,51
2024-07-30 10:05:00-04:00,331.47,332.21,331.03,331.68,27707.0,331.768,192
2024-07-30 10:10:00-04:00,331.73,331.88,330.09,330.34,6234.0,331.16,44
2024-07-30 10:15:00-04:00,330.32,331.73,330.32,331.12,10776.0,331.024,71
2024-07-30 10:20:00-04:00,331.14,331.92,330.8,331.58,6301.0,331.255,55
2024-07-30 10:25:00-04:00,331.66,332.65,331.41,331.92,5636.0,332.115,46
2024-07-30 10:30:00-04:00,331.92,332.4,331.58,332.27,6121.0,332.076,50
2024-07-30 10:35:00-04:00,332.04,332.14,330.42,331.36,11385.0,331.292,84
2024-07-30 10:40:00-04:00,331.84,332.53,331.27,332.35,3655.0,331.869,34
2024-07-30 10:45:00-04:00,332.34,333.4,332.34,332.5,4672.0,332.845,41
2024-07-30 10:50:00-04:00,332.73,333.26,332.28,332.53,6111.0,332.71,47
2024-07-30 10:55:00-04:00,332.73,332.73,331.45,331.46,5178.0,331.955,45
2024-07-30 11:00:00-04:00,331.71,331.75,330.36,330.65,6952.0,331.012,60
2024-07-30 11:05:00-04:00,330.28,330.54,329.76,329.81,6292.0,330.099,50
2024-07-30 11:10:00-04:00,329.95,330.4,329.87,330.2,5373.0,330.127,46
2024-07-30 11:15:00-04:00,330.14,330.55,329.72,330.42,5937.0,330.022,48
2024-07-30 11:20:00-04:00,330.51,330.71,329.83,330.25,4746.0,330.113,40
2024-07-30 11:25:00-04:00,330.24,330.31,329.69,329.69,4380.0,330.053,33
2024-07-30 11:30:00-04:00,329.78,330.19,329.65,330.19,4446.0,329.865,41
2024-07-30 11:35:00-04:00,330.07,330.07,329.65,329.65,4368.0,329.825,29
2024-07-30 11:40:00-04:00,329.63,329.87,329.14,329.14,5586.0,329.431,40
2024-07-30 11:45:00-04:00,329.08,329.48,328.98,329.26,5221.0,329.149,41
2024-07-30 11:50:00-04:00,328.97,329.19,328.74,329.18,4809.0,328.96,38
2024-07-30 11:55:00-04:00,329.18,329.39,328.86,329.1,9845.0,329.196,41
2024-07-30 12:00:00-04:00,329.06,329.38,328.67,328.67,4419.0,328.969,40
2024-07-30 12:05:00-04:00,328.75,329.6,328.75,329.57,1949.0,329.13,19
2024-07-30 12:10:00-04:00,329.62,329.78,329.32,329.78,4512.0,329.552,25
2024-07-30 12:15:00-04:00,329.57,329.78,329.36,329.74,3175.0,329.534,31
2024-07-30 12:20:00-04:00,329.74,329.74,328.8,328.8,4810.0,329.117,38
2024-07-30 12:25:00-04:00,328.8,329.27,328.8,329.17,9802.0,328.937,42
2024-07-30 12:30:00-04:00,329.0,329.29,328.9,328.91,3675.0,329.131,35
2024-07-30 12:35:00-04:00,328.94,329.73,328.76,329.65,5449.0,329.243,49
2024-07-30 12:40:00-04:00,329.55,329.63,329.09,329.23,3227.0,329.408,28
2024-07-30 12:45:00-04:00,329.24,329.28,328.62,328.62,10942.0,329.01,69
2024-07-30 12:50:00-04:00,328.69,328.99,327.95,328.01,13429.0,328.522,96
2024-07-30 12:55:00-04:00,328.22,328.53,327.8,328.09,12177.0,328.218,84
2024-07-30 13:00:00-04:00,327.78,328.59,327.42,328.42,17058.0,327.91,66
2024-07-30 13:05:00-04:00,328.33,328.86,328.11,328.63,9556.0,328.565,48
2024-07-30 13:10:00-04:00,328.67,329.47,328.45,329.42,5771.0,328.826,43
2024-07-30 13:15:00-04:00,329.49,329.67,328.88,329.02,6032.0,329.337,44
2024-07-30 13:20:00-04:00,329.05,329.74,329.05,329.15,2845.0,329.375,27
2024-07-30 13:25:00-04:00,329.22,329.45,329.04,329.42,3646.0,329.346,34
2024-07-30 13:30:00-04:00,329.35,329.77,329.35,329.61,2400.0,329.605,20
2024-07-30 13:35:00-04:00,329.54,330.24,329.54,330.17,15266.0,329.778,105
2024-07-30 13:40:00-04:00,330.2,331.09,330.04,330.82,4002.0,330.618,33
2024-07-30 13:45:00-04:00,331.0,331.06,330.36,330.67,3240.0,330.651,31
2024-07-30 13:50:00-04:00,330.72,330.81,330.08,330.08,2355.0,330.545,23
2024-07-30 13:55:00-04:00,330.47,330.52,330.16,330.3,3509.0,330.368,33
2024-07-30 14:00:00-04:00,330.33,330.33,329.61,329.61,4343.0,329.855,40
2024-07-30 14:05:00-04:00,329.65,329.86,329.49,329.69,6257.0,329.703,41
2024-07-30 14:10:00-04:00,329.84,329.87,329.43,329.61,4475.0,329.712,38
2024-07-30 14:15:00-04:00,329.56,329.93,329.55,329.82,8789.0,329.76,50
2024-07-30 14:20:00-04:00,329.88,330.15,329.79,330.07,7192.0,329.946,58
2024-07-30 14:25:00-04:00,330.04,330.09,329.27,330.05,4208.0,329.708,36
2024-07-30 14:30:00-04:00,329.91,330.11,329.53,329.53,6006.0,329.88,45
2024-07-30 14:35:00-04:00,329.6,330.0,329.6,330.0,2071.0,329.906,17
2024-07-30 14:40:00-04:00,329.88,330.07,329.84,329.94,7426.0,329.973,48
2024-07-30 14:45:00-04:00,330.1,330.1,329.3,329.47,4234.0,329.645,39
2024-07-30 14:50:00-04:00,329.33,329.51,329.08,329.08,5488.0,329.314,52
2024-07-30 14:55:00-04:00,329.18,329.65,328.97,329.26,12656.0,329.126,100
2024-07-30 15:00:00-04:00,329.18,329.32,328.89,329.1,10131.0,329.121,76
2024-07-30 15:05:00-04:00,329.1,329.33,328.85,329.21,6348.0,329.156,51
2024-07-30 15:10:00-04:00,329.18,329.21,328.85,328.86,6384.0,329.055,45
2024-07-30 15:15:00-04:00,328.86,329.3,328.85,329.3,4146.0,329.085,38
2024-07-30 15:20:00-04:00,329.32,329.77,329.21,329.73,8202.0,329.504,60
2024-07-30 15:25:00-04:00,329.69,329.9,329.62,329.75,3000.0,329.755,25
2024-07-30 15:30:00-04:00,329.64,329.69,329.24,329.52,12583.0,329.506,79
2024-07-30 15:35:00-04:00,329.54,329.55,328.96,329.15,9525.0,329.316,84
2024-07-30 15:40:00-04:00,329.13,329.2,328.86,329.14,13595.0,329.052,95
2024-07-30 15:45:00-04:00,329.11,330.22,329.1,329.87,12540.0,329.731,112
2024-07-30 15:50:00-04:00,330.06,330.39,329.21,329.54,18935.0,329.861,171
2024-07-30 15:55:00-04:00,329.46,329.84,328.64,328.86,54309.0,329.326,423
2024-07-31 09:30:00-04:00,341.01,350.12,341.01,348.26,108302.0,347.405,241
2024-07-31 09:35:00-04:00,348.2,351.39,346.64,351.17,40172.0,349.48,241
2024-07-31 09:40:00-04:00,351.18,351.41,345.1,346.34,22962.0,349.488,143
2024-07-31 09:45:00-04:00,345.99,345.99,341.45,344.33,23124.0,343.527,146
2024-07-31 09:50:00-04:00,344.09,344.39,341.19,343.25,74355.0,342.146,163
2024-07-31 09:55:00-04:00,343.19,344.58,341.0,344.56,33078.0,343.406,179
2024-07-31 10:00:00-04:00,343.71,344.08,341.62,341.63,31828.0,343.077,100
2024-07-31 10:05:00-04:00,341.63,342.25,339.31,340.84,19075.0,340.934,133
2024-07-31 10:10:00-04:00,340.84,342.17,340.53,341.94,12574.0,341.199,59
2024-07-31 10:15:00-04:00,342.32,343.04,340.43,341.0,11826.0,341.799,78
2024-07-31 10:20:00-04:00,341.33,343.12,341.14,343.1,22615.0,341.927,105
2024-07-31 10:25:00-04:00,342.47,342.9,341.25,341.83,14499.0,342.206,83
2024-07-31 10:30:00-04:00,341.55,343.31,341.5,342.2,109053.0,342.492,132
2024-07-31 10:35:00-04:00,342.59,344.19,342.46,344.19,6797.0,343.126,57
2024-07-31 10:40:00-04:00,343.63,343.84,342.86,343.49,13031.0,343.318,64
2024-07-31 10:45:00-04:00,343.27,343.84,342.98,342.98,6198.0,343.291,45
2024-07-31 10:50:00-04:00,343.46,343.46,341.59,342.07,17911.0,342.782,76
2024-07-31 10:55:00-04:00,342.09,343.87,342.07,343.5,6988.0,343.109,55
2024-07-31 11:00:00-04:00,343.33,343.98,343.08,343.68,10407.0,343.382,79
2024-07-31 11:05:00-04:00,343.55,345.88,343.55,345.03,8174.0,344.909,63
2024-07-31 11:10:00-04:00,344.81,345.25,344.49,344.99,26837.0,344.861,33
2024-07-31 11:15:00-04:00,344.93,345.06,343.36,343.91,9466.0,344.595,72
2024-07-31 11:20:00-04:00,343.9,344.2,341.24,341.24,8953.0,343.138,60
2024-07-31 11:25:00-04:00,341.24,341.24,339.86,340.79,5297.0,340.51,46
2024-07-31 11:30:00-04:00,340.6,342.85,340.6,342.07,7961.0,341.554,66
2024-07-31 11:35:00-04:00,342.55,342.55,341.16,341.86,13092.0,341.551,99
2024-07-31 11:40:00-04:00,342.13,342.48,341.66,341.77,3767.0,341.881,16
2024-07-31 11:45:00-04:00,342.25,342.57,341.28,341.5,16347.0,341.958,32
2024-07-31 11:50:00-04:00,341.5,341.57,338.93,338.93,36374.0,341.188,108
2024-07-31 11:55:00-04:00,338.76,338.93,336.58,336.59,12687.0,338.44,35
2024-07-31 12:00:00-04:00,336.59,337.6,336.44,337.6,9636.0,337.084,82
2024-07-31 12:05:00-04:00,337.42,337.86,336.91,337.86,8796.0,337.412,74
2024-07-31 12:10:00-04:00,337.57,338.43,337.57,337.77,3451.0,337.906,32
2024-07-31 12:15:00-04:00,337.77,337.93,336.27,336.44,12495.0,337.24,26
2024-07-31 12:20:00-04:00,336.13,336.22,333.45,334.77,20231.0,334.648,96
2024-07-31 12:25:00-04:00,334.56,334.93,334.33,334.5,2494.0,334.62,24
2024-07-31 12:30:00-04:00,334.76,334.77,333.0,334.07,18352.0,333.899,93
2024-07-31 12:35:00-04:00,333.31,335.08,333.0,335.08,9719.0,333.94,72
2024-07-31 12:40:00-04:00,335.14,335.96,334.54,335.76,7112.0,335.364,57
2024-07-31 12:45:00-04:00,335.43,336.96,335.42,336.96,7198.0,336.189,66
2024-07-31 12:50:00-04:00,337.17,337.49,336.41,336.59,8384.0,336.952,62
2024-07-31 12:55:00-04:00,336.59,337.01,336.59,336.95,2161.0,336.829,18
2024-07-31 13:00:00-04:00,336.68,336.93,336.13,336.33,10006.0,336.51,79
2024-07-31 13:05:00-04:00,336.31,336.44,335.69,335.93,7345.0,335.984,50
2024-07-31 13:10:00-04:00,335.93,337.6,335.56,337.6,5714.0,336.508,45
2024-07-31 13:15:00-04:00,337.66,337.66,335.33,335.68,8178.0,336.711,72
2024-07-31 13:20:00-04:00,335.4,336.52,335.4,336.3,5285.0,336.142,43
2024-07-31 13:25:00-04:00,336.23,336.67,335.54,335.95,5546.0,336.052,38
2024-07-31 13:30:00-04:00,335.4,336.25,335.4,336.02,8167.0,335.934,56
2024-07-31 13:35:00-04:00,336.22,336.65,336.03,336.43,7460.0,336.397,53
2024-07-31 13:40:00-04:00,336.47,336.81,335.5,335.8,11396.0,336.078,85
2024-07-31 13:45:00-04:00,336.1,336.1,334.69,334.78,4947.0,335.1,36
2024-07-31 13:50:00-04:00,334.98,335.01,334.06,334.16,6101.0,334.724,53
2024-07-31 13:55:00-04:00,334.15,334.15,333.0,333.25,9090.0,333.495,32
2024-07-31 14:00:00-04:00,333.5,333.62,332.35,333.5,20179.0,333.08,121
2024-07-31 14:05:00-04:00,333.26,333.82,333.08,333.49,5791.0,333.467,46
2024-07-31 14:10:00-04:00,333.49,334.16,333.33,333.62,5798.0,333.603,47
2024-07-31 14:15:00-04:00,333.62,334.12,333.57,334.12,3416.0,333.777,32
2024-07-31 14:20:00-04:00,334.23,334.74,334.12,334.46,2883.0,334.382,25
2024-07-31 14:25:00-04:00,334.46,334.48,334.03,334.33,8312.0,334.352,64
2024-07-31 14:30:00-04:00,334.18,334.59,334.01,334.43,4606.0,334.291,42
2024-07-31 14:35:00-04:00,334.43,335.14,334.23,334.8,8387.0,334.629,77
2024-07-31 14:40:00-04:00,334.85,335.83,334.83,335.83,3684.0,335.242,32
2024-07-31 14:45:00-04:00,335.65,337.44,335.64,337.44,3005.0,336.726,28
2024-07-31 14:50:00-04:00,337.61,339.03,337.42,338.37,8900.0,338.226,77
2024-07-31 14:55:00-04:00,338.6,339.02,337.46,338.8,25626.0,338.353,117
2024-07-31 15:00:00-04:00,338.95,340.1,338.86,339.05,38700.0,339.327,279
2024-07-31 15:05:00-04:00,339.05,339.24,337.66,338.18,13814.0,338.517,127
2024-07-31 15:10:00-04:00,337.96,338.68,337.42,337.71,20808.0,337.82,54
2024-07-31 15:15:00-04:00,337.71,337.99,336.24,336.3,10592.0,337.401,93
2024-07-31 15:20:00-04:00,336.28,336.28,335.44,335.79,14395.0,335.804,108
2024-07-31 15:25:00-04:00,335.79,335.79,333.21,333.25,17649.0,334.404,139
2024-07-31 15:30:00-04:00,333.12,334.5,333.12,334.43,16585.0,333.837,141
2024-07-31 15:35:00-04:00,334.31,335.09,334.04,335.07,19781.0,334.465,146
2024-07-31 15:40:00-04:00,335.22,336.41,335.18,336.21,13177.0,335.95,115
2024-07-31 15:45:00-04:00,336.21,336.76,334.79,335.61,26525.0,335.619,221
2024-07-31 15:50:00-04:00,335.49,335.71,332.84,333.8,40784.0,333.916,338
2024-07-31 15:55:00-04:00,334.18,334.51,333.83,334.28,96514.0,334.131,780
2024-08-01 09:30:00-04:00,338.77,339.54,338.33,339.54,20793.0,338.781,6
2024-08-01 09:35:00-04:00,339.99,342.36,339.99,341.49,5203.0,341.068,41
2024-08-01 09:40:00-04:00,340.37,342.13,339.43,341.11,4228.0,340.662,39
2024-08-01 09:45:00-04:00,341.83,342.94,341.07,341.69,5978.0,341.993,53
2024-08-01 09:50:00-04:00,341.67,342.13,339.99,340.4,6371.0,340.893,54
2024-08-01 09:55:00-04:00,340.31,341.2,339.89,340.93,11545.0,340.401,58
2024-08-01 10:00:00-04:00,340.43,341.95,340.38,340.62,12155.0,341.056,82
2024-08-01 10:05:00-04:00,340.3,340.44,338.77,338.77,9879.0,339.803,72
2024-08-01 10:10:00-04:00,338.92,339.67,338.91,339.27,12970.0,339.11,76
2024-08-01 10:15:00-04:00,339.27,339.27,338.43,338.73,4700.0,338.831,39
2024-08-01 10:20:00-04:00,338.6,338.85,337.61,338.29,6430.0,338.287,51
2024-08-01 10:25:00-04:00,338.68,338.68,337.63,337.63,4550.0,338.077,39
2024-08-01 10:30:00-04:00,338.0,338.39,336.84,337.32,5805.0,337.526,43
2024-08-01 10:35:00-04:00,337.67,337.67,335.2,336.47,6733.0,336.3,38
2024-08-01 10:40:00-04:00,336.23,337.1,335.94,336.56,3461.0,336.342,24
2024-08-01 10:45:00-04:00,336.2,336.3,334.37,334.37,4445.0,335.456,32
2024-08-01 10:50:00-04:00,334.72,334.95,333.43,333.62,14240.0,333.935,59
2024-08-01 10:55:00-04:00,333.58,334.38,333.09,333.09,7351.0,333.656,45
2024-08-01 11:00:00-04:00,333.09,333.84,331.92,332.15,6335.0,333.033,46
2024-08-01 11:05:00-04:00,332.46,332.88,331.94,332.21,6235.0,332.193,39
2024-08-01 11:10:00-04:00,332.42,333.08,332.41,332.82,6295.0,332.592,23
2024-08-01 11:15:00-04:00,332.21,333.73,332.18,333.73,6005.0,333.042,43
2024-08-01 11:20:00-04:00,333.67,334.14,332.9,334.14,6136.0,333.364,56
2024-08-01 11:25:00-04:00,333.82,334.2,332.92,332.92,1539.0,333.59,14
2024-08-01 11:30:00-04:00,332.89,333.85,332.74,333.23,3745.0,333.197,35
2024-08-01 11:35:00-04:00,332.94,333.06,331.92,332.03,3643.0,332.397,33
2024-08-01 11:40:00-04:00,331.68,331.92,331.06,331.49,3632.0,331.441,35
2024-08-01 11:45:00-04:00,331.05,331.17,330.22,331.17,6019.0,330.589,52
2024-08-01 11:50:00-04:00,330.96,331.87,330.9,331.61,5354.0,331.438,41
2024-08-01 11:55:00-04:00,331.91,332.14,331.17,331.29,3949.0,331.601,36
2024-08-01 12:00:00-04:00,331.08,331.94,331.08,331.81,5048.0,331.362,45
2024-08-01 12:05:00-04:00,331.72,332.33,331.59,331.88,3516.0,331.899,33
2024-08-01 12:10:00-04:00,331.88,332.31,331.35,332.31,3522.0,331.803,33
2024-08-01 12:15:00-04:00,332.66,333.2,332.24,332.25,5424.0,332.691,51
2024-08-01 12:20:00-04:00,332.25,332.8,331.54,332.1,4562.0,332.156,43
2024-08-01 12:25:00-04:00,332.1,332.71,331.92,332.42,4200.0,332.255,38
2024-08-01 12:30:00-04:00,332.31,332.33,331.81,332.17,3031.0,332.051,26
2024-08-01 12:35:00-04:00,331.99,332.09,331.56,331.59,2785.0,331.845,25
2024-08-01 12:40:00-04:00,331.45,331.81,331.34,331.54,3361.0,331.542,31
2024-08-01 12:45:00-04:00,331.34,332.04,331.34,331.78,1598.0,331.635,14
2024-08-01 12:50:00-04:00,331.59,331.73,330.83,331.21,5123.0,331.219,48
2024-08-01 12:55:00-04:00,331.19,331.82,331.19,331.81,2807.0,331.498,26
2024-08-01 13:00:00-04:00,331.44,331.84,331.14,331.68,1869.0,331.405,15
2024-08-01 13:05:00-04:00,331.33,331.89,331.15,331.16,1527.0,331.438,14
2024-08-01 13:10:00-04:00,331.12,331.58,330.68,330.78,5303.0,331.022,50
2024-08-01 13:15:00-04:00,330.78,331.13,330.38,330.38,2827.0,330.758,24
2024-08-01 13:20:00-04:00,330.47,330.54,330.12,330.12,3471.0,330.305,15
2024-08-01 13:25:00-04:00,330.35,331.47,330.13,330.99,6477.0,330.832,52
2024-08-01 13:30:00-04:00,331.12,331.14,330.87,330.87,1845.0,331.001,14
2024-08-01 13:35:00-04:00,330.84,331.02,330.12,330.41,3688.0,330.608,33
2024-08-01 13:40:00-04:00,330.25,330.77,330.1,330.46,3833.0,330.299,22
2024-08-01 13:45:00-04:00,330.66,331.29,330.39,330.39,2676.0,330.764,26
2024-08-01 13:50:00-04:00,330.45,331.21,329.97,331.21,1669.0,330.406,16
2024-08-01 13:55:00-04:00,330.86,331.18,330.45,331.18,5550.0,330.733,48
2024-08-01 14:00:00-04:00,330.9,330.99,330.34,330.66,3287.0,330.691,27
2024-08-01 14:05:00-04:00,330.39,330.94,330.34,330.34,3957.0,330.615,33
2024-08-01 14:10:00-04:00,330.19,330.45,330.03,330.16,3191.0,330.202,21
2024-08-01 14:15:00-04:00,330.16,330.34,329.0,329.3,7959.0,329.497,62
2024-08-01 14:20:00-04:00,329.15,330.12,329.14,329.74,5153.0,329.735,43
2024-08-01 14:25:00-04:00,329.73,329.95,329.13,329.66,3594.0,329.567,33
2024-08-01 14:30:00-04:00,329.41,329.56,328.86,329.39,1900.0,329.295,19
2024-08-01 14:35:00-04:00,329.39,330.02,329.26,330.02,4130.0,329.461,36
2024-08-01 14:40:00-04:00,329.84,329.84,328.91,328.91,6073.0,329.485,48
2024-08-01 14:45:00-04:00,329.02,329.48,328.82,329.47,3519.0,329.116,30
2024-08-01 14:50:00-04:00,329.44,330.27,329.44,329.92,3287.0,329.774,31
2024-08-01 14:55:00-04:00,329.92,330.33,329.91,330.24,2558.0,330.098,25
2024-08-01 15:00:00-04:00,330.16,330.45,329.94,330.21,3899.0,330.133,34
2024-08-01 15:05:00-04:00,329.86,330.03,329.4,329.6,5564.0,329.627,52
2024-08-01 15:10:00-04:00,329.63,330.19,329.34,329.37,5731.0,329.647,44
2024-08-01 15:15:00-04:00,329.51,330.23,329.28,330.11,3989.0,329.629,33
2024-08-01 15:20:00-04:00,330.16,330.73,329.85,330.62,3110.0,330.2,27
2024-08-01 15:25:00-04:00,330.83,331.08,330.61,330.98,5634.0,330.806,53
2024-08-01 15:30:00-04:00,331.01,331.67,331.01,331.01,8773.0,331.289,74
2024-08-01 15:35:00-04:00,331.05,332.77,331.04,332.57,11411.0,332.134,89
2024-08-01 15:40:00-04:00,332.77,332.77,332.08,332.37,7551.0,332.381,71
2024-08-01 15:45:00-04:00,332.5,333.25,332.5,333.23,8438.0,332.88,81
2024-08-01 15:50:00-04:00,333.23,334.22,332.37,332.47,27186.0,333.355,223
2024-08-01 15:55:00-04:00,332.47,333.94,332.47,333.48,86282.0,333.568,656
2024-08-02 09:30:00-04:00,325.18,325.18,325.18,325.18,100.0,325.18,1
2024-08-02 09:35:00-04:00,325.19,325.97,322.48,323.15,24654.0,325.347,46
2024-08-02 09:40:00-04:00,322.56,323.51,320.75,321.91,38089.0,322.17,253
2024-08-02 09:45:00-04:00,322.13,322.79,320.59,322.17,14579.0,321.735,128
2024-08-02 09:50:00-04:00,322.17,324.3,321.12,321.58,7616.0,322.798,60
2024-08-02 09:55:00-04:00,321.26,322.88,321.23,322.46,7677.0,322.288,67
2024-08-02 10:00:00-04:00,322.46,323.88,322.32,322.99,6449.0,323.196,57
2024-08-02 10:05:00-04:00,322.86,323.03,318.54,318.54,22828.0,320.243,125
2024-08-02 10:10:00-04:00,319.0,319.53,317.88,317.97,25603.0,318.464,135
2024-08-02 10:15:00-04:00,318.38,318.92,317.77,318.13,11435.0,318.491,76
2024-08-02 10:20:00-04:00,317.91,319.78,317.91,319.34,10795.0,318.795,80
2024-08-02 10:25:00-04:00,319.28,321.57,318.63,321.08,4745.0,320.242,42
2024-08-02 10:30:00-04:00,320.74,321.96,320.57,320.77,6959.0,321.225,63
2024-08-02 10:35:00-04:00,320.68,321.2,319.85,320.83,6548.0,320.469,59
2024-08-02 10:40:00-04:00,320.93,320.93,319.8,320.4,6043.0,320.459,53
2024-08-02 10:45:00-04:00,320.4,321.05,320.13,320.69,7234.0,320.707,50
2024-08-02 10:50:00-04:00,321.04,321.25,319.87,320.81,9781.0,320.441,40
2024-08-02 10:55:00-04:00,321.12,321.12,319.07,320.2,2865.0,320.068,25
2024-08-02 11:00:00-04:00,319.5,319.86,318.47,318.97,3546.0,318.905,30
2024-08-02 11:05:00-04:00,318.52,319.34,318.3,319.34,8658.0,318.746,68
2024-08-02 11:10:00-04:00,319.15,320.25,319.14,319.55,10867.0,319.887,63
2024-08-02 11:15:00-04:00,319.53,319.65,318.63,318.69,6780.0,319.135,57
2024-08-02 11:20:00-04:00,318.76,318.88,318.06,318.59,5620.0,318.615,47
2024-08-02 11:25:00-04:00,318.39,318.41,317.16,317.91,4270.0,317.827,42
2024-08-02 11:30:00-04:00,318.24,318.68,317.63,318.03,4613.0,318.229,37
2024-08-02 11:35:00-04:00,317.65,319.73,317.65,319.35,4619.0,318.827,44
2024-08-02 11:40:00-04:00,319.16,320.2,319.16,320.02,4085.0,319.838,38
2024-08-02 11:45:00-04:00,320.07,320.68,320.07,320.47,13996.0,320.451,76
2024-08-02 11:50:00-04:00,320.53,320.72,319.67,320.06,10367.0,320.244,92
2024-08-02 11:55:00-04:00,320.09,320.38,319.6,319.6,6341.0,319.967,60
2024-08-02 12:00:00-04:00,319.87,320.1,319.2,319.82,10263.0,319.834,93
2024-08-02 12:05:00-04:00,319.98,320.04,319.13,319.34,5265.0,319.628,46
2024-08-02 12:10:00-04:00,319.09,319.09,318.26,318.51,38906.0,318.437,85
2024-08-02 12:15:00-04:00,318.69,319.62,318.52,319.61,11317.0,318.898,92
2024-08-02 12:20:00-04:00,319.83,320.32,319.2,319.5,11295.0,319.76,94
2024-08-02 12:25:00-04:00,319.31,319.87,319.13,319.67,10851.0,319.476,63
2024-08-02 12:30:00-04:00,319.47,319.84,318.9,319.84,9329.0,319.335,86
2024-08-02 12:35:00-04:00,319.73,319.73,318.87,319.3,7798.0,319.224,61
2024-08-02 12:40:00-04:00,319.45,320.08,319.45,320.08,3490.0,319.827,30
2024-08-02 12:45:00-04:00,320.02,320.08,319.14,319.59,9478.0,319.457,77
2024-08-02 12:50:00-04:00,319.25,319.25,318.09,318.38,6443.0,318.596,51
2024-08-02 12:55:00-04:00,318.17,318.86,318.02,318.56,6939.0,318.353,63
2024-08-02 13:00:00-04:00,318.71,318.81,317.73,317.73,6261.0,318.161,52
2024-08-02 13:05:00-04:00,317.91,318.71,317.91,318.25,10470.0,318.269,82
2024-08-02 13:10:00-04:00,318.28,318.99,317.9,318.99,5827.0,318.469,56
2024-08-02 13:15:00-04:00,319.03,319.3,318.86,319.12,26219.0,318.99,58
2024-08-02 13:20:00-04:00,318.94,319.23,318.79,318.79,3040.0,318.935,24
2024-08-02 13:25:00-04:00,318.59,318.8,318.06,318.07,8036.0,318.522,62
2024-08-02 13:30:00-04:00,318.06,318.29,317.56,317.82,11211.0,317.966,90
2024-08-02 13:35:00-04:00,317.73,317.82,317.31,317.31,7733.0,317.579,59
2024-08-02 13:40:00-04:00,317.31,317.57,316.62,317.37,15280.0,317.168,95
2024-08-02 13:45:00-04:00,317.53,317.61,317.01,317.3,10429.0,317.346,76
2024-08-02 13:50:00-04:00,317.15,317.49,316.98,317.08,13436.0,317.269,88
2024-08-02 13:55:00-04:00,317.23,318.8,316.97,318.72,10984.0,318.026,80
2024-08-02 14:00:00-04:00,318.52,318.66,317.57,317.59,56706.0,318.286,128
2024-08-02 14:05:00-04:00,317.78,317.81,317.48,317.48,2925.0,317.678,26
2024-08-02 14:10:00-04:00,317.84,317.94,317.34,317.41,6961.0,317.679,60
2024-08-02 14:15:00-04:00,317.24,317.66,316.97,317.06,11847.0,317.273,103
2024-08-02 14:20:00-04:00,317.11,317.94,316.98,317.92,12413.0,317.451,103
2024-08-02 14:25:00-04:00,318.0,318.9,318.0,318.67,8352.0,318.434,68
2024-08-02 14:30:00-04:00,318.3,318.98,318.18,318.32,8914.0,318.541,73
2024-08-02 14:35:00-04:00,318.18,318.18,317.56,317.75,10605.0,317.835,91
2024-08-02 14:40:00-04:00,317.93,317.93,316.85,316.91,22749.0,317.283,143
2024-08-02 14:45:00-04:00,316.78,317.7,316.49,316.73,24506.0,316.955,180
2024-08-02 14:50:00-04:00,316.93,317.27,316.5,317.01,23250.0,316.956,185
2024-08-02 14:55:00-04:00,317.06,317.73,317.05,317.27,15447.0,317.368,122
2024-08-02 15:00:00-04:00,317.64,317.98,317.41,317.69,9936.0,317.687,83
2024-08-02 15:05:00-04:00,317.7,317.7,316.75,317.47,15675.0,317.204,125
2024-08-02 15:10:00-04:00,317.26,317.61,317.18,317.61,6890.0,317.403,61
2024-08-02 15:15:00-04:00,317.63,317.79,317.31,317.71,12201.0,317.544,104
2024-08-02 15:20:00-04:00,317.8,317.89,317.06,317.43,9598.0,317.427,75
2024-08-02 15:25:00-04:00,317.43,318.16,317.12,318.16,11396.0,317.67,90
2024-08-02 15:30:00-04:00,317.96,318.28,317.63,318.05,12440.0,317.989,103
2024-08-02 15:35:00-04:00,317.86,318.4,317.55,317.55,17339.0,317.968,127
2024-08-02 15:40:00-04:00,317.38,317.43,316.61,317.37,25934.0,317.082,196
2024-08-02 15:45:00-04:00,317.4,317.72,317.05,317.2,27297.0,317.468,214
2024-08-02 15:50:00-04:00,317.08,317.45,316.57,317.45,44246.0,317.019,346
2024-08-02 15:55:00-04:00,317.58,318.67,317.48,318.25,143688.0,318.279,1019
2024-08-05 09:30:00-04:00,309.0,311.31,309.0,310.49,1163.0,310.382,11
2024-08-05 09:35:00-04:00,308.63,309.94,308.63,309.17,1320.0,309.169,9
2024-08-05 09:40:00-04:00,310.18,310.18,306.72,308.84,93053.0,308.255,260
2024-08-05 09:45:00-04:00,308.84,314.45,308.83,314.19,19782.0,311.97,118
2024-08-05 09:50:00-04:00,314.71,315.84,312.54,313.11,37921.0,313.906,171
2024-08-05 09:55:00-04:00,313.11,314.23,311.85,311.85,25636.0,313.056,103
2024-08-05 10:00:00-04:00,312.15,316.6,312.14,315.63,21753.0,315.944,160
2024-08-05 10:05:00-04:00,315.44,316.02,312.55,312.55,17895.0,314.515,145
2024-08-05 10:10:00-04:00,312.19,312.36,310.33,312.29,20862.0,311.262,102
2024-08-05 10:15:00-04:00,312.25,313.05,311.96,312.85,24380.0,312.58,128
2024-08-05 10:20:00-04:00,312.85,312.85,310.83,311.6,11502.0,311.827,87
2024-08-05 10:25:00-04:00,311.9,313.92,311.64,311.65,11096.0,312.735,91
2024-08-05 10:30:00-04:00,311.72,313.26,310.81,313.26,34840.0,311.933,222
2024-08-05 10:35:00-04:00,313.16,313.59,311.57,312.87,23527.0,312.977,105
2024-08-05 10:40:00-04:00,312.59,313.21,311.62,312.06,13607.0,312.419,58
2024-08-05 10:45:00-04:00,312.42,313.71,312.08,312.68,6051.0,313.058,53
2024-08-05 10:50:00-04:00,312.92,315.34,312.32,315.25,4489.0,313.192,38
2024-08-05 10:55:00-04:00,315.25,315.29,313.66,313.77,8867.0,314.596,75
2024-08-05 11:00:00-04:00,313.84,314.08,313.33,313.63,4845.0,313.661,44
2024-08-05 11:05:00-04:00,313.61,316.29,313.61,315.8,21436.0,315.381,182
2024-08-05 11:10:00-04:00,315.73,317.11,315.41,316.02,12519.0,316.139,104
2024-08-05 11:15:00-04:00,316.6,316.6,315.33,315.39,7494.0,315.948,60
2024-08-05 11:20:00-04:00,315.21,316.41,315.21,316.41,6094.0,315.776,56
2024-08-05 11:25:00-04:00,316.78,316.78,314.68,314.72,9153.0,315.697,72
2024-08-05 11:30:00-04:00,314.95,316.62,314.74,315.86,8327.0,315.614,75
2024-08-05 11:35:00-04:00,315.92,317.18,315.57,316.62,6789.0,316.428,52
2024-08-05 11:40:00-04:00,316.6,316.85,316.12,316.4,4060.0,316.414,35
2024-08-05 11:45:00-04:00,316.41,317.33,316.36,316.73,11075.0,316.982,96
2024-08-05 11:50:00-04:00,316.45,316.76,315.8,316.44,6910.0,316.336,61
2024-08-05 11:55:00-04:00,316.56,316.81,315.77,316.65,6527.0,316.435,52
2024-08-05 12:00:00-04:00,316.42,316.43,315.45,315.79,6400.0,316.009,54
2024-08-05 12:05:00-04:00,315.79,316.13,314.85,315.73,20346.0,315.239,181
2024-08-05 12:10:00-04:00,315.47,315.99,315.26,315.89,6273.0,315.713,54
2024-08-05 12:15:00-04:00,315.63,316.41,315.48,316.41,14499.0,315.837,64
2024-08-05 12:20:00-04:00,316.14,317.31,316.13,317.31,2919.0,316.653,26
2024-08-05 12:25:00-04:00,317.3,318.77,317.14,318.36,7758.0,318.125,63
2024-08-05 12:30:00-04:00,318.13,318.37,316.88,316.88,3383.0,317.806,27
2024-08-05 12:35:00-04:00,316.77,316.91,315.9,316.45,4708.0,316.409,34
2024-08-05 12:40:00-04:00,316.2,316.2,315.5,315.55,2727.0,315.878,24
2024-08-05 12:45:00-04:00,315.19,315.19,314.77,314.77,2665.0,314.924,22
2024-08-05 12:50:00-04:00,314.75,314.75,313.7,313.71,2796.0,314.21,26
2024-08-05 12:55:00-04:00,313.32,313.97,313.31,313.71,4512.0,313.599,38
2024-08-05 13:00:00-04:00,313.61,313.61,312.99,313.18,1625.0,313.277,14
2024-08-05 13:05:00-04:00,313.01,314.03,312.87,313.69,3742.0,313.492,32
2024-08-05 13:10:00-04:00,314.03,314.26,313.2,313.79,6192.0,313.92,41
2024-08-05 13:15:00-04:00,313.97,314.28,313.44,313.44,4959.0,313.806,30
2024-08-05 13:20:00-04:00,313.79,313.99,313.42,313.55,3062.0,313.751,26
2024-08-05 13:25:00-04:00,313.69,313.99,313.25,313.25,6169.0,313.747,47
2024-08-05 13:30:00-04:00,313.57,314.35,313.52,314.32,3919.0,313.963,33
2024-08-05 13:35:00-04:00,314.29,314.66,314.05,314.37,2494.0,314.347,17
2024-08-05 13:40:00-04:00,314.33,315.06,314.07,314.94,7896.0,314.605,51
2024-08-05 13:45:00-04:00,315.08,315.08,314.31,314.85,5394.0,314.749,30
2024-08-05 13:50:00-04:00,315.06,315.07,314.28,314.42,3454.0,314.57,24
2024-08-05 13:55:00-04:00,314.48,314.54,313.83,314.05,3182.0,314.093,22
2024-08-05 14:00:00-04:00,314.05,314.06,313.36,313.36,3930.0,313.714,32
2024-08-05 14:05:00-04:00,313.29,314.01,313.23,314.0,8340.0,313.638,58
2024-08-05 14:10:00-04:00,313.99,314.34,313.72,313.78,7415.0,313.973,57
2024-08-05 14:15:00-04:00,313.78,314.69,313.78,314.51,4491.0,314.051,20
2024-08-05 14:20:00-04:00,314.48,314.87,314.28,314.45,3665.0,314.522,29
2024-08-05 14:25:00-04:00,314.57,314.86,314.55,314.81,1636.0,314.699,16
2024-08-05 14:30:00-04:00,314.62,314.94,314.26,314.26,3909.0,314.616,33
2024-08-05 14:35:00-04:00,314.11,314.67,313.98,314.14,2969.0,314.243,28
2024-08-05 14:40:00-04:00,313.94,313.96,312.98,313.19,1551.0,313.548,15
2024-08-05 14:45:00-04:00,312.98,313.38,312.41,312.91,3595.0,312.971,30
2024-08-05 14:50:00-04:00,312.82,313.59,312.82,313.1,2742.0,313.181,25
2024-08-05 14:55:00-04:00,312.97,313.15,312.67,312.89,2304.0,312.943,17
2024-08-05 15:00:00-04:00,312.91,313.74,312.9,313.62,3507.0,313.397,31
2024-08-05 15:05:00-04:00,313.63,313.63,313.15,313.37,2176.0,313.323,19
2024-08-05 15:10:00-04:00,313.38,313.82,313.19,313.36,4408.0,313.496,33
2024-08-05 15:15:00-04:00,313.09,313.39,312.9,313.02,4805.0,313.108,35
2024-08-05 15:20:00-04:00,313.18,313.41,313.08,313.13,6950.0,313.233,45
2024-08-05 15:25:00-04:00,313.24,313.73,312.84,313.73,5210.0,313.339,45
2024-08-05 15:30:00-04:00,313.56,313.88,313.12,313.46,5287.0,313.509,47
2024-08-05 15:35:00-04:00,313.6,313.86,313.2,313.36,9143.0,313.504,49
2024-08-05 15:40:00-04:00,313.41,313.41,312.73,312.74,6841.0,313.143,55
2024-08-05 15:45:00-04:00,312.92,313.38,312.49,312.64,10433.0,312.899,78
2024-08-05 15:50:00-04:00,312.7,313.95,312.48,312.86,14707.0,313.222,128
2024-08-05 15:55:00-04:00,313.2,314.36,313.2,314.35,47604.0,313.83,358
2024-08-06 09:30:00-04:00,315.65,318.15,313.62,314.31,17209.0,315.522,39
2024-08-06 09:35:00-04:00,315.85,316.77,314.66,316.05,5701.0,315.77,37
2024-08-06 09:40:00-04:00,316.57,316.98,315.63,315.69,5553.0,316.12,35
2024-08-06 09:45:00-04:00,315.69,317.52,315.63,317.52,3348.0,316.45,29
2024-08-06 09:50:00-04:00,318.27,319.67,317.98,319.67,1938.0,318.515,18
2024-08-06 09:55:00-04:00,319.18,319.71,318.05,318.67,3133.0,318.657,26
2024-08-06 10:00:00-04:00,317.97,319.02,317.96,318.67,6218.0,318.639,42
2024-08-06 10:05:00-04:00,318.97,320.35,318.41,320.35,2300.0,319.205,19
2024-08-06 10:10:00-04:00,319.5,320.17,318.68,318.86,3092.0,319.279,23
2024-08-06 10:15:00-04:00,318.73,318.81,318.0,318.81,2534.0,318.527,22
2024-08-06 10:20:00-04:00,319.04,319.39,318.56,318.85,6726.0,318.938,45
2024-08-06 10:25:00-04:00,319.18,319.84,318.76,318.76,6007.0,319.435,41
2024-08-06 10:30:00-04:00,318.85,318.96,317.6,318.15,14629.0,318.18,52
2024-08-06 10:35:00-04:00,318.41,319.4,318.1,318.68,4506.0,318.728,34
2024-08-06 10:40:00-04:00,318.92,319.79,318.75,319.79,4505.0,319.304,37
2024-08-06 10:45:00-04:00,320.1,321.81,319.42,321.38,6331.0,320.627,22
2024-08-06 10:50:00-04:00,320.95,321.71,320.65,320.89,4652.0,321.097,37
2024-08-06 10:55:00-04:00,320.85,320.91,319.84,320.7,3191.0,320.38,26
2024-08-06 11:00:00-04:00,320.7,321.22,320.38,320.91,2395.0,320.805,20
2024-08-06 11:05:00-04:00,320.84,321.31,320.46,321.01,8453.0,320.949,70
2024-08-06 11:10:00-04:00,321.27,321.27,320.11,320.26,4728.0,320.657,25
2024-08-06 11:15:00-04:00,320.08,320.57,319.74,320.01,2932.0,320.102,22
2024-08-06 11:20:00-04:00,320.35,320.35,319.56,320.14,2825.0,319.962,25
2024-08-06 11:25:00-04:00,319.94,320.3,319.01,319.27,6036.0,319.775,45
2024-08-06 11:30:00-04:00,319.27,320.86,319.27,320.82,6226.0,320.407,58
2024-08-06 11:35:00-04:00,320.68,321.05,319.9,320.57,5467.0,320.38,44
2024-08-06 11:40:00-04:00,320.5,320.5,319.9,320.41,2982.0,320.194,28
2024-08-06 11:45:00-04:00,320.63,320.63,319.69,320.5,3375.0,320.264,22
2024-08-06 11:50:00-04:00,320.56,320.98,320.33,320.54,3991.0,320.742,27
2024-08-06 11:55:00-04:00,320.6,320.69,320.36,320.43,800.0,320.525,7
2024-08-06 12:00:00-04:00,320.57,321.28,320.5,320.81,2178.0,320.86,19
2024-08-06 12:05:00-04:00,320.49,320.82,320.49,320.72,1587.0,320.636,13
2024-08-06 12:10:00-04:00,320.72,320.85,320.46,320.82,1180.0,320.593,10
2024-08-06 12:15:00-04:00,320.83,321.14,320.79,320.79,1936.0,320.954,17
2024-08-06 12:20:00-04:00,320.92,320.94,320.52,320.73,3075.0,320.733,30
2024-08-06 12:25:00-04:00,320.72,321.05,320.41,321.05,2104.0,320.679,21
2024-08-06 12:30:00-04:00,321.25,321.64,321.24,321.64,1500.0,321.328,14
2024-08-06 12:35:00-04:00,321.62,322.13,321.25,321.92,5077.0,321.552,47
2024-08-06 12:40:00-04:00,322.24,322.62,321.55,321.55,4672.0,322.139,37
2024-08-06 12:45:00-04:00,321.9,322.5,321.89,321.96,2995.0,322.073,18
2024-08-06 12:50:00-04:00,321.94,322.7,321.6,322.69,2326.0,322.215,19
2024-08-06 12:55:00-04:00,322.58,322.92,322.58,322.74,4284.0,322.707,29
2024-08-06 13:00:00-04:00,322.46,322.99,322.46,322.77,1311.0,322.736,10
2024-08-06 13:05:00-04:00,322.6,323.02,322.6,323.02,1479.0,322.845,9
2024-08-06 13:10:00-04:00,322.64,323.21,322.64,322.92,2284.0,322.905,14
2024-08-06 13:15:00-04:00,322.6,322.63,322.4,322.47,1556.0,322.522,12
2024-08-06 13:20:00-04:00,322.65,322.82,322.44,322.44,886.0,322.573,7
2024-08-06 13:25:00-04:00,322.53,323.1,322.53,323.01,2914.0,322.941,25
2024-08-06 13:30:00-04:00,323.13,323.51,323.13,323.31,2424.0,323.332,21
2024-08-06 13:35:00-04:00,323.31,323.54,323.09,323.44,1846.0,323.299,12
2024-08-06 13:40:00-04:00,323.41,323.41,322.81,323.1,4564.0,323.089,36
2024-08-06 13:45:00-04:00,323.28,323.54,322.85,323.5,2288.0,323.052,22
2024-08-06 13:50:00-04:00,323.74,323.87,323.67,323.87,826.0,323.751,7
2024-08-06 13:55:00-04:00,323.87,324.0,323.6,323.78,3491.0,323.772,22
2024-08-06 14:00:00-04:00,323.95,324.01,323.44,323.45,4148.0,323.683,37
2024-08-06 14:05:00-04:00,323.44,323.65,323.22,323.22,9021.0,323.39,74
2024-08-06 14:10:00-04:00,323.23,323.68,323.22,323.51,3813.0,323.487,26
2024-08-06 14:15:00-04:00,323.62,324.33,323.44,324.27,5319.0,323.815,37
2024-08-06 14:20:00-04:00,324.33,325.0,324.33,324.75,4925.0,324.692,44
2024-08-06 14:25:00-04:00,324.71,325.15,324.7,325.15,3162.0,324.929,27
2024-08-06 14:30:00-04:00,325.32,325.55,324.86,325.5,8730.0,325.263,44
2024-08-06 14:35:00-04:00,325.42,325.61,325.19,325.56,3372.0,325.468,29
2024-08-06 14:40:00-04:00,325.38,325.56,325.1,325.56,2122.0,325.233,17
2024-08-06 14:45:00-04:00,325.46,326.17,325.3,326.12,3262.0,325.592,26
2024-08-06 14:50:00-04:00,325.95,326.17,325.78,326.05,4045.0,325.99,35
2024-08-06 14:55:00-04:00,326.05,326.23,324.92,325.01,20012.0,325.662,164
2024-08-06 15:00:00-04:00,324.73,325.02,324.17,324.17,5125.0,324.614,46
2024-08-06 15:05:00-04:00,324.33,324.78,323.9,324.7,9983.0,324.279,88
2024-08-06 15:10:00-04:00,324.79,325.0,324.6,324.81,7791.0,324.793,63
2024-08-06 15:15:00-04:00,324.63,324.79,323.88,324.35,12573.0,324.508,104
2024-08-06 15:20:00-04:00,324.43,326.72,324.43,326.72,6334.0,325.488,46
2024-08-06 15:25:00-04:00,326.75,326.84,325.7,325.89,4889.0,326.354,44
2024-08-06 15:30:00-04:00,325.73,326.27,325.73,326.0,5137.0,326.056,45
2024-08-06 15:35:00-04:00,326.11,326.11,325.61,325.79,4871.0,325.809,32
2024-08-06 15:40:00-04:00,325.79,325.79,325.21,325.21,10930.0,325.478,86
2024-08-06 15:45:00-04:00,325.24,325.31,324.05,324.12,11914.0,324.604,94
2024-08-06 15:50:00-04:00,323.95,324.35,322.07,322.86,49431.0,323.504,363
2024-08-06 15:55:00-04:00,322.9,323.39,322.35,322.91,118944.0,322.809,842
2024-08-07 09:30:00-04:00,329.05,332.19,328.98,330.69,24426.0,330.118,40
2024-08-07 09:35:00-04:00,331.53,331.96,328.82,330.14,7005.0,330.293,51
2024-08-07 09:40:00-04:00,330.82,333.16,330.27,332.25,2980.0,332.062,20
2024-08-07 09:45:00-04:00,333.26,333.26,331.24,332.18,2518.0,332.004,22
2024-08-07 09:50:00-04:00,332.34,332.34,330.79,331.2,11700.0,331.42,59
2024-08-07 09:55:00-04:00,331.19,331.87,330.4,331.87,5177.0,331.074,47
2024-08-07 10:00:00-04:00,331.29,331.55,330.13,330.24,10586.0,330.814,91
2024-08-07 10:05:00-04:00,330.51,331.09,330.27,330.63,2566.0,330.581,22
2024-08-07 10:10:00-04:00,330.49,330.57,329.6,329.6,3356.0,330.249,28
2024-08-07 10:15:00-04:00,329.45,329.45,328.21,328.26,4232.0,328.732,30
2024-08-07 10:20:00-04:00,328.86,329.85,328.72,329.56,4760.0,329.401,27
2024-08-07 10:25:00-04:00,329.56,329.71,328.24,328.31,7460.0,329.231,50
2024-08-07 10:30:00-04:00,328.18,329.13,327.99,328.2,1550.0,328.445,15
2024-08-07 10:35:00-04:00,327.81,328.0,327.32,327.32,4509.0,327.731,19
2024-08-07 10:40:00-04:00,327.07,328.43,327.07,328.43,3175.0,327.753,22
2024-08-07 10:45:00-04:00,328.73,329.69,328.55,329.56,11301.0,329.136,63
2024-08-07 10:50:00-04:00,329.56,330.01,329.31,330.0,21233.0,329.683,115
2024-08-07 10:55:00-04:00,329.94,329.95,329.44,329.45,2067.0,329.651,20
2024-08-07 11:00:00-04:00,329.68,330.38,329.44,330.38,4946.0,329.815,44
2024-08-07 11:05:00-04:00,330.1,331.16,330.1,331.16,3703.0,330.779,37
2024-08-07 11:10:00-04:00,331.15,331.2,330.35,330.35,6369.0,330.896,50
2024-08-07 11:15:00-04:00,330.79,330.99,329.96,330.44,2731.0,330.453,22
2024-08-07 11:20:00-04:00,330.48,330.72,330.22,330.47,1970.0,330.469,19
2024-08-07 11:25:00-04:00,330.1,330.68,329.89,330.67,6824.0,330.204,47
2024-08-07 11:30:00-04:00,330.98,330.98,330.25,330.3,4565.0,330.544,33
2024-08-07 11:35:00-04:00,330.3,330.87,330.16,330.59,2012.0,330.455,19
2024-08-07 11:40:00-04:00,330.3,330.3,329.02,329.05,5778.0,329.562,44
2024-08-07 11:45:00-04:00,329.02,329.42,328.67,329.22,16837.0,329.172,143
2024-08-07 11:50:00-04:00,329.2,329.42,328.71,329.37,8808.0,329.165,70
2024-08-07 11:55:00-04:00,329.43,329.43,328.13,328.13,2250.0,328.848,21
2024-08-07 12:00:00-04:00,328.1,328.51,327.13,327.59,7762.0,327.882,60
2024-08-07 12:05:00-04:00,327.6,328.13,327.38,327.87,4654.0,327.777,35
2024-08-07 12:10:00-04:00,327.81,328.55,327.81,328.55,3300.0,328.022,33
2024-08-07 12:15:00-04:00,328.44,328.46,327.91,328.03,3350.0,328.304,28
2024-08-07 12:20:00-04:00,327.89,328.27,327.8,327.8,1964.0,328.016,13
2024-08-07 12:25:00-04:00,328.11,328.31,327.82,328.21,1091.0,328.022,10
2024-08-07 12:30:00-04:00,328.58,328.58,327.48,327.75,3000.0,327.895,27
2024-08-07 12:35:00-04:00,328.12,328.18,327.69,327.95,1728.0,327.957,13
2024-08-07 12:40:00-04:00,327.92,327.92,326.88,327.15,1577.0,327.506,15
2024-08-07 12:45:00-04:00,327.15,327.55,327.15,327.3,3154.0,327.294,22
2024-08-07 12:50:00-04:00,327.2,327.57,326.85,327.17,3358.0,327.117,26
2024-08-07 12:55:00-04:00,326.83,327.61,326.8,326.8,4596.0,327.134,28
2024-08-07 13:00:00-04:00,326.75,327.08,326.49,326.71,3358.0,326.783,28
2024-08-07 13:05:00-04:00,326.35,326.78,325.96,325.96,946.0,326.34,9
2024-08-07 13:10:00-04:00,325.4,325.45,324.17,324.17,812.0,324.804,8
2024-08-07 13:15:00-04:00,324.67,324.67,324.06,324.43,6883.0,324.383,57
2024-08-07 13:20:00-04:00,324.7,325.55,324.4,325.38,4043.0,324.936,37
2024-08-07 13:25:00-04:00,325.62,326.46,325.46,325.46,2625.0,325.859,26
2024-08-07 13:30:00-04:00,325.52,325.99,325.22,325.99,1001.0,325.775,10
2024-08-07 13:35:00-04:00,326.09,326.22,325.47,326.2,2058.0,325.735,19
2024-08-07 13:40:00-04:00,326.06,326.06,324.72,324.72,1000.0,325.225,10
2024-08-07 13:45:00-04:00,324.68,324.68,323.36,323.39,3000.0,323.964,25
2024-08-07 13:50:00-04:00,323.42,324.21,323.29,324.2,5242.0,323.615,47
2024-08-07 13:55:00-04:00,323.69,324.03,323.49,324.03,2159.0,323.725,16
2024-08-07 14:00:00-04:00,323.92,323.93,323.5,323.66,2238.0,323.68,18
2024-08-07 14:05:00-04:00,323.79,323.79,322.59,323.13,3871.0,323.395,36
2024-08-07 14:10:00-04:00,322.8,322.8,322.11,322.38,1300.0,322.407,13
2024-08-07 14:15:00-04:00,322.19,322.39,321.65,321.99,2258.0,322.029,20
2024-08-07 14:20:00-04:00,321.8,322.19,321.8,322.11,2136.0,322.036,20
2024-08-07 14:25:00-04:00,322.19,322.72,322.19,322.5,2931.0,322.462,29
2024-08-07 14:30:00-04:00,322.27,322.5,322.02,322.21,3003.0,322.273,27
2024-08-07 14:35:00-04:00,322.43,322.63,322.1,322.61,3013.0,322.468,28
2024-08-07 14:40:00-04:00,322.69,323.12,322.54,322.9,5136.0,322.835,33
2024-08-07 14:45:00-04:00,322.79,323.16,322.26,322.75,3034.0,322.741,29
2024-08-07 14:50:00-04:00,322.73,323.02,322.52,322.53,4353.0,322.696,40
2024-08-07 14:55:00-04:00,322.69,323.64,322.56,322.81,8818.0,323.083,74
2024-08-07 15:00:00-04:00,323.11,324.2,322.75,324.06,4802.0,323.743,43
2024-08-07 15:05:00-04:00,324.23,324.96,323.83,324.71,7182.0,324.358,60
2024-08-07 15:10:00-04:00,324.93,325.28,324.47,324.79,26392.0,324.962,152
2024-08-07 15:15:00-04:00,324.71,324.79,324.37,324.59,3431.0,324.568,24
2024-08-07 15:20:00-04:00,324.75,324.96,324.05,324.23,4591.0,324.53,36
2024-08-07 15:25:00-04:00,324.34,324.72,323.89,324.41,5114.0,324.433,47
2024-08-07 15:30:00-04:00,324.4,324.86,323.85,324.25,6593.0,324.275,54
2024-08-07 15:35:00-04:00,324.37,325.06,324.11,324.21,6236.0,324.513,45
2024-08-07 15:40:00-04:00,324.37,324.37,323.7,323.86,3596.0,324.022,30
2024-08-07 15:45:00-04:00,323.87,324.75,323.86,324.65,8213.0,324.357,62
2024-08-07 15:50:00-04:00,324.78,324.93,322.98,323.06,16665.0,323.858,131
2024-08-07 15:55:00-04:00,323.29,323.72,322.54,323.67,73979.0,323.171,516
2024-08-08 09:30:00-04:00,326.57,329.33,325.16,327.14,13065.0,326.835,24
2024-08-08 09:35:00-04:00,327.06,327.07,326.63,326.63,735.0,326.731,6
2024-08-08 09:40:00-04:00,326.7,327.5,325.7,325.7,2453.0,326.636,18
2024-08-08 09:45:00-04:00,325.66,326.16,324.32,324.32,1454.0,325.196,14
2024-08-08 09:50:00-04:00,324.32,326.56,323.79,326.02,3902.0,325.215,30
2024-08-08 09:55:00-04:00,326.07,326.43,325.4,326.26,2958.0,326.123,18
2024-08-08 10:00:00-04:00,325.75,327.08,325.31,325.89,8125.0,326.359,56
2024-08-08 10:05:00-04:00,326.04,326.62,324.81,326.57,18525.0,325.869,129
2024-08-08 10:10:00-04:00,326.57,326.78,325.87,326.56,1323.0,326.362,12
2024-08-08 10:15:00-04:00,326.63,327.19,326.57,326.8,3241.0,326.83,29
2024-08-08 10:20:00-04:00,326.22,326.73,325.95,326.72,2981.0,326.257,22
2024-08-08 10:25:00-04:00,327.02,327.32,326.96,327.12,1396.0,327.108,12
2024-08-08 10:30:00-04:00,327.32,327.49,327.13,327.47,1370.0,327.318,12
2024-08-08 10:35:00-04:00,327.66,328.4,327.66,328.06,3434.0,328.133,29
2024-08-08 10:40:00-04:00,328.3,328.36,327.64,327.72,2351.0,328.007,21
2024-08-08 10:45:00-04:00,327.54,328.66,327.54,328.66,1052.0,328.236,10
2024-08-08 10:50:00-04:00,328.47,328.7,328.08,328.63,2325.0,328.465,19
2024-08-08 10:55:00-04:00,328.48,329.1,328.44,328.93,2999.0,328.916,27
2024-08-08 11:00:00-04:00,329.1,329.14,328.44,328.93,2133.0,328.805,20
2024-08-08 11:05:00-04:00,328.76,329.1,328.49,328.55,6381.0,328.747,41
2024-08-08 11:10:00-04:00,328.26,328.26,327.29,327.39,2831.0,327.863,20
2024-08-08 11:15:00-04:00,327.33,327.33,326.9,327.2,3035.0,327.164,20
2024-08-08 11:20:00-04:00,327.21,329.06,327.21,329.06,8659.0,328.22,78
2024-08-08 11:25:00-04:00,329.05,329.42,328.81,328.84,12921.0,329.259,65
2024-08-08 11:30:00-04:00,329.07,329.29,328.33,328.33,1985.0,329.047,15
2024-08-08 11:35:00-04:00,328.08,328.58,327.6,327.69,1728.0,328.148,13
2024-08-08 11:40:00-04:00,327.94,327.95,327.14,327.14,2527.0,327.559,18
2024-08-08 11:45:00-04:00,327.32,327.32,326.9,326.91,1728.0,327.002,15
2024-08-08 11:50:00-04:00,326.92,327.68,326.91,327.56,3363.0,327.333,26
2024-08-08 11:55:00-04:00,327.76,327.76,327.26,327.26,1242.0,327.536,10
2024-08-08 12:00:00-04:00,327.22,327.53,327.18,327.38,3763.0,327.399,31
2024-08-08 12:05:00-04:00,327.43,327.74,327.25,327.49,2636.0,327.472,24
2024-08-08 12:10:00-04:00,327.37,327.51,327.07,327.15,2011.0,327.278,19
2024-08-08 12:15:00-04:00,327.04,327.34,326.71,327.24,3525.0,327.093,32
2024-08-08 12:20:00-04:00,327.28,327.51,327.17,327.17,4238.0,327.338,27
2024-08-08 12:25:00-04:00,327.57,327.57,326.97,327.18,3468.0,327.175,17
2024-08-08 12:30:00-04:00,327.32,327.32,326.5,326.68,3404.0,326.723,26
2024-08-08 12:35:00-04:00,326.66,326.72,326.2,326.24,2025.0,326.437,19
2024-08-08 12:40:00-04:00,326.24,326.51,326.12,326.3,2100.0,326.283,16
2024-08-08 12:45:00-04:00,326.43,326.8,326.37,326.8,3289.0,326.533,29
2024-08-08 12:50:00-04:00,326.86,326.95,326.67,326.91,4622.0,326.864,40
2024-08-08 12:55:00-04:00,326.96,326.97,325.77,326.09,1166.0,326.606,11
2024-08-08 13:00:00-04:00,325.95,325.97,324.54,324.54,4654.0,325.326,29
2024-08-08 13:05:00-04:00,324.81,325.03,324.27,324.91,6288.0,324.628,59
2024-08-08 13:10:00-04:00,324.9,325.11,324.62,325.11,2236.0,324.945,18
2024-08-08 13:15:00-04:00,324.88,325.45,324.88,325.36,4172.0,325.256,36
2024-08-08 13:20:00-04:00,325.32,325.68,325.32,325.56,2174.0,325.482,16
2024-08-08 13:25:00-04:00,325.42,326.2,325.42,326.03,3952.0,325.933,36
2024-08-08 13:30:00-04:00,326.08,326.52,326.0,326.52,5389.0,326.311,47
2024-08-08 13:35:00-04:00,326.49,327.33,326.46,327.03,5586.0,326.922,23
2024-08-08 13:40:00-04:00,327.16,327.3,326.79,326.95,5320.0,327.004,40
2024-08-08 13:45:00-04:00,327.11,327.37,326.93,327.02,21512.0,327.087,135
2024-08-08 13:50:00-04:00,327.12,327.12,326.69,326.83,1299.0,326.916,10
2024-08-08 13:55:00-04:00,326.91,326.92,326.65,326.91,400.0,326.8,4
2024-08-08 14:00:00-04:00,326.92,327.42,326.81,327.41,4263.0,327.05,41
2024-08-08 14:05:00-04:00,327.47,327.47,326.97,327.26,3914.0,327.289,26
2024-08-08 14:10:00-04:00,326.91,327.03,326.88,327.03,300.0,326.938,3
2024-08-08 14:15:00-04:00,327.21,327.3,327.12,327.3,700.0,327.163,6
2024-08-08 14:20:00-04:00,327.24,327.43,327.2,327.2,1018.0,327.324,6
2024-08-08 14:25:00-04:00,327.21,327.21,326.46,326.46,4757.0,326.896,39
2024-08-08 14:30:00-04:00,326.64,327.02,326.64,327.02,1625.0,326.87,15
2024-08-08 14:35:00-04:00,326.9,326.95,326.68,326.73,1693.0,326.845,14
2024-08-08 14:40:00-04:00,326.55,326.64,326.25,326.6,2960.0,326.5,27
2024-08-08 14:45:00-04:00,326.61,326.95,326.52,326.83,2031.0,326.748,20
2024-08-08 14:50:00-04:00,326.99,327.08,326.48,326.66,3990.0,326.717,30
2024-08-08 14:55:00-04:00,326.68,327.17,326.59,326.59,2314.0,326.89,22
2024-08-08 15:00:00-04:00,326.42,326.68,326.26,326.36,4123.0,326.454,38
2024-08-08 15:05:00-04:00,326.32,327.06,326.28,326.93,4826.0,326.626,45
2024-08-08 15:10:00-04:00,326.93,327.31,326.93,327.05,5434.0,327.105,43
2024-08-08 15:15:00-04:00,326.91,326.91,326.53,326.62,1521.0,326.738,14
2024-08-08 15:20:00-04:00,326.57,327.42,326.49,327.29,7314.0,326.72,48
2024-08-08 15:25:00-04:00,327.18,327.31,326.94,326.94,2402.0,327.093,16
2024-08-08 15:30:00-04:00,326.72,327.11,326.47,326.7,7401.0,326.735,62
2024-08-08 15:35:00-04:00,326.61,327.2,326.37,327.2,5713.0,326.65,49
2024-08-08 15:40:00-04:00,327.24,328.25,327.23,328.13,5183.0,327.765,37
2024-08-08 15:45:00-04:00,328.23,328.23,327.68,327.89,7309.0,327.9,55
2024-08-08 15:50:00-04:00,327.68,328.0,326.63,327.38,15450.0,327.224,116
2024-08-08 15:55:00-04:00,327.29,327.82,326.6,327.43,52187.0,327.142,386
2024-08-09 09:30:00-04:00,327.03,327.6,326.04,327.6,8595.0,327.02,5
2024-08-09 09:35:00-04:00,329.08,329.08,328.99,328.99,300.0,329.02,2
2024-08-09 09:40:00-04:00,327.53,327.89,326.68,327.28,1119.0,327.356,9
2024-08-09 09:45:00-04:00,326.17,326.8,324.76,325.0,4137.0,325.484,39
2024-08-09 09:50:00-04:00,325.02,325.82,324.31,325.82,2386.0,324.939,21
2024-08-09 09:55:00-04:00,326.5,326.74,326.5,326.74,725.0,326.534,4
2024-08-09 10:00:00-04:00,326.69,327.6,326.69,327.26,1583.0,327.066,11
2024-08-09 10:05:00-04:00,327.87,327.96,327.51,327.65,2097.0,327.818,9
2024-08-09 10:10:00-04:00,327.82,328.56,327.3,328.2,8107.0,328.015,19
2024-08-09 10:15:00-04:00,328.27,328.4,327.9,328.16,1877.0,328.224,18
2024-08-09 10:20:00-04:00,328.11,328.28,327.45,327.45,10732.0,327.96,36
2024-08-09 10:25:00-04:00,327.4,327.77,327.18,327.41,2445.0,327.423,15
2024-08-09 10:30:00-04:00,327.18,327.18,326.51,326.96,8276.0,326.811,38
2024-08-09 10:35:00-04:00,326.55,327.74,326.47,327.74,4327.0,326.787,27
2024-08-09 10:40:00-04:00,327.48,328.19,327.38,327.53,12053.0,327.795,42
2024-08-09 10:45:00-04:00,327.96,328.08,327.76,327.76,3287.0,327.872,13
2024-08-09 10:50:00-04:00,328.11,329.41,328.1,329.04,7831.0,328.893,21
2024-08-09 10:55:00-04:00,328.93,329.86,328.75,329.23,2782.0,329.192,22
2024-08-09 11:00:00-04:00,329.49,329.67,329.49,329.67,502.0,329.59,5
2024-08-09 11:05:00-04:00,329.78,330.3,329.62,329.78,3701.0,329.904,32
2024-08-09 11:10:00-04:00,329.75,329.76,329.38,329.38,400.0,329.506,4
2024-08-09 11:15:00-04:00,329.5,329.73,329.49,329.73,200.0,329.613,2
2024-08-09 11:20:00-04:00,329.48,329.84,329.24,329.52,2557.0,329.577,18
2024-08-09 11:25:00-04:00,329.86,329.86,329.11,329.11,2616.0,329.453,23
2024-08-09 11:30:00-04:00,328.28,328.65,328.28,328.65,994.0,328.383,8
2024-08-09 11:35:00-04:00,328.29,328.56,328.16,328.44,700.0,328.304,7
2024-08-09 11:40:00-04:00,328.3,328.5,328.3,328.5,341.0,328.422,3
2024-08-09 11:45:00-04:00,328.62,329.29,328.61,329.17,1869.0,328.948,18
2024-08-09 11:50:00-04:00,328.97,329.46,328.97,329.42,1383.0,329.102,10
2024-08-09 11:55:00-04:00,329.64,329.7,329.1,329.7,3736.0,329.344,30
2024-08-09 12:00:00-04:00,329.53,329.53,329.39,329.39,200.0,329.46,2
2024-08-09 12:05:00-04:00,329.39,329.39,328.72,329.11,1601.0,329.064,16
2024-08-09 12:10:00-04:00,329.18,329.18,328.88,328.88,561.0,328.965,4
2024-08-09 12:15:00-04:00,328.86,329.22,328.77,328.85,1212.0,328.927,11
2024-08-09 12:20:00-04:00,328.72,328.94,328.7,328.85,1053.0,328.788,10
2024-08-09 12:25:00-04:00,328.9,329.34,328.89,329.34,900.0,329.134,9
2024-08-09 12:30:00-04:00,328.88,329.32,328.8,329.01,1439.0,328.941,14
2024-08-09 12:35:00-04:00,328.93,328.98,328.85,328.85,700.0,328.914,7
2024-08-09 12:40:00-04:00,329.18,329.18,328.95,329.18,405.0,329.108,4
2024-08-09 12:45:00-04:00,329.13,329.33,328.65,329.13,2225.0,328.962,21
2024-08-09 12:50:00-04:00,329.11,329.5,329.04,329.04,2232.0,329.23,21
2024-08-09 12:55:00-04:00,329.0,329.38,328.99,329.38,500.0,329.212,5
2024-08-09 13:00:00-04:00,329.45,329.67,329.39,329.54,2176.0,329.498,20
2024-08-09 13:05:00-04:00,329.53,329.78,329.24,329.78,1374.0,329.449,13
2024-08-09 13:10:00-04:00,329.98,330.33,329.98,330.33,710.0,330.149,7
2024-08-09 13:15:00-04:00,330.48,330.77,330.29,330.63,1500.0,330.57,15
2024-08-09 13:20:00-04:00,330.72,330.73,330.36,330.37,4772.0,330.514,33
2024-08-09 13:25:00-04:00,330.43,331.07,330.43,331.07,601.0,330.753,6
2024-08-09 13:30:00-04:00,331.26,331.48,330.94,331.04,2614.0,331.152,25
2024-08-09 13:35:00-04:00,331.3,331.3,330.97,330.97,1491.0,331.129,13
2024-08-09 13:40:00-04:00,331.16,331.17,330.13,330.13,2022.0,330.82,19
2024-08-09 13:45:00-04:00,330.38,330.44,330.21,330.26,800.0,330.298,8
2024-08-09 13:50:00-04:00,330.23,330.52,329.79,329.8,2400.0,330.165,24
2024-08-09 13:55:00-04:00,329.81,329.98,329.72,329.98,300.0,329.833,3
2024-08-09 14:00:00-04:00,330.0,330.0,329.33,329.75,2328.0,329.859,23
2024-08-09 14:05:00-04:00,329.47,329.93,329.41,329.92,1701.0,329.72,15
2024-08-09 14:10:00-04:00,329.9,329.9,329.28,329.71,2309.0,329.554,21
2024-08-09 14:15:00-04:00,329.89,330.12,329.72,329.92,2507.0,329.95,22
2024-08-09 14:20:00-04:00,330.0,330.12,329.79,329.79,1000.0,329.922,10
2024-08-09 14:25:00-04:00,329.95,330.1,329.74,330.06,5450.0,329.943,27
2024-08-09 14:30:00-04:00,329.8,330.19,329.74,329.89,8834.0,329.825,62
2024-08-09 14:35:00-04:00,329.82,330.35,329.5,330.35,21033.0,329.796,136
2024-08-09 14:40:00-04:00,329.98,330.5,329.98,330.29,771.0,330.363,5
2024-08-09 14:45:00-04:00,330.49,330.59,330.4,330.4,1461.0,330.524,14
2024-08-09 14:50:00-04:00,330.5,330.78,330.35,330.59,6031.0,330.591,57
2024-08-09 14:55:00-04:00,330.68,331.0,330.31,331.0,5295.0,330.535,39
2024-08-09 15:00:00-04:00,331.02,331.05,330.63,330.63,4155.0,330.848,40
2024-08-09 15:05:00-04:00,330.96,331.15,330.9,331.03,3335.0,331.0,26
2024-08-09 15:10:00-04:00,331.07,331.35,331.06,331.23,2800.0,331.2,19
2024-08-09 15:15:00-04:00,331.36,331.83,331.26,331.83,3165.0,331.535,28
2024-08-09 15:20:00-04:00,331.83,331.83,331.1,331.13,5012.0,331.346,44
2024-08-09 15:25:00-04:00,331.36,331.68,331.23,331.68,1515.0,331.396,15
2024-08-09 15:30:00-04:00,331.44,332.09,331.4,331.58,10112.0,331.705,87
2024-08-09 15:35:00-04:00,331.75,331.98,331.5,331.79,7686.0,331.664,56
2024-08-09 15:40:00-04:00,331.63,331.74,331.13,331.35,9190.0,331.518,84
2024-08-09 15:45:00-04:00,331.33,331.94,331.32,331.79,5848.0,331.574,51
2024-08-09 15:50:00-04:00,331.94,332.07,331.08,331.15,21730.0,331.512,192
2024-08-09 15:55:00-04:00,331.16,333.0,331.13,332.91,72516.0,332.506,429
2024-08-12 09:30:00-04:00,332.01,333.7,331.51,333.7,13033.0,332.225,41
2024-08-12 09:35:00-04:00,333.3,334.38,332.76,332.79,6231.0,333.522,38
2024-08-12 09:40:00-04:00,332.6,332.88,331.84,331.85,1209.0,332.436,11
2024-08-12 09:45:00-04:00,331.21,331.21,328.27,328.34,1942.0,330.286,17
2024-08-12 09:50:00-04:00,328.47,328.72,328.32,328.41,1515.0,328.543,15
2024-08-12 09:55:00-04:00,328.49,328.76,327.3,328.39,10012.0,328.15,41
2024-08-12 10:00:00-04:00,327.93,329.71,327.86,329.71,4878.0,328.188,23
2024-08-12 10:05:00-04:00,329.52,330.28,329.22,330.23,2424.0,329.579,14
2024-08-12 10:10:00-04:00,330.29,330.56,329.89,329.9,765.0,330.188,6
2024-08-12 10:15:00-04:00,329.67,329.95,329.48,329.49,3075.0,329.784,22
2024-08-12 10:20:00-04:00,329.52,330.51,329.29,330.0,2515.0,329.922,21
2024-08-12 10:25:00-04:00,330.08,331.12,330.08,330.84,13184.0,330.664,65
2024-08-12 10:30:00-04:00,330.53,330.93,330.48,330.79,904.0,330.684,9
2024-08-12 10:35:00-04:00,330.96,331.75,330.96,331.75,1565.0,331.508,14
2024-08-12 10:40:00-04:00,332.0,332.57,331.96,332.24,6761.0,332.151,44
2024-08-12 10:45:00-04:00,332.36,333.04,332.05,333.04,5209.0,332.584,39
2024-08-12 10:50:00-04:00,332.69,333.19,332.69,332.8,2742.0,332.896,25
2024-08-12 10:55:00-04:00,332.82,333.03,332.54,332.54,2994.0,332.764,23
2024-08-12 11:00:00-04:00,332.5,333.1,332.47,333.1,1610.0,332.846,15
2024-08-12 11:05:00-04:00,332.77,332.98,332.17,332.17,2624.0,332.47,17
2024-08-12 11:10:00-04:00,332.4,332.93,332.4,332.75,1972.0,332.695,17
2024-08-12 11:15:00-04:00,332.54,333.21,332.51,333.08,13486.0,332.936,105
2024-08-12 11:20:00-04:00,333.1,333.35,331.83,331.83,9039.0,332.861,52
2024-08-12 11:25:00-04:00,330.37,330.48,329.77,330.48,2811.0,330.147,24
2024-08-12 11:30:00-04:00,330.77,330.77,330.21,330.5,759.0,330.42,6
2024-08-12 11:35:00-04:00,330.68,330.97,330.68,330.78,2739.0,330.814,13
2024-08-12 11:40:00-04:00,330.67,331.24,330.57,331.24,1677.0,330.83,16
2024-08-12 11:45:00-04:00,331.24,332.17,330.94,332.17,5965.0,331.461,57
2024-08-12 11:50:00-04:00,332.23,332.75,332.23,332.74,7736.0,332.498,62
2024-08-12 11:55:00-04:00,332.6,333.47,332.38,333.03,6486.0,332.691,60
2024-08-12 12:00:00-04:00,332.82,333.99,332.77,333.63,13440.0,333.403,102
2024-08-12 12:05:00-04:00,333.79,333.82,332.86,333.28,7250.0,333.217,64
2024-08-12 12:10:00-04:00,333.17,333.27,332.97,333.06,1267.0,333.115,10
2024-08-12 12:15:00-04:00,332.99,333.28,332.83,333.28,1768.0,333.066,15
2024-08-12 12:20:00-04:00,333.0,333.17,332.79,332.98,1551.0,332.91,12
2024-08-12 12:25:00-04:00,333.2,333.2,332.48,332.72,4978.0,332.704,31
2024-08-12 12:30:00-04:00,332.78,332.91,332.4,332.4,1553.0,332.674,13
2024-08-12 12:35:00-04:00,332.34,332.71,332.05,332.7,1237.0,332.387,9
2024-08-12 12:40:00-04:00,332.71,332.73,332.2,332.73,5429.0,332.475,40
2024-08-12 12:45:00-04:00,333.09,333.09,333.03,333.04,900.0,333.041,7
2024-08-12 12:50:00-04:00,333.03,333.22,332.67,333.09,9535.0,332.925,65
2024-08-12 12:55:00-04:00,333.0,333.09,332.36,332.51,5085.0,332.847,45
2024-08-12 13:00:00-04:00,332.44,332.58,332.24,332.46,1725.0,332.381,16
2024-08-12 13:05:00-04:00,332.46,332.6,332.25,332.34,3244.0,332.39,30
2024-08-12 13:10:00-04:00,332.44,332.45,332.28,332.34,1200.0,332.385,11
2024-08-12 13:15:00-04:00,332.67,332.98,332.65,332.72,1291.0,332.743,11
2024-08-12 13:20:00-04:00,333.14,333.3,332.97,333.13,2435.0,333.142,17
2024-08-12 13:25:00-04:00,333.13,333.14,332.76,333.05,4533.0,332.935,41
2024-08-12 13:30:00-04:00,333.17,333.35,332.93,333.35,2036.0,333.144,16
2024-08-12 13:35:00-04:00,333.35,333.65,333.16,333.45,3056.0,333.432,27
2024-08-12 13:40:00-04:00,333.44,333.6,332.95,333.05,7779.0,333.358,67
2024-08-12 13:45:00-04:00,333.08,333.43,333.07,333.16,13428.0,333.244,91
2024-08-12 13:50:00-04:00,333.13,333.13,332.2,332.2,3252.0,332.672,31
2024-08-12 13:55:00-04:00,332.58,332.69,332.42,332.43,5515.0,332.582,31
2024-08-12 14:00:00-04:00,332.69,332.71,332.26,332.32,2083.0,332.574,8
2024-08-12 14:05:00-04:00,332.28,332.34,332.21,332.21,661.0,332.257,6
2024-08-12 14:10:00-04:00,332.45,332.58,332.45,332.53,400.0,332.53,4
2024-08-12 14:15:00-04:00,332.31,332.48,332.1,332.27,1320.0,332.22,13
2024-08-12 14:20:00-04:00,332.27,332.58,332.14,332.15,1076.0,332.411,10
2024-08-12 14:25:00-04:00,332.13,332.64,332.13,332.55,5019.0,332.193,13
2024-08-12 14:30:00-04:00,332.27,332.49,332.14,332.49,600.0,332.285,6
2024-08-12 14:35:00-04:00,332.19,332.2,332.18,332.19,502.0,332.191,4
2024-08-12 14:40:00-04:00,332.22,332.24,332.11,332.24,1300.0,332.17,13
2024-08-12 14:45:00-04:00,332.3,332.3,332.17,332.23,416.0,332.219,4
2024-08-12 14:50:00-04:00,332.32,332.51,332.0,332.1,4048.0,332.243,32
2024-08-12 14:55:00-04:00,332.1,332.21,332.01,332.21,3013.0,332.085,24
2024-08-12 15:00:00-04:00,332.18,332.18,331.8,331.93,1207.0,331.974,11
2024-08-12 15:05:00-04:00,332.0,332.1,331.94,331.94,720.0,332.023,6
2024-08-12 15:10:00-04:00,331.71,332.04,331.71,331.89,3953.0,331.913,33
2024-08-12 15:15:00-04:00,331.86,332.66,331.86,332.66,4116.0,332.254,35
2024-08-12 15:20:00-04:00,332.82,332.82,332.51,332.51,1365.0,332.679,12
2024-08-12 15:25:00-04:00,332.7,332.79,332.7,332.76,1188.0,332.745,11
2024-08-12 15:30:00-04:00,332.84,333.03,332.78,332.94,2640.0,332.909,26
2024-08-12 15:35:00-04:00,332.94,333.3,332.58,332.61,5224.0,332.963,47
2024-08-12 15:40:00-04:00,332.55,332.7,332.27,332.32,3368.0,332.568,27
2024-08-12 15:45:00-04:00,332.37,332.67,332.11,332.33,4673.0,332.405,40
2024-08-12 15:50:00-04:00,332.41,332.73,331.93,332.4,9903.0,332.413,73
2024-08-12 15:55:00-04:00,332.43,333.2,332.3,333.06,25791.0,332.727,168
2024-08-13 09:30:00-04:00,336.27,336.63,333.71,335.49,9747.0,336.141,7
2024-08-13 09:35:00-04:00,336.08,336.1,334.93,335.82,1731.0,335.445,14
2024-08-13 09:40:00-04:00,334.38,335.42,334.02,334.76,1995.0,334.693,14
2024-08-13 09:45:00-04:00,335.65,335.9,335.05,335.9,2006.0,335.661,19
2024-08-13 09:50:00-04:00,336.21,336.98,335.88,336.98,4692.0,336.258,39
2024-08-13 09:55:00-04:00,336.82,337.07,336.1,337.07,4215.0,336.501,40
2024-08-13 10:00:00-04:00,336.25,336.37,334.13,334.19,2176.0,334.861,20
2024-08-13 10:05:00-04:00,334.36,334.54,333.05,334.54,2577.0,333.808,18
2024-08-13 10:10:00-04:00,334.14,334.14,333.61,333.84,1518.0,333.91,7
2024-08-13 10:15:00-04:00,333.81,334.53,333.66,334.5,5872.0,334.051,46
2024-08-13 10:20:00-04:00,334.42,334.42,333.73,333.93,5788.0,333.965,23
2024-08-13 10:25:00-04:00,333.82,333.93,332.79,333.56,4356.0,333.319,41
2024-08-13 10:30:00-04:00,333.39,333.8,332.63,333.8,2572.0,333.078,22
2024-08-13 10:35:00-04:00,333.88,334.17,333.68,333.8,610.0,333.902,6
2024-08-13 10:40:00-04:00,333.9,334.9,333.83,334.9,27005.0,333.906,29
2024-08-13 10:45:00-04:00,334.9,335.02,333.96,334.92,1794.0,334.724,17
2024-08-13 10:50:00-04:00,334.61,334.61,333.99,334.13,1733.0,334.19,14
2024-08-13 10:55:00-04:00,334.34,334.87,334.32,334.71,10872.0,334.613,24
2024-08-13 11:00:00-04:00,334.53,334.59,334.35,334.44,2151.0,334.434,12
2024-08-13 11:05:00-04:00,334.4,334.4,334.09,334.09,2740.0,334.222,24
2024-08-13 11:10:00-04:00,333.93,334.27,333.8,334.23,3129.0,334.101,30
2024-08-13 11:15:00-04:00,334.43,334.47,334.25,334.46,2167.0,334.333,20
2024-08-13 11:20:00-04:00,334.38,334.46,334.2,334.46,2287.0,334.307,21
2024-08-13 11:25:00-04:00,334.52,334.52,334.19,334.36,1744.0,334.321,14
2024-08-13 11:30:00-04:00,334.3,334.3,334.12,334.18,1010.0,334.217,9
2024-08-13 11:35:00-04:00,334.22,334.54,334.02,334.39,2893.0,334.353,26
2024-08-13 11:40:00-04:00,334.25,334.61,334.23,334.24,2078.0,334.421,15
2024-08-13 11:45:00-04:00,334.22,334.63,334.18,334.41,2493.0,334.339,19
2024-08-13 11:50:00-04:00,334.62,334.62,334.42,334.46,454.0,334.53,4
2024-08-13 11:55:00-04:00,334.31,334.44,334.19,334.34,1444.0,334.339,13
2024-08-13 12:00:00-04:00,334.32,335.01,334.24,335.01,1801.0,334.638,18
2024-08-13 12:05:00-04:00,335.09,335.36,335.06,335.35,1001.0,335.191,10
2024-08-13 12:10:00-04:00,335.44,335.45,335.26,335.35,835.0,335.365,8
2024-08-13 12:15:00-04:00,335.27,335.62,335.16,335.5,1252.0,335.36,10
2024-08-13 12:20:00-04:00,335.5,335.75,335.42,335.69,2415.0,335.602,17
2024-08-13 12:25:00-04:00,335.89,335.99,335.52,335.56,2426.0,335.705,19
2024-08-13 12:30:00-04:00,335.56,335.56,335.47,335.48,200.0,335.518,2
2024-08-13 12:35:00-04:00,335.54,335.8,335.49,335.73,600.0,335.678,6
2024-08-13 12:40:00-04:00,335.95,336.1,335.9,336.1,500.0,336.031,5
2024-08-13 12:45:00-04:00,335.94,336.78,335.94,336.68,2149.0,336.376,21
2024-08-13 12:50:00-04:00,336.85,336.93,336.85,336.92,500.0,336.908,5
2024-08-13 12:55:00-04:00,336.92,336.92,336.76,336.79,1300.0,336.837,13
2024-08-13 13:00:00-04:00,336.8,336.99,336.5,336.5,1911.0,336.751,15
2024-08-13 13:05:00-04:00,336.49,336.75,336.41,336.62,944.0,336.592,9
2024-08-13 13:10:00-04:00,336.54,336.54,336.54,336.54,100.0,336.54,1
2024-08-13 13:15:00-04:00,336.49,336.49,336.47,336.48,284.0,336.48,2
2024-08-13 13:20:00-04:00,336.27,336.28,335.9,335.91,1217.0,336.109,11
2024-08-13 13:25:00-04:00,335.9,336.36,335.9,336.28,2304.0,336.089,20
2024-08-13 13:30:00-04:00,336.21,336.21,336.01,336.02,287.0,336.142,2
2024-08-13 13:35:00-04:00,335.97,336.08,335.97,336.08,406.0,336.029,4
2024-08-13 13:40:00-04:00,336.28,336.69,336.28,336.69,867.0,336.455,8
2024-08-13 13:45:00-04:00,336.51,336.51,335.84,336.38,6398.0,336.145,57
2024-08-13 13:50:00-04:00,336.25,336.69,336.13,336.69,900.0,336.354,9
2024-08-13 13:55:00-04:00,336.68,336.81,336.45,336.81,808.0,336.71,8
2024-08-13 14:00:00-04:00,336.82,336.98,336.82,336.96,700.0,336.924,7
2024-08-13 14:05:00-04:00,337.0,337.0,336.68,336.69,2014.0,336.844,16
2024-08-13 14:10:00-04:00,336.73,336.73,336.67,336.7,600.0,336.708,6
2024-08-13 14:15:00-04:00,336.72,336.77,336.18,336.42,2027.0,336.628,16
2024-08-13 14:20:00-04:00,336.7,336.93,336.56,336.93,1372.0,336.705,12
2024-08-13 14:25:00-04:00,336.72,336.75,336.5,336.75,1440.0,336.652,13
2024-08-13 14:30:00-04:00,336.87,337.16,336.53,337.16,1900.0,336.861,19
2024-08-13 14:35:00-04:00,337.33,337.6,337.15,337.6,638.0,337.378,5
2024-08-13 14:40:00-04:00,337.5,337.54,337.37,337.54,1549.0,337.485,8
2024-08-13 14:45:00-04:00,337.53,337.53,337.16,337.44,1500.0,337.386,15
2024-08-13 14:50:00-04:00,337.46,337.58,337.3,337.58,9160.0,337.453,17
2024-08-13 14:55:00-04:00,337.54,337.54,337.09,337.26,1951.0,337.327,12
2024-08-13 15:00:00-04:00,337.16,337.8,337.16,337.51,2698.0,337.492,21
2024-08-13 15:05:00-04:00,337.26,337.53,337.26,337.31,2600.0,337.387,23
2024-08-13 15:10:00-04:00,337.32,337.37,337.15,337.33,2935.0,337.26,24
2024-08-13 15:15:00-04:00,337.47,337.47,337.13,337.4,1313.0,337.389,7
2024-08-13 15:20:00-04:00,337.26,337.45,336.9,337.35,6383.0,337.298,26
2024-08-13 15:25:00-04:00,337.43,337.83,337.43,337.83,1537.0,337.55,13
2024-08-13 15:30:00-04:00,337.96,338.15,337.76,337.79,9847.0,337.934,72
2024-08-13 15:35:00-04:00,338.12,338.27,337.91,338.05,2396.0,338.034,22
2024-08-13 15:40:00-04:00,338.18,338.45,337.96,338.4,7013.0,338.166,53
2024-08-13 15:45:00-04:00,338.47,338.98,338.37,338.98,5953.0,338.584,42
2024-08-13 15:50:00-04:00,338.91,339.17,337.51,337.97,22011.0,338.273,167
2024-08-13 15:55:00-04:00,337.84,339.65,337.75,339.4,67909.0,339.136,462
2024-08-14 09:30:00-04:00,340.0,342.51,340.0,342.51,10908.0,340.435,23
2024-08-14 09:35:00-04:00,341.43,342.75,340.81,341.9,3930.0,341.449,31
2024-08-14 09:40:00-04:00,341.81,341.81,340.39,340.74,1504.0,341.003,14
2024-08-14 09:45:00-04:00,340.39,341.55,340.39,341.55,1325.0,341.041,12
2024-08-14 09:50:00-04:00,341.55,342.43,340.97,342.34,10332.0,341.502,78
2024-08-14 09:55:00-04:00,341.97,342.17,341.43,341.77,8462.0,341.968,69
2024-08-14 10:00:00-04:00,341.66,342.36,340.68,342.36,7469.0,341.542,48
2024-08-14 10:05:00-04:00,341.93,341.93,340.35,341.33,10691.0,341.6,32
2024-08-14 10:10:00-04:00,341.35,341.35,340.23,341.11,1465.0,340.977,13
2024-08-14 10:15:00-04:00,341.16,341.73,340.95,341.62,9640.0,341.443,19
2024-08-14 10:20:00-04:00,341.88,343.19,341.87,343.19,15214.0,342.242,40
2024-08-14 10:25:00-04:00,343.11,343.31,342.17,342.36,4325.0,342.816,35
2024-08-14 10:30:00-04:00,342.11,342.56,340.28,340.28,3109.0,341.692,24
2024-08-14 10:35:00-04:00,340.18,341.15,340.18,341.15,4313.0,340.76,28
2024-08-14 10:40:00-04:00,341.3,341.75,341.3,341.75,600.0,341.547,6
2024-08-14 10:45:00-04:00,341.5,341.79,341.12,341.37,20718.0,341.43,78
2024-08-14 10:50:00-04:00,341.47,341.48,341.14,341.15,1000.0,341.281,10
2024-08-14 10:55:00-04:00,341.2,342.08,341.2,341.96,3314.0,341.478,22
2024-08-14 11:00:00-04:00,341.96,341.96,341.96,341.96,0.0,341.96,0
2024-08-14 11:05:00-04:00,342.05,342.53,341.87,342.15,2986.0,342.056,19
2024-08-14 11:10:00-04:00,342.32,342.5,342.32,342.5,500.0,342.425,5
2024-08-14 11:15:00-04:00,342.5,342.5,342.29,342.45,600.0,342.401,6
2024-08-14 11:20:00-04:00,342.38,342.38,342.13,342.23,1643.0,342.26,13
2024-08-14 11:25:00-04:00,342.17,343.04,341.96,342.99,4557.0,342.409,36
2024-08-14 11:30:00-04:00,342.97,343.27,342.96,343.27,677.0,343.125,6
2024-08-14 11:35:00-04:00,343.48,343.61,342.95,343.41,2157.0,343.193,18
2024-08-14 11:40:00-04:00,343.36,343.36,342.85,343.04,6478.0,343.071,26
2024-08-14 11:45:00-04:00,343.06,343.41,343.06,343.19,931.0,343.292,9
2024-08-14 11:50:00-04:00,343.17,343.72,343.0,343.52,2021.0,343.458,19
2024-08-14 11:55:00-04:00,343.54,343.59,343.54,343.59,600.0,343.558,6
2024-08-14 12:00:00-04:00,343.47,343.67,343.47,343.67,308.0,343.572,3
2024-08-14 12:05:00-04:00,343.56,343.6,343.08,343.39,3509.0,343.42,30
2024-08-14 12:10:00-04:00,343.08,343.35,342.94,343.21,7145.0,343.208,33
2024-08-14 12:15:00-04:00,343.31,343.73,342.9,342.9,7565.0,343.313,36
2024-08-14 12:20:00-04:00,342.93,342.93,341.37,341.86,3705.0,342.128,23
2024-08-14 12:25:00-04:00,341.76,342.05,341.48,341.88,3286.0,341.904,25
2024-08-14 12:30:00-04:00,341.88,342.37,341.88,342.34,6552.0,342.205,33
2024-08-14 12:35:00-04:00,342.34,342.46,342.04,342.46,8225.0,342.155,41
2024-08-14 12:40:00-04:00,342.34,342.34,341.93,342.04,16141.0,342.11,117
2024-08-14 12:45:00-04:00,342.12,342.2,341.69,342.1,3762.0,342.013,31
2024-08-14 12:50:00-04:00,342.11,342.63,342.1,342.6,1000.0,342.399,10
2024-08-14 12:55:00-04:00,342.55,342.75,342.33,342.46,865.0,342.469,8
2024-08-14 13:00:00-04:00,342.23,342.41,342.23,342.41,800.0,342.361,7
2024-08-14 13:05:00-04:00,342.29,343.14,342.29,343.11,2060.0,342.8,14
2024-08-14 13:10:00-04:00,343.01,343.41,342.85,343.24,6948.0,342.981,64
2024-08-14 13:15:00-04:00,343.41,343.62,343.33,343.45,4803.0,343.436,30
2024-08-14 13:20:00-04:00,343.34,343.55,343.29,343.5,3175.0,343.447,28
2024-08-14 13:25:00-04:00,343.54,343.54,343.04,343.13,3939.0,343.266,35
2024-08-14 13:30:00-04:00,343.04,343.41,342.98,342.98,1686.0,343.177,16
2024-08-14 13:35:00-04:00,343.19,343.35,343.04,343.1,2550.0,343.158,22
2024-08-14 13:40:00-04:00,343.33,343.6,343.18,343.41,2754.0,343.375,27
2024-08-14 13:45:00-04:00,343.35,343.66,343.26,343.53,2078.0,343.461,14
2024-08-14 13:50:00-04:00,343.41,343.61,343.12,343.6,3547.0,343.38,30
2024-08-14 13:55:00-04:00,343.69,343.69,343.29,343.29,1293.0,343.457,11
2024-08-14 14:00:00-04:00,343.29,343.56,343.09,343.09,13360.0,343.369,95
2024-08-14 14:05:00-04:00,343.25,343.56,343.21,343.54,1500.0,343.447,15
2024-08-14 14:10:00-04:00,343.63,343.98,343.5,343.85,4654.0,343.81,44
2024-08-14 14:15:00-04:00,343.65,343.87,343.59,343.74,2111.0,343.697,20
2024-08-14 14:20:00-04:00,343.69,344.07,343.69,343.89,3051.0,343.94,24
2024-08-14 14:25:00-04:00,343.9,343.97,343.77,343.89,2182.0,343.873,18
2024-08-14 14:30:00-04:00,344.01,344.51,344.01,344.28,3213.0,344.245,25
2024-08-14 14:35:00-04:00,344.44,344.58,344.38,344.56,3400.0,344.477,23
2024-08-14 14:40:00-04:00,344.5,344.81,344.33,344.81,4231.0,344.51,31
2024-08-14 14:45:00-04:00,344.87,345.33,344.84,345.1,10301.0,345.04,66
2024-08-14 14:50:00-04:00,344.97,345.12,344.96,345.12,587.0,345.045,5
2024-08-14 14:55:00-04:00,345.26,346.03,345.23,345.91,5193.0,345.631,43
2024-08-14 15:00:00-04:00,345.91,346.07,345.6,346.07,5752.0,345.792,42
2024-08-14 15:05:00-04:00,346.13,346.27,345.76,345.77,11675.0,346.011,71
2024-08-14 15:10:00-04:00,345.91,346.08,345.32,345.57,5776.0,345.623,48
2024-08-14 15:15:00-04:00,345.4,345.57,344.96,345.0,2962.0,345.217,26
2024-08-14 15:20:00-04:00,345.03,345.18,344.88,345.18,4119.0,344.99,33
2024-08-14 15:25:00-04:00,345.18,345.64,345.05,345.52,16778.0,345.446,115
2024-08-14 15:30:00-04:00,345.58,345.68,345.15,345.44,23954.0,345.389,192
2024-08-14 15:35:00-04:00,345.35,345.89,345.33,345.88,10877.0,345.635,100
2024-08-14 15:40:00-04:00,345.89,345.94,345.29,345.67,10475.0,345.612,91
2024-08-14 15:45:00-04:00,345.69,346.04,345.12,345.96,12924.0,345.691,117
2024-08-14 15:50:00-04:00,345.96,346.52,344.87,345.25,19103.0,345.357,174
2024-08-14 15:55:00-04:00,345.38,346.13,345.38,345.63,64132.0,345.729,505
2024-08-15 09:30:00-04:00,349.78,350.0,348.73,350.0,8418.0,349.792,6
2024-08-15 09:35:00-04:00,349.67,351.2,349.67,350.78,4694.0,350.634,38
2024-08-15 09:40:00-04:00,350.41,350.54,348.56,348.56,6021.0,349.524,49
2024-08-15 09:45:00-04:00,348.5,349.52,347.03,348.02,6140.0,347.963,48
2024-08-15 09:50:00-04:00,348.21,348.34,346.37,346.37,1663.0,347.246,15
2024-08-15 09:55:00-04:00,346.65,347.78,346.65,347.73,4620.0,347.035,34
2024-08-15 10:00:00-04:00,347.22,348.45,346.64,346.95,7762.0,347.345,39
2024-08-15 10:05:00-04:00,346.65,346.65,344.97,344.97,12544.0,345.486,66
2024-08-15 10:10:00-04:00,344.77,345.85,344.11,345.85,11036.0,344.805,70
2024-08-15 10:15:00-04:00,346.16,346.23,345.6,345.68,4770.0,345.979,30
2024-08-15 10:20:00-04:00,345.94,345.94,345.49,345.72,1734.0,345.767,16
2024-08-15 10:25:00-04:00,345.66,346.18,345.44,345.92,6829.0,345.877,44
2024-08-15 10:30:00-04:00,345.98,346.5,345.98,346.49,1755.0,346.222,15
2024-08-15 10:35:00-04:00,346.46,346.46,346.06,346.22,1848.0,346.206,15
2024-08-15 10:40:00-04:00,346.22,346.59,346.2,346.43,3488.0,346.386,25
2024-08-15 10:45:00-04:00,346.41,346.82,346.39,346.4,5844.0,346.481,31
2024-08-15 10:50:00-04:00,346.62,346.62,346.01,346.01,2286.0,346.282,14
2024-08-15 10:55:00-04:00,345.81,346.56,345.81,346.56,2987.0,346.161,14
2024-08-15 11:00:00-04:00,346.62,347.0,346.62,346.77,4127.0,346.835,26
2024-08-15 11:05:00-04:00,347.0,347.06,346.8,346.99,1918.0,346.895,10
2024-08-15 11:10:00-04:00,346.93,347.09,346.75,346.75,6934.0,346.925,61
2024-08-15 11:15:00-04:00,346.75,347.07,346.34,346.34,4133.0,346.568,22
2024-08-15 11:20:00-04:00,346.36,346.93,346.36,346.81,1300.0,346.72,13
2024-08-15 11:25:00-04:00,346.81,347.0,346.63,346.84,4505.0,346.828,31
2024-08-15 11:30:00-04:00,346.92,347.02,346.4,346.4,4319.0,346.817,38
2024-08-15 11:35:00-04:00,346.4,346.6,346.32,346.34,10798.0,346.409,95
2024-08-15 11:40:00-04:00,346.33,346.57,346.16,346.16,3000.0,346.338,12
2024-08-15 11:45:00-04:00,346.04,346.04,345.8,345.84,925.0,345.919,6
2024-08-15 11:50:00-04:00,345.9,346.23,345.9,346.16,2748.0,346.074,24
2024-08-15 11:55:00-04:00,346.25,346.25,345.69,345.69,600.0,345.994,6
2024-08-15 12:00:00-04:00,345.73,345.79,345.58,345.74,1340.0,345.732,10
2024-08-15 12:05:00-04:00,345.55,345.75,345.55,345.58,1020.0,345.635,10
2024-08-15 12:10:00-04:00,345.94,345.94,345.65,345.65,1200.0,345.791,10
2024-08-15 12:15:00-04:00,345.77,346.03,345.64,345.89,1412.0,345.867,13
2024-08-15 12:20:00-04:00,345.91,346.01,345.91,345.92,1902.0,345.961,14
2024-08-15 12:25:00-04:00,345.92,346.04,345.9,345.92,1796.0,345.945,12
2024-08-15 12:30:00-04:00,346.12,346.12,345.79,345.82,3463.0,345.929,22
2024-08-15 12:35:00-04:00,345.83,346.09,345.77,345.77,3393.0,345.905,21
2024-08-15 12:40:00-04:00,345.76,345.76,345.15,345.15,838.0,345.543,8
2024-08-15 12:45:00-04:00,345.03,345.23,344.74,345.23,1480.0,344.977,13
2024-08-15 12:50:00-04:00,345.08,345.39,344.81,344.81,2668.0,345.105,19
2024-08-15 12:55:00-04:00,345.01,345.54,345.01,345.54,1779.0,345.216,13
2024-08-15 13:00:00-04:00,345.41,345.47,345.24,345.47,618.0,345.347,6
2024-08-15 13:05:00-04:00,345.53,345.7,345.52,345.59,1462.0,345.626,13
2024-08-15 13:10:00-04:00,345.64,345.99,345.64,345.99,801.0,345.86,8
2024-08-15 13:15:00-04:00,345.99,346.15,345.86,345.88,1308.0,345.934,10
2024-08-15 13:20:00-04:00,345.87,345.95,345.85,345.92,400.0,345.896,4
2024-08-15 13:25:00-04:00,345.9,345.98,345.85,345.85,1648.0,345.904,16
2024-08-15 13:30:00-04:00,345.76,346.27,345.74,346.27,1878.0,345.966,13
2024-08-15 13:35:00-04:00,346.27,346.62,346.27,346.44,1105.0,346.426,8
2024-08-15 13:40:00-04:00,346.25,346.62,346.25,346.5,3179.0,346.505,28
2024-08-15 13:45:00-04:00,346.5,346.65,346.45,346.6,1358.0,346.528,11
2024-08-15 13:50:00-04:00,346.73,346.73,346.52,346.6,1384.0,346.598,12
2024-08-15 13:55:00-04:00,346.63,347.09,346.47,347.09,3172.0,346.658,27
2024-08-15 14:00:00-04:00,347.07,347.15,347.04,347.11,1051.0,347.106,7
2024-08-15 14:05:00-04:00,347.0,347.09,346.94,347.09,1306.0,347.0,12
2024-08-15 14:10:00-04:00,346.91,346.93,346.58,346.58,900.0,346.805,9
2024-08-15 14:15:00-04:00,346.53,346.85,346.44,346.81,1625.0,346.571,12
2024-08-15 14:20:00-04:00,346.7,346.76,346.5,346.69,1645.0,346.619,11
2024-08-15 14:25:00-04:00,346.72,347.08,346.59,347.05,3087.0,346.774,27
2024-08-15 14:30:00-04:00,347.03,347.08,346.9,347.08,1035.0,346.995,9
2024-08-15 14:35:00-04:00,347.18,347.37,347.18,347.23,1815.0,347.246,16
2024-08-15 14:40:00-04:00,347.22,347.65,347.22,347.56,2000.0,347.481,20
2024-08-15 14:45:00-04:00,347.56,347.56,347.37,347.45,2100.0,347.437,14
2024-08-15 14:50:00-04:00,347.39,347.39,347.13,347.35,1916.0,347.267,19
2024-08-15 14:55:00-04:00,347.27,347.66,347.2,347.66,3233.0,347.342,15
2024-08-15 15:00:00-04:00,347.6,347.6,347.19,347.23,2741.0,347.296,21
2024-08-15 15:05:00-04:00,347.23,347.7,347.11,347.57,3699.0,347.464,31
2024-08-15 15:10:00-04:00,347.59,347.66,347.48,347.66,400.0,347.586,4
2024-08-15 15:15:00-04:00,347.48,347.8,347.42,347.75,3499.0,347.618,29
2024-08-15 15:20:00-04:00,347.84,348.15,347.84,348.15,1350.0,347.948,12
2024-08-15 15:25:00-04:00,347.97,348.34,347.79,348.32,4083.0,348.048,33
2024-08-15 15:30:00-04:00,348.09,348.36,348.09,348.19,3142.0,348.204,24
2024-08-15 15:35:00-04:00,348.35,348.43,348.17,348.24,3870.0,348.287,26
2024-08-15 15:40:00-04:00,348.42,348.42,347.47,347.48,7016.0,347.87,53
2024-08-15 15:45:00-04:00,347.43,347.43,346.3,346.3,10241.0,346.955,83
2024-08-15 15:50:00-04:00,346.3,347.01,345.48,346.48,22264.0,346.222,196
2024-08-15 15:55:00-04:00,346.72,347.9,346.58,347.71,61333.0,347.226,404
2024-08-16 09:30:00-04:00,346.99,347.79,346.0,346.15,39113.0,347.005,13
2024-08-16 09:35:00-04:00,345.46,345.46,345.44,345.46,300.0,345.453,3
2024-08-16 09:40:00-04:00,345.58,346.13,344.87,344.87,1401.0,345.58,12
2024-08-16 09:45:00-04:00,344.83,345.18,344.83,345.18,200.0,345.005,2
2024-08-16 09:50:00-04:00,344.67,345.49,344.67,345.13,1845.0,345.22,13
2024-08-16 09:55:00-04:00,345.41,345.41,344.41,344.41,705.0,344.873,5
2024-08-16 10:00:00-04:00,345.48,345.48,344.43,344.75,1308.0,344.844,12
2024-08-16 10:05:00-04:00,344.75,345.12,344.24,344.25,1969.0,344.763,19
2024-08-16 10:10:00-04:00,343.78,343.9,343.27,343.9,1132.0,343.802,7
2024-08-16 10:15:00-04:00,343.45,343.81,343.4,343.49,1560.0,343.736,9
2024-08-16 10:20:00-04:00,343.43,343.58,343.0,343.0,2200.0,343.299,20
2024-08-16 10:25:00-04:00,343.0,343.43,342.43,343.2,4704.0,343.165,33
2024-08-16 10:30:00-04:00,343.25,343.37,342.3,342.44,1417.0,342.81,13
2024-08-16 10:35:00-04:00,342.5,342.87,342.28,342.35,2824.0,342.576,27
2024-08-16 10:40:00-04:00,342.1,342.15,341.4,341.53,1900.0,341.804,17
2024-08-16 10:45:00-04:00,341.53,341.65,341.24,341.33,1100.0,341.472,10
2024-08-16 10:50:00-04:00,341.44,342.49,341.34,342.08,7724.0,342.075,44
2024-08-16 10:55:00-04:00,341.96,342.24,341.49,341.63,4301.0,341.882,33
2024-08-16 11:00:00-04:00,341.3,342.93,341.3,342.24,9439.0,342.25,61
2024-08-16 11:05:00-04:00,342.54,342.54,342.01,342.06,1400.0,342.214,13
2024-08-16 11:10:00-04:00,341.95,342.09,341.82,341.93,501.0,341.949,5
2024-08-16 11:15:00-04:00,341.97,342.39,341.97,342.1,2762.0,342.168,25
2024-08-16 11:20:00-04:00,342.35,342.66,342.25,342.27,3865.0,342.415,29
2024-08-16 11:25:00-04:00,341.96,342.37,341.96,342.07,1026.0,342.239,8
2024-08-16 11:30:00-04:00,342.33,342.33,341.61,341.77,6313.0,342.135,33
2024-08-16 11:35:00-04:00,341.54,342.08,341.29,341.73,2725.0,341.824,26
2024-08-16 11:40:00-04:00,341.75,342.05,341.65,341.65,2200.0,341.885,18
2024-08-16 11:45:00-04:00,341.88,342.02,341.39,341.59,4892.0,341.722,36
2024-08-16 11:50:00-04:00,341.6,341.82,341.28,341.41,4628.0,341.52,35
2024-08-16 11:55:00-04:00,341.41,341.82,341.38,341.38,1839.0,341.617,17
2024-08-16 12:00:00-04:00,341.44,341.66,341.41,341.56,840.0,341.51,7
2024-08-16 12:05:00-04:00,341.39,341.81,341.32,341.72,1414.0,341.594,14
2024-08-16 12:10:00-04:00,341.81,342.03,341.69,341.89,2020.0,341.873,19
2024-08-16 12:15:00-04:00,342.04,342.21,341.95,342.04,900.0,342.073,9
2024-08-16 12:20:00-04:00,341.95,342.11,341.86,342.09,2237.0,342.004,21
2024-08-16 12:25:00-04:00,341.92,341.92,341.47,341.61,1634.0,341.767,13
2024-08-16 12:30:00-04:00,341.62,341.84,341.38,341.62,2490.0,341.683,9
2024-08-16 12:35:00-04:00,341.46,341.49,341.26,341.26,1200.0,341.463,6
2024-08-16 12:40:00-04:00,341.14,341.14,340.93,341.04,1559.0,341.037,7
2024-08-16 12:45:00-04:00,340.8,341.31,340.8,340.97,5691.0,341.131,33
2024-08-16 12:50:00-04:00,341.24,341.32,340.87,340.87,3275.0,341.051,20
2024-08-16 12:55:00-04:00,341.06,342.08,340.95,341.77,16573.0,341.331,86
2024-08-16 13:00:00-04:00,341.45,341.58,341.21,341.21,1000.0,341.482,10
2024-08-16 13:05:00-04:00,341.28,341.6,341.07,341.6,4096.0,341.312,23
2024-08-16 13:10:00-04:00,341.52,341.74,341.11,341.11,1811.0,341.545,9
2024-08-16 13:15:00-04:00,341.56,341.57,341.15,341.25,2109.0,341.28,13
2024-08-16 13:20:00-04:00,341.14,341.2,340.95,340.98,800.0,341.128,8
2024-08-16 13:25:00-04:00,341.32,341.42,341.11,341.42,3408.0,341.266,23
2024-08-16 13:30:00-04:00,341.27,341.94,341.26,341.78,7480.0,341.643,25
2024-08-16 13:35:00-04:00,341.79,342.1,341.63,341.63,3333.0,341.946,22
2024-08-16 13:40:00-04:00,341.63,341.76,341.57,341.57,1476.0,341.693,12
2024-08-16 13:45:00-04:00,341.73,342.09,341.72,342.09,1039.0,341.899,10
2024-08-16 13:50:00-04:00,341.99,341.99,341.41,341.41,1600.0,341.657,15
2024-08-16 13:55:00-04:00,341.33,341.55,341.09,341.27,3183.0,341.366,21
2024-08-16 14:00:00-04:00,340.99,341.55,340.99,341.31,1332.0,341.348,12
2024-08-16 14:05:00-04:00,341.68,341.68,341.29,341.48,1098.0,341.456,9
2024-08-16 14:10:00-04:00,341.36,341.36,341.0,341.0,911.0,341.24,8
2024-08-16 14:15:00-04:00,341.18,341.68,341.02,341.68,8438.0,341.506,20
2024-08-16 14:20:00-04:00,341.8,341.9,341.61,341.9,1193.0,341.756,10
2024-08-16 14:25:00-04:00,341.74,341.93,341.6,341.85,2254.0,341.811,20
2024-08-16 14:30:00-04:00,341.82,341.82,341.48,341.68,2007.0,341.676,19
2024-08-16 14:35:00-04:00,341.75,341.75,341.62,341.67,628.0,341.652,5
2024-08-16 14:40:00-04:00,341.63,341.86,341.33,341.5,3306.0,341.644,30
2024-08-16 14:45:00-04:00,341.64,342.04,341.53,342.03,2919.0,341.799,22
2024-08-16 14:50:00-04:00,342.07,342.29,341.89,342.27,1420.0,342.058,14
2024-08-16 14:55:00-04:00,342.15,342.23,342.03,342.03,2755.0,342.126,26
2024-08-16 15:00:00-04:00,342.15,342.22,341.63,341.65,13280.0,342.107,46
2024-08-16 15:05:00-04:00,341.59,341.89,341.59,341.82,1055.0,341.768,10
2024-08-16 15:10:00-04:00,341.84,342.06,341.82,341.87,2295.0,341.966,18
2024-08-16 15:15:00-04:00,342.05,342.11,341.81,342.11,3138.0,341.978,31
2024-08-16 15:20:00-04:00,342.11,342.11,341.62,341.65,2624.0,341.826,24
2024-08-16 15:25:00-04:00,341.68,341.71,341.53,341.63,3615.0,341.617,34
2024-08-16 15:30:00-04:00,341.57,341.88,341.53,341.69,3923.0,341.704,38
2024-08-16 15:35:00-04:00,341.73,342.07,341.73,341.96,3758.0,341.945,36
2024-08-16 15:40:00-04:00,341.97,342.0,341.62,341.68,5596.0,341.837,51
2024-08-16 15:45:00-04:00,341.69,341.69,341.04,341.04,4633.0,341.4,43
2024-08-16 15:50:00-04:00,341.23,341.72,341.05,341.48,10555.0,341.316,85
2024-08-16 15:55:00-04:00,341.38,341.88,341.19,341.3,55558.0,341.516,361
2024-08-19 09:30:00-04:00,342.58,344.65,341.17,344.06,12640.0,342.832,24
2024-08-19 09:35:00-04:00,344.54,346.62,344.05,344.52,31769.0,344.588,58
2024-08-19 09:40:00-04:00,344.46,345.34,344.43,344.72,1930.0,344.982,15
2024-08-19 09:45:00-04:00,345.76,346.58,344.76,345.17,5875.0,345.934,38
2024-08-19 09:50:00-04:00,344.0,344.0,342.88,342.89,661.0,343.384,6
2024-08-19 09:55:00-04:00,342.84,342.84,342.2,342.21,1200.0,342.411,10
2024-08-19 10:00:00-04:00,342.54,343.09,342.54,342.94,4111.0,342.802,28
2024-08-19 10:05:00-04:00,343.01,344.07,343.01,343.58,2774.0,343.518,18
2024-08-19 10:10:00-04:00,343.77,344.09,343.05,343.05,2434.0,343.39,12
2024-08-19 10:15:00-04:00,343.24,343.24,342.1,342.1,1017.0,342.671,7
2024-08-19 10:20:00-04:00,342.84,342.84,342.78,342.79,1338.0,342.825,12
2024-08-19 10:25:00-04:00,342.78,343.07,342.53,342.53,506.0,342.711,5
2024-08-19 10:30:00-04:00,342.69,343.09,342.68,343.09,2003.0,343.0,13
2024-08-19 10:35:00-04:00,342.8,343.35,342.8,343.29,897.0,343.162,8
2024-08-19 10:40:00-04:00,343.49,343.96,343.49,343.95,1619.0,343.855,15
2024-08-19 10:45:00-04:00,344.0,344.38,343.79,344.38,827.0,344.06,6
2024-08-19 10:50:00-04:00,344.32,344.9,343.74,344.59,2550.0,344.521,22
2024-08-19 10:55:00-04:00,344.32,344.76,344.32,344.76,230.0,344.571,2
2024-08-19 11:00:00-04:00,344.36,344.69,344.36,344.6,4048.0,344.442,14
2024-08-19 11:05:00-04:00,344.44,344.44,344.16,344.42,2384.0,344.362,7
2024-08-19 11:10:00-04:00,344.46,344.51,344.09,344.2,1833.0,344.345,13
2024-08-19 11:15:00-04:00,344.58,344.83,344.18,344.37,2705.0,344.503,26
2024-08-19 11:20:00-04:00,344.18,344.57,344.18,344.5,800.0,344.449,7
2024-08-19 11:25:00-04:00,344.2,344.33,344.19,344.32,400.0,344.259,4
2024-08-19 11:30:00-04:00,344.3,344.57,343.98,344.54,2804.0,344.363,21
2024-08-19 11:35:00-04:00,344.52,344.77,344.37,344.57,1514.0,344.564,13
2024-08-19 11:40:00-04:00,344.56,344.56,344.27,344.46,440.0,344.458,4
2024-08-19 11:45:00-04:00,344.47,344.49,344.28,344.49,400.0,344.43,4
2024-08-19 11:50:00-04:00,344.28,344.45,344.1,344.44,800.0,344.346,8
2024-08-19 11:55:00-04:00,344.23,344.23,343.67,343.69,700.0,343.824,7
2024-08-19 12:00:00-04:00,343.69,344.11,343.63,344.11,1614.0,343.761,15
2024-08-19 12:05:00-04:00,343.85,343.97,343.84,343.9,516.0,343.88,5
2024-08-19 12:10:00-04:00,344.13,344.45,344.13,344.45,1574.0,344.333,11
2024-08-19 12:15:00-04:00,344.29,344.31,344.09,344.09,300.0,344.23,3
2024-08-19 12:20:00-04:00,344.52,344.9,344.3,344.84,24454.0,344.534,23
2024-08-19 12:25:00-04:00,344.87,344.98,344.84,344.98,1268.0,344.875,11
2024-08-19 12:30:00-04:00,345.09,345.11,344.94,344.95,1254.0,345.041,12
2024-08-19 12:35:00-04:00,345.07,345.08,345.0,345.07,602.0,345.05,4
2024-08-19 12:40:00-04:00,345.07,345.12,345.07,345.07,325.0,345.089,3
2024-08-19 12:45:00-04:00,345.07,345.38,345.04,345.37,5200.0,345.236,43
2024-08-19 12:50:00-04:00,345.55,346.03,345.53,346.03,1200.0,345.841,7
2024-08-19 12:55:00-04:00,345.91,346.06,345.91,345.96,1988.0,345.992,12
2024-08-19 13:00:00-04:00,345.96,345.96,345.96,345.96,0.0,345.96,0
2024-08-19 13:05:00-04:00,346.23,346.33,346.03,346.33,600.0,346.224,6
2024-08-19 13:10:00-04:00,346.35,346.39,345.85,345.86,4018.0,346.157,34
2024-08-19 13:15:00-04:00,346.03,346.06,346.0,346.0,1207.0,346.011,6
2024-08-19 13:20:00-04:00,346.0,346.04,345.97,346.0,900.0,346.005,9
2024-08-19 13:25:00-04:00,345.85,346.0,345.68,345.72,6233.0,345.785,30
2024-08-19 13:30:00-04:00,345.99,346.0,345.5,345.51,3200.0,345.675,24
2024-08-19 13:35:00-04:00,345.5,345.9,345.5,345.79,3475.0,345.758,27
2024-08-19 13:40:00-04:00,345.8,345.9,345.66,345.78,6800.0,345.758,11
2024-08-19 13:45:00-04:00,345.94,345.96,345.7,345.7,1944.0,345.809,15
2024-08-19 13:50:00-04:00,345.53,345.71,345.5,345.55,853.0,345.561,8
2024-08-19 13:55:00-04:00,345.5,345.94,345.46,345.94,2498.0,345.638,22
2024-08-19 14:00:00-04:00,345.93,345.93,345.65,345.65,420.0,345.774,4
2024-08-19 14:05:00-04:00,345.6,345.6,345.55,345.55,200.0,345.575,2
2024-08-19 14:10:00-04:00,345.55,345.73,345.55,345.6,549.0,345.607,5
2024-08-19 14:15:00-04:00,345.56,345.74,345.51,345.59,5192.0,345.676,22
2024-08-19 14:20:00-04:00,345.79,345.8,345.7,345.71,741.0,345.716,5
2024-08-19 14:25:00-04:00,345.74,345.75,345.42,345.6,4454.0,345.547,33
2024-08-19 14:30:00-04:00,345.66,345.66,345.38,345.45,2255.0,345.488,20
2024-08-19 14:35:00-04:00,345.45,345.45,344.95,345.02,4221.0,345.259,28
2024-08-19 14:40:00-04:00,345.25,345.69,345.24,345.6,2602.0,345.462,19
2024-08-19 14:45:00-04:00,345.55,345.55,345.4,345.42,1155.0,345.438,8
2024-08-19 14:50:00-04:00,345.61,345.75,345.6,345.65,2291.0,345.667,16
2024-08-19 14:55:00-04:00,345.74,345.8,345.47,345.47,2345.0,345.658,20
2024-08-19 15:00:00-04:00,345.51,345.51,345.22,345.45,3104.0,345.352,25
2024-08-19 15:05:00-04:00,345.37,345.81,345.36,345.76,14098.0,345.792,16
2024-08-19 15:10:00-04:00,345.77,346.06,345.77,345.93,1946.0,345.962,16
2024-08-19 15:15:00-04:00,346.09,346.19,346.0,346.0,2478.0,346.075,19
2024-08-19 15:20:00-04:00,346.02,346.02,345.84,346.0,1202.0,345.964,10
2024-08-19 15:25:00-04:00,345.97,346.17,345.81,345.96,2231.0,346.03,21
2024-08-19 15:30:00-04:00,345.96,346.02,345.58,345.59,3862.0,345.802,26
2024-08-19 15:35:00-04:00,345.7,345.7,345.32,345.69,3302.0,345.581,29
2024-08-19 15:40:00-04:00,345.74,345.97,345.5,345.75,6347.0,345.748,55
2024-08-19 15:45:00-04:00,345.69,345.98,345.57,345.93,12312.0,345.745,74
2024-08-19 15:50:00-04:00,345.88,346.05,345.27,345.87,14312.0,345.761,117
2024-08-19 15:55:00-04:00,345.98,347.07,345.83,347.02,62850.0,346.641,393
2024-08-20 09:30:00-04:00,347.0,348.99,347.0,348.0,10770.0,347.096,10
2024-08-20 09:35:00-04:00,347.77,347.77,347.67,347.67,523.0,347.714,5
2024-08-20 09:40:00-04:00,347.31,348.04,347.3,348.0,1497.0,347.966,6
2024-08-20 09:45:00-04:00,349.0,349.0,348.25,348.25,1300.0,348.828,4
2024-08-20 09:50:00-04:00,348.81,348.81,348.13,348.38,20570.0,348.149,9
2024-08-20 09:55:00-04:00,348.25,350.23,348.25,348.88,34619.0,349.337,94
2024-08-20 10:00:00-04:00,348.98,349.17,348.61,349.07,3651.0,348.903,32
2024-08-20 10:05:00-04:00,348.46,349.15,348.46,349.05,1012.0,348.808,6
2024-08-20 10:10:00-04:00,348.89,348.98,347.77,347.95,5877.0,348.142,40
2024-08-20 10:15:00-04:00,347.5,347.5,346.37,346.45,2399.0,346.713,15
2024-08-20 10:20:00-04:00,346.44,346.51,346.12,346.23,1593.0,346.312,13
2024-08-20 10:25:00-04:00,346.41,346.6,345.91,346.6,1762.0,346.275,14
2024-08-20 10:30:00-04:00,345.91,346.26,345.59,346.06,2609.0,345.913,18
2024-08-20 10:35:00-04:00,345.96,345.96,345.32,345.4,900.0,345.551,9
2024-08-20 10:40:00-04:00,345.67,345.75,345.49,345.49,920.0,345.546,9
2024-08-20 10:45:00-04:00,345.5,346.25,345.5,346.25,1100.0,345.828,10
2024-08-20 10:50:00-04:00,345.96,346.11,345.78,345.78,1465.0,345.921,10
2024-08-20 10:55:00-04:00,345.5,345.55,345.03,345.04,800.0,345.33,8
2024-08-20 11:00:00-04:00,345.32,345.32,345.02,345.03,578.0,345.149,4
2024-08-20 11:05:00-04:00,345.33,345.66,345.26,345.34,2590.0,345.434,20
2024-08-20 11:10:00-04:00,345.68,345.68,345.39,345.59,928.0,345.544,8
2024-08-20 11:15:00-04:00,345.61,345.66,345.61,345.66,345.0,345.624,3
2024-08-20 11:20:00-04:00,345.66,346.01,345.54,345.54,1525.0,345.774,12
2024-08-20 11:25:00-04:00,345.69,345.7,345.34,345.4,677.0,345.493,6
2024-08-20 11:30:00-04:00,345.52,345.7,345.42,345.62,916.0,345.517,9
2024-08-20 11:35:00-04:00,345.69,346.05,345.69,345.78,1800.0,345.878,18
2024-08-20 11:40:00-04:00,345.73,345.73,345.61,345.61,400.0,345.655,4
2024-08-20 11:45:00-04:00,345.92,345.92,345.81,345.89,400.0,345.882,4
2024-08-20 11:50:00-04:00,345.92,346.1,345.79,345.79,1930.0,345.925,19
2024-08-20 11:55:00-04:00,345.79,346.15,345.78,345.99,1910.0,345.929,18
2024-08-20 12:00:00-04:00,345.84,345.85,345.83,345.85,345.0,345.841,3
2024-08-20 12:05:00-04:00,345.81,345.81,345.8,345.8,200.0,345.805,2
2024-08-20 12:10:00-04:00,345.74,345.85,345.68,345.84,359.0,345.769,3
2024-08-20 12:15:00-04:00,345.65,345.65,345.47,345.61,700.0,345.573,7
2024-08-20 12:20:00-04:00,345.49,345.73,345.45,345.45,800.0,345.576,8
2024-08-20 12:25:00-04:00,345.69,345.69,345.63,345.63,200.0,345.663,2
2024-08-20 12:30:00-04:00,345.58,345.58,345.15,345.15,1322.0,345.392,8
2024-08-20 12:35:00-04:00,345.32,345.33,345.32,345.32,100.0,345.325,1
2024-08-20 12:40:00-04:00,345.4,345.74,345.37,345.59,13525.0,345.573,37
2024-08-20 12:45:00-04:00,345.6,345.61,345.6,345.6,100.0,345.603,1
2024-08-20 12:50:00-04:00,345.83,345.83,345.66,345.66,300.0,345.72,3
2024-08-20 12:55:00-04:00,345.62,345.87,345.59,345.86,800.0,345.761,7
2024-08-20 13:00:00-04:00,345.79,345.79,345.09,345.09,1405.0,345.297,13
2024-08-20 13:05:00-04:00,345.09,345.43,344.9,345.41,2330.0,345.19,18
2024-08-20 13:10:00-04:00,345.4,345.4,345.11,345.12,1144.0,345.248,10
2024-08-20 13:15:00-04:00,345.05,345.29,344.97,345.13,2121.0,345.109,18
2024-08-20 13:20:00-04:00,345.17,345.17,344.72,344.72,498.0,344.917,4
2024-08-20 13:25:00-04:00,344.94,345.0,344.56,344.65,1700.0,344.801,15
2024-08-20 13:30:00-04:00,344.41,344.51,344.41,344.51,200.0,344.46,2
2024-08-20 13:35:00-04:00,344.41,344.45,344.4,344.45,700.0,344.424,7
2024-08-20 13:40:00-04:00,344.46,344.46,344.19,344.36,4273.0,344.345,30
2024-08-20 13:45:00-04:00,344.12,344.53,344.12,344.49,1945.0,344.411,19
2024-08-20 13:50:00-04:00,344.38,344.5,344.34,344.34,500.0,344.439,5
2024-08-20 13:55:00-04:00,344.47,344.47,344.37,344.37,200.0,344.418,2
2024-08-20 14:00:00-04:00,344.47,344.7,344.37,344.49,2200.0,344.547,20
2024-08-20 14:05:00-04:00,344.67,344.77,344.6,344.75,2315.0,344.691,16
2024-08-20 14:10:00-04:00,344.75,345.23,344.67,345.03,2860.0,344.939,21
2024-08-20 14:15:00-04:00,345.29,345.5,345.29,345.34,1653.0,345.382,15
2024-08-20 14:20:00-04:00,345.11,345.4,345.07,345.07,6818.0,345.237,68
2024-08-20 14:25:00-04:00,345.28,345.3,345.07,345.29,708.0,345.225,7
2024-08-20 14:30:00-04:00,345.21,345.42,345.2,345.42,1600.0,345.282,16
2024-08-20 14:35:00-04:00,345.55,345.58,345.4,345.5,18620.0,345.505,74
2024-08-20 14:40:00-04:00,345.54,346.05,345.4,345.75,6892.0,345.56,63
2024-08-20 14:45:00-04:00,345.75,346.18,345.75,346.18,800.0,345.936,8
2024-08-20 14:50:00-04:00,346.28,346.33,345.91,346.33,1400.0,346.114,14
2024-08-20 14:55:00-04:00,346.29,346.61,346.24,346.61,1859.0,346.4,15
2024-08-20 15:00:00-04:00,346.72,346.72,346.55,346.63,6962.0,346.687,21
2024-08-20 15:05:00-04:00,346.63,347.01,346.55,346.72,1918.0,346.761,18
2024-08-20 15:10:00-04:00,346.82,346.96,346.68,346.96,1412.0,346.856,12
2024-08-20 15:15:00-04:00,346.96,347.15,346.82,347.04,3600.0,346.922,26
2024-08-20 15:20:00-04:00,347.04,347.14,346.68,346.68,2749.0,346.935,24
2024-08-20 15:25:00-04:00,346.7,346.7,346.29,346.61,6069.0,346.532,47
2024-08-20 15:30:00-04:00,346.66,346.73,346.36,346.45,3907.0,346.586,32
2024-08-20 15:35:00-04:00,346.58,346.76,346.58,346.75,2867.0,346.679,25
2024-08-20 15:40:00-04:00,346.75,346.75,346.1,346.24,5964.0,346.414,36
2024-08-20 15:45:00-04:00,346.12,346.97,346.01,346.97,6740.0,346.413,57
2024-08-20 15:50:00-04:00,347.13,347.25,346.3,346.74,10108.0,346.743,91
2024-08-20 15:55:00-04:00,346.85,347.86,346.85,347.72,40907.0,347.606,313
2024-08-21 09:30:00-04:00,348.77,349.42,346.89,347.91,7141.0,348.725,8
2024-08-21 09:35:00-04:00,347.91,348.6,347.7,347.94,947.0,348.065,9
2024-08-21 09:40:00-04:00,347.94,347.96,347.93,347.93,1000.0,347.948,10
2024-08-21 09:45:00-04:00,347.92,347.92,347.92,347.92,100.0,347.92,1
2024-08-21 09:50:00-04:00,347.89,348.31,347.57,348.31,2953.0,347.98,8
2024-08-21 09:55:00-04:00,348.79,349.56,348.72,348.72,1000.0,349.033,7
2024-08-21 10:00:00-04:00,349.16,349.9,348.99,349.55,7267.0,349.421,58
2024-08-21 10:05:00-04:00,349.53,350.6,349.49,350.53,13533.0,349.948,52
2024-08-21 10:10:00-04:00,350.05,350.74,349.29,349.3,3024.0,350.187,24
2024-08-21 10:15:00-04:00,348.86,350.34,348.85,350.27,5304.0,349.777,28
2024-08-21 10:20:00-04:00,350.28,350.72,350.26,350.44,2776.0,350.372,13
2024-08-21 10:25:00-04:00,350.44,351.26,350.44,350.8,7074.0,350.801,42
2024-08-21 10:30:00-04:00,351.55,352.14,350.75,351.33,4737.0,351.497,31
2024-08-21 10:35:00-04:00,351.38,352.27,351.35,352.27,2076.0,351.886,15
2024-08-21 10:40:00-04:00,352.28,353.44,352.28,353.07,6388.0,352.934,36
2024-08-21 10:45:00-04:00,353.07,353.34,352.28,352.28,1744.0,352.886,15
2024-08-21 10:50:00-04:00,352.17,352.17,351.39,351.8,2250.0,351.702,21
2024-08-21 10:55:00-04:00,351.5,351.73,351.21,351.21,1600.0,351.513,11
2024-08-21 11:00:00-04:00,350.81,351.01,350.02,350.31,3805.0,350.518,25
2024-08-21 11:05:00-04:00,350.55,350.62,350.16,350.2,728.0,350.367,7
2024-08-21 11:10:00-04:00,350.19,350.39,350.07,350.07,2422.0,350.322,15
2024-08-21 11:15:00-04:00,350.25,350.4,349.96,350.16,2122.0,350.125,19
2024-08-21 11:20:00-04:00,350.08,350.17,349.83,349.87,2150.0,349.973,21
2024-08-21 11:25:00-04:00,350.03,350.28,350.02,350.13,2925.0,350.2,24
2024-08-21 11:30:00-04:00,350.26,350.59,350.26,350.46,800.0,350.466,8
2024-08-21 11:35:00-04:00,350.54,350.83,350.22,350.22,3846.0,350.553,33
2024-08-21 11:40:00-04:00,350.34,350.37,349.73,349.94,3235.0,350.022,27
2024-08-21 11:45:00-04:00,349.94,350.0,348.64,348.64,2630.0,349.445,23
2024-08-21 11:50:00-04:00,348.63,349.04,348.63,348.69,2809.0,348.905,22
2024-08-21 11:55:00-04:00,348.82,349.09,348.68,348.94,2789.0,348.909,24
2024-08-21 12:00:00-04:00,348.71,348.76,348.43,348.68,3837.0,348.619,28
2024-08-21 12:05:00-04:00,348.92,349.04,348.74,349.04,5248.0,348.973,35
2024-08-21 12:10:00-04:00,349.04,349.04,348.77,348.99,2252.0,348.975,17
2024-08-21 12:15:00-04:00,349.0,349.16,348.79,349.02,2300.0,348.998,21
2024-08-21 12:20:00-04:00,349.02,349.38,349.01,349.32,4453.0,349.116,30
2024-08-21 12:25:00-04:00,349.37,349.71,349.13,349.51,6292.0,349.355,57
2024-08-21 12:30:00-04:00,349.77,349.95,349.55,349.85,1059.0,349.766,10
2024-08-21 12:35:00-04:00,349.88,349.99,349.65,349.99,1611.0,349.747,10
2024-08-21 12:40:00-04:00,349.99,350.1,349.83,350.1,1314.0,349.98,11
2024-08-21 12:45:00-04:00,350.12,350.21,350.05,350.05,700.0,350.093,5
2024-08-21 12:50:00-04:00,350.13,350.24,350.01,350.24,400.0,350.145,4
2024-08-21 12:55:00-04:00,350.23,350.52,349.95,350.52,2612.0,350.252,19
2024-08-21 13:00:00-04:00,350.4,350.65,350.4,350.5,1156.0,350.509,10
2024-08-21 13:05:00-04:00,350.34,350.47,350.33,350.46,900.0,350.373,9
2024-08-21 13:10:00-04:00,350.75,350.81,350.45,350.68,1476.0,350.623,12
2024-08-21 13:15:00-04:00,350.62,350.91,350.47,350.83,1571.0,350.683,11
2024-08-21 13:20:00-04:00,350.89,351.17,350.76,351.0,2628.0,350.973,22
2024-08-21 13:25:00-04:00,350.82,351.08,350.73,350.99,3019.0,350.896,20
2024-08-21 13:30:00-04:00,351.13,351.13,351.13,351.13,200.0,351.13,2
2024-08-21 13:35:00-04:00,351.06,351.15,351.05,351.15,700.0,351.127,6
2024-08-21 13:40:00-04:00,351.19,351.32,351.13,351.21,2052.0,351.227,13
2024-08-21 13:45:00-04:00,351.43,351.88,351.43,351.68,1334.0,351.609,10
2024-08-21 13:50:00-04:00,351.84,352.33,351.84,352.32,3931.0,352.128,24
2024-08-21 13:55:00-04:00,352.12,352.31,351.82,351.91,3788.0,351.953,21
2024-08-21 14:00:00-04:00,352.1,352.47,352.0,352.06,2530.0,352.21,23
2024-08-21 14:05:00-04:00,352.05,352.24,351.87,351.87,2246.0,352.011,18
2024-08-21 14:10:00-04:00,351.92,352.06,351.89,352.06,1427.0,351.959,11
2024-08-21 14:15:00-04:00,352.1,352.42,352.09,352.38,500.0,352.218,5
2024-08-21 14:20:00-04:00,352.27,352.38,352.01,352.17,1550.0,352.118,14
2024-08-21 14:25:00-04:00,352.42,352.77,352.38,352.44,3554.0,352.494,25
2024-08-21 14:30:00-04:00,352.63,352.63,352.5,352.5,328.0,352.578,3
2024-08-21 14:35:00-04:00,352.69,352.69,352.12,352.15,3006.0,352.298,27
2024-08-21 14:40:00-04:00,351.99,351.99,351.79,351.96,1018.0,351.885,9
2024-08-21 14:45:00-04:00,351.78,352.21,351.78,352.07,2060.0,351.922,20
2024-08-21 14:50:00-04:00,352.18,352.47,352.13,352.38,1598.0,352.322,12
2024-08-21 14:55:00-04:00,352.31,352.56,352.07,352.1,3900.0,352.23,35
2024-08-21 15:00:00-04:00,352.09,352.12,351.52,351.64,1329.0,351.825,13
2024-08-21 15:05:00-04:00,351.65,351.69,351.4,351.44,1491.0,351.559,14
2024-08-21 15:10:00-04:00,351.58,351.6,351.34,351.38,1556.0,351.469,15
2024-08-21 15:15:00-04:00,351.24,351.66,351.24,351.66,3937.0,351.381,39
2024-08-21 15:20:00-04:00,351.58,351.58,351.09,351.52,4338.0,351.365,40
2024-08-21 15:25:00-04:00,351.49,351.82,351.35,351.6,2100.0,351.617,21
2024-08-21 15:30:00-04:00,351.56,351.77,351.22,351.43,4317.0,351.443,22
2024-08-21 15:35:00-04:00,351.52,351.66,351.24,351.25,3001.0,351.459,27
2024-08-21 15:40:00-04:00,351.23,351.23,350.95,351.06,2334.0,351.09,23
2024-08-21 15:45:00-04:00,351.06,351.21,350.73,351.21,5338.0,350.982,46
2024-08-21 15:50:00-04:00,351.36,351.75,351.01,351.61,9373.0,351.28,74
2024-08-21 15:55:00-04:00,351.73,351.99,351.24,351.31,37512.0,351.648,257
2024-08-22 09:30:00-04:00,351.39,353.25,350.13,353.25,11573.0,351.402,3
2024-08-22 09:35:00-04:00,353.2,353.7,352.54,352.54,2146.0,353.079,21
2024-08-22 09:40:00-04:00,352.62,353.19,351.81,352.43,1348.0,352.366,12
2024-08-22 09:45:00-04:00,351.58,351.72,349.79,349.79,1403.0,350.852,13
2024-08-22 09:50:00-04:00,349.85,350.3,348.91,350.3,2410.0,349.561,24
2024-08-22 09:55:00-04:00,350.39,351.55,350.39,350.99,3473.0,351.036,17
2024-08-22 10:00:00-04:00,350.98,351.43,350.53,351.43,4721.0,350.863,18
2024-08-22 10:05:00-04:00,351.07,351.23,350.55,350.55,800.0,350.734,7
2024-08-22 10:10:00-04:00,350.29,350.59,350.0,350.59,773.0,350.419,4
2024-08-22 10:15:00-04:00,350.65,350.82,350.53,350.53,851.0,350.621,8
2024-08-22 10:20:00-04:00,350.65,350.93,350.56,350.93,1442.0,350.709,8
2024-08-22 10:25:00-04:00,350.99,351.01,350.34,350.68,2452.0,350.621,17
2024-08-22 10:30:00-04:00,350.57,351.24,350.52,351.24,1525.0,350.765,14
2024-08-22 10:35:00-04:00,351.86,351.86,351.34,351.34,700.0,351.574,5
2024-08-22 10:40:00-04:00,351.94,351.94,351.49,351.49,327.0,351.734,3
2024-08-22 10:45:00-04:00,351.49,351.49,351.49,351.49,0.0,351.49,0
2024-08-22 10:50:00-04:00,351.54,351.84,351.54,351.83,605.0,351.723,5
2024-08-22 10:55:00-04:00,351.99,352.05,351.89,351.96,2736.0,351.976,22
2024-08-22 11:00:00-04:00,351.92,351.93,351.91,351.93,611.0,351.927,4
2024-08-22 11:05:00-04:00,351.76,352.03,351.37,351.53,2628.0,351.693,23
2024-08-22 11:10:00-04:00,351.36,351.6,351.36,351.6,200.0,351.48,2
2024-08-22 11:15:00-04:00,351.28,351.28,351.25,351.25,566.0,351.274,4
2024-08-22 11:20:00-04:00,350.97,351.23,350.87,351.23,2454.0,351.0,10
2024-08-22 11:25:00-04:00,351.24,351.64,351.23,351.63,663.0,351.458,6
2024-08-22 11:30:00-04:00,351.42,351.86,351.38,351.83,1199.0,351.641,11
2024-08-22 11:35:00-04:00,351.76,352.26,351.51,351.51,1000.0,351.776,10
2024-08-22 11:40:00-04:00,351.66,351.84,350.93,351.06,3842.0,351.456,30
2024-08-22 11:45:00-04:00,351.42,351.48,351.42,351.48,500.0,351.431,5
2024-08-22 11:50:00-04:00,351.23,351.46,351.22,351.23,300.0,351.305,3
2024-08-22 11:55:00-04:00,351.21,351.84,351.21,351.62,2087.0,351.468,16
2024-08-22 12:00:00-04:00,351.6,352.11,351.34,352.11,1227.0,351.676,11
2024-08-22 12:05:00-04:00,351.78,352.56,351.78,352.41,5943.0,352.254,35
2024-08-22 12:10:00-04:00,352.59,352.59,352.14,352.35,1700.0,352.34,15
2024-08-22 12:15:00-04:00,352.36,352.57,351.96,352.52,6626.0,352.12,47
2024-08-22 12:20:00-04:00,352.51,352.69,352.43,352.63,7400.0,352.527,65
2024-08-22 12:25:00-04:00,352.56,353.37,352.45,353.32,18454.0,352.766,87
2024-08-22 12:30:00-04:00,353.32,353.52,353.28,353.3,1440.0,353.313,13
2024-08-22 12:35:00-04:00,353.36,353.43,353.16,353.22,2305.0,353.291,17
2024-08-22 12:40:00-04:00,353.12,353.38,353.12,353.38,7843.0,353.258,60
2024-08-22 12:45:00-04:00,353.37,353.37,352.57,352.57,2447.0,353.051,20
2024-08-22 12:50:00-04:00,351.94,351.94,351.83,351.83,600.0,351.918,6
2024-08-22 12:55:00-04:00,351.63,352.05,351.46,352.05,1600.0,351.678,10
2024-08-22 13:00:00-04:00,352.17,352.18,351.81,352.18,9165.0,351.986,63
2024-08-22 13:05:00-04:00,352.05,352.35,352.0,352.15,2630.0,352.129,14
2024-08-22 13:10:00-04:00,352.34,352.54,352.21,352.21,3012.0,352.385,29
2024-08-22 13:15:00-04:00,352.08,352.71,352.08,352.71,1300.0,352.241,8
2024-08-22 13:20:00-04:00,352.49,352.64,352.19,352.31,3676.0,352.389,21
2024-08-22 13:25:00-04:00,352.12,352.12,351.94,351.98,1650.0,352.036,15
2024-08-22 13:30:00-04:00,351.98,352.09,351.09,351.1,3004.0,351.505,29
2024-08-22 13:35:00-04:00,351.41,351.96,351.12,351.67,1383.0,351.566,10
2024-08-22 13:40:00-04:00,351.73,352.23,351.42,351.82,1900.0,351.746,15
2024-08-22 13:45:00-04:00,351.68,351.86,351.53,351.53,1000.0,351.65,10
2024-08-22 13:50:00-04:00,351.63,351.64,350.79,350.8,1877.0,351.261,16
2024-08-22 13:55:00-04:00,350.81,350.86,350.73,350.86,1250.0,350.8,11
2024-08-22 14:00:00-04:00,350.94,351.07,350.84,351.07,1178.0,350.904,10
2024-08-22 14:05:00-04:00,350.92,351.01,350.61,350.92,7749.0,350.836,27
2024-08-22 14:10:00-04:00,350.76,351.1,350.67,351.02,2307.0,350.887,20
2024-08-22 14:15:00-04:00,351.19,351.65,351.18,351.65,949.0,351.458,9
2024-08-22 14:20:00-04:00,351.43,351.56,351.42,351.5,1000.0,351.483,9
2024-08-22 14:25:00-04:00,351.5,351.74,351.38,351.73,2157.0,351.602,19
2024-08-22 14:30:00-04:00,351.65,351.99,351.6,351.65,6055.0,351.732,50
2024-08-22 14:35:00-04:00,351.77,351.82,351.56,351.78,1331.0,351.735,11
2024-08-22 14:40:00-04:00,351.78,351.96,351.78,351.88,1171.0,351.832,10
2024-08-22 14:45:00-04:00,351.87,352.14,351.87,352.11,3211.0,352.099,10
2024-08-22 14:50:00-04:00,352.11,352.11,351.71,351.74,4695.0,351.838,30
2024-08-22 14:55:00-04:00,352.02,352.04,351.61,351.61,2771.0,351.84,26
2024-08-22 15:00:00-04:00,351.8,352.42,351.8,352.42,3239.0,352.074,29
2024-08-22 15:05:00-04:00,352.41,352.41,352.17,352.39,2360.0,352.267,21
2024-08-22 15:10:00-04:00,352.24,352.39,352.0,352.39,3893.0,352.119,36
2024-08-22 15:15:00-04:00,352.4,352.52,352.16,352.5,7041.0,352.363,61
2024-08-22 15:20:00-04:00,352.31,352.33,351.86,351.86,2557.0,352.031,24
2024-08-22 15:25:00-04:00,351.94,352.15,351.83,352.0,4511.0,351.964,42
2024-08-22 15:30:00-04:00,351.95,352.21,351.72,351.83,5065.0,351.973,44
2024-08-22 15:35:00-04:00,351.83,351.83,351.41,351.52,6417.0,351.566,57
2024-08-22 15:40:00-04:00,351.44,351.47,350.55,350.56,9998.0,351.051,85
2024-08-22 15:45:00-04:00,350.67,351.65,350.66,351.65,20855.0,351.072,174
2024-08-22 15:50:00-04:00,351.64,351.66,349.94,350.28,15497.0,350.421,146
2024-08-22 15:55:00-04:00,350.3,351.08,349.72,351.07,73213.0,350.332,500
2024-08-23 09:30:00-04:00,353.12,353.63,351.3,353.34,5825.0,353.107,8
2024-08-23 09:35:00-04:00,353.4,353.71,352.84,353.26,3173.0,353.331,29
2024-08-23 09:40:00-04:00,353.26,353.8,352.8,353.3,1440.0,353.377,13
2024-08-23 09:45:00-04:00,353.94,354.67,353.54,353.54,2834.0,354.102,26
2024-08-23 09:50:00-04:00,353.51,353.51,352.21,352.22,400.0,352.841,4
2024-08-23 09:55:00-04:00,351.77,352.81,351.61,351.97,4559.0,352.121,18
2024-08-23 10:00:00-04:00,352.88,353.8,352.58,353.49,9914.0,353.154,68
2024-08-23 10:05:00-04:00,354.15,354.15,352.84,353.56,3447.0,353.145,26
2024-08-23 10:10:00-04:00,353.23,355.03,353.23,354.45,8148.0,354.471,32
2024-08-23 10:15:00-04:00,354.55,354.55,352.63,352.66,2317.0,353.497,21
2024-08-23 10:20:00-04:00,352.66,353.9,352.54,353.9,5137.0,352.887,25
2024-08-23 10:25:00-04:00,353.82,353.82,353.18,353.18,1834.0,353.574,14
2024-08-23 10:30:00-04:00,353.48,354.3,353.41,353.75,9351.0,353.769,46
2024-08-23 10:35:00-04:00,353.75,353.97,353.22,353.47,5575.0,353.589,44
2024-08-23 10:40:00-04:00,352.93,353.65,352.9,353.65,4766.0,353.041,27
2024-08-23 10:45:00-04:00,353.6,353.6,351.28,351.5,2581.0,352.619,22
2024-08-23 10:50:00-04:00,351.69,352.04,351.55,351.92,2329.0,351.819,22
2024-08-23 10:55:00-04:00,352.52,353.37,352.51,353.37,2311.0,353.037,21
2024-08-23 11:00:00-04:00,353.36,353.36,352.99,352.99,1352.0,353.17,12
2024-08-23 11:05:00-04:00,353.39,353.51,352.89,353.5,1376.0,353.216,13
2024-08-23 11:10:00-04:00,353.56,353.63,352.79,353.63,3429.0,353.204,27
2024-08-23 11:15:00-04:00,353.88,354.61,353.49,354.61,2311.0,353.976,21
2024-08-23 11:20:00-04:00,354.28,354.56,354.28,354.56,849.0,354.455,7
2024-08-23 11:25:00-04:00,354.42,354.57,354.0,354.16,2162.0,354.308,19
2024-08-23 11:30:00-04:00,354.22,354.64,353.91,354.56,2464.0,354.381,17
2024-08-23 11:35:00-04:00,354.52,354.52,354.17,354.19,5151.0,354.248,20
2024-08-23 11:40:00-04:00,354.46,354.69,353.78,353.78,6255.0,354.36,19
2024-08-23 11:45:00-04:00,353.07,353.57,353.07,353.46,1844.0,353.309,18
2024-08-23 11:50:00-04:00,353.25,353.44,353.25,353.44,468.0,353.399,3
2024-08-23 11:55:00-04:00,353.23,353.57,353.11,353.11,1425.0,353.273,10
2024-08-23 12:00:00-04:00,352.89,352.89,352.17,352.75,1722.0,352.626,15
2024-08-23 12:05:00-04:00,352.36,352.55,352.0,352.5,1600.0,352.391,14
2024-08-23 12:10:00-04:00,352.62,352.73,352.01,352.01,2648.0,352.493,16
2024-08-23 12:15:00-04:00,352.32,352.56,352.03,352.56,3712.0,352.298,18
2024-08-23 12:20:00-04:00,352.42,352.63,352.2,352.21,2100.0,352.461,15
2024-08-23 12:25:00-04:00,352.19,352.23,351.51,351.81,3024.0,351.737,25
2024-08-23 12:30:00-04:00,351.81,352.25,351.81,352.04,1405.0,352.015,13
2024-08-23 12:35:00-04:00,352.4,352.5,352.23,352.23,300.0,352.375,3
2024-08-23 12:40:00-04:00,352.1,352.1,351.43,351.99,300.0,351.84,3
2024-08-23 12:45:00-04:00,351.51,351.77,351.51,351.71,500.0,351.634,5
2024-08-23 12:50:00-04:00,352.02,352.35,351.83,352.27,1573.0,352.195,14
2024-08-23 12:55:00-04:00,352.48,352.8,352.48,352.61,900.0,352.567,7
2024-08-23 13:00:00-04:00,352.4,352.6,352.22,352.22,2595.0,352.372,18
2024-08-23 13:05:00-04:00,352.25,352.26,351.86,351.87,1106.0,352.08,7
2024-08-23 13:10:00-04:00,352.01,352.03,351.76,351.81,1600.0,351.892,13
2024-08-23 13:15:00-04:00,351.81,352.32,351.8,352.0,4404.0,352.032,13
2024-08-23 13:20:00-04:00,352.26,352.33,352.1,352.16,857.0,352.228,8
2024-08-23 13:25:00-04:00,352.13,352.4,352.13,352.27,1500.0,352.287,13
2024-08-23 13:30:00-04:00,352.28,352.45,352.28,352.44,766.0,352.395,7
2024-08-23 13:35:00-04:00,352.49,352.49,352.07,352.07,748.0,352.27,6
2024-08-23 13:40:00-04:00,352.33,352.38,352.33,352.35,550.0,352.352,5
2024-08-23 13:45:00-04:00,352.36,352.47,352.2,352.25,1714.0,352.338,10
2024-08-23 13:50:00-04:00,352.27,352.62,352.02,352.48,1673.0,352.294,13
2024-08-23 13:55:00-04:00,352.27,352.27,352.1,352.1,200.0,352.183,2
2024-08-23 14:00:00-04:00,352.35,352.57,352.15,352.57,825.0,352.358,7
2024-08-23 14:05:00-04:00,352.4,352.57,352.4,352.54,702.0,352.482,7
2024-08-23 14:10:00-04:00,352.38,352.38,352.15,352.15,1145.0,352.348,6
2024-08-23 14:15:00-04:00,352.35,352.35,352.33,352.34,450.0,352.34,3
2024-08-23 14:20:00-04:00,352.42,352.42,352.0,352.09,2831.0,352.099,25
2024-08-23 14:25:00-04:00,352.08,352.27,352.08,352.27,900.0,352.174,8
2024-08-23 14:30:00-04:00,352.33,352.95,351.87,352.9,17218.0,352.762,71
2024-08-23 14:35:00-04:00,352.57,352.89,352.57,352.85,541.0,352.732,4
2024-08-23 14:40:00-04:00,352.87,353.05,352.62,352.62,2207.0,352.939,18
2024-08-23 14:45:00-04:00,353.05,353.06,352.91,352.91,320.0,353.001,3
2024-08-23 14:50:00-04:00,352.85,353.38,352.85,353.37,2598.0,353.007,18
2024-08-23 14:55:00-04:00,353.28,353.3,353.0,353.15,1452.0,353.216,13
2024-08-23 15:00:00-04:00,352.96,353.03,352.86,352.99,1119.0,352.975,9
2024-08-23 15:05:00-04:00,353.0,353.37,352.88,353.23,2866.0,353.098,23
2024-08-23 15:10:00-04:00,353.33,353.79,353.33,353.66,2053.0,353.584,19
2024-08-23 15:15:00-04:00,353.53,353.76,353.43,353.76,1136.0,353.576,10
2024-08-23 15:20:00-04:00,353.76,353.78,353.55,353.78,1802.0,353.664,14
2024-08-23 15:25:00-04:00,353.52,354.09,353.52,354.09,1648.0,353.761,12
2024-08-23 15:30:00-04:00,353.99,354.39,353.99,354.14,2741.0,354.139,15
2024-08-23 15:35:00-04:00,354.1,354.22,353.97,354.06,1747.0,354.086,14
2024-08-23 15:40:00-04:00,354.19,354.27,353.86,354.1,4270.0,354.07,34
2024-08-23 15:45:00-04:00,354.09,354.44,353.76,354.44,4007.0,354.153,26
2024-08-23 15:50:00-04:00,354.2,354.38,353.11,353.44,11485.0,353.489,99
2024-08-23 15:55:00-04:00,353.82,353.82,352.72,352.91,56375.0,353.056,389
2024-08-26 09:30:00-04:00,352.91,354.02,351.66,353.44,9960.0,353.015,30
2024-08-26 09:35:00-04:00,352.69,353.0,352.41,353.0,400.0,352.773,4
2024-08-26 09:40:00-04:00,353.25,354.32,352.51,353.46,1856.0,353.32,16
2024-08-26 09:45:00-04:00,354.1,354.1,353.17,353.35,2483.0,353.669,21
2024-08-26 09:50:00-04:00,353.07,353.9,352.96,353.34,1949.0,353.468,14
2024-08-26 09:55:00-04:00,353.05,353.41,352.7,353.41,2514.0,353.053,21
2024-08-26 10:00:00-04:00,353.48,353.84,353.17,353.6,2745.0,353.509,27
2024-08-26 10:05:00-04:00,353.77,353.84,353.16,353.29,6647.0,353.432,39
2024-08-26 10:10:00-04:00,353.29,353.48,352.75,353.17,3396.0,353.161,31
2024-08-26 10:15:00-04:00,353.18,353.4,353.05,353.12,2800.0,353.174,25
2024-08-26 10:20:00-04:00,353.35,353.35,352.61,352.72,1008.0,352.815,10
2024-08-26 10:25:00-04:00,352.87,353.26,352.87,353.25,2811.0,353.046,23
2024-08-26 10:30:00-04:00,353.22,353.26,352.33,352.33,1717.0,352.848,15
2024-08-26 10:35:00-04:00,352.41,352.67,352.18,352.41,2408.0,352.49,21
2024-08-26 10:40:00-04:00,352.49,352.61,352.39,352.51,2537.0,352.488,19
2024-08-26 10:45:00-04:00,352.61,352.81,352.41,352.55,2608.0,352.606,23
2024-08-26 10:50:00-04:00,352.34,352.37,352.0,352.01,1360.0,352.226,12
2024-08-26 10:55:00-04:00,351.93,352.02,351.48,351.82,2533.0,351.898,14
2024-08-26 11:00:00-04:00,352.08,352.09,351.51,351.79,2773.0,351.943,12
2024-08-26 11:05:00-04:00,351.74,351.88,350.53,350.85,4092.0,351.119,34
2024-08-26 11:10:00-04:00,350.85,351.47,350.57,351.44,1610.0,351.133,16
2024-08-26 11:15:00-04:00,351.56,351.56,351.2,351.47,1726.0,351.413,11
2024-08-26 11:20:00-04:00,351.48,351.48,351.25,351.44,1958.0,351.387,18
2024-08-26 11:25:00-04:00,351.21,351.28,350.8,350.99,2142.0,351.098,19
2024-08-26 11:30:00-04:00,350.98,351.04,350.77,350.99,1409.0,350.95,12
2024-08-26 11:35:00-04:00,350.8,350.83,350.2,350.24,4198.0,350.586,32
2024-08-26 11:40:00-04:00,350.19,350.91,350.04,350.6,6282.0,350.745,23
2024-08-26 11:45:00-04:00,350.63,350.75,350.1,350.5,2800.0,350.383,27
2024-08-26 11:50:00-04:00,350.68,350.71,350.47,350.71,2499.0,350.56,13
2024-08-26 11:55:00-04:00,350.72,350.72,350.42,350.6,2374.0,350.57,21
2024-08-26 12:00:00-04:00,350.41,350.89,350.33,350.6,2341.0,350.527,19
2024-08-26 12:05:00-04:00,350.7,350.7,350.44,350.63,2559.0,350.549,24
2024-08-26 12:10:00-04:00,350.5,350.8,350.41,350.43,3688.0,350.503,15
2024-08-26 12:15:00-04:00,350.6,350.95,350.45,350.94,2653.0,350.818,26
2024-08-26 12:20:00-04:00,350.95,351.32,350.91,351.17,1400.0,351.095,14
2024-08-26 12:25:00-04:00,351.28,351.29,351.03,351.11,1702.0,351.154,15
2024-08-26 12:30:00-04:00,351.04,351.13,350.97,351.09,704.0,351.065,7
2024-08-26 12:35:00-04:00,351.09,351.26,350.97,350.97,1903.0,351.093,17
2024-08-26 12:40:00-04:00,350.97,351.26,350.97,351.23,1333.0,351.111,13
2024-08-26 12:45:00-04:00,351.15,351.34,351.02,351.15,1280.0,351.205,10
2024-08-26 12:50:00-04:00,351.25,351.63,351.19,351.22,2717.0,351.438,26
2024-08-26 12:55:00-04:00,351.48,351.55,351.3,351.55,2036.0,351.456,19
2024-08-26 13:00:00-04:00,351.43,351.64,351.07,351.64,2200.0,351.295,22
2024-08-26 13:05:00-04:00,351.37,351.38,350.79,351.19,2618.0,351.193,25
2024-08-26 13:10:00-04:00,351.19,351.34,350.79,351.03,1300.0,351.08,13
2024-08-26 13:15:00-04:00,350.87,351.11,350.87,351.01,1850.0,351.016,18
2024-08-26 13:20:00-04:00,351.1,351.27,350.93,351.24,2632.0,351.061,24
2024-08-26 13:25:00-04:00,351.24,351.56,350.84,350.84,3962.0,351.254,35
2024-08-26 13:30:00-04:00,350.84,350.96,350.54,350.59,2705.0,350.739,25
2024-08-26 13:35:00-04:00,350.72,350.72,349.93,349.93,3848.0,350.389,37
2024-08-26 13:40:00-04:00,350.09,350.3,349.96,350.2,1864.0,350.112,15
2024-08-26 13:45:00-04:00,350.17,350.17,349.43,349.43,4038.0,349.699,33
2024-08-26 13:50:00-04:00,349.38,349.87,349.38,349.55,1543.0,349.662,15
2024-08-26 13:55:00-04:00,349.69,350.16,349.51,349.89,3338.0,349.8,29
2024-08-26 14:00:00-04:00,350.21,350.43,349.94,350.04,2666.0,350.164,26
2024-08-26 14:05:00-04:00,350.1,350.36,349.99,350.17,1695.0,350.161,16
2024-08-26 14:10:00-04:00,349.93,350.25,349.93,350.09,2968.0,350.117,29
2024-08-26 14:15:00-04:00,350.21,350.21,350.04,350.08,1905.0,350.151,19
2024-08-26 14:20:00-04:00,350.22,350.38,350.07,350.26,8395.0,350.219,71
2024-08-26 14:25:00-04:00,350.12,350.54,350.12,350.52,4754.0,350.323,43
2024-08-26 14:30:00-04:00,350.54,350.72,350.41,350.54,2028.0,350.587,19
2024-08-26 14:35:00-04:00,350.77,351.1,350.72,351.1,4063.0,350.907,29
2024-08-26 14:40:00-04:00,351.03,351.03,350.96,350.99,400.0,350.995,4
2024-08-26 14:45:00-04:00,350.99,351.41,350.99,351.3,7966.0,351.236,41
2024-08-26 14:50:00-04:00,351.27,351.52,351.14,351.31,3069.0,351.373,28
2024-08-26 14:55:00-04:00,351.22,351.63,351.16,351.44,2145.0,351.402,20
2024-08-26 15:00:00-04:00,351.42,351.48,351.11,351.11,2740.0,351.324,19
2024-08-26 15:05:00-04:00,351.11,351.22,350.89,350.89,2241.0,351.034,9
2024-08-26 15:10:00-04:00,351.02,351.4,350.99,351.24,5309.0,351.182,19
2024-08-26 15:15:00-04:00,351.14,351.27,350.93,351.0,4744.0,351.125,31
2024-08-26 15:20:00-04:00,351.15,351.2,350.92,350.98,1458.0,351.055,14
2024-08-26 15:25:00-04:00,350.98,351.02,350.62,350.68,4752.0,350.844,31
2024-08-26 15:30:00-04:00,350.69,350.69,350.33,350.55,2225.0,350.477,21
2024-08-26 15:35:00-04:00,350.39,350.56,350.32,350.35,4143.0,350.412,38
2024-08-26 15:40:00-04:00,350.37,350.89,350.33,350.57,9669.0,350.597,80
2024-08-26 15:45:00-04:00,350.54,350.7,350.32,350.6,2370.0,350.486,21
2024-08-26 15:50:00-04:00,350.43,350.91,350.43,350.73,9203.0,350.704,73
2024-08-26 15:55:00-04:00,350.6,350.92,350.27,350.67,38410.0,350.564,282
2024-08-27 09:30:00-04:00,349.14,350.52,348.24,348.68,9280.0,349.071,10
2024-08-27 09:35:00-04:00,349.39,349.4,348.57,348.57,1245.0,349.146,11
2024-08-27 09:40:00-04:00,348.51,348.74,348.47,348.74,1248.0,348.687,11
2024-08-27 09:45:00-04:00,348.93,349.39,348.93,349.01,600.0,349.028,6
2024-08-27 09:50:00-04:00,349.01,350.36,349.01,350.36,3465.0,349.69,29
2024-08-27 09:55:00-04:00,350.9,350.9,348.84,348.84,1410.0,349.698,13
2024-08-27 10:00:00-04:00,349.37,350.22,348.67,349.47,3186.0,349.445,17
2024-08-27 10:05:00-04:00,349.51,349.87,349.51,349.82,500.0,349.672,4
2024-08-27 10:10:00-04:00,350.46,350.92,350.18,350.24,2278.0,350.335,8
2024-08-27 10:15:00-04:00,350.24,350.59,349.71,350.32,2757.0,350.063,26
2024-08-27 10:20:00-04:00,349.99,350.78,349.86,350.78,1047.0,350.179,10
2024-08-27 10:25:00-04:00,350.59,351.45,350.59,351.45,1369.0,350.891,10
2024-08-27 10:30:00-04:00,350.87,351.8,350.87,351.8,1343.0,351.508,9
2024-08-27 10:35:00-04:00,351.8,351.8,351.3,351.57,4033.0,351.442,28
2024-08-27 10:40:00-04:00,351.57,352.72,351.57,352.42,2486.0,351.887,22
2024-08-27 10:45:00-04:00,352.77,352.77,352.32,352.64,2434.0,352.465,18
2024-08-27 10:50:00-04:00,352.42,352.65,352.29,352.56,2000.0,352.425,20
2024-08-27 10:55:00-04:00,352.56,352.59,351.59,351.9,1711.0,352.111,15
2024-08-27 11:00:00-04:00,351.9,351.92,351.9,351.92,200.0,351.91,2
2024-08-27 11:05:00-04:00,351.94,351.96,351.73,351.76,951.0,351.801,8
2024-08-27 11:10:00-04:00,352.21,352.22,352.21,352.22,200.0,352.213,2
2024-08-27 11:15:00-04:00,351.53,351.74,351.29,351.53,1375.0,351.515,9
2024-08-27 11:20:00-04:00,351.73,352.0,351.69,351.7,400.0,351.781,4
2024-08-27 11:25:00-04:00,351.54,351.68,351.37,351.62,3550.0,351.571,10
2024-08-27 11:30:00-04:00,351.25,351.42,351.03,351.18,500.0,351.257,5
2024-08-27 11:35:00-04:00,351.57,351.57,351.33,351.35,739.0,351.476,6
2024-08-27 11:40:00-04:00,351.34,351.34,351.15,351.16,400.0,351.243,4
2024-08-27 11:45:00-04:00,351.6,351.6,351.48,351.56,661.0,351.541,6
2024-08-27 11:50:00-04:00,351.44,351.46,351.2,351.29,2063.0,351.381,18
2024-08-27 11:55:00-04:00,351.29,351.29,351.29,351.29,0.0,351.29,0
2024-08-27 12:00:00-04:00,351.42,351.44,351.22,351.23,634.0,351.312,6
2024-08-27 12:05:00-04:00,351.44,351.45,351.23,351.45,1000.0,351.406,7
2024-08-27 12:10:00-04:00,351.79,351.96,351.79,351.96,200.0,351.875,2
2024-08-27 12:15:00-04:00,352.07,352.08,352.06,352.08,650.0,352.075,6
2024-08-27 12:20:00-04:00,352.04,352.31,352.0,352.31,1950.0,352.145,14
2024-08-27 12:25:00-04:00,352.13,352.4,352.12,352.13,823.0,352.214,7
2024-08-27 12:30:00-04:00,352.04,352.3,352.04,352.3,833.0,352.098,8
2024-08-27 12:35:00-04:00,352.5,352.68,352.24,352.52,3201.0,352.536,17
2024-08-27 12:40:00-04:00,352.22,352.22,351.25,351.25,2809.0,351.802,18
2024-08-27 12:45:00-04:00,352.06,352.07,352.06,352.06,100.0,352.065,1
2024-08-27 12:50:00-04:00,352.29,352.54,352.28,352.54,400.0,352.396,4
2024-08-27 12:55:00-04:00,352.32,352.32,351.87,351.87,2514.0,352.129,20
2024-08-27 13:00:00-04:00,351.67,351.82,351.67,351.81,200.0,351.743,2
2024-08-27 13:05:00-04:00,351.88,352.07,351.76,351.79,2266.0,351.915,17
2024-08-27 13:10:00-04:00,351.65,351.68,351.65,351.68,525.0,351.671,4
2024-08-27 13:15:00-04:00,351.98,351.98,351.62,351.62,208.0,351.807,2
2024-08-27 13:20:00-04:00,351.75,351.75,351.74,351.75,200.0,351.745,1
2024-08-27 13:25:00-04:00,351.64,351.9,351.64,351.64,2644.0,351.783,19
2024-08-27 13:30:00-04:00,351.81,352.0,351.8,351.86,665.0,351.922,6
2024-08-27 13:35:00-04:00,352.1,352.3,351.9,351.9,1383.0,351.999,13
2024-08-27 13:40:00-04:00,351.93,352.2,351.86,352.19,684.0,351.978,5
2024-08-27 13:45:00-04:00,352.27,352.29,352.04,352.04,300.0,352.198,3
2024-08-27 13:50:00-04:00,352.3,352.3,351.99,352.0,274.0,352.108,2
2024-08-27 13:55:00-04:00,352.23,352.47,351.82,351.98,1663.0,352.011,16
2024-08-27 14:00:00-04:00,351.97,351.97,351.72,351.72,300.0,351.807,3
2024-08-27 14:05:00-04:00,351.91,351.91,351.78,351.78,500.0,351.806,4
2024-08-27 14:10:00-04:00,351.91,352.21,351.87,352.19,1300.0,352.039,13
2024-08-27 14:15:00-04:00,352.25,352.3,351.88,351.88,1064.0,352.096,10
2024-08-27 14:20:00-04:00,352.11,352.21,351.95,352.2,500.0,352.084,5
2024-08-27 14:25:00-04:00,352.11,352.12,352.11,352.12,200.0,352.113,2
2024-08-27 14:30:00-04:00,352.12,352.23,352.06,352.06,1396.0,352.094,11
2024-08-27 14:35:00-04:00,352.4,352.46,352.26,352.37,807.0,352.336,8
2024-08-27 14:40:00-04:00,352.14,352.2,352.14,352.19,700.0,352.154,7
2024-08-27 14:45:00-04:00,352.38,352.38,352.28,352.29,200.0,352.333,2
2024-08-27 14:50:00-04:00,352.08,352.43,352.08,352.43,569.0,352.245,5
2024-08-27 14:55:00-04:00,352.42,352.42,352.16,352.17,1446.0,352.253,11
2024-08-27 15:00:00-04:00,352.18,352.18,351.57,351.57,2131.0,352.002,15
2024-08-27 15:05:00-04:00,351.56,351.75,351.4,351.69,734.0,351.607,7
2024-08-27 15:10:00-04:00,351.69,351.88,351.69,351.85,1472.0,351.835,12
2024-08-27 15:15:00-04:00,351.98,352.04,351.89,352.03,2269.0,352.0,14
2024-08-27 15:20:00-04:00,352.03,352.21,352.02,352.17,4189.0,352.102,26
2024-08-27 15:25:00-04:00,352.1,352.14,352.1,352.13,200.0,352.118,2
2024-08-27 15:30:00-04:00,352.12,352.32,351.98,352.27,5665.0,352.076,50
2024-08-27 15:35:00-04:00,352.27,352.5,352.26,352.47,2293.0,352.396,18
2024-08-27 15:40:00-04:00,352.47,352.59,352.29,352.48,4205.0,352.409,33
2024-08-27 15:45:00-04:00,352.48,352.62,352.15,352.19,5786.0,352.423,46
2024-08-27 15:50:00-04:00,352.14,352.16,351.73,351.96,5056.0,351.97,49
2024-08-27 15:55:00-04:00,352.05,353.26,352.04,352.56,28287.0,352.787,216
2024-08-28 09:30:00-04:00,353.26,353.92,353.26,353.92,5708.0,353.293,4
2024-08-28 09:35:00-04:00,353.79,353.79,353.0,353.01,800.0,353.321,7
2024-08-28 09:40:00-04:00,353.44,353.45,352.99,353.42,1000.0,353.26,7
2024-08-28 09:45:00-04:00,353.58,353.99,353.4,353.87,2420.0,353.827,15
2024-08-28 09:50:00-04:00,354.67,354.99,354.2,354.69,1948.0,354.661,13
2024-08-28 09:55:00-04:00,354.66,354.81,354.64,354.64,1440.0,354.672,5
2024-08-28 10:00:00-04:00,353.95,354.13,353.95,354.1,600.0,354.089,6
2024-08-28 10:05:00-04:00,354.1,354.28,353.29,353.67,3354.0,353.764,31
2024-08-28 10:10:00-04:00,353.36,353.7,353.21,353.43,1917.0,353.453,18
2024-08-28 10:15:00-04:00,353.48,354.19,353.48,354.19,1082.0,353.8,8
2024-08-28 10:20:00-04:00,354.09,354.26,353.25,353.25,3908.0,354.016,14
2024-08-28 10:25:00-04:00,353.9,354.19,353.87,353.87,759.0,353.985,6
2024-08-28 10:30:00-04:00,353.85,353.85,353.62,353.62,1011.0,353.805,9
2024-08-28 10:35:00-04:00,353.43,353.67,353.01,353.01,8314.0,353.456,46
2024-08-28 10:40:00-04:00,353.08,353.08,352.44,352.44,2632.0,352.714,23
2024-08-28 10:45:00-04:00,352.54,352.54,352.15,352.34,1148.0,352.301,9
2024-08-28 10:50:00-04:00,352.43,352.43,351.91,352.19,5092.0,352.182,36
2024-08-28 10:55:00-04:00,352.29,352.3,352.16,352.3,728.0,352.271,7
2024-08-28 11:00:00-04:00,351.98,352.18,351.82,352.12,2395.0,352.013,20
2024-08-28 11:05:00-04:00,352.35,352.46,352.18,352.46,514.0,352.329,5
2024-08-28 11:10:00-04:00,352.17,352.18,351.52,351.85,2790.0,351.872,13
2024-08-28 11:15:00-04:00,351.84,351.84,351.66,351.67,200.0,351.753,2
2024-08-28 11:20:00-04:00,351.4,351.6,351.1,351.58,3500.0,351.235,17
2024-08-28 11:25:00-04:00,351.55,352.37,351.31,352.2,7070.0,351.563,39
2024-08-28 11:30:00-04:00,352.13,352.16,351.8,351.8,859.0,351.944,6
2024-08-28 11:35:00-04:00,352.29,352.55,352.18,352.55,741.0,352.374,6
2024-08-28 11:40:00-04:00,352.78,352.93,352.77,352.88,300.0,352.858,3
2024-08-28 11:45:00-04:00,353.0,353.0,353.0,353.0,100.0,353.0,1
2024-08-28 11:50:00-04:00,352.87,353.21,352.87,353.08,1000.0,353.04,9
2024-08-28 11:55:00-04:00,353.15,353.22,352.87,353.12,915.0,353.118,9
2024-08-28 12:00:00-04:00,353.13,353.2,352.34,352.34,2261.0,352.909,18
2024-08-28 12:05:00-04:00,352.68,352.69,352.12,352.31,2505.0,352.538,13
2024-08-28 12:10:00-04:00,352.17,352.73,352.17,352.73,2057.0,352.543,7
2024-08-28 12:15:00-04:00,352.53,352.53,352.26,352.47,1337.0,352.433,11
2024-08-28 12:20:00-04:00,352.35,352.35,351.4,351.4,999.0,351.872,6
2024-08-28 12:25:00-04:00,351.74,352.03,351.74,352.03,200.0,351.885,2
2024-08-28 12:30:00-04:00,352.01,352.28,351.96,352.28,600.0,352.047,6
2024-08-28 12:35:00-04:00,352.01,352.17,352.01,352.01,407.0,352.057,4
2024-08-28 12:40:00-04:00,352.18,352.18,352.18,352.18,100.0,352.18,1
2024-08-28 12:45:00-04:00,352.45,352.45,352.45,352.45,100.0,352.45,1
2024-08-28 12:50:00-04:00,352.51,352.62,352.44,352.62,677.0,352.554,6
2024-08-28 12:55:00-04:00,352.3,352.61,352.3,352.61,525.0,352.403,3
2024-08-28 13:00:00-04:00,352.44,352.81,352.44,352.58,454.0,352.612,3
2024-08-28 13:05:00-04:00,352.59,352.93,352.59,352.93,852.0,352.775,6
2024-08-28 13:10:00-04:00,352.75,352.76,351.91,351.91,5277.0,352.388,28
2024-08-28 13:15:00-04:00,351.82,351.86,351.74,351.86,500.0,351.814,5
2024-08-28 13:20:00-04:00,351.86,351.86,351.86,351.86,0.0,351.86,0
2024-08-28 13:25:00-04:00,352.11,352.35,352.02,352.35,630.0,352.206,6
2024-08-28 13:30:00-04:00,352.35,352.68,352.34,352.44,3557.0,352.481,21
2024-08-28 13:35:00-04:00,352.44,352.45,352.11,352.11,866.0,352.32,8
2024-08-28 13:40:00-04:00,352.59,352.59,352.03,352.03,700.0,352.261,7
2024-08-28 13:45:00-04:00,352.21,352.21,351.64,351.64,953.0,351.977,9
2024-08-28 13:50:00-04:00,351.98,351.98,351.63,351.63,377.0,351.832,3
2024-08-28 13:55:00-04:00,351.4,351.46,350.62,350.69,928.0,350.974,7
2024-08-28 14:00:00-04:00,350.32,350.67,350.14,350.21,1435.0,350.382,13
2024-08-28 14:05:00-04:00,350.02,350.81,350.0,350.81,1378.0,350.325,13
2024-08-28 14:10:00-04:00,350.76,350.76,350.69,350.69,400.0,350.738,4
2024-08-28 14:15:00-04:00,350.43,350.45,350.38,350.41,834.0,350.421,8
2024-08-28 14:20:00-04:00,350.62,350.64,350.61,350.62,573.0,350.623,3
2024-08-28 14:25:00-04:00,350.69,350.69,350.51,350.51,1400.0,350.575,10
2024-08-28 14:30:00-04:00,350.69,350.69,350.52,350.52,314.0,350.636,3
2024-08-28 14:35:00-04:00,350.5,350.82,350.5,350.81,1129.0,350.612,7
2024-08-28 14:40:00-04:00,350.82,350.82,350.32,350.32,1115.0,350.638,9
2024-08-28 14:45:00-04:00,350.16,350.16,350.16,350.16,100.0,350.16,1
2024-08-28 14:50:00-04:00,350.33,351.22,350.33,351.22,1166.0,350.61,9
2024-08-28 14:55:00-04:00,351.54,352.23,351.52,352.23,2138.0,351.705,16
2024-08-28 15:00:00-04:00,352.43,352.58,352.4,352.42,1322.0,352.433,8
2024-08-28 15:05:00-04:00,352.26,352.27,351.46,351.46,1707.0,352.006,16
2024-08-28 15:10:00-04:00,351.46,351.46,351.07,351.26,1758.0,351.315,11
2024-08-28 15:15:00-04:00,351.55,351.99,351.55,351.87,600.0,351.84,5
2024-08-28 15:20:00-04:00,351.75,351.75,351.74,351.75,100.0,351.745,1
2024-08-28 15:25:00-04:00,351.92,352.04,351.92,352.04,863.0,352.009,8
2024-08-28 15:30:00-04:00,351.94,352.58,351.94,352.17,3474.0,352.25,23
2024-08-28 15:35:00-04:00,352.17,352.41,351.89,352.02,2400.0,352.083,23
2024-08-28 15:40:00-04:00,352.04,352.04,351.38,351.58,5269.0,351.664,45
2024-08-28 15:45:00-04:00,351.68,352.07,351.55,351.81,5353.0,351.89,47
2024-08-28 15:50:00-04:00,351.81,352.51,351.43,352.51,12719.0,351.901,97
2024-08-28 15:55:00-04:00,352.36,352.8,352.14,352.4,36771.0,352.494,288
2024-08-29 09:30:00-04:00,354.3,354.67,353.92,354.13,7957.0,354.287,17
2024-08-29 09:35:00-04:00,354.48,354.96,354.36,354.96,418.0,354.702,3
2024-08-29 09:40:00-04:00,354.36,354.5,353.72,353.75,1113.0,354.008,11
2024-08-29 09:45:00-04:00,353.73,353.75,352.38,353.11,2781.0,353.003,19
2024-08-29 09:50:00-04:00,352.74,352.87,352.04,352.87,1992.0,352.427,14
2024-08-29 09:55:00-04:00,352.87,353.03,352.87,353.03,507.0,352.933,4
2024-08-29 10:00:00-04:00,353.37,354.35,353.03,354.05,1041.0,353.784,10
2024-08-29 10:05:00-04:00,354.05,354.79,353.75,354.71,3548.0,354.241,25
2024-08-29 10:10:00-04:00,354.71,355.54,354.46,355.13,3483.0,354.938,24
2024-08-29 10:15:00-04:00,355.4,355.4,354.64,355.28,3894.0,355.09,26
2024-08-29 10:20:00-04:00,354.92,355.85,354.92,355.85,1001.0,355.111,9
2024-08-29 10:25:00-04:00,355.62,356.22,355.54,356.18,2355.0,355.874,21
2024-08-29 10:30:00-04:00,356.51,356.51,356.08,356.08,2014.0,356.218,17
2024-08-29 10:35:00-04:00,356.3,356.66,356.29,356.46,1092.0,356.498,10
2024-08-29 10:40:00-04:00,356.65,356.78,356.45,356.64,1568.0,356.551,9
2024-08-29 10:45:00-04:00,356.9,356.92,356.86,356.86,500.0,356.881,4
2024-08-29 10:50:00-04:00,356.9,357.15,356.59,356.68,7869.0,356.898,43
2024-08-29 10:55:00-04:00,357.16,357.16,356.09,356.43,4078.0,356.714,36
2024-08-29 11:00:00-04:00,356.69,357.23,356.64,356.95,4995.0,356.959,32
2024-08-29 11:05:00-04:00,356.88,357.09,356.6,356.98,3451.0,356.83,25
2024-08-29 11:10:00-04:00,356.88,357.8,356.87,357.8,2843.0,357.066,21
2024-08-29 11:15:00-04:00,358.06,358.28,357.74,357.83,5893.0,357.992,40
2024-08-29 11:20:00-04:00,357.75,358.12,357.52,358.12,1919.0,357.738,19
2024-08-29 11:25:00-04:00,358.33,358.4,358.09,358.1,6034.0,358.211,50
2024-08-29 11:30:00-04:00,358.1,358.21,357.71,357.71,4634.0,357.94,35
2024-08-29 11:35:00-04:00,357.46,357.47,356.53,357.11,6211.0,357.015,53
2024-08-29 11:40:00-04:00,357.21,357.43,357.04,357.04,1352.0,357.21,13
2024-08-29 11:45:00-04:00,357.13,357.63,357.13,357.53,2040.0,357.35,18
2024-08-29 11:50:00-04:00,357.55,357.55,356.81,356.99,2288.0,357.161,19
2024-08-29 11:55:00-04:00,356.99,357.26,356.98,357.13,1301.0,357.112,11
2024-08-29 12:00:00-04:00,357.36,357.68,357.36,357.54,1779.0,357.475,16
2024-08-29 12:05:00-04:00,357.55,358.0,357.31,357.94,928.0,357.637,7
2024-08-29 12:10:00-04:00,357.81,358.16,357.8,358.09,5220.0,357.898,22
2024-08-29 12:15:00-04:00,358.1,358.39,357.89,358.38,3033.0,358.115,22
2024-08-29 12:20:00-04:00,358.48,358.81,358.27,358.81,2700.0,358.491,23
2024-08-29 12:25:00-04:00,358.79,358.81,358.44,358.72,2211.0,358.646,16
2024-08-29 12:30:00-04:00,358.63,358.81,358.46,358.64,1581.0,358.683,12
2024-08-29 12:35:00-04:00,358.79,359.17,358.79,359.17,7065.0,358.882,58
2024-08-29 12:40:00-04:00,359.23,359.66,359.22,359.46,1581.0,359.507,14
2024-08-29 12:45:00-04:00,359.56,359.76,359.17,359.41,6430.0,359.462,54
2024-08-29 12:50:00-04:00,359.44,359.78,359.17,359.78,4120.0,359.402,36
2024-08-29 12:55:00-04:00,359.66,359.9,359.65,359.69,1241.0,359.702,8
2024-08-29 13:00:00-04:00,359.68,359.68,359.15,359.25,3343.0,359.401,30
2024-08-29 13:05:00-04:00,359.3,359.31,358.93,359.1,6090.0,359.192,35
2024-08-29 13:10:00-04:00,359.07,359.07,358.46,358.71,1933.0,358.832,18
2024-08-29 13:15:00-04:00,358.65,359.02,358.65,358.99,1412.0,358.865,13
2024-08-29 13:20:00-04:00,358.86,358.86,358.43,358.6,2290.0,358.706,18
2024-08-29 13:25:00-04:00,358.6,358.8,358.46,358.8,2034.0,358.664,18
2024-08-29 13:30:00-04:00,358.78,358.8,358.61,358.8,2251.0,358.733,21
2024-08-29 13:35:00-04:00,358.8,358.97,358.57,358.65,3689.0,358.758,32
2024-08-29 13:40:00-04:00,358.44,359.09,358.43,358.71,2159.0,358.732,15
2024-08-29 13:45:00-04:00,358.91,359.03,358.72,358.91,1428.0,358.891,12
2024-08-29 13:50:00-04:00,358.92,359.44,358.84,359.36,4273.0,359.169,37
2024-08-29 13:55:00-04:00,359.36,359.76,359.36,359.58,2810.0,359.539,21
2024-08-29 14:00:00-04:00,359.45,359.55,358.75,358.99,5261.0,359.184,42
2024-08-29 14:05:00-04:00,359.19,359.2,358.79,358.86,1214.0,358.925,11
2024-08-29 14:10:00-04:00,358.85,359.24,358.85,359.16,1538.0,359.058,13
2024-08-29 14:15:00-04:00,359.0,359.17,358.89,359.09,1118.0,359.015,10
2024-08-29 14:20:00-04:00,358.8,359.1,358.66,359.1,2249.0,358.868,19
2024-08-29 14:25:00-04:00,359.15,359.15,357.96,358.18,4023.0,358.695,32
2024-08-29 14:30:00-04:00,358.01,358.01,357.55,357.66,2623.0,357.725,24
2024-08-29 14:35:00-04:00,357.66,357.79,356.67,356.69,5171.0,357.343,48
2024-08-29 14:40:00-04:00,356.79,357.04,356.26,356.27,2800.0,356.716,27
2024-08-29 14:45:00-04:00,356.32,356.75,355.85,356.6,4159.0,356.196,35
2024-08-29 14:50:00-04:00,356.6,356.7,356.06,356.69,4252.0,356.351,35
2024-08-29 14:55:00-04:00,356.91,357.19,355.91,355.91,29675.0,356.605,46
2024-08-29 15:00:00-04:00,355.53,355.73,355.34,355.35,3055.0,355.502,20
2024-08-29 15:05:00-04:00,355.32,355.81,355.32,355.81,1400.0,355.593,14
2024-08-29 15:10:00-04:00,355.94,356.07,355.48,356.07,2200.0,355.742,20
2024-08-29 15:15:00-04:00,355.98,356.52,355.56,355.57,12718.0,356.15,98
2024-08-29 15:20:00-04:00,355.66,356.01,355.46,356.0,2082.0,355.792,19
2024-08-29 15:25:00-04:00,356.0,356.22,355.66,355.8,21204.0,355.998,168
2024-08-29 15:30:00-04:00,355.98,355.98,355.44,355.72,2950.0,355.681,26
2024-08-29 15:35:00-04:00,355.53,356.02,355.36,355.85,8925.0,355.543,38
2024-08-29 15:40:00-04:00,355.78,355.83,354.78,354.79,4281.0,355.321,41
2024-08-29 15:45:00-04:00,354.93,355.04,354.4,354.61,3834.0,354.688,36
2024-08-29 15:50:00-04:00,354.43,354.8,353.6,353.87,10339.0,354.098,87
2024-08-29 15:55:00-04:00,353.69,355.03,353.69,355.02,37432.0,354.448,258
2024-08-30 09:30:00-04:00,356.8,357.9,356.57,356.94,9683.0,357.0,21
2024-08-30 09:35:00-04:00,356.82,357.69,356.03,356.5,1600.0,356.821,16
2024-08-30 09:40:00-04:00,356.23,357.01,355.81,355.89,2899.0,356.421,28
2024-08-30 09:45:00-04:00,355.95,355.95,354.14,355.34,2984.0,355.216,29
2024-08-30 09:50:00-04:00,354.55,356.63,354.55,356.04,3127.0,355.253,31
2024-08-30 09:55:00-04:00,355.85,357.32,355.05,357.15,5019.0,356.172,40
2024-08-30 10:00:00-04:00,357.0,357.79,356.81,356.84,4555.0,357.186,34
2024-08-30 10:05:00-04:00,356.85,358.24,356.85,357.53,3773.0,357.68,31
2024-08-30 10:10:00-04:00,357.53,359.63,357.53,359.13,6256.0,359.097,43
2024-08-30 10:15:00-04:00,359.13,359.45,358.53,359.06,4922.0,359.114,45
2024-08-30 10:20:00-04:00,359.06,359.06,358.4,358.52,2945.0,358.604,26
2024-08-30 10:25:00-04:00,358.52,359.08,358.22,358.78,5618.0,358.656,41
2024-08-30 10:30:00-04:00,358.85,359.21,358.29,358.29,1960.0,358.686,19
2024-08-30 10:35:00-04:00,358.32,359.15,358.32,358.93,2400.0,358.716,24
2024-08-30 10:40:00-04:00,359.15,359.6,358.88,358.88,3400.0,359.161,33
2024-08-30 10:45:00-04:00,358.81,359.28,358.35,359.28,2900.0,358.756,29
2024-08-30 10:50:00-04:00,359.14,359.4,358.72,358.72,2846.0,358.943,24
2024-08-30 10:55:00-04:00,358.72,359.31,358.37,358.37,2590.0,358.737,24
2024-08-30 11:00:00-04:00,358.5,359.05,358.3,358.79,1800.0,358.608,18
2024-08-30 11:05:00-04:00,358.63,358.94,358.6,358.88,2934.0,358.742,19
2024-08-30 11:10:00-04:00,358.78,359.44,358.78,359.0,4593.0,359.057,38
2024-08-30 11:15:00-04:00,358.87,359.08,358.8,358.86,11130.0,358.891,26
2024-08-30 11:20:00-04:00,358.86,358.86,358.08,358.13,3068.0,358.551,26
2024-08-30 11:25:00-04:00,358.13,358.17,356.8,356.92,6858.0,357.636,38
2024-08-30 11:30:00-04:00,357.08,357.1,355.73,355.76,2500.0,356.388,24
2024-08-30 11:35:00-04:00,355.77,356.08,355.36,355.36,2870.0,355.66,26
2024-08-30 11:40:00-04:00,355.36,356.08,355.36,355.71,4105.0,355.94,38
2024-08-30 11:45:00-04:00,355.71,357.03,355.71,356.38,3357.0,356.328,31
2024-08-30 11:50:00-04:00,356.71,356.71,356.06,356.15,1368.0,356.342,13
2024-08-30 11:55:00-04:00,356.29,356.78,356.05,356.34,5918.0,356.388,42
2024-08-30 12:00:00-04:00,355.92,356.14,355.33,356.14,3247.0,355.673,31
2024-08-30 12:05:00-04:00,355.88,356.55,355.88,356.25,2140.0,356.092,21
2024-08-30 12:10:00-04:00,355.97,356.66,355.97,356.21,4021.0,356.396,36
2024-08-30 12:15:00-04:00,356.22,356.48,356.04,356.04,2635.0,356.144,26
2024-08-30 12:20:00-04:00,355.97,355.97,355.47,355.47,2002.0,355.779,19
2024-08-30 12:25:00-04:00,355.46,355.84,355.02,355.14,5600.0,355.256,49
2024-08-30 12:30:00-04:00,355.23,355.23,354.49,354.49,1528.0,354.828,12
2024-08-30 12:35:00-04:00,354.45,355.14,354.45,355.0,3308.0,354.803,30
2024-08-30 12:40:00-04:00,354.95,355.19,354.6,354.87,1333.0,354.861,12
2024-08-30 12:45:00-04:00,354.64,355.3,354.55,355.3,4472.0,355.047,41
2024-08-30 12:50:00-04:00,355.3,355.46,355.13,355.25,7405.0,355.254,65
2024-08-30 12:55:00-04:00,355.27,355.61,355.06,355.53,5231.0,355.477,43
2024-08-30 13:00:00-04:00,355.38,356.21,355.35,356.07,3661.0,355.808,35
2024-08-30 13:05:00-04:00,356.02,356.09,355.46,355.79,2800.0,355.857,23
2024-08-30 13:10:00-04:00,356.1,356.1,355.49,356.06,1300.0,355.75,13
2024-08-30 13:15:00-04:00,355.86,355.99,355.48,355.48,1900.0,355.724,18
2024-08-30 13:20:00-04:00,355.7,355.7,355.12,355.4,4036.0,355.504,28
2024-08-30 13:25:00-04:00,355.67,355.72,355.34,355.34,800.0,355.568,7
2024-08-30 13:30:00-04:00,355.34,356.22,355.34,355.95,2947.0,355.835,27
2024-08-30 13:35:00-04:00,356.06,356.06,355.66,355.66,1988.0,355.771,15
2024-08-30 13:40:00-04:00,355.56,356.26,355.56,356.06,3200.0,355.843,31
2024-08-30 13:45:00-04:00,356.06,356.31,355.85,355.95,1969.0,356.111,19
2024-08-30 13:50:00-04:00,356.14,356.89,356.14,356.37,2575.0,356.443,25
2024-08-30 13:55:00-04:00,356.87,356.87,356.32,356.32,2528.0,356.515,22
2024-08-30 14:00:00-04:00,356.32,356.77,356.25,356.43,2301.0,356.591,23
2024-08-30 14:05:00-04:00,356.58,357.07,356.57,356.99,6389.0,356.801,51
2024-08-30 14:10:00-04:00,357.05,357.73,357.05,357.5,20534.0,357.25,31
2024-08-30 14:15:00-04:00,357.49,358.12,357.49,358.12,3083.0,357.723,28
2024-08-30 14:20:00-04:00,357.87,358.31,357.83,358.31,1971.0,358.109,18
2024-08-30 14:25:00-04:00,358.13,358.63,357.92,358.15,4418.0,358.265,38
2024-08-30 14:30:00-04:00,358.0,358.23,357.98,358.12,4189.0,358.116,36
2024-08-30 14:35:00-04:00,358.12,358.47,358.03,358.38,2930.0,358.254,29
2024-08-30 14:40:00-04:00,358.32,358.56,358.13,358.5,2748.0,358.351,22
2024-08-30 14:45:00-04:00,358.38,358.42,357.92,357.99,4718.0,358.153,43
2024-08-30 14:50:00-04:00,358.44,358.74,358.33,358.43,2034.0,358.471,20
2024-08-30 14:55:00-04:00,358.38,358.71,358.16,358.71,4907.0,358.418,37
2024-08-30 15:00:00-04:00,358.42,358.68,358.42,358.5,1719.0,358.527,17
2024-08-30 15:05:00-04:00,358.5,359.03,358.5,358.62,3862.0,358.811,34
2024-08-30 15:10:00-04:00,358.51,358.6,357.87,357.91,3006.0,358.242,30
2024-08-30 15:15:00-04:00,358.1,358.47,357.91,358.16,4087.0,358.137,35
2024-08-30 15:20:00-04:00,358.17,359.21,358.17,359.01,4892.0,358.646,48
2024-08-30 15:25:00-04:00,359.0,359.3,358.89,359.05,3130.0,359.052,31
2024-08-30 15:30:00-04:00,359.06,359.45,358.78,358.81,8472.0,359.141,83
2024-08-30 15:35:00-04:00,359.03,360.32,359.03,359.86,10140.0,359.727,98
2024-08-30 15:40:00-04:00,359.81,360.13,359.51,359.74,11199.0,359.81,95
2024-08-30 15:45:00-04:00,359.74,360.07,359.58,359.85,18324.0,359.79,161
2024-08-30 15:50:00-04:00,360.03,362.14,359.82,361.92,26603.0,361.217,243
2024-08-30 15:55:00-04:00,361.66,362.43,361.44,361.61,92953.0,361.981,651
2024-09-03 09:30:00-04:00,362.25,363.16,359.7,360.69,24887.0,361.972,54
2024-09-03 09:35:00-04:00,360.69,361.26,360.0,360.01,5041.0,360.491,39
2024-09-03 09:40:00-04:00,360.0,360.4,358.9,358.91,8817.0,359.32,47
2024-09-04 09:30:00-04:00,346.88,349.16,346.35,348.48,16592.0,347.042,21
2024-09-04 09:35:00-04:00,349.04,349.04,347.29,348.81,1849.0,348.25,14
2024-09-04 09:40:00-04:00,348.84,349.41,346.81,346.81,5191.0,348.408,39
2024-09-04 09:45:00-04:00,346.75,347.26,346.35,346.35,2468.0,346.986,19
2024-09-04 09:50:00-04:00,346.65,347.98,346.39,347.98,4080.0,347.187,37
2024-09-04 09:55:00-04:00,347.75,348.52,347.2,347.73,7667.0,347.925,62
2024-09-04 10:00:00-04:00,347.54,347.84,345.85,347.11,7570.0,346.866,67
2024-09-04 10:05:00-04:00,347.11,348.51,346.58,347.59,3104.0,347.389,29
2024-09-04 10:10:00-04:00,347.34,347.34,346.03,346.55,8666.0,346.564,71
2024-09-04 10:15:00-04:00,347.15,348.48,347.14,347.23,2358.0,347.61,23
2024-09-04 10:20:00-04:00,347.38,347.96,347.33,347.37,6450.0,347.585,33
2024-09-04 10:25:00-04:00,347.14,347.29,346.44,346.87,2571.0,346.871,25
2024-09-04 10:30:00-04:00,347.64,347.64,346.95,347.38,2600.0,347.252,24
2024-09-04 10:35:00-04:00,347.38,347.75,347.29,347.58,1837.0,347.503,18
2024-09-04 10:40:00-04:00,347.37,347.48,346.74,347.48,1848.0,347.092,17
2024-09-04 10:45:00-04:00,347.48,347.49,346.64,346.82,3397.0,347.035,30
2024-09-04 10:50:00-04:00,346.86,346.94,345.64,345.94,15592.0,346.422,56
2024-09-04 10:55:00-04:00,345.94,346.6,345.73,345.81,2209.0,346.11,18
2024-09-04 11:00:00-04:00,346.11,346.6,345.86,346.1,2776.0,346.218,22
2024-09-04 11:05:00-04:00,345.92,346.17,345.43,345.43,1133.0,345.856,10
2024-09-04 11:10:00-04:00,345.8,345.8,345.28,345.49,700.0,345.494,7
2024-09-04 11:15:00-04:00,345.29,345.68,345.28,345.41,2800.0,345.352,8
2024-09-04 11:20:00-04:00,345.21,345.21,344.39,344.57,1600.0,344.8,13
2024-09-04 11:25:00-04:00,344.41,345.03,344.34,344.34,2920.0,344.667,29
2024-09-04 11:30:00-04:00,344.08,344.38,344.05,344.32,550.0,344.173,4
2024-09-04 11:35:00-04:00,344.37,344.75,344.15,344.29,2014.0,344.447,18
2024-09-04 11:40:00-04:00,344.21,344.26,343.87,344.16,1925.0,344.089,18
2024-09-04 11:45:00-04:00,344.21,344.37,343.93,344.11,1648.0,344.104,12
2024-09-04 11:50:00-04:00,343.85,343.94,343.77,343.88,800.0,343.88,8
2024-09-04 11:55:00-04:00,343.77,343.98,343.26,343.79,2124.0,343.674,18
2024-09-04 12:00:00-04:00,343.7,343.88,343.38,343.38,600.0,343.605,6
2024-09-04 12:05:00-04:00,343.46,343.79,343.29,343.73,1966.0,343.526,13
2024-09-04 12:10:00-04:00,343.67,343.67,343.42,343.5,715.0,343.551,6
2024-09-04 12:15:00-04:00,343.68,344.29,343.68,344.29,920.0,343.989,9
2024-09-04 12:20:00-04:00,343.97,344.7,343.97,344.7,1438.0,344.288,14
2024-09-04 12:25:00-04:00,344.79,344.83,344.31,344.41,1334.0,344.542,12
2024-09-04 12:30:00-04:00,344.47,344.89,344.43,344.83,1256.0,344.717,9
2024-09-04 12:35:00-04:00,344.77,344.98,344.77,344.77,1171.0,344.805,8
2024-09-04 12:40:00-04:00,344.77,344.78,344.45,344.46,1290.0,344.713,9
2024-09-04 12:45:00-04:00,344.06,344.09,343.74,343.74,2322.0,343.978,23
2024-09-04 12:50:00-04:00,344.18,344.39,344.04,344.38,3950.0,344.146,29
2024-09-04 12:55:00-04:00,344.1,344.46,343.94,344.46,735.0,344.149,7
2024-09-04 13:00:00-04:00,344.18,344.18,343.98,344.1,500.0,344.092,5
2024-09-04 13:05:00-04:00,344.25,344.63,344.25,344.63,1725.0,344.401,13
2024-09-04 13:10:00-04:00,344.56,344.75,344.55,344.59,1041.0,344.607,9
2024-09-04 13:15:00-04:00,344.67,344.71,344.48,344.68,1913.0,344.657,16
2024-09-04 13:20:00-04:00,344.47,344.48,344.47,344.47,200.0,344.47,1
2024-09-04 13:25:00-04:00,344.61,344.61,344.03,344.47,1478.0,344.347,12
2024-09-04 13:30:00-04:00,344.58,344.69,344.58,344.69,1294.0,344.675,11
2024-09-04 13:35:00-04:00,344.69,345.44,344.54,345.44,3110.0,344.883,28
2024-09-04 13:40:00-04:00,345.56,345.66,345.25,345.25,1498.0,345.414,14
2024-09-04 13:45:00-04:00,345.48,345.62,345.4,345.41,550.0,345.478,4
2024-09-04 13:50:00-04:00,345.33,345.39,345.03,345.03,1330.0,345.242,8
2024-09-04 13:55:00-04:00,345.29,345.36,345.03,345.03,1053.0,345.135,6
2024-09-04 14:00:00-04:00,345.42,345.42,345.18,345.19,759.0,345.218,7
2024-09-04 14:05:00-04:00,345.13,345.44,345.13,345.38,1471.0,345.208,9
2024-09-04 14:10:00-04:00,345.11,345.48,345.09,345.48,1050.0,345.264,9
2024-09-04 14:15:00-04:00,345.41,345.41,345.08,345.08,1300.0,345.318,13
2024-09-04 14:20:00-04:00,345.09,345.31,345.08,345.31,400.0,345.149,3
2024-09-04 14:25:00-04:00,345.21,345.47,345.21,345.44,967.0,345.4,9
2024-09-04 14:30:00-04:00,345.27,345.53,345.1,345.12,4555.0,345.314,34
2024-09-04 14:35:00-04:00,344.95,345.06,344.68,344.84,1150.0,344.842,9
2024-09-04 14:40:00-04:00,345.08,345.08,344.94,344.95,900.0,344.963,8
2024-09-04 14:45:00-04:00,344.64,344.99,344.64,344.84,1290.0,344.847,10
2024-09-04 14:50:00-04:00,344.68,344.93,344.66,344.93,1276.0,344.751,12
2024-09-04 14:55:00-04:00,345.04,345.04,344.91,344.91,302.0,344.989,3
2024-09-04 15:00:00-04:00,344.74,344.9,344.63,344.77,1523.0,344.768,12
2024-09-04 15:05:00-04:00,344.75,344.75,344.23,344.23,1176.0,344.559,11
2024-09-04 15:10:00-04:00,344.3,344.53,344.27,344.41,4057.0,344.408,36
2024-09-04 15:15:00-04:00,344.54,345.04,344.45,345.03,2828.0,344.607,24
2024-09-04 15:20:00-04:00,344.9,345.2,344.82,345.2,3318.0,344.952,30
2024-09-04 15:25:00-04:00,345.41,345.92,345.26,345.86,3240.0,345.631,30
2024-09-04 15:30:00-04:00,345.86,345.86,345.5,345.5,1774.0,345.686,17
2024-09-04 15:35:00-04:00,345.61,346.17,345.43,346.17,6547.0,345.671,50
2024-09-04 15:40:00-04:00,346.28,346.31,346.02,346.3,2755.0,346.217,23
2024-09-04 15:45:00-04:00,346.22,346.62,346.18,346.31,13252.0,346.47,36
2024-09-04 15:50:00-04:00,346.22,346.66,345.67,345.92,11631.0,346.285,102
2024-09-04 15:55:00-04:00,345.81,347.17,345.58,346.19,50558.0,346.515,383
2024-09-05 09:30:00-04:00,344.6,347.0,342.64,342.64,11232.0,344.594,30
2024-09-05 09:35:00-04:00,342.45,343.77,340.68,341.26,4433.0,342.212,38
2024-09-05 09:40:00-04:00,341.39,343.71,341.39,343.68,4976.0,342.653,32
2024-09-05 09:45:00-04:00,343.44,343.89,342.63,343.02,4081.0,343.374,31
2024-09-05 09:50:00-04:00,342.4,342.49,341.6,342.49,5199.0,342.223,25
2024-09-05 09:55:00-04:00,342.08,342.47,341.01,341.66,4115.0,341.75,35
2024-09-05 10:00:00-04:00,341.52,345.46,341.36,344.68,12297.0,343.232,104
2024-09-05 10:05:00-04:00,344.58,345.01,343.84,344.63,6791.0,344.297,21
2024-09-05 10:10:00-04:00,344.61,344.61,343.29,343.29,3105.0,343.854,20
2024-09-05 10:15:00-04:00,343.8,343.86,343.61,343.72,2605.0,343.706,23
2024-09-05 10:20:00-04:00,343.42,343.96,343.16,343.96,2606.0,343.639,20
2024-09-05 10:25:00-04:00,344.12,344.12,342.56,342.58,1906.0,343.202,14
2024-09-05 10:30:00-04:00,342.58,343.05,342.57,342.67,5210.0,342.751,42
2024-09-05 10:35:00-04:00,342.28,343.57,342.28,343.49,5733.0,343.155,40
2024-09-05 10:40:00-04:00,343.22,343.73,343.14,343.45,3180.0,343.425,25
2024-09-05 10:45:00-04:00,343.76,343.76,342.84,342.84,2073.0,343.266,18
2024-09-05 10:50:00-04:00,342.75,342.75,342.15,342.39,1935.0,342.58,16
2024-09-05 10:55:00-04:00,342.6,343.07,342.42,342.71,7422.0,342.755,49
2024-09-05 11:00:00-04:00,342.22,342.22,341.75,341.75,5436.0,342.015,45
2024-09-05 11:05:00-04:00,341.67,341.89,341.26,341.54,2100.0,341.676,15
2024-09-05 11:10:00-04:00,341.78,341.78,340.57,341.03,3378.0,341.25,29
2024-09-05 11:15:00-04:00,340.78,341.44,340.53,340.9,2613.0,341.003,26
2024-09-05 11:20:00-04:00,341.13,341.61,341.13,341.43,2027.0,341.448,16
2024-09-05 11:25:00-04:00,340.86,340.91,340.43,340.47,6685.0,340.67,39
2024-09-05 11:30:00-04:00,340.68,340.89,340.65,340.65,700.0,340.717,7
2024-09-05 11:35:00-04:00,340.63,341.4,340.63,341.16,2257.0,340.965,17
2024-09-05 11:40:00-04:00,340.99,341.24,340.53,340.53,2525.0,340.935,15
2024-09-05 11:45:00-04:00,340.52,340.53,340.1,340.2,2224.0,340.39,11
2024-09-05 11:50:00-04:00,340.38,340.72,340.27,340.48,5866.0,340.461,50
2024-09-05 11:55:00-04:00,340.47,340.63,340.35,340.53,5648.0,340.452,44
2024-09-05 12:00:00-04:00,340.53,341.06,340.33,341.06,3213.0,340.703,30
2024-09-05 12:05:00-04:00,340.88,340.97,340.48,340.67,2614.0,340.743,23
2024-09-05 12:10:00-04:00,340.55,340.55,340.32,340.53,600.0,340.484,5
2024-09-05 12:15:00-04:00,340.53,340.81,340.49,340.63,5603.0,340.682,45
2024-09-05 12:20:00-04:00,340.76,341.13,340.76,341.13,2109.0,340.867,15
2024-09-05 12:25:00-04:00,341.38,341.45,341.3,341.31,548.0,341.367,4
2024-09-05 12:30:00-04:00,341.49,341.7,341.25,341.25,2240.0,341.464,19
2024-09-05 12:35:00-04:00,341.25,341.26,340.81,341.08,1099.0,341.146,9
2024-09-05 12:40:00-04:00,341.21,341.21,341.21,341.21,100.0,341.21,1
2024-09-05 12:45:00-04:00,341.14,341.14,340.89,341.04,1649.0,341.099,12
2024-09-05 12:50:00-04:00,341.03,341.23,341.03,341.08,900.0,341.142,9
2024-09-05 12:55:00-04:00,341.26,341.31,341.19,341.31,537.0,341.25,5
2024-09-05 13:00:00-04:00,340.97,341.34,340.97,341.24,1473.0,341.198,11
2024-09-05 13:05:00-04:00,341.11,341.26,340.99,341.26,1878.0,341.14,12
2024-09-05 13:10:00-04:00,341.21,341.26,341.14,341.14,1000.0,341.206,8
2024-09-05 13:15:00-04:00,341.11,341.13,340.72,340.97,2915.0,340.971,26
2024-09-05 13:20:00-04:00,340.97,340.99,340.96,340.99,534.0,340.975,5
2024-09-05 13:25:00-04:00,340.99,340.99,340.56,340.56,2157.0,340.797,17
2024-09-05 13:30:00-04:00,340.82,341.11,340.82,340.99,1600.0,340.973,14
2024-09-05 13:35:00-04:00,341.04,341.64,341.02,341.44,3665.0,341.377,33
2024-09-05 13:40:00-04:00,341.49,341.76,341.45,341.64,2500.0,341.613,18
2024-09-05 13:45:00-04:00,341.84,342.38,341.84,342.31,2375.0,342.126,16
2024-09-05 13:50:00-04:00,342.04,342.28,342.03,342.03,1023.0,342.129,9
2024-09-05 13:55:00-04:00,342.2,342.48,341.83,342.33,4172.0,342.32,39
2024-09-05 14:00:00-04:00,342.52,342.52,341.93,342.0,3628.0,342.231,26
2024-09-05 14:05:00-04:00,342.03,342.18,341.62,341.62,10109.0,341.99,40
2024-09-05 14:10:00-04:00,341.79,342.16,341.47,341.69,13309.0,341.846,75
2024-09-05 14:15:00-04:00,341.52,342.07,341.52,341.95,1806.0,341.832,15
2024-09-05 14:20:00-04:00,341.97,341.99,341.7,341.77,1700.0,341.871,14
2024-09-05 14:25:00-04:00,341.76,342.06,341.59,341.59,1343.0,341.769,11
2024-09-05 14:30:00-04:00,341.52,341.86,341.45,341.57,1624.0,341.695,16
2024-09-05 14:35:00-04:00,341.69,341.77,341.54,341.69,951.0,341.699,7
2024-09-05 14:40:00-04:00,341.87,341.94,341.5,341.58,3696.0,341.762,30
2024-09-05 14:45:00-04:00,341.73,341.97,341.69,341.87,5924.0,341.877,51
2024-09-05 14:50:00-04:00,341.75,342.0,341.35,341.88,16974.0,341.66,98
2024-09-05 14:55:00-04:00,341.81,342.26,341.8,342.12,4787.0,342.019,24
2024-09-05 15:00:00-04:00,342.19,342.33,342.07,342.19,4817.0,342.247,39
2024-09-05 15:05:00-04:00,342.06,342.1,341.52,341.76,2437.0,341.871,14
2024-09-05 15:10:00-04:00,341.66,342.04,341.55,341.89,2085.0,341.814,18
2024-09-05 15:15:00-04:00,341.77,341.77,340.77,341.48,1960.0,341.384,18
2024-09-05 15:20:00-04:00,341.35,341.48,341.23,341.38,1689.0,341.367,13
2024-09-05 15:25:00-04:00,341.63,341.95,341.5,341.95,4418.0,341.674,34
2024-09-05 15:30:00-04:00,341.72,343.16,341.72,342.92,8577.0,342.673,66
2024-09-05 15:35:00-04:00,342.92,343.17,342.46,342.46,6564.0,342.942,49
2024-09-05 15:40:00-04:00,342.13,342.31,341.75,341.81,1683.0,342.004,15
2024-09-05 15:45:00-04:00,341.88,342.32,341.69,342.29,4597.0,342.038,30
2024-09-05 15:50:00-04:00,342.07,342.43,341.45,342.25,11274.0,341.868,98
2024-09-05 15:55:00-04:00,342.37,343.07,341.98,342.88,26269.0,342.579,207
2024-09-06 09:30:00-04:00,345.94,349.25,345.04,348.72,19443.0,346.175,34
2024-09-06 09:35:00-04:00,349.36,349.36,347.35,347.58,2078.0,348.479,13
2024-09-06 09:40:00-04:00,347.02,348.17,346.58,347.11,3467.0,347.193,13
2024-09-06 09:45:00-04:00,346.87,348.24,346.72,346.79,2540.0,347.537,24
2024-09-06 09:50:00-04:00,347.22,347.34,346.86,346.86,1077.0,347.028,9
2024-09-06 09:55:00-04:00,346.88,347.51,346.29,346.61,636.0,346.976,5
2024-09-06 10:00:00-04:00,346.4,346.82,345.58,345.58,5153.0,346.099,38
2024-09-06 10:05:00-04:00,345.67,345.88,344.77,345.15,5905.0,345.448,29
2024-09-06 10:10:00-04:00,345.01,345.64,344.51,344.63,6767.0,345.248,50
2024-09-06 10:15:00-04:00,344.85,345.16,343.48,344.17,6724.0,343.81,45
2024-09-06 10:20:00-04:00,344.55,344.77,343.61,343.91,3137.0,344.106,27
2024-09-06 10:25:00-04:00,343.26,343.54,342.93,342.96,1770.0,343.091,14
2024-09-06 10:30:00-04:00,342.99,343.95,342.73,342.73,9979.0,343.22,54
2024-09-06 10:35:00-04:00,342.67,343.51,342.26,342.75,1500.0,343.038,15
2024-09-06 10:40:00-04:00,342.72,343.01,342.2,342.41,1511.0,342.693,14
2024-09-06 10:45:00-04:00,342.41,342.67,341.66,342.41,15526.0,342.392,86
2024-09-06 10:50:00-04:00,342.35,342.41,341.47,341.52,3231.0,342.04,27
2024-09-06 10:55:00-04:00,341.33,342.31,341.33,342.1,3126.0,341.892,26
2024-09-06 11:00:00-04:00,342.41,345.56,342.28,344.39,7088.0,343.718,55
2024-09-06 11:05:00-04:00,344.22,344.65,342.62,342.62,1300.0,344.102,12
2024-09-06 11:10:00-04:00,342.38,342.92,342.11,342.37,2219.0,342.414,19
2024-09-06 11:15:00-04:00,342.33,342.34,340.91,341.63,3162.0,341.84,21
2024-09-06 11:20:00-04:00,341.75,341.88,341.15,341.53,1700.0,341.534,15
2024-09-06 11:25:00-04:00,341.42,341.84,341.35,341.56,1939.0,341.523,18
2024-09-06 11:30:00-04:00,341.88,342.37,341.53,342.06,6463.0,342.148,20
2024-09-06 11:35:00-04:00,342.06,342.3,341.26,341.75,3617.0,341.921,27
2024-09-06 11:40:00-04:00,341.64,341.64,341.29,341.29,589.0,341.509,5
2024-09-06 11:45:00-04:00,341.15,341.56,341.14,341.47,2335.0,341.281,14
2024-09-06 11:50:00-04:00,340.95,341.32,340.63,341.19,2452.0,340.878,20
2024-09-06 11:55:00-04:00,341.19,341.51,341.19,341.26,3901.0,341.403,32
2024-09-06 12:00:00-04:00,341.05,341.5,340.49,340.84,6087.0,341.208,29
2024-09-06 12:05:00-04:00,340.88,341.14,340.88,341.1,900.0,341.017,8
2024-09-06 12:10:00-04:00,341.13,341.14,340.52,341.1,1952.0,340.894,19
2024-09-06 12:15:00-04:00,340.79,340.85,340.56,340.56,1190.0,340.661,10
2024-09-06 12:20:00-04:00,340.76,341.02,340.17,340.59,11646.0,340.888,24
2024-09-06 12:25:00-04:00,340.84,340.89,340.16,340.16,1501.0,340.687,12
2024-09-06 12:30:00-04:00,340.45,340.83,340.02,340.83,3077.0,340.389,29
2024-09-06 12:35:00-04:00,341.13,341.13,340.4,340.4,2317.0,340.844,22
2024-09-06 12:40:00-04:00,340.39,340.65,340.13,340.44,8288.0,340.414,77
2024-09-06 12:45:00-04:00,340.44,340.44,339.94,339.99,1820.0,340.158,16
2024-09-06 12:50:00-04:00,339.87,340.12,339.36,339.36,2525.0,339.74,20
2024-09-06 12:55:00-04:00,339.65,340.2,339.43,340.0,3579.0,339.902,34
2024-09-06 13:00:00-04:00,339.79,340.04,339.52,340.04,1477.0,339.763,14
2024-09-06 13:05:00-04:00,339.72,340.42,339.71,340.31,1987.0,340.08,17
2024-09-06 13:10:00-04:00,340.36,340.51,340.06,340.31,1593.0,340.327,14
2024-09-06 13:15:00-04:00,340.46,340.62,339.62,339.87,1746.0,340.132,17
2024-09-06 13:20:00-04:00,340.01,340.39,339.87,340.38,1615.0,340.204,16
2024-09-06 13:25:00-04:00,340.27,340.28,339.49,339.58,1511.0,340.07,15
2024-09-06 13:30:00-04:00,339.48,339.57,339.41,339.41,1023.0,339.51,10
2024-09-06 13:35:00-04:00,339.48,339.61,339.13,339.58,1842.0,339.362,16
2024-09-06 13:40:00-04:00,339.23,339.48,339.23,339.48,559.0,339.34,5
2024-09-06 13:45:00-04:00,339.7,340.17,339.7,340.1,2403.0,339.876,20
2024-09-06 13:50:00-04:00,340.11,340.62,340.11,340.62,1200.0,340.373,8
2024-09-06 13:55:00-04:00,340.94,341.1,340.79,340.94,5821.0,340.987,28
2024-09-06 14:00:00-04:00,340.95,341.04,340.49,340.6,5843.0,340.729,32
2024-09-06 14:05:00-04:00,340.52,340.86,340.52,340.82,5663.0,340.639,22
2024-09-06 14:10:00-04:00,340.57,340.86,340.49,340.68,5375.0,340.712,43
2024-09-06 14:15:00-04:00,340.46,340.92,340.42,340.5,17895.0,340.616,77
2024-09-06 14:20:00-04:00,340.44,340.86,340.22,340.24,9174.0,340.47,59
2024-09-06 14:25:00-04:00,340.43,340.73,340.19,340.69,5238.0,340.402,38
2024-09-06 14:30:00-04:00,340.66,340.92,340.5,340.54,2724.0,340.691,21
2024-09-06 14:35:00-04:00,340.54,340.54,340.2,340.45,1216.0,340.4,9
2024-09-06 14:40:00-04:00,340.1,340.44,340.06,340.36,7066.0,340.324,62
2024-09-06 14:45:00-04:00,340.35,340.36,339.98,340.12,1711.0,340.137,15
2024-09-06 14:50:00-04:00,340.17,340.21,339.86,340.21,3636.0,340.038,31
2024-09-06 14:55:00-04:00,340.29,340.83,340.21,340.64,4705.0,340.538,42
2024-09-06 15:00:00-04:00,340.64,341.08,340.58,340.66,13236.0,340.692,52
2024-09-06 15:05:00-04:00,340.66,341.6,340.66,341.38,8414.0,341.259,44
2024-09-06 15:10:00-04:00,341.64,341.64,340.91,340.92,4179.0,341.217,36
2024-09-06 15:15:00-04:00,340.92,341.23,340.82,340.87,2885.0,340.967,26
2024-09-06 15:20:00-04:00,340.87,341.15,340.53,340.66,22430.0,340.933,116
2024-09-06 15:25:00-04:00,340.69,341.23,340.66,340.89,9740.0,340.874,78
2024-09-06 15:30:00-04:00,340.62,341.06,340.53,340.53,3600.0,340.681,31
2024-09-06 15:35:00-04:00,340.66,340.66,340.3,340.43,3528.0,340.487,28
2024-09-06 15:40:00-04:00,340.23,340.38,339.84,339.95,26229.0,339.989,138
2024-09-06 15:45:00-04:00,339.97,342.58,339.97,342.57,24760.0,341.148,158
2024-09-06 15:50:00-04:00,342.38,342.78,341.07,341.79,34066.0,341.842,249
2024-09-06 15:55:00-04:00,341.48,342.81,341.1,342.26,69564.0,342.161,524
2024-09-09 09:30:00-04:00,346.32,349.74,345.01,347.97,11974.0,346.339,25
2024-09-09 09:35:00-04:00,347.97,350.62,347.97,350.21,4350.0,349.193,36
2024-09-09 09:40:00-04:00,350.01,350.19,347.0,347.31,7200.0,348.358,68
2024-09-09 09:45:00-04:00,346.84,347.35,345.6,346.01,4804.0,346.313,43
2024-09-09 09:50:00-04:00,345.6,345.72,344.72,345.72,5141.0,345.289,31
2024-09-09 09:55:00-04:00,345.7,346.2,345.58,346.2,12120.0,345.753,104
2024-09-09 10:00:00-04:00,346.0,346.87,346.0,346.49,20069.0,346.632,38
2024-09-09 10:05:00-04:00,346.13,346.71,345.98,346.34,5819.0,346.331,43
2024-09-09 10:10:00-04:00,346.34,346.85,345.74,346.15,74392.0,346.403,65
2024-09-09 10:15:00-04:00,346.2,346.86,346.09,346.09,8574.0,346.495,62
2024-09-09 10:20:00-04:00,346.3,346.69,345.61,345.76,3111.0,346.028,30
2024-09-09 10:25:00-04:00,346.02,346.1,345.22,345.22,3400.0,345.679,33
2024-09-09 10:30:00-04:00,344.58,344.79,344.12,344.6,1965.0,344.463,14
2024-09-09 10:35:00-04:00,344.75,344.75,343.28,343.5,5145.0,344.169,45
2024-09-09 10:40:00-04:00,343.78,343.95,343.52,343.74,7296.0,343.723,60
2024-09-09 10:45:00-04:00,343.74,344.2,343.32,344.2,2674.0,343.769,23
2024-09-09 10:50:00-04:00,344.31,344.52,343.94,344.5,9160.0,344.443,27
2024-09-09 10:55:00-04:00,344.5,344.82,344.32,344.32,4134.0,344.537,35
2024-09-09 11:00:00-04:00,344.42,345.43,344.42,345.12,1100.0,344.864,11
2024-09-09 11:05:00-04:00,344.7,344.7,344.51,344.59,1095.0,344.658,9
2024-09-09 11:10:00-04:00,345.11,345.11,344.4,344.4,1300.0,344.716,13
2024-09-09 11:15:00-04:00,344.25,344.55,343.95,344.45,900.0,344.249,9
2024-09-09 11:20:00-04:00,344.61,345.19,344.61,345.19,1104.0,344.846,11
2024-09-09 11:25:00-04:00,345.48,346.02,345.23,346.02,1904.0,345.534,16
2024-09-09 11:30:00-04:00,346.03,346.56,345.79,345.89,5714.0,346.173,49
2024-09-09 11:35:00-04:00,345.83,346.23,345.67,346.04,4383.0,346.025,32
2024-09-09 11:40:00-04:00,346.23,346.72,346.05,346.72,3800.0,346.276,33
2024-09-09 11:45:00-04:00,346.78,347.18,346.73,347.18,1310.0,346.815,13
2024-09-09 11:50:00-04:00,347.2,347.39,347.12,347.13,418.0,347.22,4
2024-09-09 11:55:00-04:00,347.37,348.06,347.27,347.99,2949.0,347.584,14
2024-09-09 12:00:00-04:00,347.98,348.18,347.86,347.9,4496.0,348.009,38
2024-09-09 12:05:00-04:00,347.9,347.9,347.38,347.58,6379.0,347.789,26
2024-09-09 12:10:00-04:00,347.46,347.76,347.45,347.71,8529.0,347.643,41
2024-09-09 12:15:00-04:00,347.63,347.77,347.18,347.18,3905.0,347.507,38
2024-09-09 12:20:00-04:00,347.14,347.46,346.95,347.29,3584.0,347.206,26
2024-09-09 12:25:00-04:00,347.35,347.46,347.23,347.23,1552.0,347.354,15
2024-09-09 12:30:00-04:00,347.11,347.18,346.96,347.05,4026.0,347.063,37
2024-09-09 12:35:00-04:00,347.05,347.25,346.63,347.0,5617.0,347.014,38
2024-09-09 12:40:00-04:00,347.03,347.36,346.78,347.25,2325.0,347.14,12
2024-09-09 12:45:00-04:00,347.27,347.35,347.16,347.25,961.0,347.259,9
2024-09-09 12:50:00-04:00,347.16,347.25,346.99,347.22,3062.0,347.114,25
2024-09-09 12:55:00-04:00,347.11,347.11,346.88,346.89,2300.0,346.983,23
2024-09-09 13:00:00-04:00,346.9,347.32,346.89,347.27,4225.0,347.118,39
2024-09-09 13:05:00-04:00,347.44,347.6,347.25,347.5,2612.0,347.35,24
2024-09-09 13:10:00-04:00,347.53,347.53,347.11,347.13,1500.0,347.219,14
2024-09-09 13:15:00-04:00,347.05,347.05,347.04,347.05,630.0,347.045,6
2024-09-09 13:20:00-04:00,347.04,347.04,346.75,346.93,1229.0,346.877,12
2024-09-09 13:25:00-04:00,346.93,346.94,346.74,346.74,1906.0,346.797,14
2024-09-09 13:30:00-04:00,346.66,346.71,346.32,346.49,1300.0,346.51,13
2024-09-09 13:35:00-04:00,346.3,346.92,346.3,346.73,2485.0,346.595,21
2024-09-09 13:40:00-04:00,346.89,346.89,346.23,346.24,3110.0,346.478,29
2024-09-09 13:45:00-04:00,346.11,346.43,345.98,346.24,1012.0,346.236,9
2024-09-09 13:50:00-04:00,346.3,346.3,346.27,346.28,525.0,346.295,5
2024-09-09 13:55:00-04:00,346.03,346.03,345.81,345.81,1224.0,345.943,11
2024-09-09 14:00:00-04:00,345.91,345.91,345.58,345.62,801.0,345.637,8
2024-09-09 14:05:00-04:00,345.44,345.56,345.44,345.5,1000.0,345.482,9
2024-09-09 14:10:00-04:00,345.35,345.55,345.35,345.5,2020.0,345.472,13
2024-09-09 14:15:00-04:00,345.55,345.71,345.34,345.71,12007.0,345.522,62
2024-09-09 14:20:00-04:00,345.98,345.98,345.65,345.94,799.0,345.797,6
2024-09-09 14:25:00-04:00,346.06,346.46,345.76,345.95,1751.0,346.045,15
2024-09-09 14:30:00-04:00,345.89,346.16,345.76,346.11,2563.0,346.007,25
2024-09-09 14:35:00-04:00,346.09,346.28,345.24,345.24,3082.0,345.862,27
2024-09-09 14:40:00-04:00,345.4,346.16,345.4,346.02,1981.0,345.893,17
2024-09-09 14:45:00-04:00,346.13,346.17,345.81,346.17,2506.0,346.025,20
2024-09-09 14:50:00-04:00,346.26,346.42,346.16,346.35,3851.0,346.305,36
2024-09-09 14:55:00-04:00,346.35,346.47,346.11,346.34,3585.0,346.27,31
2024-09-09 15:00:00-04:00,346.09,346.09,345.71,345.82,2972.0,345.959,25
2024-09-09 15:05:00-04:00,345.48,345.86,345.41,345.59,3393.0,345.538,29
2024-09-09 15:10:00-04:00,345.62,345.62,345.16,345.17,3005.0,345.416,27
2024-09-09 15:15:00-04:00,345.16,345.44,345.09,345.18,3879.0,345.255,33
2024-09-09 15:20:00-04:00,345.09,345.12,344.74,345.02,3980.0,344.973,38
2024-09-09 15:25:00-04:00,345.1,345.72,344.99,345.71,5884.0,345.266,55
2024-09-09 15:30:00-04:00,345.69,345.84,344.89,344.89,4385.0,345.56,37
2024-09-09 15:35:00-04:00,345.0,345.76,345.0,345.49,6090.0,345.483,56
2024-09-09 15:40:00-04:00,345.49,346.26,345.48,346.16,8020.0,345.925,71
2024-09-09 15:45:00-04:00,345.94,346.06,345.4,345.55,6608.0,345.643,57
2024-09-09 15:50:00-04:00,345.41,345.55,344.63,345.18,15970.0,345.02,145
2024-09-09 15:55:00-04:00,345.13,345.59,345.09,345.36,33690.0,345.315,215
2024-09-10 09:30:00-04:00,348.76,348.76,345.54,346.17,10393.0,348.246,20
2024-09-10 09:35:00-04:00,345.92,347.17,344.92,345.05,2693.0,345.884,26
2024-09-10 09:40:00-04:00,346.04,348.67,345.76,347.8,6634.0,346.809,51
2024-09-10 09:45:00-04:00,348.08,349.27,348.06,348.38,6518.0,348.538,36
2024-09-10 09:50:00-04:00,348.36,348.81,348.24,348.52,5637.0,348.569,39
2024-09-10 09:55:00-04:00,348.48,348.73,347.95,347.98,3522.0,348.366,18
2024-09-10 10:00:00-04:00,347.97,348.92,347.18,347.23,10866.0,348.168,33
2024-09-10 10:05:00-04:00,347.72,347.72,345.19,347.55,13384.0,346.374,71
2024-09-10 10:10:00-04:00,345.86,345.86,344.33,345.06,1967.0,344.993,15
2024-09-10 10:15:00-04:00,345.68,345.95,344.54,345.69,3329.0,345.6,25
2024-09-10 10:20:00-04:00,345.69,345.94,345.01,345.16,1977.0,345.484,18
2024-09-10 10:25:00-04:00,345.64,346.79,345.64,346.79,2281.0,346.378,14
2024-09-10 10:30:00-04:00,346.89,346.89,345.92,345.98,1105.0,346.43,9
2024-09-10 10:35:00-04:00,345.4,346.31,345.38,345.87,3733.0,345.928,25
2024-09-10 10:40:00-04:00,345.88,346.15,345.27,345.59,1980.0,345.732,14
2024-09-10 10:45:00-04:00,345.44,345.85,345.0,345.61,5235.0,345.473,32
2024-09-10 10:50:00-04:00,345.94,345.96,345.47,345.96,3949.0,345.829,20
2024-09-10 10:55:00-04:00,345.74,346.59,345.45,345.95,3736.0,345.932,31
2024-09-10 11:00:00-04:00,345.73,346.3,345.65,346.05,1482.0,346.066,12
2024-09-10 11:05:00-04:00,346.22,346.78,345.98,346.77,1576.0,346.502,13
2024-09-10 11:10:00-04:00,347.02,347.29,347.02,347.04,771.0,347.106,7
2024-09-10 11:15:00-04:00,346.9,347.12,346.67,347.12,1434.0,346.87,13
2024-09-10 11:20:00-04:00,346.9,347.2,346.86,347.17,1000.0,347.064,9
2024-09-10 11:25:00-04:00,347.4,347.4,347.11,347.12,2158.0,347.283,19
2024-09-10 11:30:00-04:00,347.13,347.13,345.91,345.91,2254.0,346.736,13
2024-09-10 11:35:00-04:00,345.78,345.78,345.11,345.3,1880.0,345.308,17
2024-09-10 11:40:00-04:00,345.16,345.84,344.99,345.54,3563.0,345.549,27
2024-09-10 11:45:00-04:00,345.72,345.72,345.19,345.19,736.0,345.35,7
2024-09-10 11:50:00-04:00,344.67,344.89,344.39,344.39,1036.0,344.753,5
2024-09-10 11:55:00-04:00,344.4,345.21,343.97,343.97,2439.0,344.694,22
2024-09-10 12:00:00-04:00,344.03,344.03,343.47,343.47,200.0,343.748,2
2024-09-10 12:05:00-04:00,343.81,344.35,343.8,344.35,640.0,344.111,6
2024-09-10 12:10:00-04:00,343.99,343.99,343.75,343.88,845.0,343.847,8
2024-09-10 12:15:00-04:00,343.67,344.09,343.67,343.91,1820.0,343.933,15
2024-09-10 12:20:00-04:00,343.98,343.98,343.84,343.85,700.0,343.894,7
2024-09-10 12:25:00-04:00,344.12,344.22,343.94,344.0,2093.0,344.032,10
2024-09-10 12:30:00-04:00,343.99,343.99,343.27,343.52,5987.0,343.629,35
2024-09-10 12:35:00-04:00,343.65,344.03,343.55,343.61,4961.0,343.75,34
2024-09-10 12:40:00-04:00,343.77,344.15,343.76,344.15,1150.0,343.993,11
2024-09-10 12:45:00-04:00,343.97,344.35,343.93,344.35,686.0,344.139,6
2024-09-10 12:50:00-04:00,344.32,344.88,344.25,344.88,1520.0,344.486,15
2024-09-10 12:55:00-04:00,344.65,345.13,344.65,345.13,3868.0,344.935,20
2024-09-10 13:00:00-04:00,344.81,344.81,344.52,344.71,525.0,344.652,4
2024-09-10 13:05:00-04:00,344.73,345.33,344.73,345.33,855.0,345.06,8
2024-09-10 13:10:00-04:00,345.03,345.28,345.03,345.28,204.0,345.157,2
2024-09-10 13:15:00-04:00,345.49,345.66,345.41,345.41,748.0,345.522,7
2024-09-10 13:20:00-04:00,345.08,345.25,344.88,345.24,800.0,345.049,8
2024-09-10 13:25:00-04:00,345.18,345.22,345.05,345.22,689.0,345.148,4
2024-09-10 13:30:00-04:00,345.09,345.1,345.09,345.1,2191.0,345.097,9
2024-09-10 13:35:00-04:00,345.1,345.16,344.75,345.16,3018.0,344.921,22
2024-09-10 13:40:00-04:00,345.19,345.19,344.71,345.17,1268.0,344.942,9
2024-09-10 13:45:00-04:00,344.6,344.98,344.6,344.77,400.0,344.833,4
2024-09-10 13:50:00-04:00,344.78,344.88,344.66,344.8,1027.0,344.752,7
2024-09-10 13:55:00-04:00,344.8,344.8,344.8,344.8,0.0,344.8,0
2024-09-10 14:00:00-04:00,344.55,345.19,344.55,345.14,4932.0,344.958,35
2024-09-10 14:05:00-04:00,344.86,345.13,344.83,344.84,300.0,344.94,3
2024-09-10 14:10:00-04:00,344.79,345.16,344.79,344.89,1400.0,345.0,13
2024-09-10 14:15:00-04:00,345.16,345.17,345.06,345.06,1027.0,345.135,9
2024-09-10 14:20:00-04:00,345.09,345.09,344.27,344.89,3268.0,344.822,27
2024-09-10 14:25:00-04:00,345.02,345.57,344.74,345.57,2238.0,345.175,19
2024-09-10 14:30:00-04:00,345.42,345.87,345.42,345.87,810.0,345.64,8
2024-09-10 14:35:00-04:00,345.78,345.78,345.75,345.75,200.0,345.763,2
2024-09-10 14:40:00-04:00,345.88,346.22,345.88,345.9,1318.0,345.948,13
2024-09-10 14:45:00-04:00,346.03,346.32,345.96,346.11,906.0,346.09,9
2024-09-10 14:50:00-04:00,346.12,346.33,345.93,346.33,2112.0,346.03,19
2024-09-10 14:55:00-04:00,345.99,346.34,345.98,346.18,1037.0,346.186,10
2024-09-10 15:00:00-04:00,346.18,346.25,345.86,346.25,1858.0,346.044,17
2024-09-10 15:05:00-04:00,346.26,346.3,345.98,346.14,2082.0,346.123,18
2024-09-10 15:10:00-04:00,345.88,346.26,345.88,346.18,3025.0,346.08,29
2024-09-10 15:15:00-04:00,346.33,346.47,346.33,346.47,1083.0,346.379,9
2024-09-10 15:20:00-04:00,346.49,346.7,346.48,346.61,1010.0,346.589,9
2024-09-10 15:25:00-04:00,346.6,346.89,346.6,346.62,1725.0,346.732,16
2024-09-10 15:30:00-04:00,346.62,346.62,345.9,346.36,4903.0,346.37,41
2024-09-10 15:35:00-04:00,346.37,346.44,345.82,345.82,2352.0,346.236,22
2024-09-10 15:40:00-04:00,346.02,346.22,345.77,346.21,4213.0,346.032,35
2024-09-10 15:45:00-04:00,346.18,346.95,346.17,346.49,3286.0,346.561,25
2024-09-10 15:50:00-04:00,346.12,346.93,345.96,346.93,5929.0,346.344,43
2024-09-10 15:55:00-04:00,347.09,347.09,345.9,346.14,51884.0,346.184,366
2024-09-11 09:30:00-04:00,346.42,347.67,344.56,345.06,9651.0,346.304,15
2024-09-11 09:35:00-04:00,343.05,343.97,342.75,343.22,1481.0,343.297,14
2024-09-11 09:40:00-04:00,343.22,344.15,341.97,341.97,2023.0,343.414,19
2024-09-11 09:45:00-04:00,342.76,343.06,342.34,343.06,1080.0,342.628,9
2024-09-11 09:50:00-04:00,342.63,343.09,341.59,342.85,2273.0,342.442,19
2024-09-11 09:55:00-04:00,343.23,343.23,342.6,342.92,1444.0,342.904,14
2024-09-11 10:00:00-04:00,342.38,342.97,342.22,342.37,2991.0,342.562,26
2024-09-11 10:05:00-04:00,342.6,343.37,342.2,342.82,6851.0,342.877,59
2024-09-11 10:10:00-04:00,342.72,343.12,342.23,342.24,3940.0,342.7,15
2024-09-11 10:15:00-04:00,341.57,341.75,341.01,341.75,1550.0,341.417,10
2024-09-11 10:20:00-04:00,341.0,341.84,340.61,341.56,2861.0,341.473,24
2024-09-11 10:25:00-04:00,341.32,341.65,341.05,341.65,2648.0,341.447,18
2024-09-11 10:30:00-04:00,341.57,341.57,340.79,341.36,4805.0,341.194,33
2024-09-11 10:35:00-04:00,341.48,342.45,341.41,341.85,3311.0,341.988,30
2024-09-11 10:40:00-04:00,342.04,342.04,341.05,341.9,1909.0,341.647,18
2024-09-11 10:45:00-04:00,341.59,341.92,341.4,341.62,2792.0,341.559,26
2024-09-11 10:50:00-04:00,342.1,342.64,341.69,342.49,1500.0,342.219,14
2024-09-11 10:55:00-04:00,342.51,343.14,342.26,343.14,3942.0,342.755,37
2024-09-11 11:00:00-04:00,343.14,343.61,342.56,343.08,3645.0,342.897,33
2024-09-11 11:05:00-04:00,343.31,343.5,342.48,342.59,6165.0,343.191,54
2024-09-11 11:10:00-04:00,343.03,344.14,343.02,343.96,15877.0,343.462,69
2024-09-11 11:15:00-04:00,343.94,343.94,343.07,343.38,10074.0,343.547,84
2024-09-11 11:20:00-04:00,343.14,343.34,342.35,342.74,2948.0,342.862,27
2024-09-11 11:25:00-04:00,343.04,343.86,343.0,343.84,8126.0,343.258,71
2024-09-11 11:30:00-04:00,343.86,344.36,343.6,344.36,6070.0,343.867,52
2024-09-11 11:35:00-04:00,344.28,346.23,343.95,346.23,28267.0,344.78,64
2024-09-11 11:40:00-04:00,346.14,346.67,345.85,346.67,6260.0,346.24,56
2024-09-11 11:45:00-04:00,346.67,346.75,345.92,346.13,3093.0,346.361,28
2024-09-11 11:50:00-04:00,346.41,346.41,345.96,346.16,600.0,346.228,5
2024-09-11 11:55:00-04:00,346.06,346.25,344.69,345.99,5971.0,345.655,53
2024-09-11 12:00:00-04:00,346.21,347.11,346.21,347.11,2968.0,346.661,29
2024-09-11 12:05:00-04:00,347.47,348.02,347.13,347.28,4803.0,347.553,38
2024-09-11 12:10:00-04:00,347.56,347.66,347.13,347.64,8760.0,347.602,24
2024-09-11 12:15:00-04:00,347.68,347.72,347.17,347.67,2930.0,347.394,29
2024-09-11 12:20:00-04:00,347.78,347.84,347.06,347.52,2911.0,347.494,26
2024-09-11 12:25:00-04:00,347.62,347.84,347.07,347.64,3298.0,347.515,19
2024-09-11 12:30:00-04:00,347.83,348.39,347.68,348.38,3546.0,347.976,28
2024-09-11 12:35:00-04:00,348.18,348.29,347.8,348.12,2079.0,348.141,18
2024-09-11 12:40:00-04:00,348.56,348.57,347.68,347.68,5813.0,347.987,55
2024-09-11 12:45:00-04:00,347.96,348.4,347.88,348.07,5318.0,348.161,24
2024-09-11 12:50:00-04:00,348.34,348.35,348.34,348.35,300.0,348.347,3
2024-09-11 12:55:00-04:00,348.24,348.24,347.85,348.13,1576.0,348.069,14
2024-09-11 13:00:00-04:00,348.28,348.5,348.11,348.42,2883.0,348.296,27
2024-09-11 13:05:00-04:00,348.54,349.59,348.54,349.56,4473.0,349.248,24
2024-09-11 13:10:00-04:00,349.67,350.11,349.67,350.0,2274.0,349.941,21
2024-09-11 13:15:00-04:00,350.06,350.23,349.8,349.84,1946.0,349.962,17
2024-09-11 13:20:00-04:00,349.84,349.86,349.47,349.67,1305.0,349.724,12
2024-09-11 13:25:00-04:00,349.94,350.62,349.94,350.49,2883.0,350.354,26
2024-09-11 13:30:00-04:00,350.57,350.83,350.57,350.73,1495.0,350.741,14
2024-09-11 13:35:00-04:00,350.76,351.07,350.75,351.07,1732.0,350.906,16
2024-09-11 13:40:00-04:00,351.25,352.23,351.09,351.71,13788.0,351.797,102
2024-09-11 13:45:00-04:00,351.72,353.34,351.72,352.59,6695.0,352.569,50
2024-09-11 13:50:00-04:00,352.9,352.91,352.11,352.11,4572.0,352.703,26
2024-09-11 13:55:00-04:00,352.37,352.37,351.31,351.31,500.0,351.639,5
2024-09-11 14:00:00-04:00,351.31,351.54,351.3,351.54,522.0,351.395,5
2024-09-11 14:05:00-04:00,351.36,351.68,351.35,351.38,924.0,351.428,6
2024-09-11 14:10:00-04:00,351.73,351.76,351.35,351.53,5988.0,351.561,57
2024-09-11 14:15:00-04:00,351.52,352.23,351.5,352.23,7289.0,351.913,28
2024-09-11 14:20:00-04:00,352.26,352.57,351.99,352.57,1124.0,352.331,11
2024-09-11 14:25:00-04:00,352.5,352.5,351.95,352.2,4781.0,352.308,44
2024-09-11 14:30:00-04:00,352.31,352.65,352.2,352.53,902.0,352.374,9
2024-09-11 14:35:00-04:00,352.45,352.93,352.17,352.92,4854.0,352.579,42
2024-09-11 14:40:00-04:00,352.94,353.38,352.84,353.36,5787.0,353.11,42
2024-09-11 14:45:00-04:00,353.37,353.73,353.11,353.48,4727.0,353.427,41
2024-09-11 14:50:00-04:00,353.37,353.5,352.84,352.99,5824.0,353.118,57
2024-09-11 14:55:00-04:00,353.08,353.53,353.07,353.38,2200.0,353.28,21
2024-09-11 15:00:00-04:00,353.45,353.45,353.02,353.08,3096.0,353.15,24
2024-09-11 15:05:00-04:00,353.44,353.74,353.33,353.67,1757.0,353.495,15
2024-09-11 15:10:00-04:00,353.59,353.79,353.45,353.65,3429.0,353.618,33
2024-09-11 15:15:00-04:00,353.64,354.07,353.51,353.83,2969.0,353.857,29
2024-09-11 15:20:00-04:00,353.64,354.12,353.64,354.01,915.0,353.894,9
2024-09-11 15:25:00-04:00,354.01,354.32,354.01,354.2,6297.0,354.127,55
2024-09-11 15:30:00-04:00,354.18,354.21,353.01,353.31,6891.0,353.807,61
2024-09-11 15:35:00-04:00,353.58,353.58,352.56,352.56,4217.0,352.993,40
2024-09-11 15:40:00-04:00,352.62,352.85,351.86,352.47,4943.0,352.519,46
2024-09-11 15:45:00-04:00,352.44,353.24,352.22,353.24,7889.0,352.868,65
2024-09-11 15:50:00-04:00,353.36,353.63,352.51,353.63,15562.0,352.907,135
2024-09-11 15:55:00-04:00,353.67,354.8,353.48,354.34,61056.0,354.32,489
2024-09-12 09:30:00-04:00,353.15,354.1,352.49,352.98,15405.0,353.165,35
2024-09-12 09:35:00-04:00,353.19,353.77,352.72,353.04,1533.0,353.165,15
2024-09-12 09:40:00-04:00,353.0,356.25,353.0,356.25,4550.0,354.895,35
2024-09-12 09:45:00-04:00,356.22,356.24,353.7,353.7,5439.0,354.972,45
2024-09-12 09:50:00-04:00,353.54,354.98,352.67,353.98,4659.0,353.833,43
2024-09-12 09:55:00-04:00,355.17,355.17,353.77,354.6,2106.0,354.325,14
2024-09-12 10:00:00-04:00,354.35,354.4,353.59,353.75,5491.0,354.033,22
2024-09-12 10:05:00-04:00,353.74,355.36,353.73,355.13,4840.0,354.408,28
2024-09-12 10:10:00-04:00,355.2,355.73,354.96,355.73,2352.0,355.31,20
2024-09-12 10:15:00-04:00,355.65,356.43,355.02,356.22,4267.0,355.687,34
2024-09-12 10:20:00-04:00,356.12,357.22,355.6,357.16,1512.0,356.594,15
2024-09-12 10:25:00-04:00,357.17,357.87,357.0,357.36,4806.0,357.431,33
2024-09-12 10:30:00-04:00,357.44,357.83,357.33,357.71,1073.0,357.513,10
2024-09-12 10:35:00-04:00,357.47,358.14,357.0,358.14,1716.0,357.623,17
2024-09-12 10:40:00-04:00,357.97,358.37,357.75,358.04,6438.0,357.913,30
2024-09-12 10:45:00-04:00,358.25,358.25,357.26,357.98,4498.0,357.872,39
2024-09-12 10:50:00-04:00,358.0,358.0,356.56,356.56,1163.0,357.285,11
2024-09-12 10:55:00-04:00,356.73,356.86,355.68,355.69,4767.0,356.518,43
2024-09-12 11:00:00-04:00,355.32,356.23,355.32,356.23,4788.0,355.665,43
2024-09-12 11:05:00-04:00,356.26,356.26,355.18,355.52,3238.0,355.651,28
2024-09-12 11:10:00-04:00,355.06,355.81,355.06,355.81,1372.0,355.434,11
2024-09-12 11:15:00-04:00,355.95,355.95,355.34,355.67,3663.0,355.606,33
2024-09-12 11:20:00-04:00,355.67,355.67,354.49,354.49,5634.0,355.043,37
2024-09-12 11:25:00-04:00,354.75,354.89,354.2,354.37,3763.0,354.557,36
2024-09-12 11:30:00-04:00,354.31,355.08,354.31,354.38,5037.0,354.627,45
2024-09-12 11:35:00-04:00,354.5,354.81,354.38,354.39,3653.0,354.602,31
2024-09-12 11:40:00-04:00,354.54,354.65,353.96,353.96,5041.0,354.405,37
2024-09-12 11:45:00-04:00,354.04,354.11,353.66,353.84,4023.0,353.835,26
2024-09-12 11:50:00-04:00,353.84,354.07,353.64,353.94,4917.0,353.855,40
2024-09-12 11:55:00-04:00,354.27,354.58,354.12,354.12,1900.0,354.245,16
2024-09-12 12:00:00-04:00,354.25,354.75,354.25,354.64,1461.0,354.571,12
2024-09-12 12:05:00-04:00,354.68,354.68,354.32,354.44,1814.0,354.446,16
2024-09-12 12:10:00-04:00,354.61,354.61,354.49,354.5,641.0,354.574,4
2024-09-12 12:15:00-04:00,354.71,355.19,354.65,355.11,5873.0,354.972,33
2024-09-12 12:20:00-04:00,355.11,355.65,355.1,355.46,5274.0,355.307,48
2024-09-12 12:25:00-04:00,355.4,355.4,355.11,355.11,1300.0,355.327,12
2024-09-12 12:30:00-04:00,355.28,355.73,355.21,355.67,5337.0,355.491,47
2024-09-12 12:35:00-04:00,355.66,355.94,355.44,355.54,4150.0,355.641,32
2024-09-12 12:40:00-04:00,355.37,355.68,355.3,355.5,6614.0,355.447,53
2024-09-12 12:45:00-04:00,355.5,355.95,355.5,355.9,3322.0,355.765,24
2024-09-12 12:50:00-04:00,355.9,356.9,355.9,356.84,10815.0,356.325,91
2024-09-12 12:55:00-04:00,356.85,357.15,356.5,357.05,3108.0,356.813,25
2024-09-12 13:00:00-04:00,357.05,357.32,356.67,356.67,2508.0,356.976,22
2024-09-12 13:05:00-04:00,356.91,356.91,356.57,356.85,3010.0,356.744,25
2024-09-12 13:10:00-04:00,356.65,356.65,356.54,356.54,900.0,356.587,7
2024-09-12 13:15:00-04:00,356.81,357.0,356.67,356.67,901.0,356.806,9
2024-09-12 13:20:00-04:00,356.59,357.06,356.58,356.99,2781.0,356.944,26
2024-09-12 13:25:00-04:00,356.99,357.11,356.82,356.83,4174.0,356.929,37
2024-09-12 13:30:00-04:00,356.87,356.92,356.75,356.75,1207.0,356.802,6
2024-09-12 13:35:00-04:00,356.94,357.1,356.94,357.0,638.0,357.044,4
2024-09-12 13:40:00-04:00,356.94,356.96,356.77,356.84,2134.0,356.849,21
2024-09-12 13:45:00-04:00,356.85,357.12,356.84,357.12,2124.0,357.064,16
2024-09-12 13:50:00-04:00,357.12,357.69,357.01,357.69,5937.0,357.263,58
2024-09-12 13:55:00-04:00,357.64,357.87,357.47,357.83,2250.0,357.696,18
2024-09-12 14:00:00-04:00,357.7,357.8,357.56,357.8,1738.0,357.662,14
2024-09-12 14:05:00-04:00,357.46,357.61,357.06,357.06,2493.0,357.339,23
2024-09-12 14:10:00-04:00,357.07,357.07,356.71,357.01,3683.0,356.88,32
2024-09-12 14:15:00-04:00,357.27,357.27,356.55,356.55,1753.0,356.935,12
2024-09-12 14:20:00-04:00,356.63,357.04,356.47,356.96,2400.0,356.881,23
2024-09-12 14:25:00-04:00,356.96,357.0,356.54,356.54,3634.0,356.77,27
2024-09-12 14:30:00-04:00,356.82,356.82,356.49,356.69,903.0,356.62,9
2024-09-12 14:35:00-04:00,356.69,356.99,356.68,356.76,2543.0,356.886,19
2024-09-12 14:40:00-04:00,356.94,357.33,356.91,357.21,5497.0,357.08,52
2024-09-12 14:45:00-04:00,357.16,357.33,357.01,357.16,2852.0,357.089,21
2024-09-12 14:50:00-04:00,357.17,357.17,355.76,356.5,5204.0,356.574,31
2024-09-12 14:55:00-04:00,356.63,357.0,356.5,356.92,2110.0,356.708,20
2024-09-12 15:00:00-04:00,356.93,357.06,356.67,356.67,3394.0,356.935,30
2024-09-12 15:05:00-04:00,356.92,357.3,356.88,357.17,5952.0,357.046,56
2024-09-12 15:10:00-04:00,357.17,357.6,357.17,357.46,1817.0,357.383,18
2024-09-12 15:15:00-04:00,357.64,357.82,357.6,357.77,1654.0,357.662,15
2024-09-12 15:20:00-04:00,357.76,358.03,357.76,358.02,752.0,357.884,7
2024-09-12 15:25:00-04:00,358.02,358.15,357.72,357.73,5616.0,357.831,29
2024-09-12 15:30:00-04:00,357.92,357.92,357.59,357.82,8195.0,357.743,40
2024-09-12 15:35:00-04:00,357.72,357.91,357.6,357.85,4514.0,357.796,36
2024-09-12 15:40:00-04:00,357.85,358.63,357.76,358.47,13414.0,358.267,82
2024-09-12 15:45:00-04:00,358.48,358.56,357.67,357.71,6272.0,358.238,61
2024-09-12 15:50:00-04:00,358.02,359.4,357.8,359.22,10506.0,358.669,95
2024-09-12 15:55:00-04:00,359.36,359.9,359.17,359.81,41164.0,359.604,313
2024-09-13 09:30:00-04:00,360.51,363.0,360.0,361.88,18066.0,361.119,61
2024-09-13 09:35:00-04:00,361.34,361.34,359.27,360.23,13574.0,360.531,106
2024-09-13 09:40:00-04:00,359.87,360.42,359.63,360.06,1219.0,360.062,10
2024-09-13 09:45:00-04:00,360.89,362.24,360.63,361.87,1700.0,361.386,16
2024-09-13 09:50:00-04:00,361.84,361.84,361.25,361.25,2342.0,361.535,16
2024-09-13 09:55:00-04:00,361.54,361.99,361.13,361.13,1500.0,361.594,15
2024-09-13 10:00:00-04:00,361.96,362.26,359.29,360.19,10232.0,360.304,79
2024-09-13 10:05:00-04:00,359.88,360.54,359.24,359.99,4264.0,359.787,33
2024-09-13 10:10:00-04:00,361.03,361.56,360.77,360.79,6188.0,361.101,24
2024-09-13 10:15:00-04:00,360.77,361.19,360.31,360.59,5850.0,360.944,29
2024-09-13 10:20:00-04:00,360.29,360.56,360.0,360.18,23693.0,360.24,111
2024-09-13 10:25:00-04:00,360.29,360.51,360.0,360.47,6987.0,360.264,66
2024-09-13 10:30:00-04:00,360.33,360.33,359.83,359.99,3067.0,359.983,29
2024-09-13 10:35:00-04:00,359.89,361.3,359.88,361.12,2410.0,360.425,22
2024-09-13 10:40:00-04:00,361.22,362.27,360.86,362.27,1452.0,361.339,12
2024-09-13 10:45:00-04:00,361.78,361.84,361.3,361.4,6831.0,361.596,53
2024-09-13 10:50:00-04:00,361.41,361.41,360.69,360.75,6047.0,360.895,47
2024-09-13 10:55:00-04:00,361.19,361.77,361.04,361.04,4307.0,361.351,26
2024-09-13 11:00:00-04:00,361.29,361.67,360.85,361.67,1434.0,361.175,12
2024-09-13 11:05:00-04:00,361.67,362.01,361.52,361.79,5829.0,361.708,42
2024-09-13 11:10:00-04:00,361.53,361.89,361.43,361.74,3251.0,361.595,28
2024-09-13 11:15:00-04:00,361.76,361.76,361.38,361.38,900.0,361.527,7
2024-09-13 11:20:00-04:00,361.48,362.42,361.48,362.42,2936.0,362.16,20
2024-09-13 11:25:00-04:00,362.63,362.81,362.21,362.4,2231.0,362.448,17
2024-09-13 11:30:00-04:00,362.23,362.66,362.11,362.11,4297.0,362.414,35
2024-09-13 11:35:00-04:00,362.21,363.04,362.12,362.73,9933.0,362.667,42
2024-09-13 11:40:00-04:00,363.0,364.08,363.0,363.82,2336.0,363.47,19
2024-09-13 11:45:00-04:00,363.89,364.12,363.59,363.59,1631.0,363.8,14
2024-09-13 11:50:00-04:00,363.87,364.29,363.38,363.38,2230.0,363.905,15
2024-09-13 11:55:00-04:00,363.78,364.13,363.39,364.07,7791.0,363.824,49
2024-09-13 12:00:00-04:00,363.94,363.98,363.94,363.98,300.0,363.965,3
2024-09-13 12:05:00-04:00,364.02,364.02,363.37,363.41,1500.0,363.664,15
2024-09-13 12:10:00-04:00,363.41,363.97,363.4,363.54,2309.0,363.545,20
2024-09-13 12:15:00-04:00,363.39,364.91,363.39,364.52,9379.0,364.219,61
2024-09-13 12:20:00-04:00,364.28,364.61,364.11,364.11,8951.0,364.158,50
2024-09-13 12:25:00-04:00,364.37,364.5,363.08,363.18,6771.0,363.778,44
2024-09-13 12:30:00-04:00,363.11,363.18,362.58,362.96,2248.0,362.993,14
2024-09-13 12:35:00-04:00,362.72,363.05,362.71,362.91,1472.0,362.825,12
2024-09-13 12:40:00-04:00,362.71,363.26,362.58,363.17,7289.0,362.954,39
2024-09-13 12:45:00-04:00,363.21,363.81,363.18,363.67,4060.0,363.43,30
2024-09-13 12:50:00-04:00,363.69,364.47,363.69,364.47,800.0,364.177,7
2024-09-13 12:55:00-04:00,364.68,364.97,364.43,364.44,1972.0,364.617,19
2024-09-13 13:00:00-04:00,364.38,364.96,364.38,364.96,1197.0,364.653,6
2024-09-13 13:05:00-04:00,364.63,364.8,364.6,364.61,1154.0,364.665,10
2024-09-13 13:10:00-04:00,365.0,365.41,364.77,365.0,12284.0,365.011,51
2024-09-13 13:15:00-04:00,365.08,365.53,365.07,365.53,1388.0,365.285,11
2024-09-13 13:20:00-04:00,365.39,365.49,364.88,364.88,2810.0,365.216,26
2024-09-13 13:25:00-04:00,365.1,365.58,365.1,365.54,1441.0,365.445,14
2024-09-13 13:30:00-04:00,365.58,365.64,365.44,365.63,1817.0,365.549,12
2024-09-13 13:35:00-04:00,365.59,366.22,365.54,365.96,4552.0,365.9,41
2024-09-13 13:40:00-04:00,365.9,365.9,365.46,365.66,1700.0,365.696,17
2024-09-13 13:45:00-04:00,365.65,366.05,365.64,365.88,3173.0,365.782,23
2024-09-13 13:50:00-04:00,365.7,366.0,365.41,365.46,2623.0,365.606,24
2024-09-13 13:55:00-04:00,365.37,365.37,365.01,365.31,2542.0,365.195,24
2024-09-13 14:00:00-04:00,365.09,365.09,363.83,363.96,5368.0,364.429,45
2024-09-13 14:05:00-04:00,364.01,364.69,364.01,364.51,2614.0,364.431,24
2024-09-13 14:10:00-04:00,364.44,364.44,364.18,364.22,2823.0,364.292,27
2024-09-13 14:15:00-04:00,364.29,364.7,364.29,364.44,2417.0,364.536,20
2024-09-13 14:20:00-04:00,364.46,364.49,364.16,364.16,2102.0,364.341,20
2024-09-13 14:25:00-04:00,364.07,365.15,363.9,363.96,7995.0,364.322,55
2024-09-13 14:30:00-04:00,363.93,364.08,363.61,364.07,3239.0,363.928,32
2024-09-13 14:35:00-04:00,364.02,364.08,363.63,364.08,2315.0,363.876,20
2024-09-13 14:40:00-04:00,364.0,364.25,363.81,364.06,5292.0,364.036,45
2024-09-13 14:45:00-04:00,364.2,364.2,363.94,363.94,1628.0,364.063,16
2024-09-13 14:50:00-04:00,363.89,363.9,363.61,363.82,3240.0,363.708,27
2024-09-13 14:55:00-04:00,363.7,363.73,363.49,363.73,2542.0,363.599,24
2024-09-13 15:00:00-04:00,363.61,363.75,363.11,363.34,4347.0,363.525,39
2024-09-13 15:05:00-04:00,363.51,363.77,363.45,363.45,3398.0,363.605,30
2024-09-13 15:10:00-04:00,363.42,363.42,363.11,363.36,2900.0,363.265,19
2024-09-13 15:15:00-04:00,363.28,363.59,363.24,363.34,3866.0,363.406,34
2024-09-13 15:20:00-04:00,363.35,363.48,363.08,363.19,4555.0,363.291,40
2024-09-13 15:25:00-04:00,363.19,363.41,362.85,363.26,4315.0,363.179,39
2024-09-13 15:30:00-04:00,363.26,363.54,363.26,363.37,6430.0,363.42,46
2024-09-13 15:35:00-04:00,363.35,363.36,362.4,362.51,11462.0,362.933,76
2024-09-13 15:40:00-04:00,362.56,362.96,362.56,362.96,11955.0,362.769,102
2024-09-13 15:45:00-04:00,362.97,363.16,362.72,362.83,12877.0,362.929,99
2024-09-13 15:50:00-04:00,362.94,363.69,362.77,363.69,22252.0,363.323,158
2024-09-13 15:55:00-04:00,363.66,364.29,363.5,364.25,88976.0,363.963,619
2024-09-16 09:30:00-04:00,367.1,369.45,365.67,367.19,19377.0,367.132,52
2024-09-16 09:35:00-04:00,367.19,367.25,365.5,365.93,3377.0,366.444,33
2024-09-16 09:40:00-04:00,364.7,365.35,364.17,364.84,2667.0,364.927,20
2024-09-16 09:45:00-04:00,364.91,366.48,364.36,366.48,3596.0,365.496,29
2024-09-16 09:50:00-04:00,367.13,368.54,366.8,368.26,3608.0,367.693,33
2024-09-16 09:55:00-04:00,368.24,368.25,367.23,367.97,6747.0,367.849,53
2024-09-16 10:00:00-04:00,368.02,368.28,367.49,368.15,17893.0,367.853,95
2024-09-16 10:05:00-04:00,368.17,368.94,367.72,368.7,7091.0,368.312,50
2024-09-16 10:10:00-04:00,368.55,368.76,367.94,368.0,3452.0,368.248,30
2024-09-16 10:15:00-04:00,367.99,368.38,367.93,368.38,3016.0,368.065,21
2024-09-16 10:20:00-04:00,368.43,368.61,367.75,367.75,11089.0,368.152,68
2024-09-16 10:25:00-04:00,368.36,368.37,367.37,367.43,28884.0,367.777,213
2024-09-16 10:30:00-04:00,367.33,367.33,365.67,365.79,4043.0,366.297,31
2024-09-16 10:35:00-04:00,365.93,366.68,365.9,366.25,5350.0,366.18,22
2024-09-16 10:40:00-04:00,366.28,367.25,366.28,367.25,2814.0,366.655,20
2024-09-16 10:45:00-04:00,367.17,367.37,366.48,366.92,4863.0,366.909,45
2024-09-16 10:50:00-04:00,367.17,367.24,366.26,366.9,11856.0,366.948,83
2024-09-16 10:55:00-04:00,366.96,366.96,366.48,366.7,2000.0,366.669,20
2024-09-16 11:00:00-04:00,366.76,367.04,366.25,366.38,4867.0,366.597,43
2024-09-16 11:05:00-04:00,366.91,366.92,366.91,366.92,200.0,366.915,2
2024-09-16 11:10:00-04:00,367.41,367.57,367.17,367.46,4244.0,367.286,22
2024-09-16 11:15:00-04:00,367.17,367.23,366.82,366.83,1934.0,367.055,18
2024-09-16 11:20:00-04:00,367.0,367.12,366.62,366.93,1921.0,366.792,16
2024-09-16 11:25:00-04:00,366.87,367.11,366.46,366.8,2130.0,366.706,21
2024-09-16 11:30:00-04:00,366.78,367.2,366.77,367.2,1352.0,366.995,13
2024-09-16 11:35:00-04:00,367.08,367.9,367.08,367.9,2758.0,367.366,22
2024-09-16 11:40:00-04:00,367.95,368.29,367.72,368.29,1986.0,367.964,14
2024-09-16 11:45:00-04:00,368.3,368.41,367.9,368.14,2243.0,368.084,18
2024-09-16 11:50:00-04:00,368.29,368.46,367.93,368.13,7022.0,368.086,31
2024-09-16 11:55:00-04:00,368.11,368.11,367.6,367.76,5288.0,367.85,44
2024-09-16 12:00:00-04:00,367.73,367.89,367.53,367.6,800.0,367.7,8
2024-09-16 12:05:00-04:00,367.55,367.83,367.54,367.83,1956.0,367.663,14
2024-09-16 12:10:00-04:00,367.9,368.15,367.76,367.97,3235.0,367.967,27
2024-09-16 12:15:00-04:00,367.97,368.78,367.97,368.78,17337.0,368.106,49
2024-09-16 12:20:00-04:00,368.36,368.81,368.36,368.69,12212.0,368.706,75
2024-09-16 12:25:00-04:00,369.14,369.71,369.05,369.54,1606.0,369.418,15
2024-09-16 12:30:00-04:00,369.75,369.85,369.0,369.18,5747.0,369.381,42
2024-09-16 12:35:00-04:00,369.47,369.52,369.17,369.52,1055.0,369.393,7
2024-09-16 12:40:00-04:00,369.4,369.49,369.23,369.24,1900.0,369.373,16
2024-09-16 12:45:00-04:00,369.4,369.4,368.95,369.11,7246.0,369.089,44
2024-09-16 12:50:00-04:00,369.1,369.25,369.06,369.09,800.0,369.104,8
2024-09-16 12:55:00-04:00,369.26,369.32,369.0,369.0,3780.0,369.17,32
2024-09-16 13:00:00-04:00,369.06,369.2,368.99,369.0,2592.0,369.067,22
2024-09-16 13:05:00-04:00,369.2,369.33,369.0,369.33,3107.0,369.128,30
2024-09-16 13:10:00-04:00,369.32,369.68,369.26,369.47,2323.0,369.387,21
2024-09-16 13:15:00-04:00,369.6,369.86,369.52,369.52,1448.0,369.665,11
2024-09-16 13:20:00-04:00,369.9,370.08,369.56,370.08,5636.0,369.886,33
2024-09-16 13:25:00-04:00,369.97,370.22,369.7,369.7,5252.0,370.042,41
2024-09-16 13:30:00-04:00,369.87,370.09,369.73,370.08,1811.0,369.931,13
2024-09-16 13:35:00-04:00,369.92,370.2,369.91,370.02,3265.0,370.088,29
2024-09-16 13:40:00-04:00,370.02,370.04,369.68,370.04,2578.0,369.809,22
2024-09-16 13:45:00-04:00,369.91,370.03,369.62,369.72,2703.0,369.742,27
2024-09-16 13:50:00-04:00,369.66,370.02,369.65,369.94,810.0,369.882,8
2024-09-16 13:55:00-04:00,369.97,369.97,369.48,369.49,6742.0,369.662,61
2024-09-16 14:00:00-04:00,369.32,369.57,369.24,369.29,1955.0,369.365,18
2024-09-16 14:05:00-04:00,369.28,369.32,369.08,369.32,2352.0,369.171,22
2024-09-16 14:10:00-04:00,369.32,369.41,369.11,369.3,3354.0,369.306,28
2024-09-16 14:15:00-04:00,369.3,369.6,369.24,369.32,5349.0,369.364,42
2024-09-16 14:20:00-04:00,369.41,369.44,369.27,369.42,800.0,369.401,8
2024-09-16 14:25:00-04:00,369.42,369.56,369.3,369.53,3394.0,369.49,25
2024-09-16 14:30:00-04:00,369.52,369.52,369.2,369.22,2987.0,369.342,24
2024-09-16 14:35:00-04:00,369.22,369.26,368.57,368.57,5832.0,369.064,56
2024-09-16 14:40:00-04:00,368.73,368.73,368.25,368.46,2596.0,368.43,24
2024-09-16 14:45:00-04:00,368.3,368.63,368.3,368.6,3851.0,368.485,32
2024-09-16 14:50:00-04:00,368.58,368.72,368.26,368.29,4721.0,368.469,38
2024-09-16 14:55:00-04:00,368.37,368.88,368.37,368.88,3483.0,368.687,29
2024-09-16 15:00:00-04:00,368.77,368.89,368.5,368.5,3097.0,368.607,28
2024-09-16 15:05:00-04:00,368.37,368.82,368.37,368.58,1349.0,368.583,10
2024-09-16 15:10:00-04:00,368.58,368.79,368.37,368.37,3025.0,368.478,27
2024-09-16 15:15:00-04:00,368.38,368.54,368.2,368.37,2700.0,368.344,27
2024-09-16 15:20:00-04:00,368.37,368.53,368.06,368.17,3386.0,368.201,28
2024-09-16 15:25:00-04:00,368.13,368.37,368.13,368.29,4656.0,368.258,38
2024-09-16 15:30:00-04:00,368.16,368.65,368.16,368.47,8493.0,368.401,75
2024-09-16 15:35:00-04:00,368.47,369.08,368.39,368.99,3139.0,368.674,30
2024-09-16 15:40:00-04:00,369.0,369.55,369.0,369.45,6745.0,369.389,58
2024-09-16 15:45:00-04:00,369.47,369.65,369.17,369.24,12668.0,369.371,79
2024-09-16 15:50:00-04:00,369.12,369.77,369.04,369.35,16284.0,369.437,126
2024-09-16 15:55:00-04:00,369.2,369.73,368.73,369.13,72686.0,369.261,525
2024-09-17 09:30:00-04:00,370.22,370.22,368.47,368.81,12611.0,369.708,48
2024-09-17 09:35:00-04:00,368.77,369.5,366.0,366.25,8989.0,366.849,71
2024-09-17 09:40:00-04:00,366.51,367.32,365.63,367.16,5509.0,366.406,47
2024-09-17 09:45:00-04:00,367.38,368.24,366.72,367.88,4542.0,367.282,26
2024-09-17 09:50:00-04:00,368.58,369.03,368.46,368.91,1720.0,368.75,14
2024-09-17 09:55:00-04:00,368.87,369.32,368.43,368.87,4710.0,368.83,44
2024-09-17 10:00:00-04:00,368.87,370.17,368.86,370.17,4650.0,369.338,37
2024-09-17 10:05:00-04:00,370.21,371.5,370.21,371.5,2921.0,370.651,21
2024-09-17 10:10:00-04:00,371.32,371.74,370.98,371.7,4783.0,371.294,29
2024-09-17 10:15:00-04:00,371.62,371.65,371.43,371.44,3898.0,371.493,22
2024-09-17 10:20:00-04:00,371.43,371.98,371.43,371.76,1452.0,371.689,14
2024-09-17 10:25:00-04:00,371.62,371.73,370.63,370.63,14979.0,371.202,85
2024-09-17 10:30:00-04:00,370.52,371.34,370.0,371.1,8337.0,370.771,66
2024-09-17 10:35:00-04:00,370.8,371.19,370.5,371.03,3120.0,371.015,24
2024-09-17 10:40:00-04:00,370.88,371.31,370.88,371.1,2300.0,371.051,21
2024-09-17 10:45:00-04:00,371.19,371.6,371.19,371.36,4156.0,371.39,39
2024-09-17 10:50:00-04:00,371.35,371.65,371.3,371.49,2400.0,371.456,23
2024-09-17 10:55:00-04:00,371.41,371.5,370.73,371.29,5231.0,371.092,38
2024-09-17 11:00:00-04:00,371.6,372.24,371.39,371.39,3458.0,371.69,20
2024-09-17 11:05:00-04:00,371.6,371.6,371.58,371.58,327.0,371.594,3
2024-09-17 11:10:00-04:00,371.86,371.86,371.56,371.65,1900.0,371.74,7
2024-09-17 11:15:00-04:00,371.9,372.2,371.84,372.07,1025.0,372.001,10
2024-09-17 11:20:00-04:00,372.21,372.22,371.69,372.2,1554.0,372.079,14
2024-09-17 11:25:00-04:00,372.22,372.24,371.07,371.07,4314.0,371.684,33
2024-09-17 11:30:00-04:00,371.61,371.94,371.33,371.73,1238.0,371.668,11
2024-09-17 11:35:00-04:00,371.71,371.75,371.7,371.71,2022.0,371.72,20
2024-09-17 11:40:00-04:00,371.71,371.79,371.09,371.24,1931.0,371.5,14
2024-09-17 11:45:00-04:00,371.23,371.23,371.03,371.03,523.0,371.106,5
2024-09-17 11:50:00-04:00,371.18,371.28,371.04,371.18,25700.0,371.175,9
2024-09-17 11:55:00-04:00,371.38,371.45,371.29,371.3,26334.0,371.298,11
2024-09-17 12:00:00-04:00,371.3,371.3,371.04,371.29,1200.0,371.258,12
2024-09-17 12:05:00-04:00,371.02,371.24,370.66,370.98,1967.0,370.952,16
2024-09-17 12:10:00-04:00,371.14,371.21,370.92,371.21,350.0,371.066,3
2024-09-17 12:15:00-04:00,371.0,371.0,370.37,370.37,1961.0,370.702,18
2024-09-17 12:20:00-04:00,370.71,370.9,370.12,370.67,5863.0,370.53,41
2024-09-17 12:25:00-04:00,370.68,371.09,370.3,370.88,4895.0,370.742,40
2024-09-17 12:30:00-04:00,370.81,371.04,370.81,371.04,637.0,370.913,6
2024-09-17 12:35:00-04:00,370.82,370.82,370.42,370.42,1166.0,370.694,10
2024-09-17 12:40:00-04:00,370.62,370.77,370.08,370.16,1641.0,370.421,15
2024-09-17 12:45:00-04:00,370.0,370.08,368.91,368.91,1320.0,369.623,13
2024-09-17 12:50:00-04:00,368.63,369.37,368.55,369.37,2911.0,368.899,28
2024-09-17 12:55:00-04:00,369.53,369.89,369.53,369.82,9710.0,369.772,83
2024-09-17 13:00:00-04:00,369.94,370.16,369.84,369.93,3767.0,370.026,29
2024-09-17 13:05:00-04:00,369.92,370.27,369.92,370.27,1100.0,370.044,7
2024-09-17 13:10:00-04:00,370.06,370.63,369.92,370.63,2202.0,370.229,22
2024-09-17 13:15:00-04:00,370.63,371.09,370.4,371.09,1764.0,370.653,14
2024-09-17 13:20:00-04:00,371.35,372.33,371.34,372.33,3856.0,371.817,19
2024-09-17 13:25:00-04:00,372.3,372.36,371.96,371.96,4007.0,372.131,38
2024-09-17 13:30:00-04:00,371.94,372.25,371.52,371.81,3156.0,371.986,26
2024-09-17 13:35:00-04:00,371.94,372.13,371.82,371.96,1739.0,371.93,12
2024-09-17 13:40:00-04:00,371.96,372.08,371.52,371.59,2530.0,371.738,20
2024-09-17 13:45:00-04:00,371.68,372.35,371.67,372.19,3193.0,371.962,24
2024-09-17 13:50:00-04:00,372.4,372.57,372.34,372.56,4758.0,372.45,41
2024-09-17 13:55:00-04:00,372.78,372.83,372.33,372.34,3623.0,372.536,29
2024-09-17 14:00:00-04:00,372.34,372.89,372.1,372.74,3421.0,372.476,29
2024-09-17 14:05:00-04:00,372.81,373.32,372.59,373.32,4340.0,372.816,31
2024-09-17 14:10:00-04:00,373.21,373.27,372.4,372.73,5031.0,372.888,48
2024-09-17 14:15:00-04:00,372.76,372.93,372.58,372.72,3086.0,372.704,29
2024-09-17 14:20:00-04:00,372.85,373.47,372.73,373.47,2000.0,373.02,17
2024-09-17 14:25:00-04:00,373.24,373.38,372.73,373.04,4946.0,373.04,46
2024-09-17 14:30:00-04:00,372.9,373.43,372.89,373.43,606.0,373.218,6
2024-09-17 14:35:00-04:00,373.19,373.31,373.07,373.21,4355.0,373.152,37
2024-09-17 14:40:00-04:00,373.07,373.46,373.06,373.38,5030.0,373.289,40
2024-09-17 14:45:00-04:00,373.38,373.4,371.97,371.97,8600.0,372.99,57
2024-09-17 14:50:00-04:00,371.98,372.5,371.97,372.47,2424.0,372.341,19
2024-09-17 14:55:00-04:00,372.49,373.0,372.34,373.0,3949.0,372.603,36
2024-09-17 15:00:00-04:00,373.02,373.37,372.75,372.75,2567.0,372.969,22
2024-09-17 15:05:00-04:00,372.75,372.78,372.74,372.75,500.0,372.752,5
2024-09-17 15:10:00-04:00,372.8,372.95,372.6,372.71,3415.0,372.719,31
2024-09-17 15:15:00-04:00,372.63,372.63,371.8,371.84,2850.0,372.226,22
2024-09-17 15:20:00-04:00,372.0,372.01,371.1,371.55,8791.0,371.514,71
2024-09-17 15:25:00-04:00,371.6,372.44,371.6,372.26,7330.0,371.909,47
2024-09-17 15:30:00-04:00,372.29,372.29,371.88,372.02,3484.0,372.037,28
2024-09-17 15:35:00-04:00,371.92,372.58,371.71,372.54,6988.0,372.049,42
2024-09-17 15:40:00-04:00,372.7,372.89,372.3,372.31,9188.0,372.552,54
2024-09-17 15:45:00-04:00,372.22,373.52,372.21,373.39,6650.0,373.029,58
2024-09-17 15:50:00-04:00,373.31,373.81,372.8,373.68,14497.0,373.472,111
2024-09-17 15:55:00-04:00,373.7,374.65,373.13,374.65,82013.0,374.321,489
2024-09-18 09:30:00-04:00,374.31,375.76,372.61,373.25,18917.0,374.47,35
2024-09-18 09:35:00-04:00,372.77,373.21,372.36,372.7,6521.0,372.833,64
2024-09-18 09:40:00-04:00,373.0,373.81,372.03,372.06,9649.0,372.72,51
2024-09-18 09:45:00-04:00,372.16,375.0,372.16,374.59,19435.0,372.894,120
2024-09-18 09:50:00-04:00,374.59,374.59,372.37,372.37,3990.0,373.474,32
2024-09-18 09:55:00-04:00,372.85,372.86,371.05,371.69,3449.0,372.0,24
2024-09-18 10:00:00-04:00,371.39,372.43,371.39,371.65,9023.0,372.017,61
2024-09-18 10:05:00-04:00,371.9,371.99,371.4,371.9,3620.0,371.764,21
2024-09-18 10:10:00-04:00,371.78,372.5,371.22,372.5,8403.0,371.846,54
2024-09-18 10:15:00-04:00,373.06,373.26,372.78,372.8,4618.0,372.92,23
2024-09-18 10:20:00-04:00,373.04,373.87,372.81,373.87,7186.0,373.364,36
2024-09-18 10:25:00-04:00,373.18,374.75,372.86,374.74,7813.0,373.738,44
2024-09-18 10:30:00-04:00,374.13,374.15,373.06,373.36,1902.0,373.723,16
2024-09-18 10:35:00-04:00,373.38,373.81,373.08,373.57,2810.0,373.45,26
2024-09-18 10:40:00-04:00,373.56,373.56,372.54,372.86,2172.0,372.977,17
2024-09-18 10:45:00-04:00,372.86,373.86,372.86,373.86,3490.0,373.424,29
2024-09-18 10:50:00-04:00,373.74,374.23,373.73,373.96,600.0,373.959,6
2024-09-18 10:55:00-04:00,373.93,374.27,373.89,374.23,1467.0,374.04,13
2024-09-18 11:00:00-04:00,374.05,374.88,374.05,374.79,3488.0,374.527,25
2024-09-18 11:05:00-04:00,374.91,375.06,374.39,374.55,14340.0,374.824,44
2024-09-18 11:10:00-04:00,374.65,375.04,374.5,375.04,2867.0,374.741,25
2024-09-18 11:15:00-04:00,374.92,375.33,374.76,375.09,3000.0,374.986,26
2024-09-18 11:20:00-04:00,375.23,375.39,375.02,375.02,4224.0,375.215,36
2024-09-18 11:25:00-04:00,375.35,375.88,375.23,375.48,3419.0,375.425,29
2024-09-18 11:30:00-04:00,375.47,375.58,374.85,375.21,4973.0,375.317,43
2024-09-18 11:35:00-04:00,375.51,375.68,375.48,375.48,2600.0,375.535,25
2024-09-18 11:40:00-04:00,375.48,375.63,375.29,375.48,10134.0,375.468,85
2024-09-18 11:45:00-04:00,375.38,375.48,374.86,374.86,3983.0,375.307,39
2024-09-18 11:50:00-04:00,374.86,375.06,374.65,374.65,750.0,374.945,7
2024-09-18 11:55:00-04:00,374.44,375.02,374.29,374.46,7838.0,374.609,30
2024-09-18 12:00:00-04:00,374.3,374.3,373.11,373.11,2760.0,373.721,16
2024-09-18 12:05:00-04:00,373.23,373.97,373.04,373.97,3100.0,373.379,28
2024-09-18 12:10:00-04:00,374.04,374.23,374.04,374.23,691.0,374.137,5
2024-09-18 12:15:00-04:00,374.22,374.22,374.17,374.18,245.0,374.202,2
2024-09-18 12:20:00-04:00,373.93,374.59,373.93,374.36,1217.0,374.311,11
2024-09-18 12:25:00-04:00,374.13,374.78,374.13,374.75,1997.0,374.583,19
2024-09-18 12:30:00-04:00,375.01,375.15,374.76,375.15,2888.0,374.887,16
2024-09-18 12:35:00-04:00,375.15,375.41,374.98,375.15,2994.0,375.139,15
2024-09-18 12:40:00-04:00,374.94,375.15,374.84,375.05,1632.0,374.971,14
2024-09-18 12:45:00-04:00,375.08,375.3,374.9,375.16,11577.0,375.112,73
2024-09-18 12:50:00-04:00,375.15,375.19,375.04,375.05,1000.0,375.099,10
2024-09-18 12:55:00-04:00,375.26,375.26,374.93,375.15,5574.0,375.149,50
2024-09-18 13:00:00-04:00,375.04,375.04,375.0,375.01,1075.0,375.028,10
2024-09-18 13:05:00-04:00,375.1,375.1,374.94,375.01,400.0,374.998,4
2024-09-18 13:10:00-04:00,375.06,375.17,374.98,374.99,800.0,375.034,7
2024-09-18 13:15:00-04:00,374.89,374.99,374.77,374.91,1045.0,374.915,9
2024-09-18 13:20:00-04:00,374.74,374.84,374.41,374.66,1266.0,374.694,11
2024-09-18 13:25:00-04:00,374.66,375.03,374.47,375.03,2896.0,374.789,25
2024-09-18 13:30:00-04:00,375.05,375.32,375.01,375.32,2627.0,375.139,23
2024-09-18 13:35:00-04:00,375.22,375.22,374.35,374.81,1379.0,374.871,12
2024-09-18 13:40:00-04:00,374.66,374.92,374.56,374.56,981.0,374.687,8
2024-09-18 13:45:00-04:00,374.52,374.66,374.18,374.51,1130.0,374.469,9
2024-09-18 13:50:00-04:00,374.5,374.52,374.07,374.07,1000.0,374.331,9
2024-09-18 13:55:00-04:00,374.07,374.07,373.69,373.69,1269.0,373.91,11
2024-09-18 14:00:00-04:00,373.46,379.52,372.24,378.63,17712.0,376.354,129
2024-09-18 14:05:00-04:00,378.02,379.04,377.02,377.02,6856.0,377.892,45
2024-09-18 14:10:00-04:00,377.58,377.58,374.97,376.0,7673.0,375.643,51
2024-09-18 14:15:00-04:00,375.44,377.13,375.44,377.13,3378.0,376.373,27
2024-09-18 14:20:00-04:00,377.21,377.31,376.42,376.72,4198.0,376.973,34
2024-09-18 14:25:00-04:00,376.82,377.51,375.98,377.51,3717.0,376.731,30
2024-09-18 14:30:00-04:00,377.35,378.24,377.3,377.38,2575.0,377.652,17
2024-09-18 14:35:00-04:00,376.8,377.26,375.33,377.15,5903.0,376.717,43
2024-09-18 14:40:00-04:00,377.04,377.41,374.96,375.08,5250.0,376.507,44
2024-09-18 14:45:00-04:00,374.84,375.82,373.87,375.82,6238.0,375.043,52
2024-09-18 14:50:00-04:00,375.79,377.19,375.77,376.2,4860.0,376.745,40
2024-09-18 14:55:00-04:00,376.18,376.82,374.71,375.06,6833.0,375.794,41
2024-09-18 15:00:00-04:00,374.62,374.81,374.0,374.09,4196.0,374.346,37
2024-09-18 15:05:00-04:00,374.8,374.8,372.93,374.15,3592.0,373.509,30
2024-09-18 15:10:00-04:00,373.07,376.6,373.07,375.94,2100.0,374.568,21
2024-09-18 15:15:00-04:00,376.0,376.32,375.29,376.05,3626.0,375.964,33
2024-09-18 15:20:00-04:00,375.59,375.66,373.23,374.77,4843.0,374.549,40
2024-09-18 15:25:00-04:00,374.92,376.13,374.52,375.22,4328.0,375.174,39
2024-09-18 15:30:00-04:00,374.89,375.52,373.43,374.02,9186.0,374.423,68
2024-09-18 15:35:00-04:00,373.73,373.79,372.97,373.71,6000.0,373.428,39
2024-09-18 15:40:00-04:00,373.86,373.87,373.08,373.29,7714.0,373.547,59
2024-09-18 15:45:00-04:00,372.74,373.52,372.38,372.98,4788.0,372.96,42
2024-09-18 15:50:00-04:00,372.63,373.3,372.07,372.12,16157.0,372.584,147
2024-09-18 15:55:00-04:00,372.45,372.7,371.28,371.63,64674.0,371.855,519
2024-09-19 09:30:00-04:00,380.05,380.38,377.96,378.33,18521.0,379.545,33
2024-09-19 09:35:00-04:00,379.12,382.49,378.98,380.67,7195.0,381.081,59
2024-09-19 09:40:00-04:00,381.17,381.18,378.56,378.66,5916.0,379.482,56
2024-09-19 09:45:00-04:00,378.65,379.83,377.65,379.5,4041.0,378.816,35
2024-09-19 09:50:00-04:00,379.83,379.83,377.25,377.25,9890.0,378.317,88
2024-09-19 09:55:00-04:00,378.04,380.32,378.04,379.42,4804.0,379.432,37
2024-09-19 10:00:00-04:00,379.0,379.53,377.89,378.9,3815.0,378.844,33
2024-09-19 10:05:00-04:00,378.87,380.0,378.37,378.93,14201.0,379.678,64
2024-09-19 10:10:00-04:00,378.94,380.25,378.62,378.62,3130.0,379.354,22
2024-09-19 10:15:00-04:00,379.33,380.2,378.58,380.2,3841.0,379.748,17
2024-09-19 10:20:00-04:00,380.24,380.29,379.01,380.0,5169.0,379.685,42
2024-09-19 10:25:00-04:00,379.6,380.43,379.37,380.43,8299.0,379.939,69
2024-09-19 10:30:00-04:00,380.18,380.67,379.62,379.89,4187.0,380.055,33
2024-09-19 10:35:00-04:00,379.72,380.0,379.1,379.59,1221.0,379.583,10
2024-09-19 10:40:00-04:00,379.62,379.62,378.68,378.68,1101.0,378.971,10
2024-09-19 10:45:00-04:00,378.47,378.47,377.37,377.61,1750.0,377.718,17
2024-09-19 10:50:00-04:00,377.66,378.36,377.65,377.98,1840.0,378.127,14
2024-09-19 10:55:00-04:00,377.41,378.8,377.4,378.55,2584.0,378.437,21
2024-09-19 11:00:00-04:00,378.76,379.17,377.61,378.9,5740.0,378.264,55
2024-09-19 11:05:00-04:00,378.68,378.68,377.93,377.94,922.0,378.135,8
2024-09-19 11:10:00-04:00,378.22,378.59,378.05,378.59,3143.0,378.226,19
2024-09-19 11:15:00-04:00,378.47,379.43,378.47,379.43,1898.0,378.855,14
2024-09-19 11:20:00-04:00,379.12,379.81,379.0,379.35,5040.0,379.263,46
2024-09-19 11:25:00-04:00,379.23,379.28,378.66,378.89,2983.0,378.98,29
2024-09-19 11:30:00-04:00,378.88,379.19,378.31,379.0,1405.0,378.698,11
2024-09-19 11:35:00-04:00,378.55,378.65,378.0,378.65,3227.0,378.324,25
2024-09-19 11:40:00-04:00,378.16,379.11,378.16,379.1,2780.0,378.582,26
2024-09-19 11:45:00-04:00,379.22,379.44,379.21,379.44,1378.0,379.283,10
2024-09-19 11:50:00-04:00,379.63,379.64,379.18,379.42,945.0,379.439,8
2024-09-19 11:55:00-04:00,379.44,379.75,379.24,379.75,1007.0,379.546,9
2024-09-19 12:00:00-04:00,379.51,380.06,379.51,380.04,1973.0,379.83,11
2024-09-19 12:05:00-04:00,379.85,380.15,379.6,379.6,4509.0,379.985,33
2024-09-19 12:10:00-04:00,379.11,379.11,378.38,378.77,965.0,378.782,6
2024-09-19 12:15:00-04:00,379.17,379.93,379.17,379.88,3097.0,379.527,10
2024-09-19 12:20:00-04:00,379.78,379.85,379.53,379.6,1933.0,379.677,17
2024-09-19 12:25:00-04:00,379.6,379.64,379.59,379.64,1437.0,379.634,10
2024-09-19 12:30:00-04:00,379.63,380.1,379.6,379.96,2857.0,379.71,14
2024-09-19 12:35:00-04:00,379.85,380.35,379.85,380.1,4133.0,380.071,33
2024-09-19 12:40:00-04:00,380.08,380.21,380.04,380.13,900.0,380.113,7
2024-09-19 12:45:00-04:00,380.0,380.27,379.98,379.99,2405.0,380.127,13
2024-09-19 12:50:00-04:00,380.15,380.47,379.95,380.43,2077.0,380.218,13
2024-09-19 12:55:00-04:00,380.22,380.67,380.21,380.67,1800.0,380.302,11
2024-09-19 13:00:00-04:00,380.73,380.73,380.47,380.54,500.0,380.553,5
2024-09-19 13:05:00-04:00,380.56,380.75,380.35,380.35,2008.0,380.555,12
2024-09-19 13:10:00-04:00,380.38,380.46,380.07,380.22,1564.0,380.239,12
2024-09-19 13:15:00-04:00,379.85,380.44,379.84,380.41,1340.0,380.262,12
2024-09-19 13:20:00-04:00,380.38,380.45,380.03,380.03,1213.0,380.287,11
2024-09-19 13:25:00-04:00,380.31,380.33,380.31,380.33,200.0,380.318,2
2024-09-19 13:30:00-04:00,380.31,380.64,380.25,380.29,3306.0,380.481,28
2024-09-19 13:35:00-04:00,380.46,380.62,380.24,380.44,1457.0,380.424,13
2024-09-19 13:40:00-04:00,380.42,380.64,380.41,380.5,4331.0,380.482,19
2024-09-19 13:45:00-04:00,380.73,380.73,380.31,380.46,1406.0,380.428,14
2024-09-19 13:50:00-04:00,380.36,380.6,380.35,380.56,3646.0,380.463,30
2024-09-19 13:55:00-04:00,380.5,380.51,380.14,380.43,1663.0,380.337,13
2024-09-19 14:00:00-04:00,380.42,380.62,380.17,380.58,1907.0,380.495,12
2024-09-19 14:05:00-04:00,380.41,380.65,380.02,380.02,9543.0,380.282,13
2024-09-19 14:10:00-04:00,379.97,379.97,379.62,379.9,950.0,379.794,8
2024-09-19 14:15:00-04:00,379.98,379.98,379.3,379.31,1945.0,379.692,19
2024-09-19 14:20:00-04:00,379.34,380.2,379.34,380.16,3438.0,379.864,28
2024-09-19 14:25:00-04:00,380.11,380.57,380.1,380.5,2215.0,380.424,18
2024-09-19 14:30:00-04:00,380.75,380.75,380.31,380.45,1904.0,380.466,14
2024-09-19 14:35:00-04:00,380.42,380.71,380.35,380.57,2651.0,380.622,20
2024-09-19 14:40:00-04:00,380.62,380.72,380.44,380.56,1762.0,380.579,15
2024-09-19 14:45:00-04:00,380.42,380.44,380.06,380.06,2123.0,380.207,18
2024-09-19 14:50:00-04:00,379.85,380.03,379.48,379.85,2150.0,379.838,20
2024-09-19 14:55:00-04:00,379.72,380.21,379.72,380.21,1789.0,380.041,14
2024-09-19 15:00:00-04:00,380.21,380.52,380.08,380.49,5761.0,380.218,29
2024-09-19 15:05:00-04:00,380.39,380.54,380.39,380.5,903.0,380.446,7
2024-09-19 15:10:00-04:00,380.5,380.66,380.47,380.65,2722.0,380.602,11
2024-09-19 15:15:00-04:00,380.48,380.48,380.21,380.21,1711.0,380.339,15
2024-09-19 15:20:00-04:00,380.42,380.66,379.94,380.66,3309.0,380.351,28
2024-09-19 15:25:00-04:00,380.69,380.69,380.37,380.58,2615.0,380.51,22
2024-09-19 15:30:00-04:00,380.29,381.14,380.29,381.14,4698.0,380.656,39
2024-09-19 15:35:00-04:00,381.1,381.57,380.79,381.49,3586.0,381.153,34
2024-09-19 15:40:00-04:00,381.54,381.76,380.89,380.89,4153.0,381.362,40
2024-09-19 15:45:00-04:00,381.02,381.8,381.0,381.59,5759.0,381.363,50
2024-09-19 15:50:00-04:00,381.77,381.77,380.86,381.61,13620.0,381.306,112
2024-09-19 15:55:00-04:00,381.42,381.52,380.99,381.48,35588.0,381.271,275
2024-09-20 09:30:00-04:00,380.95,382.78,380.0,381.06,159279.0,380.953,28
2024-09-20 09:35:00-04:00,381.38,381.41,381.37,381.41,404.0,381.384,4
2024-09-20 09:40:00-04:00,381.79,382.91,381.18,382.91,4162.0,382.082,15
2024-09-20 09:45:00-04:00,382.15,382.15,381.3,381.67,1479.0,381.734,14
2024-09-20 09:50:00-04:00,382.41,383.68,382.4,382.55,5915.0,383.015,30
2024-09-20 09:55:00-04:00,382.68,382.71,381.77,382.4,3694.0,382.423,23
2024-09-20 10:00:00-04:00,382.36,383.55,382.08,383.18,10413.0,382.762,41
2024-09-20 10:05:00-04:00,382.94,383.53,382.84,383.31,4052.0,382.984,31
2024-09-20 10:10:00-04:00,383.32,383.33,382.77,382.81,6627.0,383.089,49
2024-09-20 10:15:00-04:00,383.54,384.51,383.25,384.4,3440.0,383.753,26
2024-09-20 10:20:00-04:00,384.58,385.47,384.31,384.62,11711.0,384.875,51
2024-09-20 10:25:00-04:00,384.73,385.15,384.59,384.76,1829.0,384.757,13
2024-09-20 10:30:00-04:00,384.78,385.16,384.11,385.16,6178.0,384.524,33
2024-09-20 10:35:00-04:00,384.96,385.56,384.75,385.24,22683.0,384.845,52
2024-09-20 10:40:00-04:00,385.17,385.59,384.59,385.59,10204.0,385.313,33
2024-09-20 10:45:00-04:00,385.55,385.65,384.72,385.08,5122.0,385.165,48
2024-09-20 10:50:00-04:00,385.19,385.37,385.02,385.3,1828.0,385.201,10
2024-09-20 10:55:00-04:00,385.15,385.4,385.01,385.4,3642.0,385.192,33
2024-09-20 11:00:00-04:00,385.24,385.47,384.75,384.79,4080.0,385.066,30
2024-09-20 11:05:00-04:00,385.04,385.51,384.75,385.51,2908.0,385.099,10
2024-09-20 11:10:00-04:00,385.4,385.43,384.97,384.97,2464.0,385.202,22
2024-09-20 11:15:00-04:00,384.65,385.06,384.31,384.91,11327.0,384.641,31
2024-09-20 11:20:00-04:00,385.13,385.38,384.5,385.0,2470.0,384.947,16
2024-09-20 11:25:00-04:00,384.8,385.28,384.68,385.11,2824.0,385.08,25
2024-09-20 11:30:00-04:00,385.01,385.36,384.22,385.36,3180.0,384.614,29
2024-09-20 11:35:00-04:00,385.15,385.35,385.11,385.35,1067.0,385.231,10
2024-09-20 11:40:00-04:00,385.09,385.89,385.09,385.89,3945.0,385.42,38
2024-09-20 11:45:00-04:00,385.74,385.97,385.31,385.55,4339.0,385.567,36
2024-09-20 11:50:00-04:00,385.62,385.62,385.0,385.13,2361.0,385.231,18
2024-09-20 11:55:00-04:00,385.65,385.83,385.61,385.62,1577.0,385.756,8
2024-09-20 12:00:00-04:00,385.65,385.65,385.04,385.4,2505.0,385.354,23
2024-09-20 12:05:00-04:00,385.51,385.95,385.35,385.74,3038.0,385.719,16
2024-09-20 12:10:00-04:00,385.73,385.73,385.35,385.35,1900.0,385.427,19
2024-09-20 12:15:00-04:00,385.16,385.48,385.16,385.48,1451.0,385.359,13
2024-09-20 12:20:00-04:00,385.48,386.12,385.47,386.05,1808.0,385.804,16
2024-09-20 12:25:00-04:00,386.27,386.32,385.97,386.08,5386.0,386.105,35
2024-09-20 12:30:00-04:00,386.08,386.08,385.69,385.69,731.0,385.78,7
2024-09-20 12:35:00-04:00,385.63,385.64,385.02,385.02,1561.0,385.391,10
2024-09-20 12:40:00-04:00,385.06,385.14,385.06,385.14,751.0,385.096,7
2024-09-20 12:45:00-04:00,385.11,385.11,385.09,385.09,200.0,385.1,2
2024-09-20 12:50:00-04:00,385.08,385.41,384.95,385.37,9693.0,385.202,50
2024-09-20 12:55:00-04:00,385.36,385.36,385.09,385.34,2453.0,385.327,17
2024-09-20 13:00:00-04:00,385.34,385.97,385.33,385.76,21562.0,385.493,51
2024-09-20 13:05:00-04:00,385.74,386.47,385.73,386.47,2826.0,385.899,15
2024-09-20 13:10:00-04:00,386.63,387.71,386.46,387.62,3015.0,387.215,24
2024-09-20 13:15:00-04:00,387.68,387.71,387.39,387.52,803.0,387.555,8
2024-09-20 13:20:00-04:00,387.45,387.45,386.91,387.0,4462.0,387.059,42
2024-09-20 13:25:00-04:00,387.02,387.02,386.83,386.9,1265.0,386.912,11
2024-09-20 13:30:00-04:00,387.03,387.22,387.03,387.18,490.0,387.148,4
2024-09-20 13:35:00-04:00,387.04,387.25,386.75,386.75,4914.0,386.979,42
2024-09-20 13:40:00-04:00,386.75,387.67,386.75,387.67,2722.0,387.291,18
2024-09-20 13:45:00-04:00,387.49,387.66,386.54,386.75,3706.0,387.151,33
2024-09-20 13:50:00-04:00,386.39,386.43,385.86,385.89,3566.0,386.054,23
2024-09-20 13:55:00-04:00,386.06,386.19,386.06,386.12,707.0,386.096,7
2024-09-20 14:00:00-04:00,386.12,386.13,385.24,385.43,4051.0,385.705,34
2024-09-20 14:05:00-04:00,385.43,385.83,385.3,385.63,4474.0,385.593,37
2024-09-20 14:10:00-04:00,385.47,386.01,385.27,385.96,2000.0,385.661,19
2024-09-20 14:15:00-04:00,385.95,386.14,385.82,385.82,700.0,385.983,6
2024-09-20 14:20:00-04:00,385.72,385.81,384.92,385.0,38744.0,385.361,76
2024-09-20 14:25:00-04:00,384.9,384.9,384.51,384.64,1799.0,384.755,17
2024-09-20 14:30:00-04:00,384.54,384.63,384.29,384.3,1553.0,384.465,15
2024-09-20 14:35:00-04:00,384.31,384.43,384.22,384.37,3481.0,384.322,26
2024-09-20 14:40:00-04:00,384.3,384.52,384.08,384.36,5254.0,384.35,32
2024-09-20 14:45:00-04:00,384.49,384.65,384.31,384.33,3740.0,384.462,28
2024-09-20 14:50:00-04:00,384.39,385.38,384.38,385.38,7117.0,384.6,56
2024-09-20 14:55:00-04:00,385.28,385.57,384.79,384.79,4592.0,385.266,36
2024-09-20 15:00:00-04:00,384.65,385.29,384.65,385.02,4578.0,385.07,44
2024-09-20 15:05:00-04:00,384.99,385.24,384.41,384.41,8417.0,384.959,46
2024-09-20 15:10:00-04:00,384.59,384.71,383.99,384.7,8547.0,384.365,68
2024-09-20 15:15:00-04:00,384.7,384.7,384.32,384.49,12946.0,384.534,87
2024-09-20 15:20:00-04:00,384.4,384.73,384.27,384.49,15024.0,384.565,94
2024-09-20 15:25:00-04:00,384.3,384.7,384.18,384.5,4007.0,384.406,34
2024-09-20 15:30:00-04:00,384.41,384.52,383.8,383.81,5861.0,384.227,53
2024-09-20 15:35:00-04:00,383.94,384.74,383.42,384.35,7723.0,384.268,58
2024-09-20 15:40:00-04:00,383.9,384.38,383.9,384.37,5470.0,384.216,46
2024-09-20 15:45:00-04:00,384.29,384.29,383.24,383.52,13027.0,383.649,114
2024-09-20 15:50:00-04:00,383.47,384.54,383.32,384.08,22037.0,383.933,189
2024-09-20 15:55:00-04:00,384.01,385.06,383.28,384.98,58537.0,384.337,461
2024-09-23 09:30:00-04:00,386.58,389.5,385.0,387.35,17327.0,386.919,36
2024-09-23 09:35:00-04:00,387.63,389.53,386.69,387.28,5928.0,387.826,47
2024-09-23 09:40:00-04:00,387.3,388.01,387.3,388.01,1400.0,387.771,12
2024-09-23 09:45:00-04:00,388.45,389.14,385.88,387.0,6959.0,387.124,63
2024-09-23 09:50:00-04:00,387.52,388.45,387.49,388.16,5973.0,387.962,54
2024-09-23 09:55:00-04:00,388.41,388.95,388.33,388.81,2962.0,388.62,19
2024-09-23 10:00:00-04:00,388.8,389.0,388.45,389.0,3578.0,388.736,26
2024-09-23 10:05:00-04:00,388.53,388.9,388.18,388.19,2087.0,388.531,17
2024-09-23 10:10:00-04:00,388.55,389.29,388.18,388.18,7169.0,388.71,62
2024-09-23 10:15:00-04:00,388.14,388.28,387.37,388.28,2138.0,387.873,17
2024-09-23 10:20:00-04:00,388.5,388.5,387.46,387.46,2340.0,388.0,21
2024-09-23 10:25:00-04:00,387.49,387.5,387.21,387.42,1050.0,387.423,7
2024-09-23 10:30:00-04:00,387.21,387.81,387.2,387.81,1556.0,387.519,15
2024-09-23 10:35:00-04:00,387.6,387.82,387.35,387.38,5382.0,387.555,28
2024-09-23 10:40:00-04:00,387.43,387.86,387.33,387.51,2874.0,387.575,20
2024-09-23 10:45:00-04:00,387.43,387.77,387.0,387.08,4791.0,387.438,45
2024-09-23 10:50:00-04:00,387.2,387.3,386.9,387.3,3127.0,387.157,31
2024-09-23 10:55:00-04:00,387.2,387.63,386.83,386.84,2116.0,387.288,21
2024-09-23 11:00:00-04:00,386.78,386.9,386.25,386.27,2883.0,386.568,22
2024-09-23 11:05:00-04:00,386.34,386.34,386.14,386.15,1195.0,386.218,9
2024-09-23 11:10:00-04:00,386.4,386.66,386.34,386.65,1851.0,386.532,12
2024-09-23 11:15:00-04:00,386.39,386.39,386.32,386.32,600.0,386.347,5
2024-09-23 11:20:00-04:00,386.57,387.1,386.53,387.1,1578.0,386.714,10
2024-09-23 11:25:00-04:00,387.0,387.92,386.94,387.92,3636.0,387.442,31
2024-09-23 11:30:00-04:00,387.97,388.2,387.85,388.12,2537.0,388.007,12
2024-09-23 11:35:00-04:00,388.36,388.51,388.19,388.5,2220.0,388.291,20
2024-09-23 11:40:00-04:00,388.51,388.65,388.47,388.47,400.0,388.543,4
2024-09-23 11:45:00-04:00,388.6,388.86,388.56,388.65,3794.0,388.765,17
2024-09-23 11:50:00-04:00,388.65,388.86,388.54,388.77,11537.0,388.669,13
2024-09-23 11:55:00-04:00,388.63,388.75,388.18,388.25,4962.0,388.484,35
2024-09-23 12:00:00-04:00,388.34,388.47,388.34,388.34,1452.0,388.358,9
2024-09-23 12:05:00-04:00,388.51,388.75,388.5,388.62,2128.0,388.574,15
2024-09-23 12:10:00-04:00,388.61,388.7,387.96,388.32,4709.0,388.316,37
2024-09-23 12:15:00-04:00,388.03,388.36,387.93,388.35,2922.0,388.158,11
2024-09-23 12:20:00-04:00,388.51,388.63,388.23,388.39,5326.0,388.474,12
2024-09-23 12:25:00-04:00,388.58,388.62,388.4,388.54,27389.0,388.541,9
2024-09-23 12:30:00-04:00,388.74,388.8,388.46,388.64,1995.0,388.705,16
2024-09-23 12:35:00-04:00,388.86,388.97,388.24,388.63,4909.0,388.552,44
2024-09-23 12:40:00-04:00,388.37,388.63,388.24,388.31,1922.0,388.485,15
2024-09-23 12:45:00-04:00,388.17,388.4,388.13,388.4,300.0,388.233,3
2024-09-23 12:50:00-04:00,388.36,388.36,387.5,387.5,3841.0,388.062,25
2024-09-23 12:55:00-04:00,387.49,388.24,387.49,388.24,9338.0,387.856,59
2024-09-23 13:00:00-04:00,387.83,388.23,387.79,388.23,2604.0,387.958,20
2024-09-23 13:05:00-04:00,388.17,388.31,387.89,388.17,2100.0,388.085,15
2024-09-23 13:10:00-04:00,388.31,388.65,388.14,388.15,3726.0,388.317,26
2024-09-23 13:15:00-04:00,388.29,388.35,387.87,388.35,2631.0,388.216,17
2024-09-23 13:20:00-04:00,388.15,388.28,387.91,388.0,3644.0,388.091,14
2024-09-23 13:25:00-04:00,387.97,388.24,387.87,387.91,1910.0,388.025,15
2024-09-23 13:30:00-04:00,387.96,388.53,387.96,388.31,1600.0,388.315,10
2024-09-23 13:35:00-04:00,388.43,388.53,388.17,388.19,1650.0,388.308,12
2024-09-23 13:40:00-04:00,388.43,388.75,388.37,388.4,2734.0,388.511,24
2024-09-23 13:45:00-04:00,388.32,388.97,388.32,388.51,2161.0,388.577,19
2024-09-23 13:50:00-04:00,388.43,388.43,387.73,387.86,7193.0,388.19,39
2024-09-23 13:55:00-04:00,387.68,387.94,387.3,387.84,2198.0,387.585,15
2024-09-23 14:00:00-04:00,387.73,388.1,387.73,387.86,4019.0,387.95,27
2024-09-23 14:05:00-04:00,387.68,388.0,387.67,387.8,7216.0,387.871,61
2024-09-23 14:10:00-04:00,388.0,388.0,387.81,387.91,1617.0,387.972,11
2024-09-23 14:15:00-04:00,387.85,388.39,387.84,388.39,2833.0,388.102,25
2024-09-23 14:20:00-04:00,388.6,388.72,388.41,388.41,3377.0,388.542,28
2024-09-23 14:25:00-04:00,388.38,388.5,387.74,387.97,7498.0,388.147,45
2024-09-23 14:30:00-04:00,388.16,388.23,387.76,388.11,4921.0,387.994,39
2024-09-23 14:35:00-04:00,388.18,388.18,387.95,388.1,1400.0,388.083,13
2024-09-23 14:40:00-04:00,388.1,388.3,388.09,388.28,1229.0,388.228,11
2024-09-23 14:45:00-04:00,388.29,388.37,388.03,388.19,2527.0,388.259,18
2024-09-23 14:50:00-04:00,388.18,388.35,388.04,388.1,8907.0,388.213,57
2024-09-23 14:55:00-04:00,388.08,388.44,388.08,388.4,1509.0,388.276,15
2024-09-23 15:00:00-04:00,388.4,388.51,388.24,388.26,3437.0,388.438,29
2024-09-23 15:05:00-04:00,388.26,388.26,387.97,388.2,4991.0,388.136,26
2024-09-23 15:10:00-04:00,388.06,388.57,388.06,388.31,4595.0,388.341,39
2024-09-23 15:15:00-04:00,388.42,388.83,388.42,388.68,3825.0,388.699,28
2024-09-23 15:20:00-04:00,388.64,388.93,388.64,388.73,19681.0,388.763,70
2024-09-23 15:25:00-04:00,388.68,388.73,388.53,388.55,1100.0,388.625,11
2024-09-23 15:30:00-04:00,388.53,388.57,388.15,388.53,7563.0,388.416,66
2024-09-23 15:35:00-04:00,388.49,388.66,388.2,388.22,6766.0,388.471,52
2024-09-23 15:40:00-04:00,388.22,388.25,387.87,387.91,7006.0,388.021,63
2024-09-23 15:45:00-04:00,387.85,388.12,387.75,387.98,9677.0,387.959,76
2024-09-23 15:50:00-04:00,388.0,388.03,387.31,387.43,13200.0,387.668,117
2024-09-23 15:55:00-04:00,387.26,387.6,386.9,387.58,40607.0,387.269,310
2024-09-24 09:30:00-04:00,385.59,388.1,385.59,386.37,17414.0,386.012,27
2024-09-24 09:35:00-04:00,386.36,387.48,385.14,386.05,6428.0,386.191,40
2024-09-24 09:40:00-04:00,385.69,385.8,385.0,385.0,5808.0,385.548,33
2024-09-24 09:45:00-04:00,384.52,384.69,383.2,384.69,8588.0,383.906,67
2024-09-24 09:50:00-04:00,383.57,383.58,383.44,383.49,351.0,383.51,3
2024-09-24 09:55:00-04:00,385.36,385.49,384.72,385.46,1587.0,385.24,15
2024-09-24 10:00:00-04:00,385.48,385.48,383.58,384.84,9562.0,384.296,62
2024-09-24 10:05:00-04:00,384.84,384.84,383.59,384.61,15327.0,384.414,99
2024-09-24 10:10:00-04:00,384.52,385.34,384.02,385.18,4953.0,384.683,40
2024-09-24 10:15:00-04:00,385.18,385.38,384.51,384.8,4213.0,384.968,26
2024-09-24 10:20:00-04:00,385.02,385.05,384.22,384.88,3439.0,384.66,23
2024-09-24 10:25:00-04:00,384.71,384.87,384.45,384.47,1796.0,384.665,14
2024-09-24 10:30:00-04:00,384.79,384.97,383.9,383.9,5321.0,384.736,38
2024-09-24 10:35:00-04:00,383.87,383.9,383.47,383.51,1000.0,383.657,9
2024-09-24 10:40:00-04:00,383.53,384.04,383.34,384.01,1949.0,383.703,14
2024-09-24 10:45:00-04:00,384.03,384.08,383.91,383.91,1457.0,384.006,12
2024-09-24 10:50:00-04:00,384.17,384.17,383.63,384.14,1550.0,383.863,10
2024-09-24 10:55:00-04:00,384.14,384.32,384.03,384.29,1581.0,384.18,15
2024-09-24 11:00:00-04:00,384.21,384.5,384.11,384.38,2536.0,384.302,14
2024-09-24 11:05:00-04:00,384.5,385.0,384.5,385.0,2264.0,384.778,20
2024-09-24 11:10:00-04:00,385.0,385.34,385.0,385.01,600.0,385.126,6
2024-09-24 11:15:00-04:00,385.2,385.28,385.1,385.28,731.0,385.219,6
2024-09-24 11:20:00-04:00,385.31,385.31,383.95,384.23,10310.0,384.576,88
2024-09-24 11:25:00-04:00,384.35,384.72,383.95,384.28,10744.0,384.384,92
2024-09-24 11:30:00-04:00,384.28,384.85,384.28,384.59,6149.0,384.599,54
2024-09-24 11:35:00-04:00,384.53,384.73,384.3,384.58,3143.0,384.52,19
2024-09-24 11:40:00-04:00,384.6,384.61,384.43,384.48,700.0,384.496,7
2024-09-24 11:45:00-04:00,384.18,384.42,383.74,384.17,4575.0,384.031,43
2024-09-24 11:50:00-04:00,383.99,384.88,383.95,384.88,7514.0,384.29,62
2024-09-24 11:55:00-04:00,384.74,384.74,383.89,384.26,3453.0,384.497,30
2024-09-24 12:00:00-04:00,384.27,384.5,384.1,384.31,4647.0,384.237,28
2024-09-24 12:05:00-04:00,384.4,384.4,384.13,384.3,1226.0,384.262,8
2024-09-24 12:10:00-04:00,384.23,384.6,384.23,384.42,2863.0,384.489,17
2024-09-24 12:15:00-04:00,384.33,384.56,384.3,384.56,2918.0,384.439,23
2024-09-24 12:20:00-04:00,384.58,384.97,384.5,384.92,3804.0,384.738,29
2024-09-24 12:25:00-04:00,384.73,384.75,384.45,384.51,2469.0,384.602,23
2024-09-24 12:30:00-04:00,384.56,384.88,384.38,384.82,5273.0,384.644,45
2024-09-24 12:35:00-04:00,384.81,385.1,384.74,385.05,2677.0,384.928,20
2024-09-24 12:40:00-04:00,384.91,385.53,384.91,385.53,1202.0,385.386,11
2024-09-24 12:45:00-04:00,385.72,385.72,385.33,385.6,3710.0,385.466,31
2024-09-24 12:50:00-04:00,385.43,385.65,385.42,385.56,2834.0,385.574,19
2024-09-24 12:55:00-04:00,385.74,385.74,385.37,385.39,3323.0,385.504,26
2024-09-24 13:00:00-04:00,385.33,385.49,385.28,385.32,4501.0,385.365,23
2024-09-24 13:05:00-04:00,385.33,385.56,385.33,385.54,6503.0,385.502,29
2024-09-24 13:10:00-04:00,385.66,385.79,385.47,385.61,3661.0,385.593,21
2024-09-24 13:15:00-04:00,385.62,385.62,385.37,385.59,1305.0,385.531,11
2024-09-24 13:20:00-04:00,385.6,385.73,384.55,384.55,4739.0,385.36,37
2024-09-24 13:25:00-04:00,384.52,384.69,384.3,384.61,1860.0,384.547,15
2024-09-24 13:30:00-04:00,384.62,384.75,384.39,384.58,3569.0,384.56,29
2024-09-24 13:35:00-04:00,384.35,384.42,384.3,384.42,501.0,384.376,5
2024-09-24 13:40:00-04:00,384.38,384.48,384.29,384.42,2212.0,384.413,15
2024-09-24 13:45:00-04:00,384.28,384.28,383.84,383.88,1660.0,384.152,15
2024-09-24 13:50:00-04:00,383.67,384.08,383.67,383.92,1071.0,383.948,5
2024-09-24 13:55:00-04:00,383.93,383.98,383.75,383.76,1020.0,383.855,8
2024-09-24 14:00:00-04:00,383.77,383.83,383.73,383.74,1388.0,383.766,11
2024-09-24 14:05:00-04:00,383.76,384.05,383.76,383.86,2185.0,383.894,18
2024-09-24 14:10:00-04:00,383.94,383.98,383.78,383.84,2619.0,383.88,20
2024-09-24 14:15:00-04:00,383.95,383.99,383.83,383.99,1822.0,383.927,17
2024-09-24 14:20:00-04:00,384.0,384.09,383.88,383.94,1557.0,383.98,9
2024-09-24 14:25:00-04:00,384.09,384.37,383.84,384.09,4735.0,384.087,39
2024-09-24 14:30:00-04:00,383.91,383.91,383.29,383.75,5415.0,383.489,48
2024-09-24 14:35:00-04:00,383.99,384.21,383.82,384.02,2148.0,384.021,16
2024-09-24 14:40:00-04:00,384.02,384.32,383.83,384.3,2054.0,384.055,20
2024-09-24 14:45:00-04:00,384.25,384.4,384.25,384.4,269.0,384.333,2
2024-09-24 14:50:00-04:00,384.26,384.79,384.26,384.78,5369.0,384.456,45
2024-09-24 14:55:00-04:00,384.6,384.61,384.1,384.1,1300.0,384.335,13
2024-09-24 15:00:00-04:00,384.28,384.29,383.92,384.0,2831.0,384.122,22
2024-09-24 15:05:00-04:00,384.08,384.18,383.99,384.0,754.0,384.105,4
2024-09-24 15:10:00-04:00,384.15,384.18,383.63,383.81,2689.0,383.945,19
2024-09-24 15:15:00-04:00,383.71,383.95,383.67,383.92,2481.0,383.878,16
2024-09-24 15:20:00-04:00,383.94,384.27,383.94,384.26,1183.0,384.167,11
2024-09-24 15:25:00-04:00,384.19,384.26,383.92,384.26,4550.0,384.079,42
2024-09-24 15:30:00-04:00,384.41,384.41,383.78,383.78,2008.0,384.056,17
2024-09-24 15:35:00-04:00,383.8,384.39,383.79,384.22,3780.0,384.052,29
2024-09-24 15:40:00-04:00,384.13,384.35,383.94,383.94,3447.0,384.123,33
2024-09-24 15:45:00-04:00,384.11,384.14,383.6,384.07,6963.0,383.875,60
2024-09-24 15:50:00-04:00,384.0,384.08,383.66,383.67,12687.0,383.828,114
2024-09-24 15:55:00-04:00,383.65,384.03,383.37,383.81,53476.0,383.69,421
2024-09-25 09:30:00-04:00,386.89,388.32,384.67,387.58,18433.0,386.681,30
2024-09-25 09:35:00-04:00,387.71,388.87,387.61,387.85,12703.0,388.043,98
2024-09-25 09:40:00-04:00,387.63,388.51,387.53,388.4,4940.0,387.969,43
2024-09-25 09:45:00-04:00,388.8,389.47,387.69,388.92,8806.0,389.028,56
2024-09-25 09:50:00-04:00,389.05,389.26,388.53,389.2,6100.0,388.862,50
2024-09-25 09:55:00-04:00,389.08,389.46,388.93,389.43,6353.0,389.157,47
2024-09-25 10:00:00-04:00,389.12,390.0,389.12,390.0,12784.0,389.499,55
2024-09-25 10:05:00-04:00,389.93,390.6,389.35,390.03,5690.0,390.09,44
2024-09-25 10:10:00-04:00,389.78,389.78,389.16,389.59,2300.0,389.525,19
2024-09-25 10:15:00-04:00,389.64,389.81,388.54,388.58,7412.0,389.187,52
2024-09-25 10:20:00-04:00,388.56,388.59,387.89,388.15,7024.0,388.219,53
2024-09-25 10:25:00-04:00,388.0,388.12,387.64,387.65,3101.0,387.805,24
2024-09-25 10:30:00-04:00,387.72,388.35,387.3,388.34,2080.0,387.789,10
2024-09-25 10:35:00-04:00,388.5,388.59,388.24,388.37,5055.0,388.483,34
2024-09-25 10:40:00-04:00,388.21,388.4,388.06,388.06,1393.0,388.272,8
2024-09-25 10:45:00-04:00,388.23,388.5,388.06,388.27,3252.0,388.349,27
2024-09-25 10:50:00-04:00,388.26,388.61,388.23,388.39,2817.0,388.435,19
2024-09-25 10:55:00-04:00,388.51,388.68,388.3,388.46,7001.0,388.475,39
2024-09-25 11:00:00-04:00,388.46,388.46,388.13,388.25,8070.0,388.242,30
2024-09-25 11:05:00-04:00,388.25,388.55,387.75,387.89,15654.0,388.325,105
2024-09-25 11:10:00-04:00,387.53,387.53,386.79,387.19,1621.0,387.108,15
2024-09-25 11:15:00-04:00,387.5,387.5,387.33,387.34,500.0,387.452,4
2024-09-25 11:20:00-04:00,387.34,387.44,387.31,387.31,850.0,387.344,7
2024-09-25 11:25:00-04:00,387.31,387.5,387.13,387.5,3282.0,387.337,23
2024-09-25 11:30:00-04:00,387.51,387.52,387.03,387.09,3483.0,387.202,28
2024-09-25 11:35:00-04:00,387.2,387.49,387.07,387.37,5098.0,387.307,37
2024-09-25 11:40:00-04:00,387.36,387.36,386.98,387.0,4996.0,387.205,28
2024-09-25 11:45:00-04:00,387.05,387.22,387.04,387.22,3132.0,387.19,22
2024-09-25 11:50:00-04:00,387.07,387.22,386.66,386.67,7628.0,386.989,66
2024-09-25 11:55:00-04:00,386.82,386.82,386.31,386.66,10420.0,386.505,57
2024-09-25 12:00:00-04:00,386.78,386.91,386.55,386.65,6666.0,386.756,37
2024-09-25 12:05:00-04:00,386.66,386.66,386.43,386.44,900.0,386.504,7
2024-09-25 12:10:00-04:00,386.49,386.82,386.47,386.81,4191.0,386.609,34
2024-09-25 12:15:00-04:00,386.81,386.86,386.81,386.86,1000.0,386.818,5
2024-09-25 12:20:00-04:00,386.82,386.94,386.74,386.83,4450.0,386.782,41
2024-09-25 12:25:00-04:00,386.88,386.88,386.66,386.73,1824.0,386.742,11
2024-09-25 12:30:00-04:00,386.64,386.64,386.34,386.34,2631.0,386.429,22
2024-09-25 12:35:00-04:00,386.15,386.15,386.08,386.13,900.0,386.119,6
2024-09-25 12:40:00-04:00,386.14,386.47,386.12,386.35,8104.0,386.267,45
2024-09-25 12:45:00-04:00,386.33,386.45,386.28,386.39,1300.0,386.372,10
2024-09-25 12:50:00-04:00,386.55,387.56,386.54,387.56,1035.0,387.01,8
2024-09-25 12:55:00-04:00,387.27,387.35,387.02,387.25,5776.0,387.234,24
2024-09-25 13:00:00-04:00,387.13,387.35,386.54,387.35,3030.0,386.969,22
2024-09-25 13:05:00-04:00,387.35,387.77,387.34,387.54,2635.0,387.557,18
2024-09-25 13:10:00-04:00,387.66,387.66,387.56,387.56,200.0,387.613,2
2024-09-25 13:15:00-04:00,387.47,387.55,387.2,387.21,10885.0,387.4,27
2024-09-25 13:20:00-04:00,387.2,387.4,387.18,387.18,1701.0,387.28,12
2024-09-25 13:25:00-04:00,387.25,387.26,387.03,387.04,1080.0,387.121,9
2024-09-25 13:30:00-04:00,387.02,387.02,386.6,386.6,2934.0,386.772,20
2024-09-25 13:35:00-04:00,386.39,386.6,386.26,386.39,2972.0,386.381,24
2024-09-25 13:40:00-04:00,386.72,386.72,386.25,386.25,600.0,386.37,6
2024-09-25 13:45:00-04:00,386.27,386.48,385.82,385.98,2635.0,386.038,18
2024-09-25 13:50:00-04:00,386.16,386.5,386.14,386.49,1072.0,386.334,9
2024-09-25 13:55:00-04:00,386.55,386.67,386.27,386.53,1957.0,386.463,14
2024-09-25 14:00:00-04:00,386.81,386.93,386.61,386.83,2378.0,386.81,14
2024-09-25 14:05:00-04:00,386.85,386.85,386.6,386.74,1354.0,386.746,9
2024-09-25 14:10:00-04:00,386.72,386.98,386.71,386.8,2333.0,386.814,14
2024-09-25 14:15:00-04:00,386.63,386.63,386.31,386.6,1700.0,386.508,15
2024-09-25 14:20:00-04:00,386.63,386.78,386.39,386.54,3196.0,386.527,6
2024-09-25 14:25:00-04:00,386.52,386.68,386.45,386.68,2119.0,386.559,14
2024-09-25 14:30:00-04:00,386.58,387.19,386.58,387.19,1467.0,386.74,13
2024-09-25 14:35:00-04:00,387.1,387.79,387.09,387.35,2506.0,387.585,16
2024-09-25 14:40:00-04:00,387.24,387.26,387.23,387.25,1756.0,387.236,8
2024-09-25 14:45:00-04:00,387.38,387.38,386.99,386.99,2068.0,387.116,12
2024-09-25 14:50:00-04:00,386.98,387.3,386.98,387.3,1247.0,387.06,7
2024-09-25 14:55:00-04:00,387.33,387.33,386.7,386.7,1920.0,387.076,14
2024-09-25 15:00:00-04:00,387.15,387.16,386.66,386.92,4577.0,386.885,27
2024-09-25 15:05:00-04:00,386.88,387.13,386.75,386.83,3640.0,386.962,29
2024-09-25 15:10:00-04:00,386.97,386.97,386.69,386.83,4465.0,386.824,32
2024-09-25 15:15:00-04:00,386.66,386.66,386.49,386.49,2087.0,386.598,10
2024-09-25 15:20:00-04:00,386.25,386.64,386.25,386.43,2195.0,386.379,11
2024-09-25 15:25:00-04:00,386.46,386.57,386.22,386.43,5285.0,386.376,41
2024-09-25 15:30:00-04:00,386.31,386.47,385.85,386.04,4095.0,386.194,28
2024-09-25 15:35:00-04:00,385.85,385.85,385.39,385.49,1465.0,385.599,14
2024-09-25 15:40:00-04:00,385.31,386.03,385.31,385.99,2290.0,385.749,21
2024-09-25 15:45:00-04:00,386.08,387.04,386.0,386.84,8398.0,386.38,47
2024-09-25 15:50:00-04:00,387.04,387.1,386.49,387.01,8802.0,386.82,75
2024-09-25 15:55:00-04:00,387.08,387.91,386.73,387.89,40931.0,387.426,311
2024-09-26 09:30:00-04:00,389.68,391.83,389.24,390.23,15499.0,389.967,33
2024-09-26 09:35:00-04:00,391.36,391.91,390.22,390.78,4748.0,391.052,28
2024-09-26 09:40:00-04:00,390.78,390.93,388.8,389.46,2646.0,390.174,21
2024-09-26 09:45:00-04:00,389.66,389.66,387.9,388.4,9341.0,389.029,60
2024-09-26 09:50:00-04:00,388.39,388.46,386.81,387.18,7714.0,387.859,42
2024-09-26 09:55:00-04:00,387.08,388.48,387.0,387.18,8374.0,387.718,64
2024-09-26 10:00:00-04:00,388.38,389.44,386.23,386.24,12136.0,388.055,74
2024-09-26 10:05:00-04:00,385.87,386.42,385.0,385.0,5276.0,385.728,26
2024-09-26 10:10:00-04:00,385.55,387.59,385.55,386.54,10046.0,386.768,49
2024-09-26 10:15:00-04:00,386.54,387.44,386.05,387.33,5614.0,387.077,26
2024-09-26 10:20:00-04:00,387.52,387.52,386.58,386.66,7324.0,387.127,29
2024-09-26 10:25:00-04:00,386.73,387.3,386.23,386.52,4878.0,386.66,19
2024-09-26 10:30:00-04:00,386.81,387.49,386.58,387.35,8871.0,387.106,29
2024-09-26 10:35:00-04:00,387.84,387.91,386.98,387.66,1609.0,387.66,14
2024-09-26 10:40:00-04:00,388.08,388.08,387.42,387.63,12195.0,387.729,49
2024-09-26 10:45:00-04:00,387.64,388.17,387.6,387.6,3627.0,387.9,29
2024-09-26 10:50:00-04:00,387.79,388.0,387.46,387.49,1700.0,387.737,14
2024-09-26 10:55:00-04:00,387.1,387.11,386.34,386.85,1440.0,386.697,12
2024-09-26 11:00:00-04:00,386.57,387.44,386.3,387.02,4541.0,386.76,29
2024-09-26 11:05:00-04:00,387.27,387.27,386.8,387.15,1295.0,387.046,11
2024-09-26 11:10:00-04:00,387.16,387.2,386.91,386.91,1237.0,387.047,9
2024-09-26 11:15:00-04:00,387.12,387.39,386.74,387.15,5377.0,387.012,38
2024-09-26 11:20:00-04:00,387.24,387.36,387.0,387.36,4374.0,387.122,26
2024-09-26 11:25:00-04:00,387.36,387.59,387.06,387.38,5955.0,387.353,41
2024-09-26 11:30:00-04:00,387.5,387.58,387.3,387.41,6197.0,387.433,26
2024-09-26 11:35:00-04:00,387.53,387.98,387.31,387.96,5035.0,387.741,26
2024-09-26 11:40:00-04:00,387.96,388.18,387.78,387.97,18523.0,387.945,92
2024-09-26 11:45:00-04:00,387.97,388.55,387.61,387.61,3969.0,388.123,26
2024-09-26 11:50:00-04:00,387.91,387.91,387.58,387.81,1274.0,387.802,8
2024-09-26 11:55:00-04:00,387.99,388.24,387.81,388.24,2900.0,387.939,16
2024-09-26 12:00:00-04:00,388.03,388.08,387.14,387.45,2367.0,387.659,18
2024-09-26 12:05:00-04:00,386.59,387.07,386.59,386.88,1087.0,386.889,8
2024-09-26 12:10:00-04:00,387.03,387.14,386.69,386.69,2551.0,386.985,16
2024-09-26 12:15:00-04:00,386.86,387.22,386.82,386.88,1704.0,386.961,16
2024-09-26 12:20:00-04:00,386.92,387.25,386.87,386.99,8482.0,387.087,37
2024-09-26 12:25:00-04:00,386.95,387.61,386.95,387.04,4264.0,387.291,37
2024-09-26 12:30:00-04:00,387.05,387.13,386.76,386.97,1551.0,387.003,13
2024-09-26 12:35:00-04:00,387.56,387.68,387.44,387.44,4500.0,387.46,6
2024-09-26 12:40:00-04:00,387.23,387.73,387.15,387.73,3045.0,387.468,26
2024-09-26 12:45:00-04:00,387.76,387.94,387.62,387.62,1450.0,387.745,13
2024-09-26 12:50:00-04:00,387.86,388.15,387.79,387.79,5360.0,388.024,16
2024-09-26 12:55:00-04:00,387.91,388.26,387.76,388.26,21471.0,387.929,53
2024-09-26 13:00:00-04:00,388.28,389.19,388.26,389.19,1744.0,388.586,11
2024-09-26 13:05:00-04:00,389.35,389.37,389.06,389.09,892.0,389.237,7
2024-09-26 13:10:00-04:00,389.38,389.53,388.89,389.27,1200.0,389.108,11
2024-09-26 13:15:00-04:00,389.1,389.46,388.77,389.0,3027.0,389.028,26
2024-09-26 13:20:00-04:00,389.1,389.66,389.1,389.53,3226.0,389.516,13
2024-09-26 13:25:00-04:00,389.44,389.71,389.32,389.71,1896.0,389.452,14
2024-09-26 13:30:00-04:00,389.42,389.89,389.0,389.04,4961.0,389.181,29
2024-09-26 13:35:00-04:00,389.27,389.61,388.98,389.61,2410.0,389.258,19
2024-09-26 13:40:00-04:00,389.73,389.73,389.28,389.28,700.0,389.45,7
2024-09-26 13:45:00-04:00,389.39,389.89,389.39,389.77,1438.0,389.64,14
2024-09-26 13:50:00-04:00,389.75,390.12,389.74,390.01,10229.0,389.793,25
2024-09-26 13:55:00-04:00,390.22,390.42,389.75,390.0,2603.0,390.016,21
2024-09-26 14:00:00-04:00,389.83,390.01,389.67,390.01,1072.0,389.812,7
2024-09-26 14:05:00-04:00,389.75,390.19,389.74,390.08,1312.0,389.996,10
2024-09-26 14:10:00-04:00,389.93,390.37,389.91,390.26,5334.0,390.154,44
2024-09-26 14:15:00-04:00,390.28,390.47,389.0,389.21,16324.0,389.568,82
2024-09-26 14:20:00-04:00,389.26,389.61,388.73,388.85,2747.0,389.183,24
2024-09-26 14:25:00-04:00,388.81,389.1,388.38,388.85,1538.0,388.75,12
2024-09-26 14:30:00-04:00,388.53,388.72,388.26,388.53,3820.0,388.559,22
2024-09-26 14:35:00-04:00,388.67,388.67,388.53,388.53,401.0,388.579,4
2024-09-26 14:40:00-04:00,388.55,388.96,388.55,388.95,2313.0,388.863,8
2024-09-26 14:45:00-04:00,388.52,388.65,388.09,388.35,2393.0,388.383,22
2024-09-26 14:50:00-04:00,388.19,388.42,388.19,388.42,2322.0,388.344,21
2024-09-26 14:55:00-04:00,388.43,388.44,387.83,387.83,3014.0,388.198,26
2024-09-26 15:00:00-04:00,387.8,388.23,387.63,388.23,2378.0,388.036,16
2024-09-26 15:05:00-04:00,388.17,388.3,387.77,387.92,2446.0,388.081,19
2024-09-26 15:10:00-04:00,387.67,388.1,387.67,387.89,3426.0,387.876,22
2024-09-26 15:15:00-04:00,387.9,387.9,387.54,387.61,2469.0,387.715,20
2024-09-26 15:20:00-04:00,387.73,387.74,387.14,387.17,1173.0,387.432,11
2024-09-26 15:25:00-04:00,387.24,387.35,386.78,387.0,3395.0,387.077,28
2024-09-26 15:30:00-04:00,387.23,387.23,386.31,386.79,1931.0,386.601,18
2024-09-26 15:35:00-04:00,386.64,386.94,386.42,386.94,3288.0,386.726,29
2024-09-26 15:40:00-04:00,387.01,387.26,386.86,387.26,1581.0,387.095,14
2024-09-26 15:45:00-04:00,387.25,387.65,387.24,387.43,3782.0,387.43,35
2024-09-26 15:50:00-04:00,387.6,387.78,387.24,387.73,6368.0,387.508,58
2024-09-26 15:55:00-04:00,387.67,387.74,386.52,386.58,63613.0,386.857,400
2024-09-27 09:30:00-04:00,386.25,387.99,384.76,385.48,16621.0,386.332,44
2024-09-27 09:35:00-04:00,385.81,386.88,385.38,385.38,2343.0,385.941,18
2024-09-27 09:40:00-04:00,385.87,386.44,385.67,385.68,1456.0,386.001,13
2024-09-27 09:45:00-04:00,385.03,385.38,384.16,385.15,4421.0,384.974,34
2024-09-27 09:50:00-04:00,385.49,385.86,385.01,385.12,5011.0,385.481,40
2024-09-27 09:55:00-04:00,384.88,384.88,384.43,384.61,1033.0,384.692,8
2024-09-27 10:00:00-04:00,385.39,385.49,382.99,384.12,14978.0,384.506,120
2024-09-27 10:05:00-04:00,384.14,385.16,383.73,384.83,8256.0,384.522,59
2024-09-27 10:10:00-04:00,384.8,385.54,384.6,385.54,9700.0,385.107,87
2024-09-27 10:15:00-04:00,385.59,385.59,384.13,384.13,14076.0,385.064,94
2024-09-27 10:20:00-04:00,384.28,385.33,384.23,385.21,20304.0,385.029,150
2024-09-27 10:25:00-04:00,385.42,385.43,384.96,385.38,17634.0,385.253,115
2024-09-27 10:30:00-04:00,385.35,385.58,385.01,385.2,7843.0,385.265,51
2024-09-27 10:35:00-04:00,385.31,385.32,385.0,385.12,1401.0,385.149,13
2024-09-27 10:40:00-04:00,385.12,385.13,384.87,384.87,1076.0,385.03,10
2024-09-27 10:45:00-04:00,385.12,386.05,385.12,385.32,25150.0,385.571,98
2024-09-27 10:50:00-04:00,385.87,386.59,385.74,386.59,10203.0,386.191,47
2024-09-27 10:55:00-04:00,386.61,386.61,386.11,386.11,5983.0,386.338,31
2024-09-27 11:00:00-04:00,385.93,385.93,385.15,385.53,5295.0,385.484,32
2024-09-27 11:05:00-04:00,385.25,385.64,385.13,385.19,3161.0,385.358,25
2024-09-27 11:10:00-04:00,385.5,385.5,384.93,385.18,5558.0,385.2,29
2024-09-27 11:15:00-04:00,384.94,385.09,383.77,383.77,12004.0,384.38,65
2024-09-27 11:20:00-04:00,383.94,384.8,383.92,384.76,10919.0,384.385,80
2024-09-27 11:25:00-04:00,384.61,385.06,384.18,385.06,10882.0,384.591,59
2024-09-27 11:30:00-04:00,384.73,384.73,384.51,384.51,1843.0,384.696,16
2024-09-27 11:35:00-04:00,384.47,384.86,384.46,384.86,2410.0,384.694,22
2024-09-27 11:40:00-04:00,384.82,385.17,384.82,385.0,10473.0,385.016,73
2024-09-27 11:45:00-04:00,384.7,385.16,384.7,384.88,15541.0,384.964,61
2024-09-27 11:50:00-04:00,384.83,384.96,384.52,384.52,1689.0,384.698,14
2024-09-27 11:55:00-04:00,384.59,384.72,384.41,384.47,2320.0,384.618,13
2024-09-27 12:00:00-04:00,384.77,384.77,384.18,384.4,2034.0,384.405,19
2024-09-27 12:05:00-04:00,384.3,384.63,384.16,384.63,2011.0,384.459,15
2024-09-27 12:10:00-04:00,384.44,384.66,384.11,384.11,7002.0,384.478,48
2024-09-27 12:15:00-04:00,384.09,384.52,384.09,384.25,3250.0,384.331,20
2024-09-27 12:20:00-04:00,384.29,384.74,384.29,384.74,1704.0,384.531,14
2024-09-27 12:25:00-04:00,384.71,384.86,384.4,384.46,8781.0,384.617,50
2024-09-27 12:30:00-04:00,384.44,384.69,384.24,384.44,1906.0,384.419,18
2024-09-27 12:35:00-04:00,384.53,384.78,384.53,384.72,5450.0,384.632,41
2024-09-27 12:40:00-04:00,384.74,384.74,384.27,384.41,3636.0,384.538,21
2024-09-27 12:45:00-04:00,384.37,384.62,384.28,384.46,2695.0,384.428,23
2024-09-27 12:50:00-04:00,384.5,384.79,384.5,384.79,654.0,384.73,6
2024-09-27 12:55:00-04:00,384.82,384.94,384.61,384.73,5944.0,384.788,30
2024-09-27 13:00:00-04:00,384.73,385.5,384.62,385.4,2350.0,384.9,21
2024-09-27 13:05:00-04:00,385.37,385.37,384.41,384.41,1417.0,384.964,14
2024-09-27 13:10:00-04:00,384.57,384.59,384.28,384.28,2547.0,384.457,23
2024-09-27 13:15:00-04:00,384.43,384.74,384.23,384.42,2598.0,384.417,22
2024-09-27 13:20:00-04:00,384.57,384.94,384.46,384.94,1665.0,384.716,9
2024-09-27 13:25:00-04:00,384.73,384.75,384.73,384.75,380.0,384.735,3
2024-09-27 13:30:00-04:00,384.78,384.78,384.41,384.55,2301.0,384.584,19
2024-09-27 13:35:00-04:00,384.38,384.38,383.83,383.84,3811.0,384.098,29
2024-09-27 13:40:00-04:00,383.84,384.12,383.68,384.12,4245.0,383.867,31
2024-09-27 13:45:00-04:00,384.35,384.35,384.11,384.2,2155.0,384.199,14
2024-09-27 13:50:00-04:00,384.33,384.79,384.22,384.79,1100.0,384.493,11
2024-09-27 13:55:00-04:00,384.58,384.65,384.46,384.53,1338.0,384.553,12
2024-09-27 14:00:00-04:00,384.53,384.65,384.17,384.2,1661.0,384.404,15
2024-09-27 14:05:00-04:00,384.19,384.28,383.99,383.99,1515.0,384.094,14
2024-09-27 14:10:00-04:00,384.12,384.69,383.95,384.69,5406.0,384.127,29
2024-09-27 14:15:00-04:00,384.58,384.66,384.49,384.59,1150.0,384.566,8
2024-09-27 14:20:00-04:00,384.74,384.75,384.61,384.65,1699.0,384.667,14
2024-09-27 14:25:00-04:00,384.62,384.63,383.83,384.14,5259.0,384.186,43
2024-09-27 14:30:00-04:00,384.16,384.35,383.47,384.19,4312.0,383.801,35
2024-09-27 14:35:00-04:00,384.19,384.38,384.0,384.31,1670.0,384.167,16
2024-09-27 14:40:00-04:00,384.24,384.74,384.07,384.72,1500.0,384.381,14
2024-09-27 14:45:00-04:00,384.73,385.3,384.72,385.3,1923.0,384.996,17
2024-09-27 14:50:00-04:00,385.21,385.3,384.81,385.2,3135.0,385.095,26
2024-09-27 14:55:00-04:00,385.09,385.46,385.08,385.26,2200.0,385.31,19
2024-09-27 15:00:00-04:00,385.28,385.53,385.21,385.33,3474.0,385.356,29
2024-09-27 15:05:00-04:00,385.33,385.33,384.78,384.78,1400.0,385.112,14
2024-09-27 15:10:00-04:00,384.66,384.97,384.59,384.82,3016.0,384.81,28
2024-09-27 15:15:00-04:00,384.77,384.82,384.33,384.49,4869.0,384.679,30
2024-09-27 15:20:00-04:00,384.53,384.53,384.08,384.23,3625.0,384.25,30
2024-09-27 15:25:00-04:00,384.12,384.5,383.94,384.21,4654.0,384.258,45
2024-09-27 15:30:00-04:00,384.23,384.89,384.11,384.83,8807.0,384.346,50
2024-09-27 15:35:00-04:00,384.74,384.76,384.45,384.47,3016.0,384.608,29
2024-09-27 15:40:00-04:00,384.29,384.47,384.15,384.15,5763.0,384.286,47
2024-09-27 15:45:00-04:00,384.16,384.47,383.86,383.95,15656.0,384.112,143
2024-09-27 15:50:00-04:00,384.03,384.83,383.86,384.62,30177.0,384.304,259
2024-09-27 15:55:00-04:00,384.43,384.66,383.83,383.88,66615.0,384.068,488
2024-09-30 09:30:00-04:00,384.2,385.54,382.91,382.92,14117.0,384.169,12
2024-09-30 09:35:00-04:00,384.12,385.57,383.74,385.11,2282.0,384.559,22
2024-09-30 09:40:00-04:00,385.01,385.24,384.31,384.5,1862.0,384.736,17
2024-09-30 09:45:00-04:00,384.73,385.0,384.65,385.0,2372.0,384.782,21
2024-09-30 09:50:00-04:00,385.15,385.62,384.98,385.19,4355.0,385.285,34
2024-09-30 09:55:00-04:00,384.95,384.95,383.79,384.29,5686.0,384.28,48
2024-09-30 10:00:00-04:00,384.18,384.43,383.45,383.72,15810.0,383.933,116
2024-09-30 10:05:00-04:00,383.54,384.26,383.12,384.26,9046.0,383.711,63
2024-09-30 10:10:00-04:00,384.03,384.51,384.03,384.29,10533.0,384.214,40
2024-09-30 10:15:00-04:00,384.02,384.32,384.0,384.16,3806.0,384.146,28
2024-09-30 10:20:00-04:00,384.32,384.57,384.24,384.25,12037.0,384.294,40
2024-09-30 10:25:00-04:00,384.27,384.48,383.82,383.91,3914.0,384.22,21
2024-09-30 10:30:00-04:00,384.13,384.62,384.09,384.38,3490.0,384.311,30
2024-09-30 10:35:00-04:00,384.1,384.22,384.05,384.19,1520.0,384.147,11
2024-09-30 10:40:00-04:00,384.31,384.42,384.09,384.25,2031.0,384.232,15
2024-09-30 10:45:00-04:00,384.25,384.36,383.95,384.04,4275.0,384.085,41
2024-09-30 10:50:00-04:00,384.01,384.1,383.77,383.99,2307.0,383.967,21
2024-09-30 10:55:00-04:00,384.01,384.29,384.01,384.29,1738.0,384.115,15
2024-09-30 11:00:00-04:00,384.36,384.56,384.35,384.45,5789.0,384.476,51
2024-09-30 11:05:00-04:00,384.64,384.64,384.36,384.38,4148.0,384.445,32
2024-09-30 11:10:00-04:00,384.37,384.97,384.36,384.97,3488.0,384.624,33
2024-09-30 11:15:00-04:00,385.22,385.38,385.12,385.28,1954.0,385.247,15
2024-09-30 11:20:00-04:00,384.97,385.28,384.69,384.69,6157.0,384.95,48
2024-09-30 11:25:00-04:00,384.72,384.93,384.7,384.85,13083.0,384.742,20
2024-09-30 11:30:00-04:00,384.85,385.29,384.84,384.86,4913.0,385.007,46
2024-09-30 11:35:00-04:00,384.84,384.89,384.66,384.68,1902.0,384.775,17
2024-09-30 11:40:00-04:00,384.69,384.83,384.58,384.82,700.0,384.681,6
2024-09-30 11:45:00-04:00,384.9,385.1,384.89,384.91,776.0,384.944,7
2024-09-30 11:50:00-04:00,384.91,384.96,384.72,384.72,500.0,384.818,5
2024-09-30 11:55:00-04:00,384.87,385.0,384.86,384.98,920.0,384.952,8
2024-09-30 12:00:00-04:00,384.9,385.2,384.9,385.19,1113.0,385.055,11
2024-09-30 12:05:00-04:00,385.38,385.51,385.38,385.5,200.0,385.445,2
2024-09-30 12:10:00-04:00,385.5,385.59,385.27,385.55,900.0,385.414,8
2024-09-30 12:15:00-04:00,385.65,385.68,385.32,385.32,2347.0,385.468,16
2024-09-30 12:20:00-04:00,385.29,385.63,385.26,385.63,900.0,385.344,8
2024-09-30 12:25:00-04:00,385.41,385.87,385.41,385.87,600.0,385.521,5
2024-09-30 12:30:00-04:00,385.36,385.37,385.36,385.37,486.0,385.362,4
2024-09-30 12:35:00-04:00,385.61,385.69,385.61,385.69,300.0,385.663,3
2024-09-30 12:40:00-04:00,385.53,385.53,385.42,385.45,824.0,385.482,6
2024-09-30 12:45:00-04:00,385.46,385.6,385.45,385.58,755.0,385.535,5
2024-09-30 12:50:00-04:00,385.34,385.52,385.34,385.34,1075.0,385.369,8
2024-09-30 12:55:00-04:00,385.34,385.34,385.21,385.34,1548.0,385.251,6
2024-09-30 13:00:00-04:00,385.44,385.45,384.87,384.87,1636.0,385.113,11
2024-09-30 13:05:00-04:00,384.87,384.98,384.8,384.84,766.0,384.877,6
2024-09-30 13:10:00-04:00,384.84,385.51,384.84,384.88,2164.0,385.089,18
2024-09-30 13:15:00-04:00,385.23,385.28,385.23,385.28,400.0,385.263,4
2024-09-30 13:20:00-04:00,385.28,385.51,385.27,385.43,486.0,385.397,4
2024-09-30 13:25:00-04:00,385.52,385.55,385.17,385.18,1500.0,385.338,14
2024-09-30 13:30:00-04:00,385.06,385.06,384.47,384.8,6802.0,384.645,17
2024-09-30 13:35:00-04:00,384.77,385.08,384.48,384.84,4784.0,384.881,35
2024-09-30 13:40:00-04:00,384.88,385.08,384.53,384.63,3425.0,384.826,26
2024-09-30 13:45:00-04:00,384.63,384.89,384.5,384.5,1243.0,384.747,12
2024-09-30 13:50:00-04:00,384.68,384.93,384.55,384.57,5696.0,384.737,20
2024-09-30 13:55:00-04:00,384.59,384.97,384.22,384.83,2545.0,384.665,24
2024-09-30 14:00:00-04:00,384.82,384.82,384.54,384.72,2187.0,384.635,10
2024-09-30 14:05:00-04:00,384.72,384.72,384.0,384.32,1144.0,384.319,11
2024-09-30 14:10:00-04:00,383.98,384.27,383.73,383.8,704.0,383.975,7
2024-09-30 14:15:00-04:00,383.39,383.5,383.24,383.37,960.0,383.402,8
2024-09-30 14:20:00-04:00,383.0,383.0,382.29,382.62,3010.0,382.553,22
2024-09-30 14:25:00-04:00,382.71,383.25,382.71,383.14,17608.0,383.078,126
2024-09-30 14:30:00-04:00,382.94,383.65,382.78,383.65,2725.0,383.327,25
2024-09-30 14:35:00-04:00,383.56,384.39,383.55,384.19,2038.0,384.007,16
2024-09-30 14:40:00-04:00,384.18,384.59,384.0,384.37,1779.0,384.291,15
2024-09-30 14:45:00-04:00,384.4,384.82,384.39,384.71,1073.0,384.629,8
2024-09-30 14:50:00-04:00,384.61,384.82,384.13,384.51,1739.0,384.423,13
2024-09-30 14:55:00-04:00,384.52,384.59,384.33,384.46,2080.0,384.415,12
2024-09-30 15:00:00-04:00,384.29,384.73,383.84,384.73,1100.0,384.226,11
2024-09-30 15:05:00-04:00,384.66,384.98,384.65,384.98,2412.0,384.827,20
2024-09-30 15:10:00-04:00,384.69,384.82,384.44,384.82,1400.0,384.651,14
2024-09-30 15:15:00-04:00,384.75,385.42,384.74,385.37,1000.0,385.059,10
2024-09-30 15:20:00-04:00,385.37,385.54,385.25,385.44,1300.0,385.417,12
2024-09-30 15:25:00-04:00,385.3,385.58,385.27,385.57,1344.0,385.427,12
2024-09-30 15:30:00-04:00,385.7,385.94,385.43,385.5,4814.0,385.712,27
2024-09-30 15:35:00-04:00,385.55,386.07,385.48,386.07,2091.0,385.736,19
2024-09-30 15:40:00-04:00,385.96,386.45,385.9,386.45,1895.0,386.134,16
2024-09-30 15:45:00-04:00,386.47,387.06,386.25,386.76,5997.0,386.667,48
2024-09-30 15:50:00-04:00,386.98,388.3,386.97,388.11,10088.0,387.832,85
2024-09-30 15:55:00-04:00,388.02,388.72,387.92,388.7,59636.0,388.452,421
2024-10-01 09:30:00-04:00,391.16,391.94,388.63,388.63,23544.0,390.543,42
2024-10-01 09:35:00-04:00,387.6,388.31,387.44,388.27,929.0,387.766,7
2024-10-01 09:40:00-04:00,387.44,389.25,387.44,388.99,2043.0,388.428,17
2024-10-01 09:45:00-04:00,388.63,388.84,386.51,386.76,19310.0,386.885,19
2024-10-01 09:50:00-04:00,386.76,387.28,385.97,386.28,10675.0,386.271,93
2024-10-01 09:55:00-04:00,386.69,388.45,386.03,388.36,4271.0,387.141,34
2024-10-01 10:00:00-04:00,387.82,388.15,386.0,386.74,6508.0,386.507,40
2024-10-01 10:05:00-04:00,386.79,386.85,385.12,385.12,13579.0,386.565,35
2024-10-01 10:10:00-04:00,384.9,386.44,384.9,385.51,4914.0,385.836,41
2024-10-01 10:15:00-04:00,385.78,385.79,384.6,385.01,5529.0,384.95,35
2024-10-01 10:20:00-04:00,385.51,387.0,385.37,386.63,10623.0,386.083,81
2024-10-01 10:25:00-04:00,386.17,386.17,384.81,385.75,5817.0,385.504,32
2024-10-01 10:30:00-04:00,385.72,385.75,384.64,385.65,2743.0,385.058,21
2024-10-01 10:35:00-04:00,385.02,385.82,385.02,385.36,3906.0,385.431,34
2024-10-01 10:40:00-04:00,385.77,386.27,385.67,385.83,846.0,385.893,8
2024-10-01 10:45:00-04:00,385.84,386.01,385.04,385.07,2902.0,385.63,25
2024-10-01 10:50:00-04:00,385.14,385.25,384.39,384.78,5527.0,385.054,46
2024-10-01 10:55:00-04:00,385.01,385.41,384.58,385.41,14476.0,385.114,97
2024-10-01 11:00:00-04:00,385.05,385.29,384.77,384.87,2846.0,384.949,20
2024-10-01 11:05:00-04:00,384.94,385.22,383.88,383.88,3055.0,384.428,28
2024-10-01 11:10:00-04:00,384.16,384.59,383.96,384.59,2077.0,384.362,20
2024-10-01 11:15:00-04:00,384.67,385.32,384.66,385.32,8081.0,384.956,37
2024-10-01 11:20:00-04:00,385.45,386.3,385.29,386.3,3420.0,385.64,27
2024-10-01 11:25:00-04:00,386.26,387.03,385.89,387.03,6794.0,386.409,58
2024-10-01 11:30:00-04:00,387.16,387.45,387.04,387.45,1757.0,387.277,14
2024-10-01 11:35:00-04:00,387.27,387.43,386.72,387.19,5702.0,387.06,46
2024-10-01 11:40:00-04:00,387.34,387.7,387.03,387.14,3002.0,387.417,30
2024-10-01 11:45:00-04:00,387.13,387.28,386.46,386.94,3345.0,386.827,26
2024-10-01 11:50:00-04:00,386.94,387.25,386.82,386.99,3951.0,387.005,32
2024-10-01 11:55:00-04:00,387.15,387.17,386.43,386.43,2452.0,386.919,23
2024-10-01 12:00:00-04:00,386.33,386.57,386.0,386.41,1509.0,386.423,13
2024-10-01 12:05:00-04:00,386.58,387.23,386.58,386.87,2395.0,386.815,17
2024-10-01 12:10:00-04:00,386.9,387.05,386.11,386.11,2565.0,386.678,22
2024-10-01 12:15:00-04:00,386.5,386.62,386.28,386.43,1115.0,386.467,10
2024-10-01 12:20:00-04:00,386.49,386.7,386.31,386.31,2275.0,386.512,22
2024-10-01 12:25:00-04:00,386.41,386.81,386.22,386.77,2557.0,386.662,22
2024-10-01 12:30:00-04:00,386.62,386.62,384.82,386.43,3897.0,385.926,36
2024-10-01 12:35:00-04:00,386.47,386.89,386.2,386.2,3106.0,386.639,25
2024-10-01 12:40:00-04:00,386.35,386.46,385.48,385.48,1732.0,386.067,14
2024-10-01 12:45:00-04:00,385.47,385.66,385.24,385.41,1539.0,385.435,13
2024-10-01 12:50:00-04:00,385.59,386.56,385.59,386.56,2600.0,386.18,21
2024-10-01 12:55:00-04:00,386.47,386.67,385.92,386.59,3049.0,386.365,16
2024-10-01 13:00:00-04:00,386.11,386.16,385.44,385.44,2015.0,385.953,14
2024-10-01 13:05:00-04:00,385.25,385.55,385.22,385.47,1256.0,385.369,11
2024-10-01 13:10:00-04:00,385.55,385.6,385.25,385.26,2400.0,385.419,16
2024-10-01 13:15:00-04:00,385.14,385.26,385.05,385.05,867.0,385.142,7
2024-10-01 13:20:00-04:00,385.21,385.47,385.17,385.17,400.0,385.265,4
2024-10-01 13:25:00-04:00,385.17,385.24,384.95,385.01,3815.0,385.1,21
2024-10-01 13:30:00-04:00,385.0,386.21,384.94,386.02,15713.0,385.804,40
2024-10-01 13:35:00-04:00,385.83,385.83,385.24,385.8,8000.0,385.58,37
2024-10-01 13:40:00-04:00,385.8,386.16,385.65,386.16,5113.0,385.936,22
2024-10-01 13:45:00-04:00,386.4,386.42,385.98,386.13,3390.0,386.223,18
2024-10-01 13:50:00-04:00,386.27,386.46,386.14,386.28,5009.0,386.279,25
2024-10-01 13:55:00-04:00,386.29,386.57,385.98,386.57,16026.0,386.265,93
2024-10-01 14:00:00-04:00,386.78,387.51,386.77,387.26,5834.0,387.144,25
2024-10-01 14:05:00-04:00,387.28,387.46,387.16,387.38,9752.0,387.359,83
2024-10-01 14:10:00-04:00,387.29,387.69,387.21,387.63,10441.0,387.542,42
2024-10-01 14:15:00-04:00,387.7,388.1,387.59,387.96,14518.0,387.798,60
2024-10-01 14:20:00-04:00,387.96,388.18,387.7,388.17,1556.0,387.915,13
2024-10-01 14:25:00-04:00,387.74,388.01,387.74,388.01,3551.0,387.965,8
2024-10-01 14:30:00-04:00,388.04,388.46,387.93,388.46,1844.0,388.142,15
2024-10-01 14:35:00-04:00,388.05,388.05,387.65,387.71,2148.0,387.793,17
2024-10-01 14:40:00-04:00,387.82,388.21,387.81,388.2,1110.0,387.956,8
2024-10-01 14:45:00-04:00,388.15,388.21,387.85,388.0,3067.0,387.99,27
2024-10-01 14:50:00-04:00,388.05,388.76,388.05,388.5,5768.0,388.371,43
2024-10-01 14:55:00-04:00,388.58,388.88,388.57,388.79,1348.0,388.697,10
2024-10-01 15:00:00-04:00,388.67,388.68,388.34,388.38,7600.0,388.509,39
2024-10-01 15:05:00-04:00,388.44,388.56,387.99,388.08,3752.0,388.347,30
2024-10-01 15:10:00-04:00,387.9,388.06,387.8,388.06,1407.0,387.862,14
2024-10-01 15:15:00-04:00,388.08,388.59,388.07,388.59,2010.0,388.288,17
2024-10-01 15:20:00-04:00,388.59,389.09,388.49,388.49,4069.0,388.736,38
2024-10-01 15:25:00-04:00,388.55,388.7,388.44,388.66,4268.0,388.56,20
2024-10-01 15:30:00-04:00,388.66,388.66,387.92,387.93,4291.0,388.218,34
2024-10-01 15:35:00-04:00,387.79,387.82,387.33,387.82,4289.0,387.536,29
2024-10-01 15:40:00-04:00,387.82,388.06,387.39,387.41,5740.0,387.749,38
2024-10-01 15:45:00-04:00,387.22,387.38,387.15,387.21,3748.0,387.24,32
2024-10-01 15:50:00-04:00,387.3,387.3,386.58,386.71,14819.0,386.89,115
2024-10-01 15:55:00-04:00,386.71,386.8,386.25,386.53,39369.0,386.464,292
2024-10-02 09:30:00-04:00,384.47,388.14,383.14,384.22,34452.0,384.393,57
2024-10-02 09:35:00-04:00,384.55,385.96,383.83,384.31,3089.0,384.702,24
2024-10-02 09:40:00-04:00,384.26,384.54,383.49,384.17,4629.0,384.194,40
2024-10-02 09:45:00-04:00,384.16,386.71,383.66,386.35,6248.0,384.321,51
2024-10-02 09:50:00-04:00,386.31,387.64,385.72,386.44,7595.0,386.619,41
2024-10-02 09:55:00-04:00,386.87,387.2,385.88,386.41,25346.0,386.63,122
2024-10-02 10:00:00-04:00,386.11,388.33,385.88,388.21,8813.0,386.998,64
2024-10-02 10:05:00-04:00,388.19,388.93,388.06,388.19,2125.0,388.495,15
2024-10-02 10:10:00-04:00,388.99,390.56,388.84,390.56,8090.0,389.553,35
2024-10-02 10:15:00-04:00,390.24,390.48,389.74,390.42,4390.0,390.007,28
2024-10-02 10:20:00-04:00,390.6,390.6,388.65,388.73,2397.0,389.49,17
2024-10-02 10:25:00-04:00,389.0,389.94,389.0,389.22,1544.0,389.243,11
2024-10-02 10:30:00-04:00,389.55,390.16,389.28,390.16,2598.0,389.661,20
2024-10-02 10:35:00-04:00,389.61,389.62,388.72,388.94,2783.0,389.153,24
2024-10-02 10:40:00-04:00,389.26,389.28,389.0,389.16,2330.0,389.152,18
2024-10-02 10:45:00-04:00,388.94,390.05,388.94,390.05,2444.0,389.392,16
2024-10-02 10:50:00-04:00,389.85,390.0,388.83,389.54,3252.0,389.497,19
2024-10-02 10:55:00-04:00,389.52,389.52,388.65,388.65,1615.0,388.968,14
2024-10-02 11:00:00-04:00,388.61,389.18,388.36,389.17,2146.0,388.914,14
2024-10-02 11:05:00-04:00,389.09,389.5,389.09,389.46,2784.0,389.286,20
2024-10-02 11:10:00-04:00,389.32,389.46,389.1,389.1,1277.0,389.255,11
2024-10-02 11:15:00-04:00,389.27,389.72,389.26,389.5,695.0,389.442,6
2024-10-02 11:20:00-04:00,389.6,389.64,389.1,389.5,2861.0,389.438,19
2024-10-02 11:25:00-04:00,389.75,389.75,389.35,389.55,1448.0,389.572,9
2024-10-02 11:30:00-04:00,389.63,390.2,389.63,390.06,2247.0,389.831,22
2024-10-02 11:35:00-04:00,389.93,390.29,389.86,390.19,2173.0,390.004,16
2024-10-02 11:40:00-04:00,390.26,390.36,390.03,390.09,1439.0,390.22,6
2024-10-02 11:45:00-04:00,390.22,390.22,389.58,389.8,2954.0,389.781,23
2024-10-02 11:50:00-04:00,389.69,389.84,389.57,389.79,3108.0,389.717,21
2024-10-02 11:55:00-04:00,389.79,389.79,389.47,389.52,2440.0,389.571,21
2024-10-02 12:00:00-04:00,389.54,389.77,389.29,389.64,3212.0,389.511,23
2024-10-02 12:05:00-04:00,389.63,389.86,389.63,389.63,443.0,389.682,3
2024-10-02 12:10:00-04:00,389.83,389.83,389.61,389.81,604.0,389.731,5
2024-10-02 12:15:00-04:00,389.61,389.69,389.2,389.69,4038.0,389.476,27
2024-10-02 12:20:00-04:00,389.46,389.69,389.45,389.69,971.0,389.545,7
2024-10-02 12:25:00-04:00,389.67,389.83,389.66,389.72,703.0,389.745,6
2024-10-02 12:30:00-04:00,389.52,389.59,389.37,389.59,1529.0,389.554,8
2024-10-02 12:35:00-04:00,389.36,389.4,389.04,389.13,1700.0,389.184,15
2024-10-02 12:40:00-04:00,389.13,389.13,388.79,388.79,1200.0,388.915,12
2024-10-02 12:45:00-04:00,388.79,388.79,388.76,388.77,600.0,388.77,6
2024-10-02 12:50:00-04:00,388.83,388.83,388.65,388.65,808.0,388.709,5
2024-10-02 12:55:00-04:00,388.74,389.01,388.37,388.38,3021.0,388.574,27
2024-10-02 13:00:00-04:00,388.51,388.51,388.32,388.34,1550.0,388.354,13
2024-10-02 13:05:00-04:00,388.34,388.34,388.13,388.16,600.0,388.197,6
2024-10-02 13:10:00-04:00,388.27,388.29,388.26,388.29,937.0,388.267,8
2024-10-02 13:15:00-04:00,388.29,388.3,388.28,388.3,400.0,388.29,4
2024-10-02 13:20:00-04:00,388.26,388.53,388.26,388.44,4111.0,388.333,28
2024-10-02 13:25:00-04:00,388.46,388.78,388.46,388.63,1715.0,388.608,15
2024-10-02 13:30:00-04:00,388.51,388.51,388.02,388.22,2558.0,388.314,23
2024-10-02 13:35:00-04:00,388.16,388.62,388.15,388.27,3906.0,388.345,24
2024-10-02 13:40:00-04:00,388.27,388.42,388.03,388.18,2507.0,388.243,19
2024-10-02 13:45:00-04:00,388.15,388.35,388.15,388.35,650.0,388.244,5
2024-10-02 13:50:00-04:00,388.39,388.6,388.19,388.33,1465.0,388.318,10
2024-10-02 13:55:00-04:00,388.52,388.62,388.27,388.27,2029.0,388.39,14
2024-10-02 14:00:00-04:00,388.49,388.57,388.28,388.44,1071.0,388.428,10
2024-10-02 14:05:00-04:00,388.5,388.62,388.44,388.44,940.0,388.48,7
2024-10-02 14:10:00-04:00,388.62,388.62,388.27,388.46,811.0,388.455,6
2024-10-02 14:15:00-04:00,388.41,388.62,388.41,388.46,919.0,388.566,7
2024-10-02 14:20:00-04:00,388.35,388.4,388.2,388.33,2704.0,388.326,24
2024-10-02 14:25:00-04:00,388.25,388.33,387.28,387.61,6994.0,387.741,50
2024-10-02 14:30:00-04:00,387.71,388.4,387.7,388.17,1700.0,388.039,17
2024-10-02 14:35:00-04:00,388.09,388.09,387.87,388.03,529.0,387.991,5
2024-10-02 14:40:00-04:00,388.05,388.33,388.04,388.32,1061.0,388.27,7
2024-10-02 14:45:00-04:00,388.33,388.35,388.33,388.35,300.0,388.337,3
2024-10-02 14:50:00-04:00,388.35,388.53,388.04,388.13,2362.0,388.229,19
2024-10-02 14:55:00-04:00,388.13,388.14,387.95,388.0,3640.0,388.017,25
2024-10-02 15:00:00-04:00,387.98,388.62,387.97,388.62,2617.0,388.139,21
2024-10-02 15:05:00-04:00,388.36,388.36,388.27,388.27,1393.0,388.314,11
2024-10-02 15:10:00-04:00,388.21,388.34,388.03,388.23,600.0,388.171,5
2024-10-02 15:15:00-04:00,388.05,388.24,388.02,388.15,3329.0,388.124,26
2024-10-02 15:20:00-04:00,388.05,388.05,387.43,387.43,2616.0,387.793,18
2024-10-02 15:25:00-04:00,387.4,387.71,387.4,387.7,4695.0,387.521,37
2024-10-02 15:30:00-04:00,387.64,387.74,387.02,387.09,6180.0,387.434,47
2024-10-02 15:35:00-04:00,386.96,387.12,386.84,386.84,3023.0,387.01,26
2024-10-02 15:40:00-04:00,386.84,387.07,386.78,387.06,5024.0,386.91,43
2024-10-02 15:45:00-04:00,387.06,387.17,386.66,386.74,11400.0,386.916,99
2024-10-02 15:50:00-04:00,386.97,388.0,386.66,387.7,13666.0,387.336,116
2024-10-02 15:55:00-04:00,387.75,388.07,387.65,387.94,31741.0,387.901,241
2024-10-03 09:30:00-04:00,389.1,390.13,387.86,389.64,24532.0,389.099,25
2024-10-03 09:35:00-04:00,389.36,390.48,388.37,388.59,3050.0,389.285,27
2024-10-03 09:40:00-04:00,388.24,388.64,387.9,387.9,1002.0,388.301,10
2024-10-03 09:40:00-04:00,388.24,388.64,387.81,387.89,1252.0,388.21,12
2024-10-03 09:45:00-04:00,387.44,388.52,386.84,386.84,4214.0,387.5,29
2024-10-03 09:50:00-04:00,386.84,386.89,386.26,386.27,2140.0,386.631,17
2024-10-03 09:55:00-04:00,386.72,388.14,386.49,388.14,5450.0,387.161,40
2024-10-03 10:00:00-04:00,387.98,388.78,387.58,387.84,17485.0,388.138,128
2024-10-03 10:05:00-04:00,387.84,388.61,387.72,388.26,19873.0,388.122,109
2024-10-03 10:10:00-04:00,388.29,388.58,386.16,387.03,9573.0,387.818,29
2024-10-03 10:15:00-04:00,387.06,387.58,386.96,387.57,3562.0,387.278,25
2024-10-03 10:20:00-04:00,387.56,387.57,385.89,386.17,8984.0,386.87,76
2024-10-03 10:25:00-04:00,386.23,387.07,386.22,386.77,3566.0,386.573,29
2024-10-03 10:30:00-04:00,386.61,387.19,386.17,387.15,4000.0,386.82,31
2024-10-03 10:35:00-04:00,387.15,387.15,386.91,386.92,509.0,387.013,4
2024-10-03 10:40:00-04:00,387.06,387.06,385.4,385.4,3792.0,386.249,34
2024-10-03 10:45:00-04:00,385.75,386.5,385.61,385.95,33259.0,386.323,89
2024-10-03 10:50:00-04:00,386.18,387.97,386.17,387.07,30427.0,386.816,115
2024-10-03 10:55:00-04:00,387.33,387.33,385.6,386.06,6465.0,386.49,57
2024-10-03 11:00:00-04:00,385.77,386.13,385.27,385.53,2479.0,385.513,18
2024-10-03 11:05:00-04:00,385.73,386.55,385.72,386.26,3994.0,386.076,24
2024-10-03 11:10:00-04:00,385.71,386.21,385.7,386.21,1445.0,386.007,8
2024-10-03 11:15:00-04:00,386.1,386.22,385.96,386.06,2400.0,386.07,22
2024-10-03 11:20:00-04:00,385.95,386.71,385.95,386.71,4099.0,386.41,35
2024-10-03 11:25:00-04:00,386.39,386.52,385.92,385.93,1993.0,386.186,17
2024-10-03 11:30:00-04:00,385.92,386.34,385.91,386.06,5434.0,386.051,40
2024-10-03 11:35:00-04:00,386.24,386.24,385.99,385.99,2198.0,386.084,13
2024-10-03 11:40:00-04:00,385.94,386.48,385.94,386.28,28929.0,386.216,19
2024-10-03 11:45:00-04:00,386.5,386.8,386.25,386.25,8105.0,386.547,53
2024-10-03 11:50:00-04:00,386.08,386.54,385.98,386.28,3309.0,386.124,23
2024-10-03 11:55:00-04:00,386.48,386.6,385.98,385.98,1234.0,386.219,8
2024-10-03 12:00:00-04:00,386.0,386.2,385.99,386.0,1312.0,386.011,10
2024-10-03 12:05:00-04:00,386.06,386.63,386.05,386.63,2266.0,386.098,18
2024-10-03 12:10:00-04:00,386.77,387.74,386.77,387.74,2022.0,387.177,17
2024-10-03 12:15:00-04:00,387.74,387.74,387.74,387.74,0.0,387.74,0
2024-10-03 12:20:00-04:00,388.0,388.44,388.0,388.02,3852.0,388.13,30
2024-10-03 12:25:00-04:00,388.09,388.09,387.43,387.44,1400.0,387.68,14
2024-10-03 12:30:00-04:00,387.6,387.6,386.76,386.76,3765.0,387.131,32
2024-10-03 12:35:00-04:00,386.75,386.76,386.12,386.12,2130.0,386.571,18
2024-10-03 12:40:00-04:00,386.08,386.08,385.13,385.29,2541.0,385.439,22
2024-10-03 12:45:00-04:00,385.26,385.26,384.77,384.85,2800.0,384.99,26
2024-10-03 12:50:00-04:00,384.72,384.99,384.66,384.78,7618.0,384.847,42
2024-10-03 12:55:00-04:00,384.78,385.51,384.77,385.0,9016.0,385.128,79
2024-10-03 13:00:00-04:00,384.91,384.91,384.58,384.58,400.0,384.74,4
2024-10-03 13:05:00-04:00,384.72,384.8,384.66,384.67,2365.0,384.751,19
2024-10-03 13:10:00-04:00,384.79,384.79,384.78,384.79,171.0,384.785,1
2024-10-03 13:15:00-04:00,384.54,384.64,384.53,384.63,882.0,384.55,6
2024-10-03 13:20:00-04:00,384.72,385.2,384.71,384.95,2923.0,384.972,25
2024-10-03 13:25:00-04:00,384.85,385.25,384.25,384.25,5889.0,384.767,43
2024-10-03 13:30:00-04:00,384.49,385.76,384.47,385.56,8685.0,385.315,73
2024-10-03 13:35:00-04:00,385.87,385.87,385.29,385.29,3033.0,385.65,21
2024-10-03 13:40:00-04:00,385.35,385.74,385.22,385.74,2807.0,385.412,25
2024-10-03 13:45:00-04:00,385.87,385.9,385.68,385.69,1798.0,385.811,16
2024-10-03 13:50:00-04:00,385.57,385.66,385.57,385.66,200.0,385.613,2
2024-10-03 13:55:00-04:00,385.66,385.66,385.39,385.46,852.0,385.475,4
2024-10-03 14:00:00-04:00,385.35,385.43,385.25,385.35,3004.0,385.36,24
2024-10-03 14:05:00-04:00,385.61,385.64,385.31,385.45,6184.0,385.505,50
2024-10-03 14:10:00-04:00,385.21,385.81,385.21,385.7,582.0,385.53,4
2024-10-03 14:15:00-04:00,385.83,385.83,385.8,385.81,2240.0,385.822,14
2024-10-03 14:20:00-04:00,385.81,385.81,385.33,385.7,3842.0,385.516,26
2024-10-03 14:25:00-04:00,385.79,385.8,385.62,385.73,1030.0,385.685,9
2024-10-03 14:30:00-04:00,385.61,385.84,385.42,385.6,3711.0,385.684,33
2024-10-03 14:35:00-04:00,385.62,385.66,385.61,385.66,200.0,385.638,2
2024-10-03 14:40:00-04:00,385.42,385.64,385.42,385.64,702.0,385.531,7
2024-10-03 14:45:00-04:00,385.6,385.66,385.42,385.45,2220.0,385.47,18
2024-10-03 14:50:00-04:00,385.48,385.7,385.47,385.61,1818.0,385.616,17
2024-10-03 14:55:00-04:00,385.58,385.72,385.42,385.47,4879.0,385.564,38
2024-10-03 15:00:00-04:00,385.35,385.58,385.25,385.56,2756.0,385.395,23
2024-10-03 15:05:00-04:00,385.5,385.78,385.21,385.57,8578.0,385.393,45
2024-10-03 15:10:00-04:00,385.41,385.5,385.41,385.5,456.0,385.46,4
2024-10-03 15:15:00-04:00,385.37,385.73,385.25,385.68,6589.0,385.584,49
2024-10-03 15:20:00-04:00,385.66,385.87,385.54,385.86,4478.0,385.714,27
2024-10-03 15:25:00-04:00,385.91,386.24,385.69,385.69,4121.0,385.978,33
2024-10-03 15:30:00-04:00,386.04,386.42,386.04,386.41,3560.0,386.202,33
2024-10-03 15:35:00-04:00,386.38,386.68,386.12,386.66,8468.0,386.47,65
2024-10-03 15:40:00-04:00,386.57,386.57,386.12,386.26,3092.0,386.281,22
2024-10-03 15:45:00-04:00,386.4,387.29,386.24,387.28,5244.0,386.696,37
2024-10-03 15:50:00-04:00,387.32,387.42,386.89,387.24,13567.0,387.169,122
2024-10-03 15:55:00-04:00,387.44,387.55,386.72,386.89,37507.0,387.066,287
2024-10-04 09:30:00-04:00,387.94,387.94,384.28,387.15,12521.0,387.074,46
2024-10-04 09:35:00-04:00,386.36,386.92,384.08,384.83,1400.0,385.603,14
2024-10-04 09:40:00-04:00,385.61,385.61,384.52,384.65,1578.0,385.072,13
2024-10-04 09:45:00-04:00,385.24,385.81,384.58,385.03,2200.0,385.21,18
2024-10-04 09:50:00-04:00,385.17,386.47,385.17,386.31,2451.0,386.009,20
2024-10-04 09:55:00-04:00,386.05,386.75,385.44,386.54,6825.0,386.091,44
2024-10-04 10:00:00-04:00,386.34,387.01,385.59,386.62,5046.0,386.193,41
2024-10-04 10:05:00-04:00,387.39,388.12,385.97,385.97,4178.0,387.296,31
2024-10-04 10:10:00-04:00,385.75,387.04,385.75,386.84,2559.0,386.177,16
2024-10-04 10:15:00-04:00,386.93,387.94,386.74,386.74,3212.0,387.305,24
2024-10-04 10:20:00-04:00,387.58,387.58,385.3,385.42,2933.0,386.301,23
2024-10-04 10:25:00-04:00,386.03,386.11,384.44,385.01,1080.0,385.186,9
2024-10-04 10:30:00-04:00,384.86,386.29,383.34,384.38,4454.0,385.132,39
2024-10-04 10:35:00-04:00,384.15,384.5,382.86,382.89,1894.0,383.525,18
2024-10-04 10:40:00-04:00,383.05,384.06,383.05,383.97,2555.0,383.838,20
2024-10-04 10:45:00-04:00,384.08,384.08,383.65,383.83,1668.0,383.83,13
2024-10-04 10:50:00-04:00,384.22,384.58,383.89,384.02,1097.0,384.154,10
2024-10-04 10:55:00-04:00,384.1,384.19,383.91,383.91,600.0,384.083,6
2024-10-04 11:00:00-04:00,383.91,384.97,383.85,384.36,6313.0,384.508,40
2024-10-04 11:05:00-04:00,384.23,384.23,383.93,384.05,1367.0,384.023,11
2024-10-04 11:10:00-04:00,383.82,384.12,382.86,383.25,1562.0,383.521,13
2024-10-04 11:15:00-04:00,382.74,383.33,382.74,383.08,2834.0,383.108,22
2024-10-04 11:20:00-04:00,382.87,382.96,382.42,382.8,1708.0,382.641,12
2024-10-04 11:25:00-04:00,382.77,383.1,382.68,383.1,2360.0,382.905,19
2024-10-04 11:30:00-04:00,383.05,383.13,382.6,383.0,972.0,382.98,9
2024-10-04 11:35:00-04:00,383.03,383.89,383.03,383.89,958.0,383.618,9
2024-10-04 11:40:00-04:00,384.27,384.6,384.03,384.25,4389.0,384.301,22
2024-10-04 11:45:00-04:00,384.01,384.29,383.97,384.19,3745.0,384.139,21
2024-10-04 11:50:00-04:00,384.47,385.31,384.32,384.85,2866.0,384.553,16
2024-10-04 11:55:00-04:00,385.11,385.11,384.81,384.81,828.0,385.048,8
2024-10-04 12:00:00-04:00,384.84,384.84,384.56,384.71,2056.0,384.776,16
2024-10-04 12:05:00-04:00,384.6,384.6,384.09,384.1,1100.0,384.235,10
2024-10-04 12:10:00-04:00,384.03,384.13,383.59,384.13,5047.0,383.911,37
2024-10-04 12:15:00-04:00,384.2,384.56,383.93,384.56,918.0,384.229,9
2024-10-04 12:20:00-04:00,384.18,384.19,383.15,383.49,1755.0,383.695,13
2024-10-04 12:25:00-04:00,383.02,383.02,382.61,382.61,400.0,382.799,4
2024-10-04 12:30:00-04:00,382.9,383.54,382.57,383.53,2042.0,382.943,19
2024-10-04 12:35:00-04:00,383.31,384.21,383.1,384.21,1441.0,383.756,14
2024-10-04 12:40:00-04:00,384.21,384.21,384.21,384.21,0.0,384.21,0
2024-10-04 12:45:00-04:00,384.08,384.76,384.05,384.61,3460.0,384.446,32
2024-10-04 12:50:00-04:00,384.52,384.78,384.29,384.31,832.0,384.519,7
2024-10-04 12:55:00-04:00,384.24,384.45,384.22,384.22,557.0,384.327,5
2024-10-04 13:00:00-04:00,384.07,384.67,384.07,384.38,800.0,384.288,7
2024-10-04 13:05:00-04:00,384.46,384.69,384.32,384.53,1567.0,384.543,14
2024-10-04 13:10:00-04:00,384.56,385.1,384.48,385.1,1887.0,384.855,15
2024-10-04 13:15:00-04:00,385.23,385.35,385.23,385.29,1214.0,385.259,12
2024-10-04 13:20:00-04:00,385.31,385.5,384.93,385.0,2219.0,385.022,19
2024-10-04 13:25:00-04:00,384.8,384.97,384.66,384.66,635.0,384.828,6
2024-10-04 13:30:00-04:00,384.94,385.16,384.92,385.16,700.0,384.975,7
2024-10-04 13:35:00-04:00,384.84,384.84,383.71,384.49,1624.0,384.422,16
2024-10-04 13:40:00-04:00,384.46,385.24,384.45,385.24,880.0,384.894,8
2024-10-04 13:45:00-04:00,385.34,385.35,385.16,385.17,555.0,385.277,5
2024-10-04 13:50:00-04:00,385.47,385.47,384.53,384.53,1253.0,384.982,10
2024-10-04 13:55:00-04:00,384.6,384.92,384.56,384.56,1242.0,384.663,11
2024-10-04 14:00:00-04:00,384.35,384.75,384.19,384.4,1000.0,384.414,10
2024-10-04 14:05:00-04:00,384.75,384.75,384.1,384.3,1368.0,384.213,13
2024-10-04 14:10:00-04:00,384.14,384.53,383.9,384.13,3338.0,384.121,29
2024-10-04 14:15:00-04:00,384.13,385.09,384.13,385.09,1805.0,384.533,13
2024-10-04 14:20:00-04:00,385.32,385.79,385.15,385.79,1204.0,385.401,11
2024-10-04 14:25:00-04:00,385.79,385.79,385.43,385.52,709.0,385.621,7
2024-10-04 14:30:00-04:00,385.67,386.07,385.66,386.07,3376.0,385.833,21
2024-10-04 14:35:00-04:00,386.29,386.36,386.1,386.19,2150.0,386.167,8
2024-10-04 14:40:00-04:00,386.19,386.52,386.18,386.52,1671.0,386.36,9
2024-10-04 14:45:00-04:00,386.18,386.74,386.11,386.74,1073.0,386.387,10
2024-10-04 14:50:00-04:00,386.9,387.15,386.76,386.77,1822.0,386.953,16
2024-10-04 14:55:00-04:00,386.83,387.13,386.69,386.69,810.0,386.877,8
2024-10-04 15:00:00-04:00,386.67,386.67,386.29,386.5,978.0,386.452,8
2024-10-04 15:05:00-04:00,386.32,387.09,386.32,386.85,1765.0,386.658,15
2024-10-04 15:10:00-04:00,386.85,387.03,386.83,386.86,900.0,386.863,4
2024-10-04 15:15:00-04:00,386.64,386.85,386.42,386.65,2006.0,386.634,17
2024-10-04 15:20:00-04:00,386.49,387.1,386.48,387.0,2430.0,386.796,22
2024-10-04 15:25:00-04:00,386.86,387.3,386.62,387.29,1565.0,386.993,13
2024-10-04 15:30:00-04:00,387.23,387.54,386.97,387.54,2214.0,387.35,21
2024-10-04 15:35:00-04:00,387.36,387.52,387.2,387.34,1595.0,387.367,15
2024-10-04 15:40:00-04:00,387.62,387.97,387.47,387.76,2560.0,387.717,16
2024-10-04 15:45:00-04:00,387.81,387.9,387.49,387.7,2430.0,387.715,23
2024-10-04 15:50:00-04:00,387.9,388.01,387.67,387.82,6598.0,387.858,63
2024-10-04 15:55:00-04:00,387.87,388.59,387.75,388.35,29790.0,388.303,227
2024-10-07 09:30:00-04:00,385.69,388.3,385.05,385.83,10561.0,386.03,23
2024-10-07 09:35:00-04:00,386.05,388.04,386.05,387.69,2874.0,387.473,25
2024-10-07 09:40:00-04:00,387.05,387.95,387.04,387.94,3615.0,387.478,31
2024-10-07 09:45:00-04:00,387.94,388.33,386.98,388.11,3332.0,387.758,29
2024-10-07 09:50:00-04:00,387.93,387.93,387.16,387.72,2174.0,387.694,21
2024-10-07 09:55:00-04:00,388.57,388.64,387.33,387.33,3301.0,387.947,22
2024-10-07 10:00:00-04:00,387.8,388.14,387.04,387.89,4146.0,387.648,30
2024-10-07 10:05:00-04:00,387.93,388.98,387.93,388.2,1690.0,388.447,15
2024-10-07 10:10:00-04:00,388.8,388.8,388.64,388.65,202.0,388.723,2
2024-10-07 10:15:00-04:00,388.65,388.79,387.79,388.3,2944.0,388.255,23
2024-10-07 10:20:00-04:00,388.53,389.36,388.33,389.36,3002.0,388.86,28
2024-10-07 10:25:00-04:00,388.72,388.84,387.96,387.96,6166.0,388.374,52
2024-10-07 10:30:00-04:00,387.99,388.46,387.7,388.27,3477.0,388.098,25
2024-10-07 10:35:00-04:00,388.76,388.89,388.3,388.38,2175.0,388.671,14
2024-10-07 10:40:00-04:00,388.38,388.91,388.25,388.87,2390.0,388.526,21
2024-10-07 10:45:00-04:00,388.88,389.06,388.56,389.06,1562.0,388.777,14
2024-10-07 10:50:00-04:00,389.04,389.9,388.89,389.9,3078.0,389.411,27
2024-10-07 10:55:00-04:00,389.89,390.41,389.42,389.42,4726.0,389.844,40
2024-10-07 11:00:00-04:00,389.25,389.46,388.73,389.46,1210.0,389.133,10
2024-10-07 11:05:00-04:00,389.55,390.3,389.48,390.3,2595.0,389.76,21
2024-10-07 11:10:00-04:00,390.36,390.6,390.27,390.6,1335.0,390.426,12
2024-10-07 11:15:00-04:00,390.54,390.83,390.38,390.83,1400.0,390.539,14
2024-10-07 11:20:00-04:00,390.58,390.96,390.29,390.58,2605.0,390.467,20
2024-10-07 11:25:00-04:00,390.96,390.96,389.53,389.91,3239.0,390.07,29
2024-10-07 11:30:00-04:00,389.96,390.23,389.48,390.09,1635.0,389.804,13
2024-10-07 11:35:00-04:00,389.85,389.99,389.76,389.99,625.0,389.837,5
2024-10-07 11:40:00-04:00,389.83,389.83,389.81,389.81,825.0,389.823,6
2024-10-07 11:45:00-04:00,389.79,389.79,389.79,389.79,200.0,389.79,2
2024-10-07 11:50:00-04:00,389.9,389.9,389.5,389.77,4065.0,389.694,30
2024-10-07 11:55:00-04:00,389.78,389.78,389.77,389.78,200.0,389.775,2
2024-10-07 12:00:00-04:00,389.66,389.74,388.95,389.25,4166.0,389.307,28
2024-10-07 12:05:00-04:00,389.25,389.48,389.19,389.34,1982.0,389.286,12
2024-10-07 12:10:00-04:00,389.34,389.34,388.86,389.3,2846.0,389.06,24
2024-10-07 12:15:00-04:00,389.31,390.01,389.31,389.56,5348.0,389.738,19
2024-10-07 12:20:00-04:00,389.68,389.92,389.57,389.85,950.0,389.746,9
2024-10-07 12:25:00-04:00,390.07,390.27,389.89,390.03,1580.0,390.177,6
2024-10-07 12:30:00-04:00,389.78,389.9,389.77,389.9,700.0,389.85,6
2024-10-07 12:35:00-04:00,389.8,389.8,389.8,389.8,100.0,389.8,1
2024-10-07 12:40:00-04:00,389.68,389.68,389.29,389.29,1904.0,389.412,9
2024-10-07 12:45:00-04:00,389.32,389.82,389.32,389.68,2837.0,389.64,22
2024-10-07 12:50:00-04:00,389.69,389.95,389.69,389.9,900.0,389.819,9
2024-10-07 12:55:00-04:00,389.9,390.13,389.69,390.1,3156.0,389.884,18
2024-10-07 13:00:00-04:00,389.91,390.0,389.85,390.0,925.0,389.899,9
2024-10-07 13:05:00-04:00,390.0,390.0,389.52,389.52,500.0,389.8,4
2024-10-07 13:10:00-04:00,389.44,389.44,389.44,389.44,478.0,389.44,2
2024-10-07 13:15:00-04:00,389.63,389.66,389.42,389.66,530.0,389.56,4
2024-10-07 13:20:00-04:00,389.45,389.76,389.45,389.76,870.0,389.612,8
2024-10-07 13:25:00-04:00,389.59,389.99,389.54,389.64,1500.0,389.609,13
2024-10-07 13:30:00-04:00,389.6,389.64,389.4,389.4,750.0,389.477,6
2024-10-07 13:35:00-04:00,389.53,389.68,389.53,389.68,200.0,389.605,2
2024-10-07 13:40:00-04:00,389.4,389.55,389.34,389.55,739.0,389.443,6
2024-10-07 13:45:00-04:00,389.51,389.64,389.42,389.42,400.0,389.553,3
2024-10-07 13:50:00-04:00,389.36,389.57,389.21,389.57,3663.0,389.335,26
2024-10-07 13:55:00-04:00,389.41,389.5,389.41,389.5,300.0,389.44,3
2024-10-07 14:00:00-04:00,389.56,389.57,389.29,389.35,1121.0,389.359,6
2024-10-07 14:05:00-04:00,389.26,389.68,389.26,389.57,796.0,389.411,6
2024-10-07 14:10:00-04:00,389.9,390.21,389.9,390.0,1479.0,390.083,10
2024-10-07 14:15:00-04:00,390.0,390.04,389.81,389.9,1755.0,389.94,13
2024-10-07 14:20:00-04:00,389.9,389.9,389.84,389.85,500.0,389.856,5
2024-10-07 14:25:00-04:00,389.95,389.95,389.84,389.84,210.0,389.896,2
2024-10-07 14:30:00-04:00,389.69,389.84,388.63,389.13,4139.0,389.518,36
2024-10-07 14:35:00-04:00,388.74,388.74,388.57,388.66,300.0,388.657,3
2024-10-07 14:40:00-04:00,388.81,389.12,388.43,388.75,1053.0,388.807,8
2024-10-07 14:45:00-04:00,388.79,388.9,387.94,388.09,9509.0,388.611,72
2024-10-07 14:50:00-04:00,388.31,388.63,388.19,388.44,2725.0,388.44,25
2024-10-07 14:55:00-04:00,388.76,389.24,388.41,388.71,2315.0,388.762,19
2024-10-07 15:00:00-04:00,388.51,389.87,388.51,389.86,1878.0,389.358,17
2024-10-07 15:05:00-04:00,389.82,390.54,389.41,389.62,7604.0,390.076,68
2024-10-07 15:10:00-04:00,389.69,389.97,388.97,388.98,3388.0,389.517,21
2024-10-07 15:15:00-04:00,389.22,389.3,388.67,389.08,1868.0,388.907,12
2024-10-07 15:20:00-04:00,389.03,389.58,389.02,389.41,2774.0,389.344,15
2024-10-07 15:25:00-04:00,389.72,389.73,389.5,389.57,3155.0,389.639,29
2024-10-07 15:30:00-04:00,389.7,389.7,388.81,389.22,5315.0,389.247,36
2024-10-07 15:35:00-04:00,389.21,389.25,388.58,388.98,4601.0,388.964,27
2024-10-07 15:40:00-04:00,389.26,389.51,389.03,389.51,800.0,389.237,8
2024-10-07 15:45:00-04:00,389.61,389.72,389.2,389.52,3605.0,389.475,29
2024-10-07 15:50:00-04:00,389.95,391.18,389.81,390.68,10852.0,390.758,90
2024-10-07 15:55:00-04:00,390.52,390.67,389.61,390.46,43140.0,390.341,345
2024-10-08 09:30:00-04:00,395.18,398.0,392.72,392.78,24195.0,395.177,52
2024-10-08 09:35:00-04:00,393.04,395.0,393.03,394.5,2357.0,394.294,15
2024-10-08 09:40:00-04:00,394.27,395.79,392.81,392.81,5705.0,394.401,45
2024-10-08 09:45:00-04:00,392.9,392.9,391.26,392.14,9915.0,391.947,80
2024-10-08 09:50:00-04:00,392.14,392.74,391.72,392.69,4913.0,392.213,43
2024-10-08 09:55:00-04:00,392.84,393.21,392.05,393.21,4128.0,392.653,36
2024-10-08 10:00:00-04:00,393.17,394.52,393.17,394.45,4313.0,393.948,35
2024-10-08 10:05:00-04:00,394.27,394.85,393.94,394.83,3057.0,394.477,27
2024-10-08 10:10:00-04:00,394.78,394.78,393.12,393.13,5138.0,393.672,47
2024-10-08 10:15:00-04:00,392.99,393.4,392.17,393.2,17094.0,392.646,123
2024-10-08 10:20:00-04:00,393.34,393.71,393.08,393.34,4372.0,393.34,32
2024-10-08 10:25:00-04:00,393.97,393.97,393.11,393.19,3952.0,393.704,30
2024-10-08 10:30:00-04:00,393.34,393.54,393.24,393.49,1366.0,393.443,13
2024-10-08 10:35:00-04:00,393.27,393.57,393.26,393.47,2160.0,393.448,16
2024-10-08 10:40:00-04:00,393.47,395.02,392.1,393.76,15777.0,393.234,129
2024-10-08 10:45:00-04:00,393.55,393.97,393.07,393.43,3103.0,393.605,23
2024-10-08 10:50:00-04:00,393.37,393.38,392.6,392.83,4415.0,393.174,32
2024-10-08 10:55:00-04:00,392.49,392.52,392.25,392.25,713.0,392.391,5
2024-10-08 11:00:00-04:00,392.55,392.84,392.54,392.55,752.0,392.669,7
2024-10-08 11:05:00-04:00,392.54,392.69,392.43,392.55,1375.0,392.59,8
2024-10-08 11:10:00-04:00,392.55,393.75,392.25,393.47,22138.0,393.265,117
2024-10-08 11:15:00-04:00,393.43,393.57,393.38,393.54,735.0,393.446,7
2024-10-08 11:20:00-04:00,393.46,393.98,393.45,393.91,2619.0,393.737,23
2024-10-08 11:25:00-04:00,393.88,393.97,393.67,393.67,2243.0,393.776,19
2024-10-08 11:30:00-04:00,393.87,394.55,393.87,394.31,3299.0,394.23,26
2024-10-08 11:35:00-04:00,394.39,394.39,394.35,394.36,200.0,394.373,2
2024-10-08 11:40:00-04:00,394.44,394.63,394.44,394.53,1139.0,394.517,10
2024-10-08 11:45:00-04:00,394.62,394.74,394.02,394.11,6586.0,394.368,36
2024-10-08 11:50:00-04:00,394.46,395.04,394.41,394.88,1918.0,394.766,18
2024-10-08 11:55:00-04:00,395.36,395.36,394.96,395.16,1986.0,395.162,18
2024-10-08 12:00:00-04:00,394.9,395.2,394.56,395.05,4027.0,394.886,31
2024-10-08 12:05:00-04:00,394.99,395.24,394.42,394.75,3658.0,394.863,24
2024-10-08 12:10:00-04:00,394.89,395.18,394.78,394.79,2225.0,395.013,21
2024-10-08 12:15:00-04:00,394.79,394.79,394.55,394.59,762.0,394.729,7
2024-10-08 12:20:00-04:00,394.79,395.01,394.78,394.79,678.0,394.854,6
2024-10-08 12:25:00-04:00,395.15,395.24,394.83,394.9,2414.0,394.99,17
2024-10-08 12:30:00-04:00,394.81,394.98,394.63,394.63,650.0,394.8,6
2024-10-08 12:35:00-04:00,394.97,395.1,394.79,395.1,2786.0,395.017,13
2024-10-08 12:40:00-04:00,395.26,395.26,394.94,395.13,2730.0,395.088,25
2024-10-08 12:45:00-04:00,395.1,395.57,395.02,395.39,2152.0,395.385,18
2024-10-08 12:50:00-04:00,395.57,395.57,395.37,395.37,400.0,395.46,4
2024-10-08 12:55:00-04:00,395.37,395.53,395.36,395.37,1506.0,395.439,12
2024-10-08 13:00:00-04:00,395.37,395.49,395.0,395.0,6915.0,395.242,52
2024-10-08 13:05:00-04:00,395.0,395.0,394.18,394.18,4778.0,394.819,33
2024-10-08 13:10:00-04:00,394.29,394.49,394.08,394.49,2901.0,394.289,27
2024-10-08 13:15:00-04:00,394.42,394.42,394.01,394.36,1180.0,394.184,10
2024-10-08 13:20:00-04:00,394.19,394.55,394.19,394.55,1725.0,394.317,16
2024-10-08 13:25:00-04:00,394.59,394.77,394.5,394.5,875.0,394.626,8
2024-10-08 13:30:00-04:00,394.35,394.52,394.22,394.43,3313.0,394.383,24
2024-10-08 13:35:00-04:00,394.37,394.5,394.19,394.24,3221.0,394.334,23
2024-10-08 13:40:00-04:00,394.24,394.24,394.09,394.19,1100.0,394.175,11
2024-10-08 13:45:00-04:00,394.21,394.25,394.13,394.13,2181.0,394.183,15
2024-10-08 13:50:00-04:00,394.13,394.13,393.76,393.84,3644.0,393.971,34
2024-10-08 13:55:00-04:00,394.0,394.43,393.99,394.35,5482.0,394.265,26
2024-10-08 14:00:00-04:00,394.36,394.79,394.35,394.52,3047.0,394.596,29
2024-10-08 14:05:00-04:00,394.65,394.78,394.53,394.54,836.0,394.693,7
2024-10-08 14:10:00-04:00,394.75,394.96,394.68,394.74,79120.0,394.945,30
2024-10-08 14:15:00-04:00,394.65,395.08,394.64,395.04,1692.0,394.857,14
2024-10-08 14:20:00-04:00,394.97,395.15,394.86,394.97,2452.0,394.989,15
2024-10-08 14:25:00-04:00,395.07,395.15,395.02,395.15,1112.0,395.073,9
2024-10-08 14:30:00-04:00,395.17,395.49,395.14,395.49,1100.0,395.283,11
2024-10-08 14:35:00-04:00,395.43,395.65,395.22,395.65,5139.0,395.387,44
2024-10-08 14:40:00-04:00,395.6,395.6,395.18,395.34,2587.0,395.378,18
2024-10-08 14:45:00-04:00,395.15,395.41,395.07,395.36,2641.0,395.205,26
2024-10-08 14:50:00-04:00,395.4,395.55,395.34,395.36,4306.0,395.437,38
2024-10-08 14:55:00-04:00,395.47,395.56,395.28,395.35,1643.0,395.431,15
2024-10-08 15:00:00-04:00,395.28,395.29,395.09,395.09,5080.0,395.201,43
2024-10-08 15:05:00-04:00,395.2,395.45,394.99,395.45,2127.0,395.283,18
2024-10-08 15:10:00-04:00,395.36,395.7,395.35,395.6,2300.0,395.566,21
2024-10-08 15:15:00-04:00,395.63,396.04,395.63,395.91,5015.0,395.82,36
2024-10-08 15:20:00-04:00,395.79,395.79,395.65,395.77,1300.0,395.74,13
2024-10-08 15:25:00-04:00,395.61,395.61,395.27,395.33,2680.0,395.496,25
2024-10-08 15:30:00-04:00,395.47,395.82,395.32,395.81,4418.0,395.589,40
2024-10-08 15:35:00-04:00,395.78,395.93,395.63,395.87,3312.0,395.775,29
2024-10-08 15:40:00-04:00,395.87,396.06,395.64,395.67,9233.0,395.846,81
2024-10-08 15:45:00-04:00,395.83,396.19,395.63,395.8,15322.0,395.956,124
2024-10-08 15:50:00-04:00,395.88,396.34,395.79,396.14,31264.0,396.138,248
2024-10-08 15:55:00-04:00,396.19,396.79,395.7,396.48,112271.0,396.317,731
2024-10-09 09:30:00-04:00,397.5,397.5,396.04,396.13,17056.0,397.32,13
2024-10-09 09:35:00-04:00,395.95,396.68,395.33,396.67,2552.0,396.078,23
2024-10-09 09:40:00-04:00,396.37,396.66,395.33,395.79,13691.0,396.45,27
2024-10-09 09:45:00-04:00,395.79,396.29,395.63,395.91,3721.0,395.942,32
2024-10-09 09:50:00-04:00,395.91,396.54,395.62,396.38,3082.0,396.175,25
2024-10-09 09:55:00-04:00,396.67,397.0,396.36,396.84,13888.0,396.665,72
2024-10-09 10:00:00-04:00,396.84,397.22,396.1,396.87,13020.0,396.676,92
2024-10-09 10:05:00-04:00,396.87,398.2,396.69,397.81,11009.0,397.402,62
2024-10-09 10:10:00-04:00,398.17,398.6,397.42,397.47,8299.0,397.98,62
2024-10-09 10:15:00-04:00,397.37,397.38,397.0,397.0,1738.0,397.077,16
2024-10-09 10:20:00-04:00,397.0,397.37,396.71,396.71,993.0,397.012,9
2024-10-09 10:25:00-04:00,396.97,397.36,396.47,396.68,10523.0,396.922,72
2024-10-09 10:30:00-04:00,396.46,396.49,395.65,396.13,10830.0,396.08,91
2024-10-09 10:35:00-04:00,396.13,396.59,396.09,396.48,11092.0,396.266,88
2024-10-09 10:40:00-04:00,396.48,396.96,396.36,396.95,11091.0,396.573,89
2024-10-09 10:45:00-04:00,397.45,397.45,396.89,397.36,1176.0,397.309,9
2024-10-09 10:50:00-04:00,397.1,397.35,397.08,397.14,2613.0,397.163,21
2024-10-09 10:55:00-04:00,397.0,397.27,396.79,397.27,3147.0,397.001,29
2024-10-09 11:00:00-04:00,397.26,397.36,396.92,396.92,1850.0,397.234,13
2024-10-09 11:05:00-04:00,397.08,397.32,397.01,397.11,800.0,397.159,8
2024-10-09 11:10:00-04:00,396.96,397.32,396.96,397.09,2435.0,397.2,24
2024-10-09 11:15:00-04:00,396.95,396.95,395.6,396.08,9927.0,396.315,90
2024-10-09 11:20:00-04:00,396.08,396.29,394.97,395.08,6659.0,395.816,64
2024-10-09 11:25:00-04:00,395.09,395.27,394.58,394.7,4988.0,394.929,43
2024-10-09 11:30:00-04:00,394.99,395.47,394.58,395.47,5596.0,394.854,50
2024-10-09 11:35:00-04:00,395.65,395.65,395.31,395.35,751.0,395.456,7
2024-10-09 11:40:00-04:00,395.47,395.93,395.44,395.64,4055.0,395.641,40
2024-10-09 11:45:00-04:00,395.89,395.97,395.63,395.88,7827.0,395.789,45
2024-10-09 11:50:00-04:00,395.88,396.1,395.88,395.97,2000.0,396.018,20
2024-10-09 11:55:00-04:00,395.99,396.01,395.45,395.6,1448.0,395.755,11
2024-10-09 12:00:00-04:00,395.6,396.08,395.59,396.08,3322.0,395.807,32
2024-10-09 12:05:00-04:00,396.22,396.5,396.2,396.31,2285.0,396.326,20
2024-10-09 12:10:00-04:00,396.63,396.88,396.63,396.84,2192.0,396.79,20
2024-10-09 12:15:00-04:00,396.76,396.84,396.27,396.27,4151.0,396.544,40
2024-10-09 12:20:00-04:00,396.44,396.54,396.44,396.54,300.0,396.473,3
2024-10-09 12:25:00-04:00,396.63,396.63,396.35,396.4,800.0,396.435,8
2024-10-09 12:30:00-04:00,396.38,396.87,396.38,396.87,1722.0,396.538,15
2024-10-09 12:35:00-04:00,397.08,397.3,397.08,397.24,500.0,397.212,5
2024-10-09 12:40:00-04:00,397.45,397.45,397.07,397.28,494.0,397.281,4
2024-10-09 12:45:00-04:00,397.31,397.71,397.27,397.28,6124.0,397.499,51
2024-10-09 12:50:00-04:00,397.27,397.27,396.85,397.0,1246.0,396.939,12
2024-10-09 12:55:00-04:00,397.1,397.17,397.09,397.09,510.0,397.12,5
2024-10-09 13:00:00-04:00,397.07,397.07,396.83,396.92,1000.0,396.9,10
2024-10-09 13:05:00-04:00,397.13,397.34,397.07,397.34,804.0,397.202,8
2024-10-09 13:10:00-04:00,397.11,397.25,397.11,397.25,530.0,397.182,4
2024-10-09 13:15:00-04:00,397.5,397.92,397.5,397.74,2026.0,397.728,20
2024-10-09 13:20:00-04:00,397.75,398.27,397.75,398.1,1696.0,398.066,14
2024-10-09 13:25:00-04:00,398.13,398.13,397.68,397.69,995.0,397.974,9
2024-10-09 13:30:00-04:00,397.75,397.75,397.62,397.63,1123.0,397.653,7
2024-10-09 13:35:00-04:00,397.85,397.99,397.44,397.44,3661.0,397.63,24
2024-10-09 13:40:00-04:00,397.66,397.68,396.86,396.99,4961.0,397.191,41
2024-10-09 13:45:00-04:00,397.0,397.09,396.87,396.95,7623.0,396.997,61
2024-10-09 13:50:00-04:00,396.86,396.96,396.33,396.77,4505.0,396.716,45
2024-10-09 13:55:00-04:00,397.0,397.14,396.82,396.95,7891.0,396.899,17
2024-10-09 14:00:00-04:00,396.8,397.18,396.8,397.02,2419.0,396.974,17
2024-10-09 14:05:00-04:00,396.94,397.31,396.84,397.31,1475.0,397.149,13
2024-10-09 14:10:00-04:00,397.12,397.39,397.11,397.37,1088.0,397.254,7
2024-10-09 14:15:00-04:00,397.33,397.49,397.28,397.35,1022.0,397.369,9
2024-10-09 14:20:00-04:00,397.46,397.46,396.94,396.94,4256.0,397.052,18
2024-10-09 14:25:00-04:00,397.37,397.76,397.21,397.76,2045.0,397.444,20
2024-10-09 14:30:00-04:00,397.59,397.59,397.3,397.31,2991.0,397.412,26
2024-10-09 14:35:00-04:00,397.13,397.3,397.13,397.3,1571.0,397.228,7
2024-10-09 14:40:00-04:00,397.3,397.32,397.01,397.08,1854.0,397.137,17
2024-10-09 14:45:00-04:00,397.33,397.63,397.33,397.55,800.0,397.509,8
2024-10-09 14:50:00-04:00,397.37,397.62,397.27,397.27,800.0,397.399,8
2024-10-09 14:55:00-04:00,397.27,397.43,396.99,397.27,3541.0,397.275,29
2024-10-09 15:00:00-04:00,397.0,397.24,397.0,397.18,1064.0,397.108,10
2024-10-09 15:05:00-04:00,397.43,397.61,397.24,397.36,4021.0,397.452,36
2024-10-09 15:10:00-04:00,397.39,397.6,397.22,397.51,2743.0,397.403,27
2024-10-09 15:15:00-04:00,397.52,397.91,397.52,397.91,1300.0,397.714,12
2024-10-09 15:20:00-04:00,397.95,398.35,397.95,398.35,3429.0,398.11,22
2024-10-09 15:25:00-04:00,398.29,398.57,398.16,398.33,4205.0,398.417,30
2024-10-09 15:30:00-04:00,398.36,399.0,398.2,398.79,7781.0,398.743,60
2024-10-09 15:35:00-04:00,398.77,398.79,398.68,398.78,1300.0,398.748,12
2024-10-09 15:40:00-04:00,398.69,399.04,398.61,398.96,3717.0,398.864,36
2024-10-09 15:45:00-04:00,399.03,399.54,399.01,399.39,5547.0,399.386,52
2024-10-09 15:50:00-04:00,399.32,399.55,399.12,399.55,8853.0,399.326,83
2024-10-09 15:55:00-04:00,399.58,400.23,399.43,399.62,46924.0,399.823,326
2024-10-10 09:30:00-04:00,396.57,397.01,395.93,397.0,10569.0,396.558,8
2024-10-10 09:35:00-04:00,396.59,396.59,394.62,394.71,2476.0,395.167,19
2024-10-10 09:40:00-04:00,395.19,396.52,394.98,395.03,1876.0,395.617,12
2024-10-10 09:45:00-04:00,395.68,395.68,394.48,394.49,2377.0,395.04,8
2024-10-10 09:50:00-04:00,394.98,396.6,394.46,396.3,4870.0,395.4,30
2024-10-10 09:55:00-04:00,395.98,396.36,394.56,394.56,9307.0,395.531,56
2024-10-10 10:00:00-04:00,394.48,395.83,394.36,395.15,3919.0,395.139,32
2024-10-10 10:05:00-04:00,395.63,395.84,394.62,395.39,3738.0,395.216,27
2024-10-10 10:10:00-04:00,395.39,395.85,395.13,395.13,4549.0,395.368,31
2024-10-10 10:15:00-04:00,395.42,396.03,395.14,395.63,2949.0,395.625,28
2024-10-10 10:20:00-04:00,395.9,396.75,395.77,395.97,10060.0,396.191,65
2024-10-10 10:25:00-04:00,395.66,395.83,395.46,395.79,7387.0,395.766,48
2024-10-10 10:30:00-04:00,396.09,396.66,395.85,396.65,2966.0,396.24,20
2024-10-10 10:35:00-04:00,396.78,397.0,396.47,396.5,8832.0,396.645,59
2024-10-10 10:40:00-04:00,396.47,396.67,396.26,396.34,3800.0,396.48,34
2024-10-10 10:45:00-04:00,396.39,396.43,396.09,396.33,2694.0,396.274,20
2024-10-10 10:50:00-04:00,396.49,396.87,396.49,396.62,3342.0,396.69,24
2024-10-10 10:55:00-04:00,396.48,396.8,396.48,396.56,1556.0,396.577,8
2024-10-10 11:00:00-04:00,396.62,396.9,396.12,396.43,5076.0,396.371,30
2024-10-10 11:05:00-04:00,396.44,397.07,396.35,396.54,5027.0,396.776,43
2024-10-10 11:10:00-04:00,396.21,396.3,395.58,395.68,6560.0,396.07,28
2024-10-10 11:15:00-04:00,395.79,395.79,395.23,395.45,1829.0,395.511,15
2024-10-10 11:20:00-04:00,395.29,395.63,395.28,395.6,486.0,395.515,4
2024-10-10 11:25:00-04:00,395.67,395.74,395.41,395.74,700.0,395.569,6
2024-10-10 11:30:00-04:00,395.5,395.81,395.39,395.81,1766.0,395.564,15
2024-10-10 11:35:00-04:00,395.62,395.62,395.36,395.44,600.0,395.468,6
2024-10-10 11:40:00-04:00,395.66,395.75,395.47,395.75,630.0,395.637,6
2024-10-10 11:45:00-04:00,395.78,395.78,395.49,395.49,606.0,395.653,5
2024-10-10 11:50:00-04:00,395.38,395.5,395.38,395.5,1800.0,395.393,3
2024-10-10 11:55:00-04:00,395.65,395.88,395.36,395.36,538.0,395.69,5
2024-10-10 12:00:00-04:00,395.83,395.99,395.65,395.98,903.0,395.885,9
2024-10-10 12:05:00-04:00,396.29,396.29,395.98,395.98,2433.0,396.14,16
2024-10-10 12:10:00-04:00,396.13,396.28,396.09,396.09,3258.0,396.161,28
2024-10-10 12:15:00-04:00,396.16,396.39,395.98,396.02,7166.0,396.207,52
2024-10-10 12:20:00-04:00,396.02,396.24,396.01,396.01,3324.0,396.072,15
2024-10-10 12:25:00-04:00,395.79,396.04,395.61,395.61,1549.0,395.694,6
2024-10-10 12:30:00-04:00,395.61,395.61,395.61,395.61,0.0,395.61,0
2024-10-10 12:35:00-04:00,395.66,395.67,395.61,395.61,2777.0,395.616,3
2024-10-10 12:40:00-04:00,395.84,395.84,395.03,395.05,1829.0,395.509,14
2024-10-10 12:45:00-04:00,394.86,395.0,394.86,395.0,300.0,394.913,3
2024-10-10 12:50:00-04:00,394.92,394.92,394.91,394.92,230.0,394.915,2
2024-10-10 12:55:00-04:00,394.95,394.95,394.82,394.82,486.0,394.917,2
2024-10-10 13:00:00-04:00,394.98,395.19,394.98,395.18,2829.0,395.109,25
2024-10-10 13:05:00-04:00,395.0,395.0,393.82,393.82,1156.0,394.416,8
2024-10-10 13:10:00-04:00,393.85,394.15,393.85,394.02,1136.0,394.071,11
2024-10-10 13:15:00-04:00,394.14,394.49,394.1,394.49,500.0,394.342,4
2024-10-10 13:20:00-04:00,394.76,394.84,394.41,394.84,1221.0,394.733,11
2024-10-10 13:25:00-04:00,394.52,394.85,394.21,394.48,1900.0,394.461,9
2024-10-10 13:30:00-04:00,394.48,394.74,394.48,394.74,385.0,394.672,2
2024-10-10 13:35:00-04:00,394.37,394.37,393.98,393.98,500.0,394.189,5
2024-10-10 13:40:00-04:00,393.98,393.98,393.83,393.83,810.0,393.919,7
2024-10-10 13:45:00-04:00,393.68,393.84,393.52,393.59,2356.0,393.743,22
2024-10-10 13:50:00-04:00,393.3,393.41,392.76,393.41,1120.0,393.122,10
2024-10-10 13:55:00-04:00,393.36,393.37,392.67,393.06,16205.0,393.024,105
2024-10-10 14:00:00-04:00,393.09,393.16,393.07,393.16,1251.0,393.107,12
2024-10-10 14:05:00-04:00,393.23,393.56,393.23,393.32,1473.0,393.376,12
2024-10-10 14:10:00-04:00,393.56,393.58,393.42,393.42,653.0,393.503,4
2024-10-10 14:15:00-04:00,393.58,393.58,393.18,393.29,766.0,393.335,7
2024-10-10 14:20:00-04:00,393.07,393.07,392.73,392.96,1963.0,392.917,16
2024-10-10 14:25:00-04:00,392.85,392.85,392.66,392.66,200.0,392.755,2
2024-10-10 14:30:00-04:00,392.88,392.88,391.9,392.38,5408.0,392.188,44
2024-10-10 14:35:00-04:00,392.38,392.46,392.02,392.23,1500.0,392.259,10
2024-10-10 14:40:00-04:00,392.25,392.25,391.77,391.77,1108.0,392.003,9
2024-10-10 14:45:00-04:00,391.47,391.8,391.47,391.69,744.0,391.571,4
2024-10-10 14:50:00-04:00,391.65,392.0,391.64,391.89,8964.0,391.88,27
2024-10-10 14:55:00-04:00,391.94,392.33,391.94,391.97,4114.0,392.077,31
2024-10-10 15:00:00-04:00,392.24,392.24,391.68,391.69,1268.0,391.975,12
2024-10-10 15:05:00-04:00,391.69,391.95,391.68,391.9,2155.0,391.883,13
2024-10-10 15:10:00-04:00,391.84,391.84,391.5,391.63,1193.0,391.692,9
2024-10-10 15:15:00-04:00,391.65,392.04,391.53,392.04,2785.0,391.783,22
2024-10-10 15:20:00-04:00,392.12,392.49,392.08,392.49,2000.0,392.219,18
2024-10-10 15:25:00-04:00,392.58,392.81,392.55,392.69,2423.0,392.661,19
2024-10-10 15:30:00-04:00,392.58,393.02,392.58,392.87,5323.0,392.897,45
2024-10-10 15:35:00-04:00,392.92,392.92,392.58,392.7,4592.0,392.699,40
2024-10-10 15:40:00-04:00,392.75,392.75,392.55,392.56,4810.0,392.652,37
2024-10-10 15:45:00-04:00,392.54,392.93,392.19,392.93,7554.0,392.514,57
2024-10-10 15:50:00-04:00,393.1,393.8,393.09,393.77,9546.0,393.52,85
2024-10-10 15:55:00-04:00,393.69,393.91,393.36,393.5,23768.0,393.681,184
2024-10-11 09:30:00-04:00,393.0,394.57,393.0,394.57,7088.0,393.062,3
2024-10-11 09:35:00-04:00,394.07,394.71,393.88,394.71,2375.0,394.189,20
2024-10-11 09:40:00-04:00,394.68,394.7,394.22,394.42,3253.0,394.577,21
2024-10-11 09:45:00-04:00,394.38,395.59,393.55,395.03,4618.0,395.07,33
2024-10-11 09:50:00-04:00,395.16,395.84,395.15,395.66,1000.0,395.621,8
2024-10-11 09:55:00-04:00,395.66,396.01,395.32,395.74,4785.0,395.723,34
2024-10-11 10:00:00-04:00,395.34,396.3,395.19,395.77,6708.0,395.587,44
2024-10-11 10:05:00-04:00,396.19,396.61,395.55,396.59,3124.0,396.271,21
2024-10-11 10:10:00-04:00,396.58,396.58,396.14,396.21,3057.0,396.463,14
2024-10-11 10:15:00-04:00,396.87,397.97,396.82,397.4,1476.0,397.218,10
2024-10-11 10:20:00-04:00,397.64,398.06,397.55,398.06,1348.0,397.717,11
2024-10-11 10:25:00-04:00,397.7,397.7,397.59,397.66,425.0,397.656,3
2024-10-11 10:30:00-04:00,397.75,397.76,397.4,397.47,2911.0,397.633,15
2024-10-11 10:35:00-04:00,397.56,397.56,397.24,397.24,1545.0,397.361,14
2024-10-11 10:40:00-04:00,397.64,397.64,396.72,396.72,1852.0,397.237,14
2024-10-11 10:45:00-04:00,397.01,397.86,396.95,397.43,4896.0,397.422,34
2024-10-11 10:50:00-04:00,397.42,397.42,396.99,397.41,1120.0,397.266,8
2024-10-11 10:55:00-04:00,397.41,397.85,397.22,397.72,2934.0,397.597,22
2024-10-11 11:00:00-04:00,397.72,397.72,397.72,397.72,1088.0,397.72,9
2024-10-11 11:05:00-04:00,397.75,398.13,397.72,397.98,2992.0,397.867,21
2024-10-11 11:10:00-04:00,397.88,398.34,397.62,397.62,636.0,397.939,6
2024-10-11 11:15:00-04:00,398.28,398.39,397.91,397.95,4069.0,398.224,30
2024-10-11 11:20:00-04:00,397.83,398.01,397.72,397.87,973.0,397.852,6
2024-10-11 11:25:00-04:00,397.84,398.06,397.67,398.06,654.0,397.887,6
2024-10-11 11:30:00-04:00,398.11,398.87,398.11,398.87,2056.0,398.383,17
2024-10-11 11:35:00-04:00,398.96,399.24,398.83,398.92,3416.0,398.983,22
2024-10-11 11:40:00-04:00,398.62,398.75,398.32,398.32,1861.0,398.555,13
2024-10-11 11:45:00-04:00,398.32,398.33,398.05,398.05,788.0,398.169,6
2024-10-11 11:50:00-04:00,397.9,398.08,397.55,398.08,3000.0,397.863,29
2024-10-11 11:55:00-04:00,397.59,397.65,397.54,397.65,509.0,397.599,5
2024-10-11 12:00:00-04:00,397.52,397.99,397.52,397.77,1211.0,397.668,10
2024-10-11 12:05:00-04:00,397.94,398.08,397.6,397.78,2365.0,397.862,21
2024-10-11 12:10:00-04:00,397.97,398.02,397.66,397.66,653.0,397.878,5
2024-10-11 12:15:00-04:00,397.8,397.8,397.6,397.6,520.0,397.753,3
2024-10-11 12:20:00-04:00,397.6,397.64,397.25,397.25,1607.0,397.543,14
2024-10-11 12:25:00-04:00,397.23,397.4,396.56,396.95,9341.0,396.997,54
2024-10-11 12:30:00-04:00,396.77,397.42,396.77,397.42,6643.0,396.889,14
2024-10-11 12:35:00-04:00,397.04,397.05,397.04,397.04,200.0,397.042,1
2024-10-11 12:40:00-04:00,396.79,396.96,396.79,396.96,901.0,396.809,6
2024-10-11 12:45:00-04:00,396.9,396.9,396.6,396.9,1001.0,396.81,6
2024-10-11 12:50:00-04:00,396.9,397.12,396.64,397.09,1561.0,396.822,9
2024-10-11 12:55:00-04:00,396.8,397.11,396.8,397.11,800.0,397.004,6
2024-10-11 13:00:00-04:00,397.28,397.48,397.21,397.48,1923.0,397.345,15
2024-10-11 13:05:00-04:00,397.3,397.38,397.11,397.38,3779.0,397.165,10
2024-10-11 13:10:00-04:00,397.09,397.13,396.8,396.8,1000.0,397.022,10
2024-10-11 13:15:00-04:00,396.8,396.8,396.8,396.8,0.0,396.8,0
2024-10-11 13:20:00-04:00,397.01,397.17,396.98,396.99,1160.0,397.022,9
2024-10-11 13:25:00-04:00,397.27,397.27,396.98,397.25,1887.0,397.139,11
2024-10-11 13:30:00-04:00,397.27,397.39,397.18,397.18,1187.0,397.25,9
2024-10-11 13:35:00-04:00,397.15,397.49,397.14,397.48,1666.0,397.34,14
2024-10-11 13:40:00-04:00,397.56,397.98,397.56,397.98,2866.0,397.668,16
2024-10-11 13:45:00-04:00,397.96,397.96,397.96,397.96,401.0,397.96,4
2024-10-11 13:50:00-04:00,397.78,397.97,397.75,397.97,2425.0,397.826,9
2024-10-11 13:55:00-04:00,397.79,397.97,397.57,397.66,4775.0,397.743,36
2024-10-11 14:00:00-04:00,397.63,397.68,397.36,397.57,928.0,397.575,7
2024-10-11 14:05:00-04:00,397.56,397.8,397.55,397.68,1039.0,397.617,8
2024-10-11 14:10:00-04:00,397.57,397.9,397.57,397.76,1658.0,397.796,12
2024-10-11 14:15:00-04:00,397.79,398.06,397.79,398.06,220.0,397.937,2
2024-10-11 14:20:00-04:00,397.83,397.94,397.8,397.86,1856.0,397.844,12
2024-10-11 14:25:00-04:00,398.07,398.07,397.56,397.56,1618.0,397.783,11
2024-10-11 14:30:00-04:00,397.75,398.11,397.56,398.01,1503.0,397.908,12
2024-10-11 14:35:00-04:00,398.05,398.14,397.01,397.49,2296.0,397.831,17
2024-10-11 14:40:00-04:00,397.56,397.71,397.09,397.69,1172.0,397.612,7
2024-10-11 14:45:00-04:00,397.51,397.68,397.47,397.64,1332.0,397.573,7
2024-10-11 14:50:00-04:00,397.58,397.58,397.5,397.5,219.0,397.539,2
2024-10-11 14:55:00-04:00,397.56,397.88,397.56,397.88,2166.0,397.757,18
2024-10-11 15:00:00-04:00,397.83,398.25,397.83,398.25,1212.0,398.035,10
2024-10-11 15:05:00-04:00,398.07,398.4,397.96,398.4,2518.0,398.145,24
2024-10-11 15:10:00-04:00,398.26,398.39,398.26,398.3,2980.0,398.339,8
2024-10-11 15:15:00-04:00,398.3,398.38,397.83,397.98,20441.0,398.071,90
2024-10-11 15:20:00-04:00,397.98,398.45,397.98,398.44,12158.0,398.024,17
2024-10-11 15:25:00-04:00,398.37,398.38,398.01,398.08,13459.0,398.328,31
2024-10-11 15:30:00-04:00,398.18,398.97,398.18,398.79,8730.0,398.505,71
2024-10-11 15:35:00-04:00,398.63,398.84,398.63,398.84,800.0,398.796,8
2024-10-11 15:40:00-04:00,398.74,398.88,398.57,398.58,3930.0,398.725,32
2024-10-11 15:45:00-04:00,398.57,399.25,398.57,399.19,4689.0,398.977,37
2024-10-11 15:50:00-04:00,399.31,399.72,399.31,399.53,5959.0,399.535,49
2024-10-11 15:55:00-04:00,399.45,400.29,399.42,399.76,37053.0,400.0,263
2024-10-14 09:30:00-04:00,401.56,403.17,400.46,402.76,15413.0,401.703,25
2024-10-14 09:35:00-04:00,402.39,403.81,402.39,402.56,1979.0,403.082,13
2024-10-14 09:40:00-04:00,402.56,402.83,402.41,402.66,1220.0,402.65,9
2024-10-14 09:45:00-04:00,402.41,403.5,402.41,403.41,6596.0,402.752,42
2024-10-14 09:50:00-04:00,402.83,403.27,400.54,400.54,2100.0,401.776,20
2024-10-14 09:55:00-04:00,401.08,402.06,401.07,402.06,2053.0,401.557,20
2024-10-14 10:00:00-04:00,402.09,402.61,401.82,401.99,6879.0,402.079,46
2024-10-14 10:05:00-04:00,401.99,402.43,401.97,402.21,2636.0,402.216,20
2024-10-14 10:10:00-04:00,402.21,402.21,401.51,401.63,3925.0,401.85,24
2024-10-14 10:15:00-04:00,401.71,401.71,400.87,400.87,1122.0,401.157,10
2024-10-14 10:20:00-04:00,400.68,401.17,400.46,400.9,5124.0,400.789,37
2024-10-14 10:25:00-04:00,400.91,401.11,400.48,400.49,5065.0,400.862,27
2024-10-14 10:30:00-04:00,400.57,401.79,400.57,401.51,2777.0,401.209,25
2024-10-14 10:35:00-04:00,401.83,402.18,401.8,402.16,2716.0,401.966,21
2024-10-14 10:40:00-04:00,402.36,402.57,402.18,402.57,4370.0,402.395,23
2024-10-14 10:45:00-04:00,402.3,402.32,401.97,402.1,4623.0,402.176,38
2024-10-14 10:50:00-04:00,401.98,402.47,401.97,402.4,4805.0,402.216,40
2024-10-14 10:55:00-04:00,402.4,402.83,402.3,402.68,8198.0,402.56,44
2024-10-14 11:00:00-04:00,402.69,403.19,402.48,403.19,3493.0,402.744,27
2024-10-14 11:05:00-04:00,402.93,403.4,402.66,403.34,4731.0,403.212,43
2024-10-14 11:10:00-04:00,403.2,403.35,403.0,403.15,3718.0,403.162,25
2024-10-14 11:15:00-04:00,403.15,403.73,402.76,402.76,6450.0,403.221,40
2024-10-14 11:20:00-04:00,402.99,403.01,402.47,402.75,4232.0,402.82,36
2024-10-14 11:25:00-04:00,402.75,403.03,402.73,402.74,4475.0,402.933,18
2024-10-14 11:30:00-04:00,402.74,403.53,402.74,403.4,5160.0,403.316,41
2024-10-14 11:35:00-04:00,403.4,404.27,403.4,404.27,2216.0,403.73,18
2024-10-14 11:40:00-04:00,404.01,404.23,403.99,403.99,886.0,404.075,7
2024-10-14 11:45:00-04:00,404.14,404.25,404.02,404.12,830.0,404.127,8
2024-10-14 11:50:00-04:00,403.83,404.02,403.73,403.74,2561.0,403.812,22
2024-10-14 11:55:00-04:00,403.73,403.88,403.59,403.73,2898.0,403.733,24
2024-10-14 12:00:00-04:00,403.72,403.73,403.39,403.56,4406.0,403.588,32
2024-10-14 12:05:00-04:00,403.55,403.63,403.28,403.28,10137.0,403.568,41
2024-10-14 12:10:00-04:00,403.34,403.91,403.29,403.77,2790.0,403.664,23
2024-10-14 12:15:00-04:00,403.81,403.97,403.79,403.97,1422.0,403.832,11
2024-10-14 12:20:00-04:00,403.96,404.4,403.8,404.4,4359.0,404.027,37
2024-10-14 12:25:00-04:00,404.36,404.59,404.29,404.59,1200.0,404.472,11
2024-10-14 12:30:00-04:00,404.49,404.49,403.83,403.95,2850.0,404.118,20
2024-10-14 12:35:00-04:00,404.0,404.11,403.74,404.11,2996.0,403.921,27
2024-10-14 12:40:00-04:00,404.11,404.11,404.1,404.11,100.0,404.105,1
2024-10-14 12:45:00-04:00,404.11,404.13,404.1,404.1,615.0,404.107,6
2024-10-14 12:50:00-04:00,404.1,404.36,404.1,404.13,2700.0,404.198,27
2024-10-14 12:55:00-04:00,404.18,404.47,404.17,404.35,2810.0,404.33,23
2024-10-14 13:00:00-04:00,404.35,404.47,404.23,404.47,1731.0,404.392,13
2024-10-14 13:05:00-04:00,404.15,404.34,404.12,404.21,807.0,404.235,8
2024-10-14 13:10:00-04:00,404.25,404.25,404.12,404.19,1816.0,404.195,18
2024-10-14 13:15:00-04:00,404.25,404.25,403.75,403.75,1910.0,404.069,17
2024-10-14 13:20:00-04:00,403.96,403.98,403.93,403.93,800.0,403.951,8
2024-10-14 13:25:00-04:00,403.9,404.0,403.73,403.83,2903.0,403.89,22
2024-10-14 13:30:00-04:00,403.75,404.15,403.75,404.15,4265.0,403.945,35
2024-10-14 13:35:00-04:00,404.19,404.33,404.16,404.31,1049.0,404.283,10
2024-10-14 13:40:00-04:00,404.31,404.31,404.3,404.31,300.0,404.305,3
2024-10-14 13:45:00-04:00,404.25,404.26,404.25,404.25,276.0,404.255,2
2024-10-14 13:50:00-04:00,404.25,404.37,404.22,404.23,1500.0,404.288,10
2024-10-14 13:55:00-04:00,404.25,404.47,404.25,404.44,3495.0,404.348,23
2024-10-14 14:00:00-04:00,404.44,404.51,404.44,404.51,400.0,404.458,4
2024-10-14 14:05:00-04:00,404.52,404.86,404.52,404.56,2457.0,404.633,11
2024-10-14 14:10:00-04:00,404.72,404.87,404.63,404.79,830.0,404.811,5
2024-10-14 14:15:00-04:00,404.75,404.75,404.18,404.21,1484.0,404.497,12
2024-10-14 14:20:00-04:00,404.28,404.49,404.28,404.45,801.0,404.393,6
2024-10-14 14:25:00-04:00,404.4,404.4,404.37,404.37,279.0,404.389,2
2024-10-14 14:30:00-04:00,404.33,404.61,404.32,404.54,933.0,404.481,9
2024-10-14 14:35:00-04:00,404.88,404.98,404.87,404.9,700.0,404.919,7
2024-10-14 14:40:00-04:00,404.93,405.0,404.89,405.0,900.0,404.961,9
2024-10-14 14:45:00-04:00,405.09,405.09,404.4,404.4,1801.0,404.795,16
2024-10-14 14:50:00-04:00,404.5,404.8,404.46,404.8,3840.0,404.531,27
2024-10-14 14:55:00-04:00,404.68,404.68,404.27,404.38,2071.0,404.531,19
2024-10-14 15:00:00-04:00,404.46,404.81,404.39,404.65,2777.0,404.671,22
2024-10-14 15:05:00-04:00,404.63,404.75,404.61,404.62,1029.0,404.653,9
2024-10-14 15:10:00-04:00,404.7,404.81,404.65,404.81,2053.0,404.763,13
2024-10-14 15:15:00-04:00,404.95,405.01,404.77,404.77,2927.0,404.878,25
2024-10-14 15:20:00-04:00,404.93,405.01,404.76,404.9,1832.0,404.851,14
2024-10-14 15:25:00-04:00,404.89,404.94,404.57,404.58,1420.0,404.796,14
2024-10-14 15:30:00-04:00,404.52,404.59,404.15,404.29,2035.0,404.314,16
2024-10-14 15:35:00-04:00,404.43,404.48,404.04,404.19,3683.0,404.253,27
2024-10-14 15:40:00-04:00,404.35,404.44,404.23,404.25,1407.0,404.316,12
2024-10-14 15:45:00-04:00,404.13,404.65,403.81,404.49,4082.0,404.233,38
2024-10-14 15:50:00-04:00,404.62,404.82,404.23,404.54,9877.0,404.532,60
2024-10-14 15:55:00-04:00,404.48,405.11,404.44,405.06,21203.0,404.8,173
2024-10-15 09:30:00-04:00,406.74,406.96,404.37,406.5,18093.0,406.58,24
2024-10-15 09:35:00-04:00,405.3,405.31,403.97,404.34,2802.0,404.572,25
2024-10-15 09:40:00-04:00,404.79,404.82,403.01,403.01,6387.0,404.149,37
2024-10-15 09:45:00-04:00,403.46,403.81,402.92,403.37,23656.0,403.563,99
2024-10-15 09:50:00-04:00,403.36,403.36,401.61,402.32,18066.0,402.27,130
2024-10-15 09:55:00-04:00,402.44,402.45,401.12,401.29,5450.0,402.089,43
2024-10-15 10:00:00-04:00,401.15,402.12,400.89,401.95,16602.0,401.672,81
2024-10-15 10:05:00-04:00,401.78,402.29,401.66,402.15,5902.0,401.949,51
2024-10-15 10:10:00-04:00,402.13,402.13,400.92,401.36,3110.0,401.384,18
2024-10-15 10:15:00-04:00,401.36,402.02,401.18,401.85,6347.0,401.503,43
2024-10-15 10:20:00-04:00,402.07,402.16,401.22,401.22,3159.0,401.82,27
2024-10-15 10:25:00-04:00,401.48,401.48,400.54,400.54,3348.0,401.109,32
2024-10-15 10:30:00-04:00,400.49,400.59,399.23,399.23,5628.0,400.049,52
2024-10-15 10:35:00-04:00,399.36,399.36,398.13,398.53,11200.0,398.865,96
2024-10-15 10:40:00-04:00,398.63,399.4,398.13,399.03,4285.0,398.85,35
2024-10-15 10:45:00-04:00,398.92,399.19,398.64,399.18,4093.0,399.039,36
2024-10-15 10:50:00-04:00,399.18,399.47,398.61,399.28,8098.0,399.023,69
2024-10-15 10:55:00-04:00,398.93,398.93,397.33,397.33,3533.0,397.955,19
2024-10-15 11:00:00-04:00,397.27,398.29,396.94,397.96,7397.0,397.853,49
2024-10-15 11:05:00-04:00,397.94,399.12,397.92,399.0,5795.0,398.339,52
2024-10-15 11:10:00-04:00,398.1,398.22,397.56,397.9,2625.0,397.936,26
2024-10-15 11:15:00-04:00,397.9,397.9,397.17,397.4,3741.0,397.585,21
2024-10-15 11:20:00-04:00,397.73,398.01,397.51,397.81,3846.0,397.814,32
2024-10-15 11:25:00-04:00,397.81,398.33,397.67,398.07,11189.0,397.819,36
2024-10-15 11:30:00-04:00,398.62,398.7,398.5,398.53,1745.0,398.563,11
2024-10-15 11:35:00-04:00,398.34,398.34,398.22,398.22,300.0,398.3,3
2024-10-15 11:40:00-04:00,398.2,398.99,398.09,398.83,2320.0,398.654,22
2024-10-15 11:45:00-04:00,399.02,399.02,399.01,399.01,250.0,399.013,2
2024-10-15 11:50:00-04:00,398.94,399.48,398.94,399.44,1000.0,399.267,10
2024-10-15 11:55:00-04:00,399.49,399.92,399.49,399.62,2002.0,399.692,19
2024-10-15 12:00:00-04:00,399.62,399.81,399.43,399.62,874.0,399.634,7
2024-10-15 12:05:00-04:00,399.69,400.0,399.42,399.98,2400.0,399.864,22
2024-10-15 12:10:00-04:00,399.88,399.89,399.64,399.64,600.0,399.734,6
2024-10-15 12:15:00-04:00,399.6,399.67,399.35,399.56,1203.0,399.506,11
2024-10-15 12:20:00-04:00,399.37,399.75,399.35,399.35,1326.0,399.502,11
2024-10-15 12:25:00-04:00,399.38,399.78,399.37,399.78,3127.0,399.711,23
2024-10-15 12:30:00-04:00,399.78,400.18,399.45,400.18,7889.0,399.953,43
2024-10-15 12:35:00-04:00,400.18,400.26,399.99,400.0,1554.0,400.114,15
2024-10-15 12:40:00-04:00,399.82,399.82,399.4,399.42,766.0,399.603,7
2024-10-15 12:45:00-04:00,399.68,399.86,399.37,399.37,1829.0,399.559,15
2024-10-15 12:50:00-04:00,399.39,399.45,399.12,399.14,2392.0,399.269,21
2024-10-15 12:55:00-04:00,399.13,399.48,398.88,399.18,6652.0,399.234,61
2024-10-15 13:00:00-04:00,399.37,400.25,399.23,400.25,12961.0,399.597,104
2024-10-15 13:05:00-04:00,400.47,400.48,399.97,399.97,3225.0,400.296,30
2024-10-15 13:10:00-04:00,400.0,400.0,398.97,399.69,2826.0,399.529,25
2024-10-15 13:15:00-04:00,399.83,399.83,399.82,399.83,100.0,399.825,1
2024-10-15 13:20:00-04:00,399.68,400.13,399.68,400.13,1310.0,399.841,11
2024-10-15 13:25:00-04:00,400.05,400.54,400.01,400.54,2503.0,400.29,19
2024-10-15 13:30:00-04:00,400.55,400.71,400.54,400.71,2925.0,400.607,23
2024-10-15 13:35:00-04:00,400.8,401.23,400.8,401.18,1580.0,401.074,14
2024-10-15 13:40:00-04:00,401.18,401.53,401.17,401.51,2717.0,401.311,17
2024-10-15 13:45:00-04:00,401.5,401.67,401.5,401.53,3266.0,401.564,23
2024-10-15 13:50:00-04:00,401.56,401.56,401.4,401.47,3050.0,401.504,25
2024-10-15 13:55:00-04:00,401.41,401.41,400.83,400.95,1874.0,401.091,17
2024-10-15 14:00:00-04:00,400.84,401.05,400.83,401.0,1229.0,400.951,10
2024-10-15 14:05:00-04:00,401.05,401.05,400.71,400.71,1001.0,400.909,9
2024-10-15 14:10:00-04:00,400.65,400.9,400.64,400.9,1843.0,400.835,18
2024-10-15 14:15:00-04:00,400.63,400.68,400.45,400.46,900.0,400.586,8
2024-10-15 14:20:00-04:00,400.52,400.87,400.34,400.36,4414.0,400.594,41
2024-10-15 14:25:00-04:00,400.23,400.5,399.84,399.97,1552.0,400.102,15
2024-10-15 14:30:00-04:00,399.97,400.18,399.79,399.9,2100.0,400.044,20
2024-10-15 14:35:00-04:00,399.76,399.96,399.61,399.7,2599.0,399.8,17
2024-10-15 14:40:00-04:00,399.89,399.89,399.66,399.77,1483.0,399.804,12
2024-10-15 14:45:00-04:00,399.89,400.12,399.41,399.67,3893.0,399.763,26
2024-10-15 14:50:00-04:00,399.41,399.69,399.2,399.54,4984.0,399.488,42
2024-10-15 14:55:00-04:00,399.63,399.64,399.37,399.37,1187.0,399.535,11
2024-10-15 15:00:00-04:00,399.41,399.45,398.83,398.83,2272.0,399.12,19
2024-10-15 15:05:00-04:00,398.77,398.8,398.22,398.39,2592.0,398.534,22
2024-10-15 15:10:00-04:00,398.6,399.16,398.48,399.0,5194.0,398.819,45
2024-10-15 15:15:00-04:00,399.12,399.46,399.06,399.46,3699.0,399.176,34
2024-10-15 15:20:00-04:00,399.46,399.56,399.18,399.43,7114.0,399.415,58
2024-10-15 15:25:00-04:00,399.48,399.6,398.6,398.6,9949.0,399.423,78
2024-10-15 15:30:00-04:00,398.6,398.82,398.12,398.44,7017.0,398.573,51
2024-10-15 15:35:00-04:00,398.28,398.63,398.04,398.58,13848.0,398.359,101
2024-10-15 15:40:00-04:00,398.58,398.96,398.33,398.33,7587.0,398.718,60
2024-10-15 15:45:00-04:00,398.21,398.27,397.78,398.19,5736.0,397.985,45
2024-10-15 15:50:00-04:00,398.26,398.85,397.97,398.75,12840.0,398.286,107
2024-10-15 15:55:00-04:00,398.72,398.72,397.12,397.7,49210.0,397.527,385
2024-10-16 09:30:00-04:00,395.2,396.18,393.73,395.04,26062.0,395.146,71
2024-10-16 09:35:00-04:00,395.04,395.88,394.02,394.08,10638.0,394.58,79
2024-10-16 09:40:00-04:00,394.88,395.62,393.64,395.62,13195.0,394.642,79
2024-10-16 09:45:00-04:00,395.45,395.45,394.44,395.29,28307.0,394.853,193
2024-10-16 09:50:00-04:00,395.03,396.38,394.57,396.38,13307.0,395.298,99
2024-10-16 09:55:00-04:00,396.38,396.95,396.01,396.66,9290.0,396.586,72
2024-10-16 10:00:00-04:00,396.63,397.0,396.33,397.0,9603.0,396.739,76
2024-10-16 10:05:00-04:00,397.04,397.04,396.37,396.37,5993.0,396.811,43
2024-10-16 10:10:00-04:00,396.83,397.55,396.71,397.03,10789.0,397.13,66
2024-10-16 10:15:00-04:00,397.03,397.6,396.38,396.38,6395.0,397.145,53
2024-10-16 10:20:00-04:00,396.38,396.75,396.38,396.66,7554.0,396.624,53
2024-10-16 10:25:00-04:00,396.77,397.09,396.4,396.97,3812.0,396.732,28
2024-10-16 10:30:00-04:00,396.94,397.31,396.93,397.31,3788.0,397.072,29
2024-10-16 10:35:00-04:00,397.35,397.36,395.54,395.54,4987.0,397.041,40
2024-10-16 10:40:00-04:00,395.92,396.09,395.27,395.64,9119.0,395.615,71
2024-10-16 10:45:00-04:00,396.0,396.08,395.58,395.73,4120.0,395.871,31
2024-10-16 10:50:00-04:00,395.73,395.92,395.16,395.92,8571.0,395.617,54
2024-10-16 10:55:00-04:00,395.92,396.24,395.75,396.24,9036.0,395.96,60
2024-10-16 11:00:00-04:00,396.24,396.27,395.73,395.93,4497.0,396.153,41
2024-10-16 11:05:00-04:00,395.71,395.91,395.5,395.69,3610.0,395.643,24
2024-10-16 11:10:00-04:00,395.69,395.69,395.05,395.05,13961.0,395.445,29
2024-10-16 11:15:00-04:00,395.31,395.88,395.05,395.79,6696.0,395.606,46
2024-10-16 11:20:00-04:00,395.79,395.8,395.32,395.45,2628.0,395.616,26
2024-10-16 11:25:00-04:00,395.65,395.96,395.23,395.96,15580.0,395.548,117
2024-10-16 11:30:00-04:00,396.0,396.09,395.78,396.03,6271.0,395.937,48
2024-10-16 11:35:00-04:00,396.08,396.12,395.38,395.38,6062.0,395.958,45
2024-10-16 11:40:00-04:00,395.53,395.64,395.23,395.23,1226.0,395.44,12
2024-10-16 11:45:00-04:00,395.19,395.19,394.17,394.17,5191.0,394.506,35
2024-10-16 11:50:00-04:00,394.41,394.84,394.4,394.64,6232.0,394.621,43
2024-10-16 11:55:00-04:00,394.7,395.29,394.7,395.15,4243.0,394.985,36
2024-10-16 12:00:00-04:00,395.17,395.96,395.17,395.88,2226.0,395.725,17
2024-10-16 12:05:00-04:00,395.9,396.12,395.69,396.0,10209.0,395.919,67
2024-10-16 12:10:00-04:00,396.11,396.34,395.97,396.33,8119.0,396.205,52
2024-10-16 12:15:00-04:00,396.23,396.34,395.95,396.27,6262.0,396.195,52
2024-10-16 12:20:00-04:00,396.18,396.76,396.18,396.64,7123.0,396.316,31
2024-10-16 12:25:00-04:00,396.65,396.88,396.47,396.48,3769.0,396.731,28
2024-10-16 12:30:00-04:00,396.49,396.55,396.23,396.33,2351.0,396.383,23
2024-10-16 12:35:00-04:00,396.33,396.97,396.33,396.97,4635.0,396.576,30
2024-10-16 12:40:00-04:00,397.07,397.67,397.04,397.49,8821.0,397.368,62
2024-10-16 12:45:00-04:00,397.49,397.49,396.9,396.91,2155.0,397.188,19
2024-10-16 12:50:00-04:00,396.83,396.85,396.03,396.16,4708.0,396.606,36
2024-10-16 12:55:00-04:00,396.31,396.65,396.04,396.42,4728.0,396.367,36
2024-10-16 13:00:00-04:00,396.52,396.67,396.45,396.66,2394.0,396.559,16
2024-10-16 13:05:00-04:00,396.63,396.63,396.35,396.37,1913.0,396.456,18
2024-10-16 13:10:00-04:00,396.48,396.89,396.47,396.84,4204.0,396.742,27
2024-10-16 13:15:00-04:00,396.84,397.04,396.82,396.91,6308.0,396.954,43
2024-10-16 13:20:00-04:00,396.87,397.22,396.86,397.22,5157.0,397.064,31
2024-10-16 13:25:00-04:00,397.39,397.39,397.06,397.08,1829.0,397.156,16
2024-10-16 13:30:00-04:00,397.08,397.08,396.82,396.93,3482.0,396.969,34
2024-10-16 13:35:00-04:00,396.58,396.98,396.58,396.8,2100.0,396.881,21
2024-10-16 13:40:00-04:00,396.79,397.44,396.79,397.28,4103.0,397.253,28
2024-10-16 13:45:00-04:00,397.29,397.29,397.05,397.18,2800.0,397.194,28
2024-10-16 13:50:00-04:00,396.92,397.11,396.66,396.66,4207.0,396.968,35
2024-10-16 13:55:00-04:00,396.66,396.88,396.59,396.88,3441.0,396.753,29
2024-10-16 14:00:00-04:00,396.79,397.03,396.79,396.99,4471.0,396.898,31
2024-10-16 14:05:00-04:00,397.05,397.05,396.56,396.66,3271.0,396.882,31
2024-10-16 14:10:00-04:00,396.66,396.66,396.24,396.45,4705.0,396.416,36
2024-10-16 14:15:00-04:00,396.63,397.09,396.63,397.09,3491.0,396.863,22
2024-10-16 14:20:00-04:00,397.04,397.79,397.04,397.7,4841.0,397.285,31
2024-10-16 14:25:00-04:00,397.69,397.7,397.44,397.55,3091.0,397.561,25
2024-10-16 14:30:00-04:00,397.55,397.55,396.97,396.97,2882.0,397.346,20
2024-10-16 14:35:00-04:00,397.01,397.16,396.43,396.78,7653.0,396.725,56
2024-10-16 14:40:00-04:00,396.8,396.95,395.94,396.7,34801.0,396.213,247
2024-10-16 14:45:00-04:00,396.67,396.82,396.6,396.6,4460.0,396.683,35
2024-10-16 14:50:00-04:00,396.62,396.62,395.5,395.5,2949.0,396.086,27
2024-10-16 14:55:00-04:00,395.46,395.77,395.21,395.77,7185.0,395.466,46
2024-10-16 15:00:00-04:00,395.9,396.08,395.46,395.5,6377.0,395.778,52
2024-10-16 15:05:00-04:00,395.61,395.72,395.49,395.72,3824.0,395.618,31
2024-10-16 15:10:00-04:00,395.9,396.01,395.34,395.81,7267.0,395.722,59
2024-10-16 15:15:00-04:00,395.81,395.83,395.54,395.58,3517.0,395.692,33
2024-10-16 15:20:00-04:00,395.58,395.58,394.9,394.9,2550.0,395.243,21
2024-10-16 15:25:00-04:00,395.31,395.49,395.01,395.49,5184.0,395.258,36
2024-10-16 15:30:00-04:00,395.25,395.26,394.64,395.11,15141.0,394.914,90
2024-10-16 15:35:00-04:00,395.19,395.34,395.03,395.31,5649.0,395.187,44
2024-10-16 15:40:00-04:00,395.25,395.26,394.35,394.44,8890.0,394.907,63
2024-10-16 15:45:00-04:00,394.19,395.02,394.19,394.86,15868.0,394.716,104
2024-10-16 15:50:00-04:00,394.98,395.83,394.59,395.34,38292.0,395.214,214
2024-10-16 15:55:00-04:00,395.31,395.68,394.68,395.16,77580.0,395.16,541
2024-10-17 09:30:00-04:00,403.01,404.41,399.7,400.77,26157.0,402.684,46
2024-10-17 09:35:00-04:00,400.11,400.11,398.41,399.71,3892.0,399.594,36
2024-10-17 09:40:00-04:00,399.81,401.72,399.81,401.5,12475.0,401.2,63
2024-10-17 09:45:00-04:00,401.44,401.44,400.04,400.39,15026.0,400.646,36
2024-10-17 09:50:00-04:00,400.56,401.13,400.4,400.61,17344.0,400.777,73
2024-10-17 09:55:00-04:00,400.61,400.65,400.0,400.41,20568.0,400.482,41
2024-10-17 10:00:00-04:00,400.33,400.44,398.86,399.18,24578.0,399.599,113
2024-10-17 10:05:00-04:00,399.18,399.37,397.81,398.24,10793.0,398.545,51
2024-10-17 10:10:00-04:00,397.97,398.72,397.64,398.67,5791.0,398.258,31
2024-10-17 10:15:00-04:00,398.65,399.07,398.41,399.0,14427.0,398.682,64
2024-10-17 10:20:00-04:00,398.73,399.29,398.67,399.03,7412.0,398.896,32
2024-10-17 10:25:00-04:00,398.98,399.24,398.19,398.54,5901.0,398.774,36
2024-10-17 10:30:00-04:00,398.72,398.98,398.6,398.77,3994.0,398.671,22
2024-10-17 10:35:00-04:00,398.5,399.46,398.21,399.35,20019.0,398.412,55
2024-10-17 10:40:00-04:00,399.12,399.57,398.98,399.09,2566.0,399.178,17
2024-10-17 10:45:00-04:00,399.12,399.79,399.12,399.79,4539.0,399.33,26
2024-10-17 10:50:00-04:00,399.8,399.8,399.52,399.64,1285.0,399.651,10
2024-10-17 10:55:00-04:00,399.73,399.73,399.44,399.44,2136.0,399.587,17
2024-10-17 11:00:00-04:00,399.66,399.66,398.38,398.42,2501.0,399.0,18
2024-10-17 11:05:00-04:00,398.38,398.62,398.24,398.47,4026.0,398.413,28
2024-10-17 11:10:00-04:00,398.55,398.62,398.43,398.62,3498.0,398.519,28
2024-10-17 11:15:00-04:00,398.61,399.05,398.59,398.86,2352.0,398.826,21
2024-10-17 11:20:00-04:00,398.93,399.03,398.68,398.81,2676.0,398.782,23
2024-10-17 11:25:00-04:00,399.05,399.9,399.03,399.8,2519.0,399.389,22
2024-10-17 11:30:00-04:00,399.79,399.92,399.72,399.92,1300.0,399.826,13
2024-10-17 11:35:00-04:00,399.93,400.2,399.67,400.15,6990.0,399.838,33
2024-10-17 11:40:00-04:00,399.98,400.15,399.97,400.02,1886.0,400.016,12
2024-10-17 11:45:00-04:00,400.02,400.28,399.91,399.91,7243.0,400.037,44
2024-10-17 11:50:00-04:00,400.1,400.83,399.76,400.78,12831.0,400.121,87
2024-10-17 11:55:00-04:00,400.35,401.05,400.35,400.89,3332.0,400.727,29
2024-10-17 12:00:00-04:00,400.89,401.41,400.84,400.92,2547.0,401.014,19
2024-10-17 12:05:00-04:00,400.92,401.14,400.71,400.91,1300.0,400.922,13
2024-10-17 12:10:00-04:00,400.91,400.92,400.7,400.7,914.0,400.761,9
2024-10-17 12:15:00-04:00,400.89,401.01,400.8,400.8,305.0,400.901,3
2024-10-17 12:20:00-04:00,400.85,401.6,400.84,401.41,3496.0,401.256,25
2024-10-17 12:25:00-04:00,401.21,401.21,400.58,400.67,1728.0,400.894,16
2024-10-17 12:30:00-04:00,400.42,400.64,400.37,400.58,8707.0,400.571,14
2024-10-17 12:35:00-04:00,401.03,401.71,401.03,401.48,1942.0,401.335,18
2024-10-17 12:40:00-04:00,401.65,402.39,401.64,402.35,1230.0,401.921,12
2024-10-17 12:45:00-04:00,402.29,402.43,402.29,402.43,900.0,402.377,9
2024-10-17 12:50:00-04:00,402.38,402.75,401.93,402.25,4396.0,402.363,33
2024-10-17 12:55:00-04:00,402.25,402.44,402.0,402.07,4250.0,402.206,19
2024-10-17 13:00:00-04:00,401.87,402.36,401.87,402.1,2767.0,402.09,14
2024-10-17 13:05:00-04:00,401.81,401.96,401.78,401.9,1610.0,401.882,15
2024-10-17 13:10:00-04:00,401.86,401.94,401.51,401.51,3913.0,401.745,15
2024-10-17 13:15:00-04:00,401.4,401.6,401.4,401.6,644.0,401.5,5
2024-10-17 13:20:00-04:00,401.59,401.7,401.48,401.61,3385.0,401.591,23
2024-10-17 13:25:00-04:00,401.6,401.72,401.38,401.65,6364.0,401.57,50
2024-10-17 13:30:00-04:00,401.65,401.72,401.1,401.23,5747.0,401.429,50
2024-10-17 13:35:00-04:00,401.23,401.99,401.11,401.83,13390.0,401.568,74
2024-10-17 13:40:00-04:00,401.85,402.04,401.7,401.92,7050.0,401.929,42
2024-10-17 13:45:00-04:00,401.86,401.92,401.64,401.64,3277.0,401.728,22
2024-10-17 13:50:00-04:00,401.4,401.79,401.4,401.61,2826.0,401.643,10
2024-10-17 13:55:00-04:00,401.65,401.79,401.28,401.79,5816.0,401.558,47
2024-10-17 14:00:00-04:00,401.79,402.07,401.34,401.36,3314.0,401.645,33
2024-10-17 14:05:00-04:00,401.36,402.22,401.28,401.28,13846.0,401.78,73
2024-10-17 14:10:00-04:00,400.84,401.2,400.78,401.2,1067.0,401.021,10
2024-10-17 14:15:00-04:00,401.11,401.58,401.06,401.06,4900.0,401.391,24
2024-10-17 14:20:00-04:00,401.07,401.1,400.77,400.92,1103.0,400.874,10
2024-10-17 14:25:00-04:00,400.8,401.36,400.8,401.09,3146.0,401.219,23
2024-10-17 14:30:00-04:00,401.02,401.33,400.89,401.33,1482.0,401.091,12
2024-10-17 14:35:00-04:00,401.17,401.66,401.16,401.59,2962.0,401.361,25
2024-10-17 14:40:00-04:00,401.59,401.7,401.38,401.57,8520.0,401.533,51
2024-10-17 14:45:00-04:00,401.56,401.68,401.33,401.51,2533.0,401.505,21
2024-10-17 14:50:00-04:00,401.64,401.73,401.58,401.58,2055.0,401.649,19
2024-10-17 14:55:00-04:00,401.57,401.59,401.29,401.33,1934.0,401.477,15
2024-10-17 15:00:00-04:00,401.56,401.56,401.32,401.33,1617.0,401.394,15
2024-10-17 15:05:00-04:00,401.42,401.53,401.26,401.52,3969.0,401.43,29
2024-10-17 15:10:00-04:00,401.62,401.89,401.62,401.89,5374.0,401.757,37
2024-10-17 15:15:00-04:00,401.79,401.82,401.5,401.61,1906.0,401.633,18
2024-10-17 15:20:00-04:00,401.52,401.56,401.32,401.32,857.0,401.482,7
2024-10-17 15:25:00-04:00,401.46,401.46,400.29,400.29,3694.0,400.855,28
2024-10-17 15:30:00-04:00,400.09,400.34,399.92,400.17,5101.0,400.084,34
2024-10-17 15:35:00-04:00,400.24,400.24,399.67,399.82,2224.0,399.938,19
2024-10-17 15:40:00-04:00,399.95,400.06,399.71,399.8,5585.0,399.948,44
2024-10-17 15:45:00-04:00,399.92,399.97,399.06,399.23,7417.0,399.372,71
2024-10-17 15:50:00-04:00,399.44,400.65,399.28,400.65,12967.0,400.066,112
2024-10-17 15:55:00-04:00,400.47,400.87,400.13,400.14,39600.0,400.456,285
2024-10-18 09:30:00-04:00,401.57,401.57,397.54,399.16,95682.0,400.958,80
2024-10-18 09:35:00-04:00,400.19,400.58,399.3,400.0,15117.0,399.856,71
2024-10-18 09:40:00-04:00,400.0,400.58,399.51,400.49,14420.0,399.664,26
2024-10-18 09:45:00-04:00,400.81,400.95,400.27,400.27,850.0,400.575,8
2024-10-18 09:50:00-04:00,400.24,400.24,398.98,399.23,2622.0,399.384,25
2024-10-18 09:55:00-04:00,398.98,399.27,398.88,398.89,3854.0,399.062,34
2024-10-18 10:00:00-04:00,398.68,399.58,398.65,399.58,2571.0,399.191,23
2024-10-18 10:05:00-04:00,399.95,400.0,399.22,399.78,21763.0,399.792,56
2024-10-18 10:10:00-04:00,400.0,400.0,398.86,398.87,2637.0,399.508,25
2024-10-18 10:15:00-04:00,398.87,399.54,398.43,399.53,3695.0,399.158,28
2024-10-18 10:20:00-04:00,399.51,399.91,399.38,399.57,2119.0,399.574,17
2024-10-18 10:25:00-04:00,399.45,399.61,399.4,399.61,1000.0,399.538,10
2024-10-18 10:30:00-04:00,399.59,399.9,399.58,399.65,1906.0,399.639,19
2024-10-18 10:35:00-04:00,399.34,399.65,399.19,399.55,1531.0,399.405,9
2024-10-18 10:40:00-04:00,399.55,399.93,399.55,399.93,1500.0,399.735,11
2024-10-18 10:45:00-04:00,399.63,399.63,399.62,399.63,715.0,399.625,7
2024-10-18 10:50:00-04:00,399.64,400.0,399.63,399.96,4350.0,399.898,28
2024-10-18 10:55:00-04:00,399.94,400.03,399.52,399.52,1107.0,399.766,11
2024-10-18 11:00:00-04:00,399.58,399.58,399.33,399.58,1530.0,399.563,15
2024-10-18 11:05:00-04:00,399.7,400.01,399.27,399.69,7189.0,399.54,60
2024-10-18 11:10:00-04:00,399.69,399.81,399.66,399.78,1600.0,399.737,16
2024-10-18 11:15:00-04:00,399.88,400.34,399.74,400.34,5252.0,399.995,39
2024-10-18 11:20:00-04:00,400.08,400.39,399.67,399.86,1024.0,400.009,7
2024-10-18 11:25:00-04:00,399.98,400.31,399.98,400.31,1520.0,400.129,15
2024-10-18 11:30:00-04:00,400.22,400.22,399.77,400.16,800.0,400.063,8
2024-10-18 11:35:00-04:00,400.1,400.67,400.09,400.48,5978.0,400.17,26
2024-10-18 11:40:00-04:00,400.48,400.68,400.47,400.59,650.0,400.56,5
2024-10-18 11:45:00-04:00,400.5,400.68,400.32,400.48,830.0,400.503,8
2024-10-18 11:50:00-04:00,400.5,400.62,400.49,400.5,700.0,400.513,7
2024-10-18 11:55:00-04:00,400.47,400.5,400.47,400.5,609.0,400.488,5
2024-10-18 12:00:00-04:00,400.52,400.94,400.52,400.91,805.0,400.766,7
2024-10-18 12:05:00-04:00,400.74,400.92,400.6,400.74,1155.0,400.76,10
2024-10-18 12:10:00-04:00,400.74,400.92,400.74,400.91,373.0,400.821,3
2024-10-18 12:15:00-04:00,400.92,401.33,400.79,401.32,1736.0,401.082,14
2024-10-18 12:20:00-04:00,401.32,401.32,401.08,401.17,2645.0,401.214,19
2024-10-18 12:25:00-04:00,401.05,401.34,401.04,401.34,1019.0,401.138,2
2024-10-18 12:30:00-04:00,401.18,401.21,401.09,401.18,2972.0,401.174,10
2024-10-18 12:35:00-04:00,401.34,401.35,401.19,401.3,2345.0,401.319,14
2024-10-18 12:40:00-04:00,401.28,401.28,400.9,400.91,2759.0,401.162,20
2024-10-18 12:45:00-04:00,400.92,401.23,400.91,401.22,872.0,401.063,7
2024-10-18 12:50:00-04:00,400.7,401.36,400.7,401.33,1116.0,401.259,7
2024-10-18 12:55:00-04:00,401.56,401.56,400.96,400.97,2476.0,401.155,18
2024-10-18 13:00:00-04:00,400.97,401.19,400.96,400.98,900.0,400.993,9
2024-10-18 13:05:00-04:00,401.0,401.23,400.99,401.23,1021.0,401.152,10
2024-10-18 13:10:00-04:00,401.23,401.41,401.01,401.1,1103.0,401.194,11
2024-10-18 13:15:00-04:00,401.03,401.03,400.79,400.99,2030.0,400.962,19
2024-10-18 13:20:00-04:00,400.97,401.07,400.96,401.0,400.0,401.0,4
2024-10-18 13:25:00-04:00,401.15,401.15,400.54,400.68,2837.0,400.748,24
2024-10-18 13:30:00-04:00,400.55,400.81,400.46,400.65,4828.0,400.612,31
2024-10-18 13:35:00-04:00,400.65,401.2,400.58,401.0,9767.0,400.838,71
2024-10-18 13:40:00-04:00,401.0,401.22,400.99,401.19,600.0,401.106,6
2024-10-18 13:45:00-04:00,401.03,401.21,400.94,401.05,897.0,401.084,8
2024-10-18 13:50:00-04:00,400.87,401.03,400.7,400.7,1876.0,400.913,14
2024-10-18 13:55:00-04:00,400.75,400.97,400.57,400.96,3312.0,400.785,31
2024-10-18 14:00:00-04:00,400.96,401.59,400.74,401.54,5429.0,401.179,46
2024-10-18 14:05:00-04:00,401.54,401.79,401.54,401.79,800.0,401.652,8
2024-10-18 14:10:00-04:00,401.84,402.21,401.84,402.21,517.0,402.007,5
2024-10-18 14:15:00-04:00,401.93,402.39,401.92,402.25,1947.0,402.142,17
2024-10-18 14:20:00-04:00,402.18,402.39,401.97,401.97,816.0,402.229,8
2024-10-18 14:25:00-04:00,402.19,402.69,402.11,402.36,4902.0,402.454,38
2024-10-18 14:30:00-04:00,402.31,402.31,401.99,402.12,1500.0,402.096,15
2024-10-18 14:35:00-04:00,402.0,402.08,401.9,402.08,2889.0,402.061,23
2024-10-18 14:40:00-04:00,402.08,402.41,401.99,402.22,8319.0,402.114,38
2024-10-18 14:45:00-04:00,402.23,402.23,402.04,402.23,1800.0,402.201,18
2024-10-18 14:50:00-04:00,402.13,402.13,401.63,401.65,5087.0,401.958,33
2024-10-18 14:55:00-04:00,401.47,401.7,401.47,401.7,700.0,401.604,7
2024-10-18 15:00:00-04:00,401.63,401.63,400.89,401.02,2629.0,401.37,21
2024-10-18 15:05:00-04:00,401.08,401.68,401.06,401.68,3739.0,401.251,30
2024-10-18 15:10:00-04:00,401.66,402.05,401.5,402.05,2005.0,401.699,18
2024-10-18 15:15:00-04:00,401.93,402.21,401.89,401.89,3225.0,402.083,28
2024-10-18 15:20:00-04:00,402.01,402.01,401.62,401.73,4927.0,401.788,22
2024-10-18 15:25:00-04:00,401.73,401.93,401.73,401.84,1537.0,401.809,15
2024-10-18 15:30:00-04:00,401.89,401.96,401.62,401.76,3623.0,401.845,32
2024-10-18 15:35:00-04:00,401.73,401.97,401.45,401.75,6882.0,401.683,53
2024-10-18 15:40:00-04:00,401.75,401.97,401.71,401.86,5031.0,401.833,31
2024-10-18 15:45:00-04:00,401.91,402.11,401.67,401.86,14745.0,401.881,118
2024-10-18 15:50:00-04:00,402.01,402.37,401.85,402.15,20381.0,402.137,167
2024-10-18 15:55:00-04:00,402.08,402.91,401.98,402.53,43426.0,402.619,331
2024-10-21 09:30:00-04:00,401.28,402.39,401.28,402.0,16382.0,401.387,20
2024-10-21 09:35:00-04:00,402.0,402.63,401.94,401.94,700.0,402.077,7
2024-10-21 09:40:00-04:00,401.94,402.71,401.94,402.36,3238.0,402.318,23
2024-10-21 09:45:00-04:00,402.36,402.93,402.34,402.78,13230.0,402.568,101
2024-10-21 09:50:00-04:00,402.79,403.25,402.72,402.98,5660.0,402.911,44
2024-10-21 09:55:00-04:00,402.76,402.87,402.07,402.32,3611.0,402.649,29
2024-10-21 10:00:00-04:00,402.27,402.98,402.18,402.58,6221.0,402.682,50
2024-10-21 10:05:00-04:00,402.52,403.24,402.12,402.76,3208.0,402.665,26
2024-10-21 10:10:00-04:00,402.77,403.17,402.76,403.1,3910.0,402.973,24
2024-10-21 10:15:00-04:00,403.12,403.12,402.51,402.51,2143.0,402.838,18
2024-10-21 10:20:00-04:00,402.58,402.58,401.91,401.96,1832.0,402.311,16
2024-10-21 10:25:00-04:00,401.48,402.01,401.22,402.01,2655.0,401.506,18
2024-10-21 10:30:00-04:00,402.02,402.43,402.01,402.41,5073.0,402.272,47
2024-10-21 10:35:00-04:00,402.63,402.7,402.44,402.44,1100.0,402.544,10
2024-10-21 10:40:00-04:00,402.44,402.6,402.44,402.44,2374.0,402.572,4
2024-10-21 10:45:00-04:00,402.58,402.58,402.0,402.0,5498.0,402.306,54
2024-10-21 10:50:00-04:00,402.23,402.4,402.23,402.36,631.0,402.337,5
2024-10-21 10:55:00-04:00,402.36,402.5,402.32,402.5,818.0,402.413,7
2024-10-21 11:00:00-04:00,402.44,402.48,401.67,401.68,1136.0,402.242,11
2024-10-21 11:05:00-04:00,401.78,401.82,400.92,400.92,3850.0,401.484,28
2024-10-21 11:10:00-04:00,401.19,401.59,401.18,401.59,3142.0,401.387,24
2024-10-21 11:15:00-04:00,401.41,401.63,401.21,401.5,1820.0,401.411,15
2024-10-21 11:20:00-04:00,401.6,401.74,401.3,401.45,2379.0,401.493,15
2024-10-21 11:25:00-04:00,401.25,401.57,400.88,401.44,10306.0,401.244,28
2024-10-21 11:30:00-04:00,401.24,401.24,400.39,400.78,2881.0,400.932,16
2024-10-21 11:35:00-04:00,400.44,401.24,400.19,401.24,5337.0,400.471,27
2024-10-21 11:40:00-04:00,401.31,401.54,401.25,401.46,1314.0,401.399,12
2024-10-21 11:45:00-04:00,401.9,402.08,401.8,402.08,300.0,401.927,3
2024-10-21 11:50:00-04:00,402.46,402.68,402.14,402.68,1641.0,402.371,12
2024-10-21 11:55:00-04:00,402.79,402.89,402.31,402.34,8582.0,402.63,70
2024-10-21 12:00:00-04:00,402.44,402.47,402.16,402.18,2529.0,402.37,21
2024-10-21 12:05:00-04:00,402.32,402.37,402.07,402.37,2907.0,402.282,9
2024-10-21 12:10:00-04:00,402.32,402.41,401.56,401.56,9078.0,402.2,78
2024-10-21 12:15:00-04:00,401.35,401.59,401.21,401.59,1000.0,401.449,10
2024-10-21 12:20:00-04:00,401.56,401.57,401.39,401.39,645.0,401.493,6
2024-10-21 12:25:00-04:00,401.52,401.71,401.24,401.71,1210.0,401.489,12
2024-10-21 12:30:00-04:00,401.3,401.51,401.3,401.51,449.0,401.463,4
2024-10-21 12:35:00-04:00,401.73,401.77,401.54,401.54,800.0,401.618,7
2024-10-21 12:40:00-04:00,401.52,401.52,401.34,401.35,281.0,401.459,2
2024-10-21 12:45:00-04:00,401.24,401.31,401.22,401.22,907.0,401.236,7
2024-10-21 12:50:00-04:00,401.22,401.22,401.22,401.22,0.0,401.22,0
2024-10-21 12:55:00-04:00,401.36,402.03,401.35,402.02,1002.0,401.643,6
2024-10-21 13:00:00-04:00,402.03,402.03,401.65,401.69,1228.0,401.828,9
2024-10-21 13:05:00-04:00,401.99,402.04,401.87,401.88,1636.0,401.977,9
2024-10-21 13:10:00-04:00,401.99,401.99,401.99,401.99,100.0,401.99,1
2024-10-21 13:15:00-04:00,401.9,401.97,401.57,401.58,1500.0,401.802,15
2024-10-21 13:20:00-04:00,401.79,401.79,401.56,401.69,2107.0,401.63,8
2024-10-21 13:25:00-04:00,401.76,401.76,401.33,401.33,2416.0,401.57,14
2024-10-21 13:30:00-04:00,401.48,401.48,401.24,401.27,1700.0,401.309,15
2024-10-21 13:35:00-04:00,401.19,401.55,401.02,401.31,2189.0,401.375,18
2024-10-21 13:40:00-04:00,401.16,401.27,401.02,401.21,1053.0,401.186,9
2024-10-21 13:45:00-04:00,401.39,401.43,401.2,401.32,1064.0,401.353,7
2024-10-21 13:50:00-04:00,401.52,401.67,401.5,401.65,1042.0,401.561,9
2024-10-21 13:55:00-04:00,401.59,401.74,401.5,401.74,800.0,401.656,7
2024-10-21 14:00:00-04:00,401.87,402.19,401.87,402.06,500.0,401.973,5
2024-10-21 14:05:00-04:00,402.22,402.23,401.59,401.6,1817.0,401.804,15
2024-10-21 14:10:00-04:00,401.6,401.6,401.0,401.11,1950.0,401.338,19
2024-10-21 14:15:00-04:00,400.92,401.15,400.92,401.1,2206.0,401.074,16
2024-10-21 14:20:00-04:00,401.16,401.16,401.14,401.16,2000.0,401.155,18
2024-10-21 14:25:00-04:00,401.06,401.29,401.05,401.22,300.0,401.188,3
2024-10-21 14:30:00-04:00,401.19,401.29,401.07,401.07,3834.0,401.202,27
2024-10-21 14:35:00-04:00,400.98,401.01,400.75,400.84,1275.0,400.849,10
2024-10-21 14:40:00-04:00,400.98,401.12,400.92,400.92,995.0,400.983,9
2024-10-21 14:45:00-04:00,401.01,401.01,400.62,400.88,4029.0,400.863,36
2024-10-21 14:50:00-04:00,400.9,400.9,400.8,400.85,2343.0,400.858,21
2024-10-21 14:55:00-04:00,400.81,400.81,400.63,400.63,1524.0,400.734,15
2024-10-21 15:00:00-04:00,400.69,400.76,400.61,400.65,3088.0,400.704,14
2024-10-21 15:05:00-04:00,400.65,400.85,400.65,400.84,1608.0,400.775,11
2024-10-21 15:10:00-04:00,400.83,401.13,400.72,401.12,1962.0,400.953,18
2024-10-21 15:15:00-04:00,401.12,401.18,401.07,401.13,1320.0,401.132,12
2024-10-21 15:20:00-04:00,401.05,401.06,400.73,400.74,1504.0,400.905,14
2024-10-21 15:25:00-04:00,400.7,400.86,400.54,400.54,2505.0,400.755,21
2024-10-21 15:30:00-04:00,400.5,400.5,399.99,400.18,3384.0,400.246,30
2024-10-21 15:35:00-04:00,400.31,400.38,400.05,400.06,2844.0,400.202,26
2024-10-21 15:40:00-04:00,400.21,400.37,400.2,400.23,4767.0,400.27,44
2024-10-21 15:45:00-04:00,400.34,400.52,400.18,400.52,3459.0,400.36,31
2024-10-21 15:50:00-04:00,400.47,400.47,399.93,400.33,7271.0,400.277,62
2024-10-21 15:55:00-04:00,400.26,400.87,400.22,400.87,28837.0,400.507,214
2024-10-22 09:30:00-04:00,395.93,397.68,393.9,397.1,21050.0,395.749,22
2024-10-22 09:35:00-04:00,396.78,396.78,395.0,395.8,1995.0,395.717,12
2024-10-22 09:40:00-04:00,395.44,396.02,394.57,394.67,2769.0,395.181,25
2024-10-22 09:45:00-04:00,394.69,395.0,394.24,394.89,8729.0,394.571,80
2024-10-22 09:50:00-04:00,395.06,395.07,394.1,394.1,4210.0,394.858,24
2024-10-22 09:55:00-04:00,394.1,394.61,393.75,393.89,8299.0,394.114,59
2024-10-22 10:00:00-04:00,393.89,393.95,393.0,393.85,18693.0,393.493,113
2024-10-22 10:05:00-04:00,393.98,393.99,393.12,393.13,3259.0,393.494,30
2024-10-22 10:10:00-04:00,393.43,395.1,393.43,394.85,6577.0,394.639,42
2024-10-22 10:15:00-04:00,394.91,395.37,394.52,394.52,4906.0,394.873,34
2024-10-22 10:20:00-04:00,394.58,395.16,394.19,394.36,11249.0,394.63,40
2024-10-22 10:25:00-04:00,394.07,394.33,393.48,393.56,7917.0,393.911,39
2024-10-22 10:30:00-04:00,393.63,393.66,393.03,393.31,5898.0,393.217,53
2024-10-22 10:35:00-04:00,393.25,393.71,393.24,393.25,4020.0,393.443,36
2024-10-22 10:40:00-04:00,393.25,393.45,393.01,393.33,8270.0,393.245,78
2024-10-22 10:45:00-04:00,393.33,393.89,393.05,393.76,9277.0,393.43,60
2024-10-22 10:50:00-04:00,393.81,394.76,393.73,394.59,5651.0,394.394,31
2024-10-22 10:55:00-04:00,394.76,394.8,394.27,394.69,8044.0,394.593,48
2024-10-22 11:00:00-04:00,394.72,394.73,394.33,394.47,3891.0,394.622,29
2024-10-22 11:05:00-04:00,394.48,394.48,394.01,394.19,3848.0,394.206,31
2024-10-22 11:10:00-04:00,394.12,394.73,394.12,394.73,3758.0,394.405,37
2024-10-22 11:15:00-04:00,394.7,395.02,394.64,394.88,5035.0,394.875,41
2024-10-22 11:20:00-04:00,394.89,395.02,394.48,394.48,3458.0,394.775,31
2024-10-22 11:25:00-04:00,394.63,395.01,394.42,394.97,2142.0,394.742,20
2024-10-22 11:30:00-04:00,395.14,395.19,394.72,394.88,4913.0,394.879,40
2024-10-22 11:35:00-04:00,394.85,395.31,394.82,395.29,3272.0,395.036,29
2024-10-22 11:40:00-04:00,395.07,395.07,394.91,395.05,1600.0,394.982,13
2024-10-22 11:45:00-04:00,395.18,395.26,394.83,395.07,2178.0,395.012,15
2024-10-22 11:50:00-04:00,395.03,395.21,394.85,394.87,1060.0,394.991,9
2024-10-22 11:55:00-04:00,395.07,395.13,394.95,394.96,1303.0,395.032,12
2024-10-22 12:00:00-04:00,394.89,395.26,394.78,395.07,8024.0,394.972,73
2024-10-22 12:05:00-04:00,395.06,395.06,394.63,394.75,4284.0,394.793,37
2024-10-22 12:10:00-04:00,394.85,394.93,394.76,394.83,2967.0,394.837,28
2024-10-22 12:15:00-04:00,394.84,394.95,394.84,394.95,1319.0,394.87,12
2024-10-22 12:20:00-04:00,394.97,395.12,394.93,395.02,2600.0,395.007,26
2024-10-22 12:25:00-04:00,395.01,395.43,395.01,395.31,4277.0,395.234,32
2024-10-22 12:30:00-04:00,395.33,395.33,394.81,394.81,4674.0,394.999,36
2024-10-22 12:35:00-04:00,394.7,394.72,393.77,394.3,7419.0,394.388,49
2024-10-22 12:40:00-04:00,394.43,394.43,393.82,393.86,5071.0,394.183,45
2024-10-22 12:45:00-04:00,393.79,393.96,393.51,393.91,3548.0,393.775,32
2024-10-22 12:50:00-04:00,394.09,394.34,393.93,394.16,4776.0,394.159,35
2024-10-22 12:55:00-04:00,394.18,394.3,393.82,393.83,3816.0,393.975,32
2024-10-22 13:00:00-04:00,393.95,394.17,393.73,394.04,3983.0,393.953,27
2024-10-22 13:05:00-04:00,394.17,394.17,393.84,393.84,916.0,393.937,8
2024-10-22 13:10:00-04:00,393.9,393.9,393.66,393.73,2711.0,393.725,23
2024-10-22 13:15:00-04:00,393.75,393.85,393.75,393.82,1117.0,393.8,11
2024-10-22 13:20:00-04:00,393.8,393.84,393.7,393.75,2098.0,393.741,17
2024-10-22 13:25:00-04:00,393.77,394.48,393.66,394.44,13238.0,393.983,86
2024-10-22 13:30:00-04:00,394.34,394.52,394.28,394.28,1847.0,394.324,12
2024-10-22 13:35:00-04:00,394.47,394.71,394.35,394.59,4074.0,394.578,25
2024-10-22 13:40:00-04:00,394.71,394.77,394.5,394.76,2959.0,394.684,23
2024-10-22 13:45:00-04:00,394.76,395.18,394.76,394.84,4075.0,394.962,37
2024-10-22 13:50:00-04:00,394.83,394.92,394.63,394.71,3047.0,394.799,20
2024-10-22 13:55:00-04:00,394.71,394.79,394.6,394.6,5528.0,394.689,42
2024-10-22 14:00:00-04:00,394.55,394.68,394.42,394.61,4182.0,394.562,40
2024-10-22 14:05:00-04:00,394.62,394.67,394.44,394.46,2866.0,394.556,22
2024-10-22 14:10:00-04:00,394.41,394.8,394.41,394.77,3513.0,394.622,33
2024-10-22 14:15:00-04:00,394.7,395.0,394.7,394.99,1713.0,394.933,14
2024-10-22 14:20:00-04:00,394.98,395.1,394.94,395.0,1749.0,394.984,14
2024-10-22 14:25:00-04:00,394.85,394.93,394.75,394.88,2150.0,394.857,21
2024-10-22 14:30:00-04:00,394.89,394.89,394.71,394.86,2375.0,394.796,11
2024-10-22 14:35:00-04:00,394.9,394.99,394.74,394.9,3225.0,394.865,32
2024-10-22 14:40:00-04:00,394.93,395.06,394.77,394.87,4603.0,394.907,30
2024-10-22 14:45:00-04:00,394.79,394.89,394.63,394.64,4300.0,394.796,41
2024-10-22 14:50:00-04:00,394.7,394.71,394.56,394.56,2187.0,394.648,21
2024-10-22 14:55:00-04:00,394.63,394.64,393.64,393.9,5725.0,394.217,48
2024-10-22 15:00:00-04:00,393.92,394.06,393.66,393.88,4632.0,393.882,40
2024-10-22 15:05:00-04:00,394.02,394.02,393.78,393.85,4212.0,393.89,32
2024-10-22 15:10:00-04:00,393.97,393.98,393.79,393.86,5629.0,393.881,43
2024-10-22 15:15:00-04:00,393.86,393.96,393.58,393.64,8649.0,393.792,76
2024-10-22 15:20:00-04:00,393.74,394.04,393.71,393.85,6819.0,393.889,52
2024-10-22 15:25:00-04:00,393.94,393.98,393.52,393.65,9421.0,393.704,77
2024-10-22 15:30:00-04:00,393.61,393.87,393.56,393.81,9216.0,393.757,81
2024-10-22 15:35:00-04:00,393.81,393.84,393.21,393.21,17118.0,393.581,139
2024-10-22 15:40:00-04:00,393.25,393.35,392.85,392.94,12708.0,393.108,97
2024-10-22 15:45:00-04:00,392.95,393.04,392.65,392.75,24693.0,392.769,194
2024-10-22 15:50:00-04:00,392.81,392.81,392.11,392.42,33218.0,392.426,257
2024-10-22 15:55:00-04:00,392.5,392.56,391.51,392.2,79346.0,392.072,605
2024-10-23 09:30:00-04:00,391.0,392.2,389.0,391.83,33445.0,390.72,115
2024-10-23 09:35:00-04:00,391.41,391.59,390.58,390.71,5458.0,391.045,48
2024-10-23 09:40:00-04:00,391.32,393.87,391.05,393.35,7820.0,392.308,40
2024-10-23 09:45:00-04:00,393.08,394.75,393.01,394.41,3583.0,393.511,34
2024-10-23 09:50:00-04:00,394.92,394.92,393.63,393.63,4731.0,394.264,42
2024-10-23 09:55:00-04:00,393.83,394.55,393.73,394.21,7739.0,394.015,55
2024-10-23 10:00:00-04:00,394.34,395.0,393.92,394.67,15137.0,394.457,115
2024-10-23 10:05:00-04:00,394.67,395.27,394.37,395.13,5069.0,394.768,35
2024-10-23 10:10:00-04:00,395.13,395.15,394.07,394.07,3163.0,394.693,25
2024-10-23 10:15:00-04:00,394.56,394.56,394.0,394.0,2021.0,394.179,13
2024-10-23 10:20:00-04:00,394.23,395.26,394.1,395.07,11001.0,394.545,45
2024-10-23 10:25:00-04:00,395.08,396.23,394.91,395.92,7191.0,395.666,57
2024-10-23 10:30:00-04:00,395.63,395.82,394.72,395.12,7337.0,395.226,60
2024-10-23 10:35:00-04:00,395.1,395.16,394.61,394.92,10983.0,394.958,68
2024-10-23 10:40:00-04:00,394.99,396.22,394.81,395.64,6472.0,395.527,49
2024-10-23 10:45:00-04:00,396.07,396.42,395.55,396.15,18403.0,395.897,57
2024-10-23 10:50:00-04:00,395.81,395.89,395.28,395.54,5824.0,395.548,18
2024-10-23 10:55:00-04:00,395.58,395.84,395.27,395.29,1974.0,395.586,14
2024-10-23 11:00:00-04:00,395.68,395.88,395.05,395.38,6311.0,395.361,32
2024-10-23 11:05:00-04:00,395.11,395.53,394.93,395.09,4839.0,395.244,40
2024-10-23 11:10:00-04:00,394.95,394.95,394.29,394.39,6187.0,394.462,41
2024-10-23 11:15:00-04:00,394.4,394.4,394.14,394.37,1450.0,394.285,12
2024-10-23 11:20:00-04:00,394.18,394.32,393.82,393.82,2000.0,394.054,20
2024-10-23 11:25:00-04:00,394.0,394.37,393.83,393.9,4038.0,394.124,28
2024-10-23 11:30:00-04:00,393.9,394.05,393.68,394.0,5171.0,393.862,41
2024-10-23 11:35:00-04:00,394.12,394.58,394.03,394.29,5678.0,394.27,53
2024-10-23 11:40:00-04:00,394.25,394.38,394.12,394.36,3906.0,394.24,36
2024-10-23 11:45:00-04:00,394.28,394.28,393.88,393.97,1574.0,394.058,12
2024-10-23 11:50:00-04:00,394.09,394.2,393.97,393.97,5359.0,394.111,37
2024-10-23 11:55:00-04:00,394.07,394.33,394.07,394.11,2226.0,394.108,14
2024-10-23 12:00:00-04:00,394.33,394.49,393.56,393.57,16339.0,394.202,113
2024-10-23 12:05:00-04:00,393.79,393.79,393.65,393.65,490.0,393.741,4
2024-10-23 12:10:00-04:00,393.8,393.99,393.47,393.47,2738.0,393.772,23
2024-10-23 12:15:00-04:00,393.59,393.74,393.54,393.54,800.0,393.66,6
2024-10-23 12:20:00-04:00,393.84,393.93,393.46,393.59,3574.0,393.673,24
2024-10-23 12:25:00-04:00,393.47,393.54,393.38,393.5,2279.0,393.49,9
2024-10-23 12:30:00-04:00,393.3,393.93,393.28,393.93,3974.0,393.535,33
2024-10-23 12:35:00-04:00,393.93,394.27,393.93,394.27,2565.0,393.99,19
2024-10-23 12:40:00-04:00,394.11,394.58,394.1,394.55,3685.0,394.304,24
2024-10-23 12:45:00-04:00,394.73,394.9,394.59,394.9,4425.0,394.642,31
2024-10-23 12:50:00-04:00,394.9,395.0,394.72,394.83,3308.0,394.851,28
2024-10-23 12:55:00-04:00,394.84,395.5,394.83,395.0,2465.0,394.981,19
2024-10-23 13:00:00-04:00,395.06,395.07,394.59,394.69,3155.0,394.779,28
2024-10-23 13:05:00-04:00,394.69,394.82,394.02,394.24,6659.0,394.584,46
2024-10-23 13:10:00-04:00,394.08,394.22,393.5,393.71,3270.0,393.854,25
2024-10-23 13:15:00-04:00,393.87,393.87,393.72,393.72,840.0,393.791,5
2024-10-23 13:20:00-04:00,394.16,394.16,393.43,393.44,1266.0,393.602,11
2024-10-23 13:25:00-04:00,393.44,393.93,393.22,393.82,4093.0,393.738,29
2024-10-23 13:30:00-04:00,393.87,393.98,393.5,393.5,4137.0,393.775,34
2024-10-23 13:35:00-04:00,393.62,393.91,393.51,393.54,2408.0,393.655,22
2024-10-23 13:40:00-04:00,393.49,393.63,393.34,393.63,5292.0,393.428,45
2024-10-23 13:45:00-04:00,393.48,393.93,393.46,393.93,4039.0,393.605,33
2024-10-23 13:50:00-04:00,394.14,394.31,393.94,394.31,1553.0,394.1,12
2024-10-23 13:55:00-04:00,394.18,394.4,393.49,393.7,17653.0,394.048,110
2024-10-23 14:00:00-04:00,393.68,394.02,393.22,393.22,6348.0,393.696,53
2024-10-23 14:05:00-04:00,393.21,393.23,392.74,392.94,1769.0,393.017,17
2024-10-23 14:10:00-04:00,392.8,392.99,392.45,392.45,1776.0,392.764,16
2024-10-23 14:15:00-04:00,392.38,392.39,391.68,391.94,3286.0,392.144,28
2024-10-23 14:20:00-04:00,391.93,392.28,391.77,392.28,5460.0,391.984,43
2024-10-23 14:25:00-04:00,392.48,392.76,392.15,392.15,3577.0,392.425,29
2024-10-23 14:30:00-04:00,392.01,392.96,392.01,392.38,8146.0,392.572,55
2024-10-23 14:35:00-04:00,392.38,393.27,392.38,393.13,4340.0,392.687,20
2024-10-23 14:40:00-04:00,393.3,393.88,393.28,393.3,4978.0,393.397,41
2024-10-23 14:45:00-04:00,393.33,393.92,393.26,393.36,2852.0,393.479,24
2024-10-23 14:50:00-04:00,393.26,393.67,393.26,393.5,718.0,393.391,5
2024-10-23 14:55:00-04:00,393.55,393.81,393.49,393.61,2687.0,393.614,23
2024-10-23 15:00:00-04:00,393.35,393.71,393.24,393.4,3726.0,393.439,32
2024-10-23 15:05:00-04:00,393.42,393.88,393.28,393.85,2308.0,393.642,19
2024-10-23 15:10:00-04:00,393.73,393.92,393.32,393.44,4695.0,393.612,39
2024-10-23 15:15:00-04:00,393.44,394.22,393.32,394.15,3586.0,393.747,31
2024-10-23 15:20:00-04:00,394.18,394.74,394.13,394.36,5734.0,394.41,48
2024-10-23 15:25:00-04:00,394.26,395.02,394.15,394.83,2606.0,394.696,24
2024-10-23 15:30:00-04:00,394.69,394.84,394.41,394.82,3628.0,394.597,34
2024-10-23 15:35:00-04:00,394.6,394.63,393.97,394.45,13455.0,394.446,115
2024-10-23 15:40:00-04:00,394.49,395.22,394.44,395.22,12619.0,394.674,101
2024-10-23 15:45:00-04:00,395.22,395.54,395.11,395.24,10480.0,395.369,90
2024-10-23 15:50:00-04:00,395.38,395.98,395.3,395.79,18961.0,395.682,168
2024-10-23 15:55:00-04:00,395.94,396.34,395.47,395.85,58981.0,395.909,399
2024-10-24 09:30:00-04:00,392.8,392.97,389.9,390.02,14623.0,392.607,20
2024-10-24 09:35:00-04:00,391.0,391.54,389.62,389.82,10080.0,390.172,88
2024-10-24 09:40:00-04:00,389.55,389.64,388.48,389.63,3435.0,389.139,23
2024-10-24 09:45:00-04:00,389.31,391.35,387.88,390.47,10770.0,389.392,88
2024-10-24 09:50:00-04:00,390.47,390.9,390.34,390.59,3108.0,390.534,30
2024-10-24 09:55:00-04:00,391.14,391.81,390.67,391.56,12499.0,391.143,98
2024-10-24 10:00:00-04:00,391.56,391.91,390.95,391.37,25275.0,391.474,199
2024-10-24 10:05:00-04:00,391.27,391.84,391.08,391.79,10200.0,391.426,82
2024-10-24 10:10:00-04:00,391.72,392.08,391.16,391.16,3210.0,391.647,28
2024-10-24 10:15:00-04:00,391.3,391.68,391.1,391.34,7162.0,391.251,58
2024-10-24 10:20:00-04:00,391.62,392.14,391.62,391.97,6605.0,391.982,58
2024-10-24 10:25:00-04:00,391.97,392.42,391.95,392.06,17515.0,392.107,142
2024-10-24 10:30:00-04:00,392.33,392.35,392.06,392.2,3198.0,392.295,24
2024-10-24 10:35:00-04:00,392.32,392.39,391.79,391.8,10706.0,392.154,98
2024-10-24 10:40:00-04:00,391.79,392.28,391.39,392.0,11368.0,391.816,89
2024-10-24 10:45:00-04:00,392.06,392.06,390.91,390.91,5436.0,391.569,49
2024-10-24 10:50:00-04:00,391.19,391.39,390.73,391.27,8305.0,391.003,58
2024-10-24 10:55:00-04:00,391.27,391.87,391.26,391.57,5074.0,391.539,43
2024-10-24 11:00:00-04:00,391.87,391.9,391.18,391.35,6521.0,391.607,59
2024-10-24 11:05:00-04:00,391.32,391.32,390.94,391.19,1462.0,391.077,13
2024-10-24 11:10:00-04:00,391.19,391.79,391.01,391.61,9772.0,391.378,72
2024-10-24 11:15:00-04:00,391.75,392.16,391.38,392.06,12455.0,391.759,91
2024-10-24 11:20:00-04:00,392.1,392.18,391.54,391.65,4062.0,391.829,35
2024-10-24 11:25:00-04:00,391.76,391.89,391.69,391.7,4101.0,391.75,33
2024-10-24 11:30:00-04:00,391.7,391.7,391.42,391.62,8864.0,391.556,58
2024-10-24 11:35:00-04:00,391.61,392.4,391.6,392.4,3118.0,391.881,25
2024-10-24 11:40:00-04:00,392.24,392.28,392.11,392.25,500.0,392.199,5
2024-10-24 11:45:00-04:00,392.29,392.34,391.46,391.5,1700.0,391.902,16
2024-10-24 11:50:00-04:00,391.5,391.83,391.33,391.83,2711.0,391.412,17
2024-10-24 11:55:00-04:00,391.95,392.31,391.95,392.06,1725.0,392.148,15
2024-10-24 12:00:00-04:00,392.01,392.1,391.68,391.74,1416.0,391.871,13
2024-10-24 12:05:00-04:00,391.74,391.74,390.48,390.86,2638.0,391.149,22
2024-10-24 12:10:00-04:00,390.86,391.0,390.61,390.9,2544.0,390.885,21
2024-10-24 12:15:00-04:00,390.91,391.34,390.8,391.34,4546.0,391.009,36
2024-10-24 12:20:00-04:00,391.73,391.94,391.56,391.94,1084.0,391.817,7
2024-10-24 12:25:00-04:00,392.19,392.53,392.19,392.42,3832.0,392.298,27
2024-10-24 12:30:00-04:00,392.59,393.55,392.59,393.55,1226.0,393.043,11
2024-10-24 12:35:00-04:00,393.54,393.92,393.52,393.92,806.0,393.613,7
2024-10-24 12:40:00-04:00,393.91,393.91,393.11,393.12,3613.0,393.312,22
2024-10-24 12:45:00-04:00,393.25,393.25,393.07,393.07,200.0,393.159,2
2024-10-24 12:50:00-04:00,393.19,393.36,392.97,393.36,4048.0,393.041,24
2024-10-24 12:55:00-04:00,393.04,393.04,393.03,393.04,328.0,393.035,3
2024-10-24 13:00:00-04:00,392.87,393.54,392.87,393.5,3276.0,393.216,26
2024-10-24 13:05:00-04:00,393.35,393.94,393.35,393.43,1700.0,393.704,16
2024-10-24 13:10:00-04:00,393.71,393.71,393.52,393.66,400.0,393.621,4
2024-10-24 13:15:00-04:00,393.55,393.82,393.51,393.52,790.0,393.574,6
2024-10-24 13:20:00-04:00,393.5,394.11,393.5,393.98,2269.0,393.7,18
2024-10-24 13:25:00-04:00,393.92,393.92,393.81,393.92,3517.0,393.862,24
2024-10-24 13:30:00-04:00,394.08,394.5,394.08,394.5,2245.0,394.232,19
2024-10-24 13:35:00-04:00,394.42,394.72,394.42,394.62,2018.0,394.576,17
2024-10-24 13:40:00-04:00,394.63,394.79,394.62,394.63,1637.0,394.643,12
2024-10-24 13:45:00-04:00,394.63,394.64,394.11,394.2,4515.0,394.315,36
2024-10-24 13:50:00-04:00,394.14,394.22,393.95,393.96,1235.0,394.1,11
2024-10-24 13:55:00-04:00,394.09,394.09,393.58,393.69,1631.0,393.763,15
2024-10-24 14:00:00-04:00,393.46,393.77,393.42,393.59,4500.0,393.541,41
2024-10-24 14:05:00-04:00,393.66,394.08,393.65,393.91,1990.0,393.81,19
2024-10-24 14:10:00-04:00,393.7,393.75,393.43,393.74,3258.0,393.602,13
2024-10-24 14:15:00-04:00,393.72,393.72,393.49,393.62,4806.0,393.599,43
2024-10-24 14:20:00-04:00,393.54,393.83,393.53,393.61,4105.0,393.646,38
2024-10-24 14:25:00-04:00,393.48,393.74,393.47,393.56,1474.0,393.575,8
2024-10-24 14:30:00-04:00,393.75,393.84,393.56,393.56,1923.0,393.648,17
2024-10-24 14:35:00-04:00,393.61,393.69,393.41,393.42,3132.0,393.607,26
2024-10-24 14:40:00-04:00,393.42,393.42,393.02,393.02,3300.0,393.127,33
2024-10-24 14:45:00-04:00,393.04,393.17,392.95,393.02,3756.0,393.05,31
2024-10-24 14:50:00-04:00,393.1,393.87,393.1,393.75,1507.0,393.553,15
2024-10-24 14:55:00-04:00,393.68,394.15,393.68,394.06,2558.0,393.995,17
2024-10-24 15:00:00-04:00,393.94,394.06,393.7,393.9,2288.0,393.898,22
2024-10-24 15:05:00-04:00,393.9,394.33,393.77,394.33,3276.0,393.968,29
2024-10-24 15:10:00-04:00,394.1,394.51,394.1,394.22,1529.0,394.418,15
2024-10-24 15:15:00-04:00,393.91,394.13,393.85,394.03,1626.0,393.976,16
2024-10-24 15:20:00-04:00,394.1,394.23,393.94,394.15,3280.0,394.043,27
2024-10-24 15:25:00-04:00,394.17,394.32,393.92,393.93,2665.0,394.187,25
2024-10-24 15:30:00-04:00,393.83,394.31,393.83,394.03,4187.0,394.065,35
2024-10-24 15:35:00-04:00,393.95,394.28,393.94,394.15,5341.0,394.115,49
2024-10-24 15:40:00-04:00,394.2,394.64,394.14,394.64,2639.0,394.373,25
2024-10-24 15:45:00-04:00,394.54,394.54,394.2,394.25,5733.0,394.36,48
2024-10-24 15:50:00-04:00,394.25,394.51,393.8,393.83,9731.0,394.17,89
2024-10-24 15:55:00-04:00,393.83,393.88,392.13,392.56,58499.0,392.788,465
2024-10-25 09:30:00-04:00,393.51,394.5,392.06,392.78,11453.0,393.35,17
2024-10-25 09:35:00-04:00,392.66,394.1,392.66,394.1,1431.0,393.592,11
2024-10-25 09:40:00-04:00,393.86,394.49,393.85,394.47,2129.0,394.212,19
2024-10-25 09:45:00-04:00,394.11,394.11,393.81,394.03,1408.0,394.07,11
2024-10-25 09:50:00-04:00,394.03,394.03,392.69,392.69,7173.0,393.303,54
2024-10-25 09:55:00-04:00,392.66,393.48,392.6,393.43,4726.0,393.058,35
2024-10-25 10:00:00-04:00,393.48,394.42,393.43,394.42,1962.0,394.136,11
2024-10-25 10:05:00-04:00,394.05,394.57,393.5,394.1,5341.0,394.097,36
2024-10-25 10:10:00-04:00,394.23,394.59,393.79,393.79,955.0,394.169,9
2024-10-25 10:15:00-04:00,393.79,394.35,393.09,393.99,5796.0,393.648,46
2024-10-25 10:20:00-04:00,393.95,394.91,393.89,394.69,3151.0,394.454,27
2024-10-25 10:25:00-04:00,394.72,394.96,394.72,394.96,1022.0,394.822,8
2024-10-25 10:30:00-04:00,394.8,394.91,394.61,394.72,2519.0,394.704,18
2024-10-25 10:35:00-04:00,394.74,394.92,394.17,394.53,1645.0,394.58,12
2024-10-25 10:40:00-04:00,394.23,394.72,394.23,394.24,690.0,394.344,5
2024-10-25 10:45:00-04:00,394.15,394.22,393.59,393.6,1866.0,393.935,18
2024-10-25 10:50:00-04:00,393.63,393.91,393.52,393.78,3122.0,393.709,31
2024-10-25 10:55:00-04:00,393.63,393.67,393.27,393.54,2649.0,393.551,25
2024-10-25 11:00:00-04:00,393.56,394.01,393.56,393.6,1500.0,393.75,11
2024-10-25 11:05:00-04:00,393.6,393.85,393.21,393.38,2960.0,393.529,15
2024-10-25 11:10:00-04:00,393.49,393.5,393.11,393.21,3353.0,393.303,23
2024-10-25 11:15:00-04:00,393.23,393.23,392.74,392.8,3262.0,392.939,31
2024-10-25 11:20:00-04:00,392.78,392.99,392.58,392.62,2101.0,392.717,18
2024-10-25 11:25:00-04:00,392.62,392.82,392.44,392.56,1187.0,392.558,10
2024-10-25 11:30:00-04:00,392.62,393.05,392.62,393.05,2401.0,392.857,18
2024-10-25 11:35:00-04:00,392.74,392.87,392.62,392.87,1258.0,392.764,12
2024-10-25 11:40:00-04:00,392.56,392.57,392.37,392.38,1400.0,392.45,13
2024-10-25 11:45:00-04:00,392.8,393.06,392.78,392.97,1500.0,392.979,15
2024-10-25 11:50:00-04:00,392.78,392.8,392.53,392.53,1547.0,392.757,12
2024-10-25 11:55:00-04:00,392.36,392.59,392.36,392.59,300.0,392.512,3
2024-10-25 12:00:00-04:00,392.59,392.69,392.34,392.34,2245.0,392.557,20
2024-10-25 12:05:00-04:00,392.35,392.58,392.24,392.56,754.0,392.427,7
2024-10-25 12:10:00-04:00,392.59,392.59,392.27,392.27,1158.0,392.494,10
2024-10-25 12:15:00-04:00,392.52,392.52,392.13,392.24,1760.0,392.304,15
2024-10-25 12:20:00-04:00,392.28,392.68,392.14,392.68,831.0,392.459,8
2024-10-25 12:25:00-04:00,392.67,393.03,392.66,393.03,1432.0,392.736,9
2024-10-25 12:30:00-04:00,392.98,392.98,392.77,392.92,857.0,392.876,6
2024-10-25 12:35:00-04:00,392.78,393.09,392.78,393.08,879.0,392.962,8
2024-10-25 12:40:00-04:00,392.94,393.08,392.69,393.08,2986.0,392.836,27
2024-10-25 12:45:00-04:00,392.88,392.88,392.81,392.83,722.0,392.845,6
2024-10-25 12:50:00-04:00,392.73,392.73,392.65,392.66,400.0,392.711,4
2024-10-25 12:55:00-04:00,392.66,392.66,392.66,392.66,0.0,392.66,0
2024-10-25 13:00:00-04:00,392.37,392.37,392.25,392.37,1160.0,392.35,10
2024-10-25 13:05:00-04:00,392.36,392.36,392.33,392.33,315.0,392.34,3
2024-10-25 13:10:00-04:00,392.14,392.21,391.44,391.44,2494.0,391.99,23
2024-10-25 13:15:00-04:00,391.42,391.45,391.32,391.33,607.0,391.392,6
2024-10-25 13:20:00-04:00,391.23,391.23,390.86,391.07,2614.0,391.037,19
2024-10-25 13:25:00-04:00,391.54,391.74,391.34,391.55,2964.0,391.494,19
2024-10-25 13:30:00-04:00,391.45,391.54,391.19,391.19,1368.0,391.277,11
2024-10-25 13:35:00-04:00,391.31,391.31,391.31,391.31,100.0,391.31,1
2024-10-25 13:40:00-04:00,390.94,390.94,390.59,390.59,1203.0,390.85,10
2024-10-25 13:45:00-04:00,390.26,391.13,390.26,391.13,1683.0,390.669,15
2024-10-25 13:50:00-04:00,391.44,391.5,391.43,391.5,305.0,391.456,3
2024-10-25 13:55:00-04:00,391.26,391.47,390.99,390.99,1474.0,391.243,14
2024-10-25 14:00:00-04:00,391.01,391.43,390.67,391.43,5115.0,391.037,40
2024-10-25 14:05:00-04:00,391.53,391.53,391.11,391.11,1380.0,391.226,13
2024-10-25 14:10:00-04:00,390.96,391.37,390.82,391.3,1000.0,391.041,10
2024-10-25 14:15:00-04:00,391.25,391.71,391.25,391.69,1000.0,391.413,10
2024-10-25 14:20:00-04:00,391.81,391.81,391.58,391.58,874.0,391.653,7
2024-10-25 14:25:00-04:00,391.75,392.06,391.75,392.0,800.0,391.963,8
2024-10-25 14:30:00-04:00,391.88,392.15,391.58,392.13,3852.0,391.789,27
2024-10-25 14:35:00-04:00,392.13,392.35,392.13,392.29,526.0,392.273,4
2024-10-25 14:40:00-04:00,392.3,392.3,391.86,391.89,2835.0,392.083,26
2024-10-25 14:45:00-04:00,392.12,392.33,392.04,392.3,1127.0,392.17,11
2024-10-25 14:50:00-04:00,392.25,392.43,392.09,392.34,2486.0,392.174,23
2024-10-25 14:55:00-04:00,392.3,392.39,392.29,392.39,334.0,392.328,3
2024-10-25 15:00:00-04:00,392.34,392.94,392.12,392.94,11641.0,392.391,36
2024-10-25 15:05:00-04:00,392.92,393.15,392.38,392.38,4729.0,392.904,43
2024-10-25 15:10:00-04:00,392.58,392.61,392.04,392.04,1326.0,392.331,12
2024-10-25 15:15:00-04:00,392.11,392.63,392.05,392.63,1002.0,392.314,9
2024-10-25 15:20:00-04:00,392.47,392.64,392.25,392.25,2897.0,392.362,26
2024-10-25 15:25:00-04:00,392.32,392.9,392.32,392.9,1000.0,392.574,10
2024-10-25 15:30:00-04:00,392.95,393.01,392.63,392.82,2028.0,392.723,18
2024-10-25 15:35:00-04:00,392.59,393.0,392.59,392.75,4577.0,392.799,35
2024-10-25 15:40:00-04:00,392.64,392.79,392.53,392.67,3712.0,392.646,32
2024-10-25 15:45:00-04:00,392.68,393.38,392.68,393.06,5374.0,393.025,47
2024-10-25 15:50:00-04:00,393.08,393.3,392.7,392.7,13384.0,393.062,121
2024-10-25 15:55:00-04:00,392.68,392.93,392.39,392.69,27837.0,392.668,216
2024-10-28 09:30:00-04:00,395.0,396.0,393.78,393.8,16284.0,394.804,36
2024-10-28 09:35:00-04:00,393.34,393.83,393.17,393.62,976.0,393.555,9
2024-10-28 09:40:00-04:00,393.62,394.88,393.62,394.41,1791.0,394.139,17
2024-10-28 09:45:00-04:00,394.58,395.07,393.95,395.0,15298.0,394.912,76
2024-10-28 09:50:00-04:00,395.0,395.07,394.31,395.07,11254.0,394.929,80
2024-10-28 09:55:00-04:00,394.67,394.83,394.16,394.38,2584.0,394.478,23
2024-10-28 10:00:00-04:00,394.5,394.61,394.02,394.5,6841.0,394.311,53
2024-10-28 10:05:00-04:00,394.32,394.54,393.71,393.71,3056.0,394.175,24
2024-10-28 10:10:00-04:00,393.65,393.8,393.17,393.17,8640.0,393.592,27
2024-10-28 10:15:00-04:00,393.62,394.33,393.61,394.12,1083.0,393.967,10
2024-10-28 10:20:00-04:00,394.52,394.73,394.33,394.69,14259.0,394.542,51
2024-10-28 10:25:00-04:00,394.74,394.92,394.63,394.73,1947.0,394.742,18
2024-10-28 10:30:00-04:00,394.71,394.71,394.09,394.24,2563.0,394.442,24
2024-10-28 10:35:00-04:00,394.03,394.03,393.56,393.59,2431.0,393.794,20
2024-10-28 10:40:00-04:00,393.75,393.76,393.19,393.19,1000.0,393.462,10
2024-10-28 10:45:00-04:00,393.74,394.1,393.74,394.1,600.0,394.034,6
2024-10-28 10:50:00-04:00,394.35,394.56,394.1,394.43,5338.0,394.287,35
2024-10-28 10:55:00-04:00,394.53,394.74,394.31,394.45,4227.0,394.524,38
2024-10-28 11:00:00-04:00,394.37,395.02,394.37,394.84,1400.0,394.696,14
2024-10-28 11:05:00-04:00,394.75,395.2,394.56,394.9,3041.0,394.749,14
2024-10-28 11:10:00-04:00,395.06,395.31,394.74,394.74,10495.0,395.07,75
2024-10-28 11:15:00-04:00,394.58,394.62,394.42,394.42,700.0,394.513,7
2024-10-28 11:20:00-04:00,394.23,394.47,394.23,394.25,1001.0,394.359,10
2024-10-28 11:25:00-04:00,394.36,394.46,394.02,394.05,1658.0,394.196,16
2024-10-28 11:30:00-04:00,394.27,394.27,393.2,393.56,3611.0,393.803,28
2024-10-28 11:35:00-04:00,393.51,393.59,393.36,393.54,2603.0,393.497,21
2024-10-28 11:40:00-04:00,393.51,393.73,393.29,393.46,4044.0,393.525,27
2024-10-28 11:45:00-04:00,393.65,394.04,393.62,394.04,2600.0,393.692,17
2024-10-28 11:50:00-04:00,393.94,394.22,393.82,393.86,4728.0,394.032,38
2024-10-28 11:55:00-04:00,393.84,394.15,393.68,394.11,2801.0,393.886,25
2024-10-28 12:00:00-04:00,394.1,394.13,393.92,393.92,913.0,394.017,8
2024-10-28 12:05:00-04:00,393.75,394.29,393.74,393.98,3939.0,393.931,33
2024-10-28 12:10:00-04:00,394.05,394.45,393.91,394.44,2728.0,394.235,26
2024-10-28 12:15:00-04:00,394.39,394.75,394.39,394.69,4349.0,394.603,35
2024-10-28 12:20:00-04:00,394.6,394.85,394.56,394.56,3081.0,394.652,28
2024-10-28 12:25:00-04:00,394.61,394.61,394.33,394.49,3278.0,394.476,27
2024-10-28 12:30:00-04:00,394.44,394.64,394.31,394.31,3405.0,394.442,32
2024-10-28 12:35:00-04:00,394.48,394.49,393.94,394.11,1400.0,394.24,14
2024-10-28 12:40:00-04:00,393.97,394.26,393.82,394.19,2645.0,394.09,25
2024-10-28 12:45:00-04:00,394.19,394.2,393.69,393.85,7380.0,393.818,39
2024-10-28 12:50:00-04:00,393.93,394.41,393.92,394.41,1700.0,394.171,15
2024-10-28 12:55:00-04:00,394.41,394.6,394.38,394.48,1981.0,394.463,18
2024-10-28 13:00:00-04:00,394.47,394.47,394.18,394.19,5495.0,394.404,24
2024-10-28 13:05:00-04:00,394.28,394.32,394.01,394.18,2678.0,394.144,22
2024-10-28 13:10:00-04:00,394.19,394.61,393.84,394.5,23420.0,394.188,30
2024-10-28 13:15:00-04:00,394.71,394.8,394.62,394.63,20169.0,394.771,8
2024-10-28 13:20:00-04:00,394.64,394.64,394.21,394.57,4395.0,394.456,39
2024-10-28 13:25:00-04:00,394.42,394.62,394.29,394.43,1171.0,394.466,9
2024-10-28 13:30:00-04:00,394.63,395.16,394.63,395.16,2014.0,394.976,12
2024-10-28 13:35:00-04:00,395.03,395.29,395.02,395.09,5500.0,395.04,9
2024-10-28 13:40:00-04:00,395.04,395.36,395.02,395.25,3016.0,395.197,26
2024-10-28 13:45:00-04:00,395.25,395.25,394.99,395.07,1516.0,395.128,11
2024-10-28 13:50:00-04:00,395.02,395.09,394.97,395.05,1800.0,395.006,18
2024-10-28 13:55:00-04:00,395.13,395.15,394.96,395.03,1500.0,395.038,15
2024-10-28 14:00:00-04:00,394.93,394.96,394.76,394.82,3190.0,394.835,31
2024-10-28 14:05:00-04:00,394.84,395.0,394.7,394.7,2797.0,394.885,24
2024-10-28 14:10:00-04:00,394.72,394.72,394.33,394.33,2330.0,394.54,23
2024-10-28 14:15:00-04:00,394.33,394.66,394.26,394.44,4054.0,394.454,35
2024-10-28 14:20:00-04:00,394.39,394.73,394.28,394.28,3313.0,394.582,27
2024-10-28 14:25:00-04:00,394.45,394.48,394.18,394.18,1400.0,394.344,14
2024-10-28 14:30:00-04:00,394.14,394.25,393.91,394.09,3942.0,394.086,36
2024-10-28 14:35:00-04:00,394.07,394.09,393.76,393.9,4197.0,393.941,25
2024-10-28 14:40:00-04:00,394.01,394.27,393.98,394.01,3108.0,394.081,25
2024-10-28 14:45:00-04:00,394.05,394.22,393.82,394.07,5491.0,394.005,32
2024-10-28 14:50:00-04:00,394.3,394.75,394.24,394.62,5239.0,394.505,31
2024-10-28 14:55:00-04:00,394.55,394.58,393.91,393.91,5021.0,394.382,37
2024-10-28 15:00:00-04:00,393.9,394.1,393.71,394.09,1773.0,393.941,16
2024-10-28 15:05:00-04:00,394.07,394.23,393.82,393.82,5950.0,394.094,34
2024-10-28 15:10:00-04:00,393.96,393.96,393.88,393.88,464.0,393.937,4
2024-10-28 15:15:00-04:00,393.94,394.17,393.94,394.13,3074.0,394.027,27
2024-10-28 15:20:00-04:00,394.14,394.55,394.14,394.29,5982.0,394.378,47
2024-10-28 15:25:00-04:00,394.29,394.44,394.19,394.35,8411.0,394.311,33
2024-10-28 15:30:00-04:00,394.43,394.61,394.35,394.52,8830.0,394.458,38
2024-10-28 15:35:00-04:00,394.42,394.52,394.21,394.33,7269.0,394.374,66
2024-10-28 15:40:00-04:00,394.35,394.56,394.34,394.41,3226.0,394.454,31
2024-10-28 15:45:00-04:00,394.39,394.52,394.05,394.05,7502.0,394.319,72
2024-10-28 15:50:00-04:00,393.93,394.19,393.8,394.19,10241.0,393.94,95
2024-10-28 15:55:00-04:00,394.11,394.12,392.72,392.79,52753.0,393.188,382
2024-10-29 09:30:00-04:00,389.66,389.66,386.15,387.55,17331.0,388.766,48
2024-10-29 09:35:00-04:00,387.13,389.09,386.95,387.83,4771.0,388.041,42
2024-10-29 09:40:00-04:00,387.18,388.33,386.69,386.84,4154.0,387.71,31
2024-10-29 09:45:00-04:00,386.86,388.57,386.86,387.67,11880.0,388.025,107
2024-10-29 09:50:00-04:00,387.49,388.12,387.3,388.0,6889.0,387.888,62
2024-10-29 09:55:00-04:00,387.92,388.32,387.48,388.32,10004.0,388.021,86
2024-10-29 10:00:00-04:00,388.11,389.0,387.75,388.63,10433.0,388.337,91
2024-10-29 10:05:00-04:00,388.58,389.5,388.58,389.27,11295.0,389.102,102
2024-10-29 10:10:00-04:00,389.38,389.87,388.77,389.0,6310.0,389.39,51
2024-10-29 10:15:00-04:00,389.05,389.68,388.75,389.43,10331.0,389.258,83
2024-10-29 10:20:00-04:00,389.34,390.58,389.23,390.57,13506.0,389.596,116
2024-10-29 10:25:00-04:00,390.56,390.84,388.95,388.95,7133.0,390.218,60
2024-10-29 10:30:00-04:00,389.24,390.07,388.97,390.02,10577.0,389.438,81
2024-10-29 10:35:00-04:00,389.84,389.93,389.54,389.72,3758.0,389.72,31
2024-10-29 10:40:00-04:00,389.43,390.14,389.43,390.0,10124.0,389.937,77
2024-10-29 10:45:00-04:00,389.97,389.99,389.42,389.69,6941.0,389.732,63
2024-10-29 10:50:00-04:00,389.67,390.08,389.52,389.79,4934.0,389.832,48
2024-10-29 10:55:00-04:00,389.48,390.11,389.47,390.06,21453.0,390.008,112
2024-10-29 11:00:00-04:00,390.06,390.43,389.91,390.18,18154.0,390.187,167
2024-10-29 11:05:00-04:00,389.95,390.25,389.74,389.83,9908.0,389.986,85
2024-10-29 11:10:00-04:00,389.81,390.26,389.57,390.25,9344.0,389.827,85
2024-10-29 11:15:00-04:00,390.12,390.36,389.84,389.91,9166.0,390.149,73
2024-10-29 11:20:00-04:00,389.74,390.24,389.66,389.94,7979.0,389.993,57
2024-10-29 11:25:00-04:00,389.72,389.74,389.36,389.43,9719.0,389.535,77
2024-10-29 11:30:00-04:00,389.43,390.18,389.43,389.7,6732.0,389.772,61
2024-10-29 11:35:00-04:00,389.43,389.71,389.42,389.47,9974.0,389.554,76
2024-10-29 11:40:00-04:00,389.65,389.75,389.53,389.69,3094.0,389.643,23
2024-10-29 11:45:00-04:00,389.69,389.93,389.28,389.28,9493.0,389.64,73
2024-10-29 11:50:00-04:00,389.4,389.63,389.29,389.57,7539.0,389.449,62
2024-10-29 11:55:00-04:00,389.58,389.58,389.23,389.47,5632.0,389.451,47
2024-10-29 12:00:00-04:00,389.56,390.04,389.55,389.92,12143.0,389.688,90
2024-10-29 12:05:00-04:00,390.0,390.22,389.81,390.08,4884.0,390.054,43
2024-10-29 12:10:00-04:00,390.09,390.37,389.97,390.25,15805.0,390.109,97
2024-10-29 12:15:00-04:00,390.31,390.79,390.27,390.65,6189.0,390.533,54
2024-10-29 12:20:00-04:00,390.64,390.76,390.14,390.69,8229.0,390.501,53
2024-10-29 12:25:00-04:00,390.62,390.62,390.06,390.13,3110.0,390.296,28
2024-10-29 12:30:00-04:00,390.1,390.14,389.52,389.88,9918.0,389.862,84
2024-10-29 12:35:00-04:00,389.86,390.26,389.68,390.19,4685.0,389.989,41
2024-10-29 12:40:00-04:00,390.13,390.28,390.0,390.15,2900.0,390.158,28
2024-10-29 12:45:00-04:00,390.18,390.18,390.05,390.18,2050.0,390.167,15
2024-10-29 12:50:00-04:00,390.17,390.68,390.17,390.68,7074.0,390.375,55
2024-10-29 12:55:00-04:00,390.79,390.8,390.52,390.59,2557.0,390.654,22
2024-10-29 13:00:00-04:00,390.56,391.06,390.36,390.79,19694.0,390.647,171
2024-10-29 13:05:00-04:00,390.79,390.94,390.5,390.75,1631.0,390.779,15
2024-10-29 13:10:00-04:00,390.75,390.95,390.75,390.94,2464.0,390.887,19
2024-10-29 13:15:00-04:00,390.93,390.93,390.61,390.8,7200.0,390.754,64
2024-10-29 13:20:00-04:00,390.79,390.8,390.64,390.73,2400.0,390.715,20
2024-10-29 13:25:00-04:00,390.73,390.79,390.23,390.26,6750.0,390.513,45
2024-10-29 13:30:00-04:00,390.44,390.46,389.99,390.26,6700.0,390.137,56
2024-10-29 13:35:00-04:00,390.38,390.39,390.26,390.33,5877.0,390.326,36
2024-10-29 13:40:00-04:00,390.27,390.27,389.85,389.93,3130.0,390.035,31
2024-10-29 13:45:00-04:00,389.94,390.49,389.83,390.44,9466.0,390.157,83
2024-10-29 13:50:00-04:00,390.5,390.75,390.42,390.75,3505.0,390.547,27
2024-10-29 13:55:00-04:00,390.76,390.92,390.73,390.92,4124.0,390.833,36
2024-10-29 14:00:00-04:00,390.89,390.95,390.67,390.68,3168.0,390.85,24
2024-10-29 14:05:00-04:00,390.72,390.93,390.65,390.79,5814.0,390.768,53
2024-10-29 14:10:00-04:00,390.84,390.84,390.64,390.72,2569.0,390.703,23
2024-10-29 14:15:00-04:00,390.72,390.92,390.57,390.92,6109.0,390.752,48
2024-10-29 14:20:00-04:00,390.96,391.14,390.92,391.09,4026.0,390.997,37
2024-10-29 14:25:00-04:00,391.11,391.16,391.02,391.04,3708.0,391.061,28
2024-10-29 14:30:00-04:00,391.04,391.38,391.04,391.38,3824.0,391.229,28
2024-10-29 14:35:00-04:00,391.25,391.4,391.06,391.12,8740.0,391.254,69
2024-10-29 14:40:00-04:00,391.06,391.4,391.06,391.28,3716.0,391.239,30
2024-10-29 14:45:00-04:00,391.31,391.4,391.13,391.29,2336.0,391.251,17
2024-10-29 14:50:00-04:00,391.3,391.38,391.18,391.38,5466.0,391.265,48
2024-10-29 14:55:00-04:00,391.27,391.31,391.21,391.31,2400.0,391.267,21
2024-10-29 15:00:00-04:00,391.31,391.65,391.27,391.65,4325.0,391.372,35
2024-10-29 15:05:00-04:00,391.54,391.58,391.14,391.15,3211.0,391.283,29
2024-10-29 15:10:00-04:00,391.17,391.4,391.08,391.17,7002.0,391.252,61
2024-10-29 15:15:00-04:00,391.1,391.31,390.88,391.23,5269.0,391.09,49
2024-10-29 15:20:00-04:00,391.18,391.25,390.75,391.18,6962.0,390.986,57
2024-10-29 15:25:00-04:00,391.09,391.24,390.73,390.88,8943.0,391.003,83
2024-10-29 15:30:00-04:00,391.03,391.05,390.86,390.97,6850.0,390.96,58
2024-10-29 15:35:00-04:00,391.05,391.05,390.46,390.84,12564.0,390.694,115
2024-10-29 15:40:00-04:00,390.94,390.94,390.72,390.74,7962.0,390.8,69
2024-10-29 15:45:00-04:00,390.75,390.75,390.02,390.16,23655.0,390.23,204
2024-10-29 15:50:00-04:00,390.1,390.22,389.38,389.73,24394.0,389.743,201
2024-10-29 15:55:00-04:00,389.66,391.03,389.37,390.91,81896.0,389.791,640
2024-10-30 09:30:00-04:00,377.5,383.74,374.05,375.83,96440.0,378.561,579
2024-10-30 09:35:00-04:00,375.94,380.5,370.0,371.32,74936.0,376.129,442
2024-10-30 09:40:00-04:00,371.32,373.99,369.93,370.32,53413.0,372.23,335
2024-10-30 09:45:00-04:00,370.22,374.91,368.34,372.61,50676.0,370.567,296
2024-10-30 09:50:00-04:00,373.25,375.51,372.44,375.51,17206.0,373.748,118
2024-10-30 09:55:00-04:00,375.63,376.94,375.21,376.02,20944.0,376.046,125
2024-10-30 10:00:00-04:00,376.21,376.43,374.54,375.55,14312.0,375.576,101
2024-10-30 10:05:00-04:00,375.51,376.6,375.51,376.56,12530.0,376.106,69
2024-10-30 10:10:00-04:00,376.73,376.78,375.55,376.6,21435.0,376.193,71
2024-10-30 10:15:00-04:00,376.6,376.87,374.64,374.64,6679.0,375.651,43
2024-10-30 10:20:00-04:00,374.45,374.71,371.97,372.72,34049.0,372.613,268
2024-10-30 10:25:00-04:00,372.56,373.88,372.56,373.3,8901.0,373.342,69
2024-10-30 10:30:00-04:00,373.54,373.6,371.99,372.8,13893.0,372.509,113
2024-10-30 10:35:00-04:00,372.8,373.19,372.4,372.8,7752.0,372.892,50
2024-10-30 10:40:00-04:00,372.58,372.79,371.28,372.07,13356.0,371.982,114
2024-10-30 10:45:00-04:00,372.12,372.7,371.32,372.48,7695.0,371.859,70
2024-10-30 10:50:00-04:00,372.56,373.34,371.33,373.23,8118.0,372.349,69
2024-10-30 10:55:00-04:00,373.42,373.6,372.75,372.97,8500.0,373.157,79
2024-10-30 11:00:00-04:00,373.18,373.35,372.84,373.02,6924.0,373.161,39
2024-10-30 11:05:00-04:00,373.02,373.35,372.55,372.62,9093.0,372.855,79
2024-10-30 11:10:00-04:00,372.97,372.97,372.31,372.34,12024.0,372.634,108
2024-10-30 11:15:00-04:00,372.07,372.1,371.43,371.79,6381.0,371.844,56
2024-10-30 11:20:00-04:00,371.67,373.22,371.48,373.13,42570.0,372.336,247
2024-10-30 11:25:00-04:00,373.13,373.32,372.22,372.33,12796.0,372.75,97
2024-10-30 11:30:00-04:00,372.31,372.53,371.55,371.56,10781.0,372.21,89
2024-10-30 11:35:00-04:00,371.5,373.78,371.36,373.38,31341.0,372.608,214
2024-10-30 11:40:00-04:00,373.38,375.47,373.38,374.35,29328.0,374.219,199
2024-10-30 11:45:00-04:00,374.44,374.86,373.7,373.7,5411.0,374.39,43
2024-10-30 11:50:00-04:00,373.86,374.02,372.96,373.39,3964.0,373.554,30
2024-10-30 11:55:00-04:00,373.21,374.03,373.1,373.93,6067.0,373.735,57
2024-10-30 12:00:00-04:00,374.09,374.46,374.0,374.17,2191.0,374.211,19
2024-10-30 12:05:00-04:00,374.2,374.57,373.73,374.56,4635.0,374.157,40
2024-10-30 12:10:00-04:00,374.58,375.02,374.58,374.88,4337.0,374.877,25
2024-10-30 12:15:00-04:00,374.86,374.97,374.61,374.71,5788.0,374.748,45
2024-10-30 12:20:00-04:00,374.71,374.94,374.45,374.5,5070.0,374.647,42
2024-10-30 12:25:00-04:00,374.55,375.08,374.55,374.67,6961.0,374.742,51
2024-10-30 12:30:00-04:00,374.63,375.76,374.54,375.48,11555.0,375.153,63
2024-10-30 12:35:00-04:00,375.42,376.76,375.31,376.7,6200.0,375.901,57
2024-10-30 12:40:00-04:00,376.7,376.7,375.94,376.0,7933.0,376.255,59
2024-10-30 12:45:00-04:00,376.0,376.2,375.76,375.85,7060.0,375.928,62
2024-10-30 12:50:00-04:00,376.1,376.4,376.08,376.4,2668.0,376.287,24
2024-10-30 12:55:00-04:00,376.4,376.81,376.15,376.38,11555.0,376.488,62
2024-10-30 13:00:00-04:00,376.29,376.61,376.16,376.61,1350.0,376.423,13
2024-10-30 13:05:00-04:00,376.63,377.07,376.63,376.91,7321.0,376.903,53
2024-10-30 13:10:00-04:00,376.91,377.13,375.73,375.73,8732.0,376.544,60
2024-10-30 13:15:00-04:00,375.73,376.09,375.72,375.94,2144.0,375.903,17
2024-10-30 13:20:00-04:00,375.94,376.48,375.94,376.22,4965.0,376.106,35
2024-10-30 13:25:00-04:00,376.09,376.09,375.19,375.19,3433.0,375.738,30
2024-10-30 13:30:00-04:00,375.18,375.42,374.94,375.31,2878.0,375.105,27
2024-10-30 13:35:00-04:00,375.31,375.93,375.3,375.86,6493.0,375.735,45
2024-10-30 13:40:00-04:00,375.75,376.3,375.75,376.27,3694.0,375.958,29
2024-10-30 13:45:00-04:00,376.06,376.5,375.88,376.28,5715.0,376.142,53
2024-10-30 13:50:00-04:00,376.38,376.83,376.13,376.83,8234.0,376.413,71
2024-10-30 13:55:00-04:00,376.84,377.01,376.33,376.41,2822.0,376.7,27
2024-10-30 14:00:00-04:00,376.45,376.45,376.0,376.31,4261.0,376.221,40
2024-10-30 14:05:00-04:00,376.38,376.41,375.98,376.27,5614.0,376.184,53
2024-10-30 14:10:00-04:00,376.29,376.43,376.11,376.25,2426.0,376.209,22
2024-10-30 14:15:00-04:00,376.26,376.49,376.11,376.33,7647.0,376.296,67
2024-10-30 14:20:00-04:00,376.34,376.37,375.59,375.59,2905.0,375.998,29
2024-10-30 14:25:00-04:00,375.63,375.82,375.43,375.64,4168.0,375.688,26
2024-10-30 14:30:00-04:00,375.72,375.86,375.09,375.48,8643.0,375.579,68
2024-10-30 14:35:00-04:00,375.31,375.31,374.15,374.15,2450.0,374.829,22
2024-10-30 14:40:00-04:00,374.48,374.48,373.87,374.18,4586.0,374.175,43
2024-10-30 14:45:00-04:00,374.18,374.36,374.07,374.26,3947.0,374.198,36
2024-10-30 14:50:00-04:00,374.24,374.43,374.13,374.34,7306.0,374.267,41
2024-10-30 14:55:00-04:00,374.17,374.32,374.02,374.16,12520.0,374.164,106
2024-10-30 15:00:00-04:00,374.18,374.35,374.11,374.25,4475.0,374.185,36
2024-10-30 15:05:00-04:00,374.39,375.0,374.36,374.83,6000.0,374.685,53
2024-10-30 15:10:00-04:00,374.95,375.08,374.72,375.04,3054.0,374.942,28
2024-10-30 15:15:00-04:00,375.11,375.11,374.6,374.75,11530.0,374.83,95
2024-10-30 15:20:00-04:00,374.76,374.76,374.23,374.58,5138.0,374.575,45
2024-10-30 15:25:00-04:00,374.48,374.74,374.19,374.41,7022.0,374.481,52
2024-10-30 15:30:00-04:00,374.41,374.6,374.15,374.29,11376.0,374.385,94
2024-10-30 15:35:00-04:00,374.33,375.39,374.14,375.39,7610.0,374.554,71
2024-10-30 15:40:00-04:00,375.46,375.47,374.52,375.11,18725.0,374.994,166
2024-10-30 15:45:00-04:00,375.12,375.7,374.98,375.24,9708.0,375.374,85
2024-10-30 15:50:00-04:00,375.39,376.19,375.27,376.19,24214.0,375.73,205
2024-10-30 15:55:00-04:00,376.13,376.48,375.37,375.57,111296.0,375.977,767
2024-10-31 09:30:00-04:00,374.14,374.14,369.37,371.56,62097.0,371.689,290
2024-10-31 09:35:00-04:00,371.79,372.52,370.82,371.79,34277.0,371.833,237
2024-10-31 09:40:00-04:00,371.36,371.37,370.16,370.63,4904.0,370.814,43
2024-10-31 09:45:00-04:00,370.58,370.67,369.72,369.91,18037.0,370.2,158
2024-10-31 09:50:00-04:00,369.9,369.9,368.63,368.94,15224.0,369.165,125
2024-10-31 09:55:00-04:00,368.94,370.31,368.94,370.28,16325.0,369.753,139
2024-10-31 10:00:00-04:00,369.78,370.72,369.11,369.17,13491.0,370.106,106
2024-10-31 10:05:00-04:00,369.25,369.43,368.41,368.73,25357.0,368.881,192
2024-10-31 10:10:00-04:00,368.73,368.79,367.49,367.49,5774.0,368.189,50
2024-10-31 10:15:00-04:00,367.96,368.7,367.95,368.5,12160.0,368.331,117
2024-10-31 10:20:00-04:00,368.35,368.4,366.98,367.22,11331.0,367.606,103
2024-10-31 10:25:00-04:00,367.22,367.49,366.61,366.86,24391.0,367.193,193
2024-10-31 10:30:00-04:00,366.86,369.28,366.86,369.25,17569.0,368.312,122
2024-10-31 10:35:00-04:00,368.81,368.81,367.91,367.93,8560.0,368.312,75
2024-10-31 10:40:00-04:00,367.89,368.48,367.84,368.23,6756.0,368.202,47
2024-10-31 10:45:00-04:00,368.24,368.48,367.54,368.03,6907.0,368.013,64
2024-10-31 10:50:00-04:00,368.03,368.04,367.11,367.11,7478.0,367.504,66
2024-10-31 10:55:00-04:00,367.1,367.43,366.94,366.94,5393.0,367.135,53
2024-10-31 11:00:00-04:00,366.94,367.01,366.24,366.46,7985.0,366.617,66
2024-10-31 11:05:00-04:00,366.46,367.26,366.26,366.97,18841.0,366.648,103
2024-10-31 11:10:00-04:00,366.97,367.47,366.74,367.19,9941.0,367.142,60
2024-10-31 11:15:00-04:00,367.24,367.24,366.64,366.81,9124.0,366.915,71
2024-10-31 11:20:00-04:00,366.88,368.08,366.52,367.96,22408.0,367.092,152
2024-10-31 11:25:00-04:00,367.96,368.07,367.16,367.49,4783.0,367.537,39
2024-10-31 11:30:00-04:00,367.5,367.9,367.22,367.61,4571.0,367.534,36
2024-10-31 11:35:00-04:00,367.59,367.75,367.11,367.13,2850.0,367.447,23
2024-10-31 11:40:00-04:00,367.01,367.38,366.76,367.01,7480.0,367.113,66
2024-10-31 11:45:00-04:00,367.12,367.87,367.11,367.87,4388.0,367.431,40
2024-10-31 11:50:00-04:00,367.67,367.78,367.11,367.11,5155.0,367.566,51
2024-10-31 11:55:00-04:00,367.13,367.41,366.99,367.23,8635.0,367.282,72
2024-10-31 12:00:00-04:00,367.23,368.07,367.23,368.01,9111.0,367.524,64
2024-10-31 12:05:00-04:00,368.09,368.43,368.08,368.43,2813.0,368.219,24
2024-10-31 12:10:00-04:00,368.31,368.45,368.0,368.45,6415.0,368.288,60
2024-10-31 12:15:00-04:00,368.45,368.45,367.87,367.91,4672.0,368.216,25
2024-10-31 12:20:00-04:00,367.79,368.68,367.56,368.13,8847.0,368.046,76
2024-10-31 12:25:00-04:00,368.2,369.09,368.2,368.99,7359.0,368.826,63
2024-10-31 12:30:00-04:00,368.77,368.86,368.38,368.57,6423.0,368.534,53
2024-10-31 12:35:00-04:00,368.57,368.85,368.43,368.71,6432.0,368.662,49
2024-10-31 12:40:00-04:00,368.71,369.31,368.7,369.11,7408.0,369.037,68
2024-10-31 12:45:00-04:00,369.1,369.34,368.84,368.93,3306.0,369.125,33
2024-10-31 12:50:00-04:00,368.94,369.13,368.76,368.96,3184.0,368.967,26
2024-10-31 12:55:00-04:00,368.94,369.17,368.83,368.93,4642.0,369.028,38
2024-10-31 13:00:00-04:00,368.93,369.6,368.92,369.4,14421.0,369.427,76
2024-10-31 13:05:00-04:00,369.51,370.18,369.51,369.97,13967.0,369.935,102
2024-10-31 13:10:00-04:00,369.84,369.84,369.0,369.21,4548.0,369.438,43
2024-10-31 13:15:00-04:00,369.01,369.31,368.97,369.05,4039.0,369.118,39
2024-10-31 13:20:00-04:00,369.09,369.45,368.87,369.45,4627.0,369.215,42
2024-10-31 13:25:00-04:00,369.31,369.4,368.86,368.97,4387.0,369.159,39
2024-10-31 13:30:00-04:00,369.06,369.45,368.97,369.29,5588.0,369.25,46
2024-10-31 13:35:00-04:00,369.3,369.4,369.13,369.27,3077.0,369.265,25
2024-10-31 13:40:00-04:00,369.29,369.29,368.95,368.95,3873.0,369.085,36
2024-10-31 13:45:00-04:00,369.06,369.09,368.73,368.98,8476.0,368.846,62
2024-10-31 13:50:00-04:00,368.98,368.98,368.62,368.62,3399.0,368.82,30
2024-10-31 13:55:00-04:00,368.61,368.73,368.39,368.66,4113.0,368.599,38
2024-10-31 14:00:00-04:00,368.56,368.58,367.77,367.97,5798.0,368.171,53
2024-10-31 14:05:00-04:00,368.18,368.18,367.46,367.46,6700.0,367.876,58
2024-10-31 14:10:00-04:00,367.6,367.8,367.33,367.72,9556.0,367.584,87
2024-10-31 14:15:00-04:00,367.83,367.84,367.64,367.69,4706.0,367.734,45
2024-10-31 14:20:00-04:00,367.83,367.89,367.68,367.8,8320.0,367.801,68
2024-10-31 14:25:00-04:00,367.99,368.26,367.96,368.26,6881.0,368.124,55
2024-10-31 14:30:00-04:00,368.22,368.4,367.94,368.0,10352.0,368.153,78
2024-10-31 14:35:00-04:00,368.0,368.0,367.41,367.53,5827.0,367.873,53
2024-10-31 14:40:00-04:00,367.53,367.53,367.08,367.42,4921.0,367.261,43
2024-10-31 14:45:00-04:00,367.39,367.53,367.23,367.3,7347.0,367.37,67
2024-10-31 14:50:00-04:00,367.38,367.39,366.83,366.85,8383.0,367.022,64
2024-10-31 14:55:00-04:00,366.85,367.09,366.84,366.86,5473.0,366.961,51
2024-10-31 15:00:00-04:00,366.95,367.51,366.87,367.47,6245.0,367.175,51
2024-10-31 15:05:00-04:00,367.24,367.37,366.94,367.17,5364.0,367.144,47
2024-10-31 15:10:00-04:00,367.0,367.0,366.57,366.8,4198.0,366.785,38
2024-10-31 15:15:00-04:00,366.74,367.14,366.67,367.02,11406.0,366.906,94
2024-10-31 15:20:00-04:00,367.02,367.37,366.85,367.3,6242.0,367.101,58
2024-10-31 15:25:00-04:00,367.1,367.34,367.1,367.34,2647.0,367.188,22
2024-10-31 15:30:00-04:00,367.23,368.64,367.14,368.63,11162.0,367.627,100
2024-10-31 15:35:00-04:00,368.63,369.0,368.35,368.86,6566.0,368.639,55
2024-10-31 15:40:00-04:00,368.68,369.26,368.61,369.15,7977.0,368.956,67
2024-10-31 15:45:00-04:00,369.19,369.92,369.07,369.88,11482.0,369.608,103
2024-10-31 15:50:00-04:00,369.99,370.27,369.47,369.68,28659.0,369.912,220
2024-10-31 15:55:00-04:00,369.76,370.84,369.72,370.16,200306.0,370.323,1430
2024-11-01 09:30:00-04:00,373.86,374.17,371.0,372.13,26945.0,373.68,41
2024-11-01 09:35:00-04:00,371.7,373.54,371.7,373.54,2021.0,372.633,18
2024-11-01 09:40:00-04:00,372.55,373.17,370.26,370.49,11206.0,371.595,64
2024-11-01 09:45:00-04:00,369.9,373.73,369.9,372.62,8650.0,372.318,62
2024-11-01 09:50:00-04:00,372.5,372.51,371.34,372.4,6323.0,372.056,60
2024-11-01 09:55:00-04:00,372.16,372.56,372.15,372.43,7408.0,372.381,49
2024-11-01 10:00:00-04:00,372.43,373.82,372.0,373.82,16184.0,372.949,134
2024-11-01 10:05:00-04:00,373.27,374.84,373.27,374.62,6137.0,374.108,46
2024-11-01 10:10:00-04:00,374.85,375.14,374.17,374.38,11474.0,374.649,98
2024-11-01 10:15:00-04:00,374.21,374.47,373.6,374.27,7699.0,374.216,49
2024-11-01 10:20:00-04:00,374.54,375.26,374.26,375.22,4872.0,374.629,35
2024-11-01 10:25:00-04:00,375.2,376.13,375.12,376.05,12269.0,375.782,89
2024-11-01 10:30:00-04:00,376.16,376.32,375.5,375.5,5855.0,375.992,47
2024-11-01 10:35:00-04:00,375.74,375.81,375.36,375.61,6497.0,375.593,51
2024-11-01 10:40:00-04:00,375.42,375.51,374.92,375.35,9255.0,375.261,84
2024-11-01 10:45:00-04:00,375.37,375.44,374.26,375.03,5948.0,374.85,50
2024-11-01 10:50:00-04:00,375.03,375.1,374.32,374.62,5041.0,374.831,38
2024-11-01 10:55:00-04:00,374.66,375.53,374.39,375.03,5255.0,375.001,42
2024-11-01 11:00:00-04:00,374.99,374.99,374.41,374.66,3628.0,374.682,33
2024-11-01 11:05:00-04:00,374.32,374.42,373.98,373.98,5572.0,374.133,48
2024-11-01 11:10:00-04:00,374.04,374.78,373.83,374.78,7011.0,374.146,38
2024-11-01 11:15:00-04:00,374.65,374.8,374.43,374.56,5824.0,374.638,35
2024-11-01 11:20:00-04:00,374.56,374.95,374.36,374.92,4783.0,374.616,33
2024-11-01 11:25:00-04:00,374.83,374.98,374.65,374.8,4618.0,374.769,40
2024-11-01 11:30:00-04:00,374.67,374.67,374.17,374.27,6046.0,374.37,54
2024-11-01 11:35:00-04:00,374.28,374.68,374.27,374.55,5574.0,374.488,44
2024-11-01 11:40:00-04:00,374.55,374.68,374.1,374.24,6758.0,374.39,63
2024-11-01 11:45:00-04:00,374.24,374.25,373.09,373.09,6194.0,373.887,57
2024-11-01 11:50:00-04:00,372.9,373.64,372.46,373.64,5984.0,372.911,49
2024-11-01 11:55:00-04:00,373.56,373.95,373.42,373.72,12328.0,373.623,98
2024-11-01 12:00:00-04:00,373.7,374.28,373.67,374.23,7396.0,374.004,63
2024-11-01 12:05:00-04:00,374.23,374.23,374.02,374.19,3467.0,374.146,30
2024-11-01 12:10:00-04:00,374.17,374.65,374.01,374.39,5692.0,374.321,54
2024-11-01 12:15:00-04:00,374.46,374.65,374.24,374.57,5385.0,374.396,34
2024-11-01 12:20:00-04:00,374.57,374.62,374.17,374.17,11933.0,374.395,98
2024-11-01 12:25:00-04:00,374.19,374.27,373.86,373.94,6466.0,374.07,60
2024-11-01 12:30:00-04:00,374.02,374.61,373.86,374.52,3405.0,374.149,31
2024-11-01 12:35:00-04:00,374.5,374.65,373.69,373.71,6626.0,374.084,55
2024-11-01 12:40:00-04:00,373.52,373.63,373.05,373.23,3551.0,373.407,33
2024-11-01 12:45:00-04:00,373.23,373.55,373.19,373.38,4039.0,373.345,35
2024-11-01 12:50:00-04:00,373.22,373.73,373.22,373.47,3491.0,373.469,30
2024-11-01 12:55:00-04:00,373.65,373.92,373.64,373.92,5822.0,373.742,35
2024-11-01 13:00:00-04:00,373.98,374.19,373.85,374.15,6631.0,374.037,61
2024-11-01 13:05:00-04:00,374.19,374.4,374.09,374.35,9151.0,374.222,83
2024-11-01 13:10:00-04:00,374.31,375.22,374.3,375.22,6156.0,374.804,42
2024-11-01 13:15:00-04:00,375.21,375.22,374.94,375.04,5275.0,375.055,47
2024-11-01 13:20:00-04:00,375.04,375.23,374.7,375.11,6340.0,374.958,55
2024-11-01 13:25:00-04:00,375.16,375.46,375.03,375.32,3219.0,375.231,27
2024-11-01 13:30:00-04:00,375.33,375.41,374.6,374.83,9268.0,375.047,87
2024-11-01 13:35:00-04:00,374.83,375.2,374.54,374.72,7536.0,374.815,67
2024-11-01 13:40:00-04:00,374.79,374.97,374.79,374.86,2100.0,374.867,19
2024-11-01 13:45:00-04:00,374.86,375.1,374.71,374.84,5900.0,374.843,49
2024-11-01 13:50:00-04:00,374.88,375.63,374.87,375.6,4077.0,375.345,37
2024-11-01 13:55:00-04:00,375.76,375.76,375.15,375.21,11050.0,375.393,101
2024-11-01 14:00:00-04:00,375.21,375.64,375.15,375.54,6224.0,375.375,51
2024-11-01 14:05:00-04:00,375.54,375.82,375.09,375.41,11829.0,375.385,84
2024-11-01 14:10:00-04:00,375.4,375.55,375.04,375.36,3617.0,375.223,26
2024-11-01 14:15:00-04:00,375.36,375.5,375.03,375.19,6035.0,375.253,50
2024-11-01 14:20:00-04:00,375.19,375.77,375.18,375.66,5892.0,375.525,47
2024-11-01 14:25:00-04:00,375.52,375.62,375.05,375.54,9930.0,375.307,78
2024-11-01 14:30:00-04:00,375.53,376.03,375.37,375.98,5721.0,375.718,54
2024-11-01 14:35:00-04:00,376.08,376.08,375.56,375.68,12299.0,375.81,92
2024-11-01 14:40:00-04:00,375.57,376.4,375.52,376.32,8997.0,375.836,75
2024-11-01 14:45:00-04:00,376.36,376.42,376.14,376.31,7533.0,376.258,67
2024-11-01 14:50:00-04:00,376.27,376.61,376.24,376.25,14261.0,376.423,136
2024-11-01 14:55:00-04:00,376.19,376.42,376.01,376.31,6188.0,376.227,59
2024-11-01 15:00:00-04:00,376.33,376.43,375.97,376.43,6049.0,376.222,57
2024-11-01 15:05:00-04:00,376.33,377.18,376.33,377.07,10534.0,376.759,84
2024-11-01 15:10:00-04:00,376.98,377.07,376.59,377.06,7429.0,376.823,64
2024-11-01 15:15:00-04:00,376.93,377.42,376.7,377.41,7849.0,377.015,74
2024-11-01 15:20:00-04:00,377.33,377.4,377.11,377.17,11695.0,377.22,107
2024-11-01 15:25:00-04:00,377.1,377.17,376.56,376.56,11488.0,376.892,105
2024-11-01 15:30:00-04:00,376.56,376.97,376.52,376.75,8062.0,376.716,74
2024-11-01 15:35:00-04:00,376.63,376.83,376.52,376.65,8498.0,376.651,76
2024-11-01 15:40:00-04:00,376.65,377.47,376.62,376.79,17899.0,377.085,138
2024-11-01 15:45:00-04:00,376.78,376.86,376.52,376.63,16768.0,376.693,153
2024-11-01 15:50:00-04:00,376.66,376.71,376.03,376.27,29286.0,376.269,251
2024-11-01 15:55:00-04:00,376.19,376.47,375.86,376.02,112905.0,376.185,894
2024-11-04 09:30:00-05:00,375.36,376.91,373.39,375.19,23798.0,375.394,52
2024-11-04 09:35:00-05:00,375.56,378.64,374.49,378.64,6698.0,377.021,26
2024-11-04 09:40:00-05:00,378.71,379.01,378.26,378.66,5751.0,378.671,47
2024-11-04 09:45:00-05:00,378.54,380.33,378.53,380.16,5832.0,379.409,52
2024-11-04 09:50:00-05:00,380.07,380.17,379.06,379.19,8437.0,379.624,30
2024-11-04 09:55:00-05:00,379.27,379.41,378.66,378.93,8146.0,379.15,54
2024-11-04 10:00:00-05:00,378.93,378.93,377.05,377.19,5597.0,377.805,40
2024-11-04 10:05:00-05:00,377.34,378.16,377.26,377.94,6569.0,377.757,35
2024-11-04 10:10:00-05:00,377.91,377.94,377.63,377.8,6301.0,377.751,37
2024-11-04 10:15:00-05:00,377.97,378.17,377.75,377.75,3871.0,377.878,37
2024-11-04 10:20:00-05:00,377.85,378.99,377.66,378.99,4507.0,378.376,42
2024-11-04 10:25:00-05:00,379.18,379.34,378.47,378.48,3181.0,378.835,23
2024-11-04 10:30:00-05:00,378.23,378.23,377.32,377.32,3594.0,377.984,29
2024-11-04 10:35:00-05:00,377.13,378.07,377.13,377.61,4059.0,377.557,34
2024-11-04 10:40:00-05:00,377.19,378.03,377.18,378.03,604.0,377.537,6
2024-11-04 10:45:00-05:00,377.93,378.24,377.49,377.95,4767.0,377.964,44
2024-11-04 10:50:00-05:00,377.95,377.95,377.63,377.86,1468.0,377.796,8
2024-11-04 10:55:00-05:00,377.9,377.9,377.48,377.67,3693.0,377.609,24
2024-11-04 11:00:00-05:00,377.81,378.54,377.71,378.54,4195.0,377.887,35
2024-11-04 11:05:00-05:00,378.45,378.58,378.09,378.11,2246.0,378.254,20
2024-11-04 11:10:00-05:00,378.13,378.51,378.13,378.45,2130.0,378.353,16
2024-11-04 11:15:00-05:00,378.6,378.65,378.02,378.02,1916.0,378.298,18
2024-11-04 11:20:00-05:00,378.01,378.54,377.5,377.57,6480.0,378.146,53
2024-11-04 11:25:00-05:00,377.55,377.83,377.5,377.5,3789.0,377.64,37
2024-11-04 11:30:00-05:00,377.51,377.51,376.63,376.99,7031.0,377.031,62
2024-11-04 11:35:00-05:00,376.97,376.97,376.31,376.41,4185.0,376.682,41
2024-11-04 11:40:00-05:00,376.5,377.17,376.5,376.75,4085.0,376.797,39
2024-11-04 11:45:00-05:00,376.9,376.98,376.51,376.83,2430.0,376.809,22
2024-11-04 11:50:00-05:00,376.75,376.83,376.38,376.49,2134.0,376.588,21
2024-11-04 11:55:00-05:00,376.46,376.47,376.03,376.13,3762.0,376.222,36
2024-11-04 12:00:00-05:00,376.38,376.49,375.55,375.55,2695.0,376.16,26
2024-11-04 12:05:00-05:00,375.6,375.74,375.27,375.27,1178.0,375.554,9
2024-11-04 12:10:00-05:00,375.33,375.52,375.33,375.45,1050.0,375.444,10
2024-11-04 12:15:00-05:00,375.52,375.52,375.39,375.44,900.0,375.446,9
2024-11-04 12:20:00-05:00,375.45,376.06,375.45,376.06,2214.0,375.686,18
2024-11-04 12:25:00-05:00,375.91,376.35,375.76,375.96,4214.0,376.012,33
2024-11-04 12:30:00-05:00,375.96,375.96,375.73,375.73,1944.0,375.868,18
2024-11-04 12:35:00-05:00,375.73,376.15,375.73,376.14,6337.0,375.81,31
2024-11-04 12:40:00-05:00,376.04,376.08,375.88,376.05,2220.0,375.974,16
2024-11-04 12:45:00-05:00,375.97,376.38,375.97,376.2,5103.0,376.226,31
2024-11-04 12:50:00-05:00,376.37,376.37,376.3,376.3,866.0,376.338,8
2024-11-04 12:55:00-05:00,376.37,376.48,376.21,376.27,1918.0,376.364,18
2024-11-04 13:00:00-05:00,376.1,376.25,375.79,375.86,1917.0,376.021,17
2024-11-04 13:05:00-05:00,375.82,375.93,374.55,374.72,5856.0,375.147,42
2024-11-04 13:10:00-05:00,374.99,375.73,374.87,375.57,3477.0,375.185,31
2024-11-04 13:15:00-05:00,375.6,375.8,375.35,375.8,1668.0,375.65,9
2024-11-04 13:20:00-05:00,375.69,375.8,375.56,375.69,1970.0,375.645,18
2024-11-04 13:25:00-05:00,375.58,375.67,375.39,375.39,3696.0,375.555,27
2024-11-04 13:30:00-05:00,375.36,375.62,375.36,375.62,1741.0,375.488,14
2024-11-04 13:35:00-05:00,375.67,375.69,375.32,375.48,1767.0,375.542,17
2024-11-04 13:40:00-05:00,375.49,375.66,375.39,375.45,3182.0,375.504,30
2024-11-04 13:45:00-05:00,375.51,375.8,375.5,375.59,3134.0,375.62,29
2024-11-04 13:50:00-05:00,375.7,375.83,375.28,375.28,3014.0,375.591,26
2024-11-04 13:55:00-05:00,375.27,375.74,375.24,375.25,3964.0,375.482,35
2024-11-04 14:00:00-05:00,375.18,375.22,375.12,375.12,767.0,375.166,7
2024-11-04 14:05:00-05:00,375.16,375.41,375.04,375.4,3132.0,375.259,27
2024-11-04 14:10:00-05:00,375.38,375.41,375.18,375.41,1772.0,375.283,17
2024-11-04 14:15:00-05:00,375.32,375.85,375.32,375.71,1739.0,375.617,13
2024-11-04 14:20:00-05:00,375.71,375.81,375.59,375.59,1676.0,375.705,16
2024-11-04 14:25:00-05:00,375.7,375.8,375.4,375.41,2889.0,375.588,24
2024-11-04 14:30:00-05:00,375.26,375.42,375.15,375.37,2978.0,375.29,26
2024-11-04 14:35:00-05:00,375.43,375.85,375.41,375.78,2244.0,375.582,18
2024-11-04 14:40:00-05:00,375.77,376.16,375.56,376.15,10447.0,375.731,95
2024-11-04 14:45:00-05:00,376.09,376.18,375.81,375.82,2500.0,376.046,19
2024-11-04 14:50:00-05:00,375.88,376.62,375.72,376.31,10162.0,376.218,85
2024-11-04 14:55:00-05:00,376.11,376.38,375.92,376.24,6007.0,376.103,51
2024-11-04 15:00:00-05:00,376.25,376.25,375.98,375.98,2314.0,376.106,21
2024-11-04 15:05:00-05:00,376.07,376.31,376.0,376.29,2835.0,376.167,25
2024-11-04 15:10:00-05:00,376.3,377.24,376.3,376.7,32250.0,376.744,274
2024-11-04 15:15:00-05:00,376.71,377.17,376.64,377.17,9490.0,376.731,69
2024-11-04 15:20:00-05:00,377.16,377.36,377.0,377.13,883.0,377.148,8
2024-11-04 15:25:00-05:00,377.13,377.38,376.97,376.97,5812.0,377.237,20
2024-11-04 15:30:00-05:00,376.73,376.87,376.47,376.49,3578.0,376.684,34
2024-11-04 15:35:00-05:00,376.62,377.1,376.5,376.5,22998.0,376.698,128
2024-11-04 15:40:00-05:00,376.62,377.16,376.6,376.91,22533.0,376.965,169
2024-11-04 15:45:00-05:00,376.98,377.5,376.55,376.56,25032.0,377.305,186
2024-11-04 15:50:00-05:00,376.78,377.31,376.43,377.24,41502.0,376.851,333
2024-11-04 15:55:00-05:00,377.12,377.35,376.71,377.03,78840.0,377.007,581
2024-11-05 09:30:00-05:00,377.87,381.71,377.87,381.71,13403.0,378.647,38
2024-11-05 09:35:00-05:00,381.43,382.13,379.86,381.42,6892.0,381.082,56
2024-11-05 09:40:00-05:00,381.99,381.99,380.64,380.64,7552.0,381.182,23
2024-11-05 09:45:00-05:00,380.96,381.05,380.02,380.21,13691.0,380.386,103
2024-11-05 09:50:00-05:00,380.24,380.73,379.47,380.37,6446.0,379.888,39
2024-11-05 09:55:00-05:00,380.37,381.81,380.29,381.44,28280.0,380.581,199
2024-11-05 10:00:00-05:00,381.12,382.08,380.89,381.63,6211.0,381.483,59
2024-11-05 10:05:00-05:00,381.81,382.24,381.63,381.8,2600.0,381.866,26
2024-11-05 10:10:00-05:00,381.98,382.43,381.27,382.4,6791.0,381.957,51
2024-11-05 10:15:00-05:00,382.89,382.89,381.8,382.8,8392.0,382.257,62
2024-11-05 10:20:00-05:00,382.79,383.12,382.61,383.12,6663.0,382.899,48
2024-11-05 10:25:00-05:00,383.26,383.26,381.92,381.93,8934.0,382.668,79
2024-11-05 10:30:00-05:00,381.93,384.05,381.91,384.05,4876.0,382.938,44
2024-11-05 10:35:00-05:00,384.0,384.0,383.47,383.64,6752.0,383.703,39
2024-11-05 10:40:00-05:00,383.64,383.73,383.32,383.36,4947.0,383.488,33
2024-11-05 10:45:00-05:00,383.59,383.77,383.36,383.4,4984.0,383.6,40
2024-11-05 10:50:00-05:00,383.43,383.56,382.63,383.29,8005.0,383.222,66
2024-11-05 10:55:00-05:00,383.13,383.4,382.61,382.81,4513.0,383.096,32
2024-11-05 11:00:00-05:00,382.6,383.27,382.55,383.27,8211.0,382.755,53
2024-11-05 11:05:00-05:00,383.65,384.16,383.36,383.92,4258.0,383.834,40
2024-11-05 11:10:00-05:00,383.74,383.92,383.19,383.73,7228.0,383.478,43
2024-11-05 11:15:00-05:00,383.39,383.57,383.2,383.57,2666.0,383.341,18
2024-11-05 11:20:00-05:00,383.62,384.01,383.35,383.79,9766.0,383.542,69
2024-11-05 11:25:00-05:00,383.73,383.73,383.12,383.38,6336.0,383.556,32
2024-11-05 11:30:00-05:00,383.43,383.69,383.39,383.59,3407.0,383.543,31
2024-11-05 11:35:00-05:00,383.44,383.92,383.39,383.91,3643.0,383.693,35
2024-11-05 11:40:00-05:00,383.87,383.9,383.4,383.54,5238.0,383.62,38
2024-11-05 11:45:00-05:00,383.45,383.53,383.19,383.28,2301.0,383.406,22
2024-11-05 11:50:00-05:00,383.21,383.45,383.08,383.43,4732.0,383.239,29
2024-11-05 11:55:00-05:00,383.5,383.52,383.23,383.37,5623.0,383.428,39
2024-11-05 12:00:00-05:00,383.37,383.37,383.14,383.25,2232.0,383.222,21
2024-11-05 12:05:00-05:00,383.26,383.77,383.24,383.69,7818.0,383.481,70
2024-11-05 12:10:00-05:00,383.7,383.71,383.12,383.18,6222.0,383.403,41
2024-11-05 12:15:00-05:00,383.33,384.07,383.32,384.06,1658.0,383.584,14
2024-11-05 12:20:00-05:00,384.24,384.49,384.05,384.44,12441.0,384.093,21
2024-11-05 12:25:00-05:00,384.39,384.39,383.59,383.59,3806.0,384.11,35
2024-11-05 12:30:00-05:00,383.68,384.2,383.67,384.19,1588.0,384.004,15
2024-11-05 12:35:00-05:00,384.28,384.49,384.26,384.38,1200.0,384.338,12
2024-11-05 12:40:00-05:00,384.55,384.86,384.52,384.68,5765.0,384.725,29
2024-11-05 12:45:00-05:00,384.87,385.08,384.87,384.97,2372.0,384.974,20
2024-11-05 12:50:00-05:00,385.02,385.14,384.96,385.11,7420.0,385.049,32
2024-11-05 12:55:00-05:00,385.17,385.26,384.97,385.11,3394.0,385.112,32
2024-11-05 13:00:00-05:00,385.1,385.68,385.07,385.68,2099.0,385.389,20
2024-11-05 13:05:00-05:00,385.77,385.87,385.74,385.78,1786.0,385.776,16
2024-11-05 13:10:00-05:00,385.77,385.77,385.33,385.33,6104.0,385.561,48
2024-11-05 13:15:00-05:00,385.29,385.65,385.29,385.54,3050.0,385.547,17
2024-11-05 13:20:00-05:00,385.57,385.6,385.3,385.34,1834.0,385.475,18
2024-11-05 13:25:00-05:00,385.14,385.34,385.14,385.34,1761.0,385.226,15
2024-11-05 13:30:00-05:00,385.32,385.33,384.78,384.85,4927.0,385.083,39
2024-11-05 13:35:00-05:00,384.78,385.06,384.78,385.0,2992.0,384.901,26
2024-11-05 13:40:00-05:00,385.13,385.47,385.11,385.38,3529.0,385.288,34
2024-11-05 13:45:00-05:00,385.38,385.86,385.36,385.56,18973.0,385.588,147
2024-11-05 13:50:00-05:00,385.57,385.66,385.18,385.65,3604.0,385.437,26
2024-11-05 13:55:00-05:00,385.55,385.55,385.09,385.17,6540.0,385.375,50
2024-11-05 14:00:00-05:00,385.19,385.19,384.97,384.97,2479.0,385.07,14
2024-11-05 14:05:00-05:00,385.08,386.02,385.03,385.99,9305.0,385.455,59
2024-11-05 14:10:00-05:00,385.97,386.17,385.63,386.17,10554.0,385.879,86
2024-11-05 14:15:00-05:00,386.14,386.43,386.0,386.0,5038.0,386.239,40
2024-11-05 14:20:00-05:00,385.97,386.75,385.97,386.75,5197.0,386.204,45
2024-11-05 14:25:00-05:00,386.69,387.12,386.69,387.0,11006.0,386.893,61
2024-11-05 14:30:00-05:00,387.0,387.57,386.85,387.37,18938.0,387.024,149
2024-11-05 14:35:00-05:00,387.49,387.79,387.21,387.33,9529.0,387.579,88
2024-11-05 14:40:00-05:00,387.34,388.33,387.33,388.11,27078.0,387.874,219
2024-11-05 14:45:00-05:00,388.15,388.4,387.81,388.25,38275.0,388.027,236
2024-11-05 14:50:00-05:00,388.18,388.37,388.02,388.08,17514.0,388.183,127
2024-11-05 14:55:00-05:00,388.08,388.34,388.02,388.22,11808.0,388.143,90
2024-11-05 15:00:00-05:00,388.17,388.5,388.1,388.43,13527.0,388.218,106
2024-11-05 15:05:00-05:00,388.51,388.94,388.42,388.81,11588.0,388.67,105
2024-11-05 15:10:00-05:00,388.87,389.44,388.83,389.08,26040.0,389.091,190
2024-11-05 15:15:00-05:00,388.94,389.29,388.88,389.0,16969.0,389.012,137
2024-11-05 15:20:00-05:00,389.0,389.22,388.92,389.15,23408.0,388.991,185
2024-11-05 15:25:00-05:00,389.13,389.58,389.13,389.54,17746.0,389.386,123
2024-11-05 15:30:00-05:00,389.43,390.05,389.3,389.85,23396.0,389.554,178
2024-11-05 15:35:00-05:00,389.86,389.95,389.36,389.47,12794.0,389.646,99
2024-11-05 15:40:00-05:00,389.47,389.53,388.77,388.86,38346.0,389.332,226
2024-11-05 15:45:00-05:00,388.86,389.69,388.74,389.52,25897.0,389.221,210
2024-11-05 15:50:00-05:00,389.48,390.46,389.48,390.15,77396.0,390.116,681
2024-11-05 15:55:00-05:00,390.13,390.71,389.89,390.2,103847.0,390.29,728
2024-11-06 09:30:00-05:00,400.45,402.82,396.43,397.22,56610.0,400.429,162
2024-11-06 09:35:00-05:00,396.29,396.79,394.45,395.39,8382.0,395.574,51
2024-11-06 09:40:00-05:00,395.45,397.96,394.03,394.14,28123.0,396.019,156
2024-11-06 09:45:00-05:00,394.16,394.52,390.0,390.46,26981.0,391.838,235
2024-11-06 09:50:00-05:00,390.46,392.78,387.58,387.58,15733.0,389.731,129
2024-11-06 09:55:00-05:00,387.81,392.74,387.81,391.85,25892.0,389.677,174
2024-11-06 10:00:00-05:00,391.93,392.61,389.69,389.94,13808.0,390.703,117
2024-11-06 10:05:00-05:00,390.13,390.54,386.22,386.85,29232.0,388.361,253
2024-11-06 10:10:00-05:00,386.65,388.68,385.06,385.83,28853.0,386.76,201
2024-11-06 10:15:00-05:00,385.83,388.18,385.21,387.61,21227.0,386.275,134
2024-11-06 10:20:00-05:00,387.44,388.08,386.33,387.06,17028.0,387.281,106
2024-11-06 10:25:00-05:00,387.25,390.03,386.64,388.35,15567.0,387.923,127
2024-11-06 10:30:00-05:00,387.92,389.14,387.51,387.71,12636.0,388.249,100
2024-11-06 10:35:00-05:00,387.82,388.09,387.03,387.34,6148.0,387.437,49
2024-11-06 10:40:00-05:00,387.34,389.0,386.53,388.79,9002.0,387.982,82
2024-11-06 10:45:00-05:00,388.53,389.94,388.25,389.55,11574.0,389.138,94
2024-11-06 10:50:00-05:00,389.22,389.39,387.92,388.47,5510.0,388.548,49
2024-11-06 10:55:00-05:00,388.58,390.39,388.48,389.01,5540.0,389.279,50
2024-11-06 11:00:00-05:00,389.89,390.07,389.23,389.53,4929.0,389.644,45
2024-11-06 11:05:00-05:00,389.23,389.37,388.15,389.35,11131.0,388.918,71
2024-11-06 11:10:00-05:00,388.94,389.51,388.6,389.35,14168.0,389.083,102
2024-11-06 11:15:00-05:00,389.44,390.77,389.26,390.77,17153.0,390.343,66
2024-11-06 11:20:00-05:00,391.0,391.0,390.13,390.27,14822.0,390.657,103
2024-11-06 11:25:00-05:00,389.85,390.68,389.71,390.46,4008.0,390.197,39
2024-11-06 11:30:00-05:00,390.53,391.24,390.42,390.94,4507.0,390.863,41
2024-11-06 11:35:00-05:00,390.99,391.25,390.67,391.19,6881.0,391.039,57
2024-11-06 11:40:00-05:00,391.14,392.15,390.69,391.7,11661.0,391.416,97
2024-11-06 11:45:00-05:00,391.69,392.04,391.38,391.47,7483.0,391.696,65
2024-11-06 11:50:00-05:00,391.92,392.21,389.83,389.84,11352.0,391.244,94
2024-11-06 11:55:00-05:00,389.83,390.25,389.24,389.83,9975.0,389.777,80
2024-11-06 12:00:00-05:00,389.51,389.64,388.61,389.03,7231.0,389.153,57
2024-11-06 12:05:00-05:00,388.97,389.03,387.68,387.68,7381.0,388.599,61
2024-11-06 12:10:00-05:00,388.13,388.56,387.76,387.8,24524.0,388.197,137
2024-11-06 12:15:00-05:00,388.05,388.06,386.76,387.21,18986.0,387.474,111
2024-11-06 12:20:00-05:00,387.2,387.2,386.65,386.91,5817.0,386.913,50
2024-11-06 12:25:00-05:00,386.65,388.39,386.63,388.19,13652.0,387.532,96
2024-11-06 12:30:00-05:00,388.0,389.39,388.0,389.39,14173.0,388.726,106
2024-11-06 12:35:00-05:00,389.64,390.54,389.49,390.3,3921.0,390.131,30
2024-11-06 12:40:00-05:00,390.11,391.45,390.11,391.23,10842.0,391.032,80
2024-11-06 12:45:00-05:00,391.23,392.03,390.7,391.05,9431.0,391.523,73
2024-11-06 12:50:00-05:00,390.68,391.22,390.32,390.99,4967.0,390.769,40
2024-11-06 12:55:00-05:00,391.14,391.26,390.78,391.02,1942.0,391.094,18
2024-11-06 13:00:00-05:00,391.26,392.29,391.18,392.27,4939.0,391.922,48
2024-11-06 13:05:00-05:00,392.01,392.02,391.51,391.81,6595.0,391.819,52
2024-11-06 13:10:00-05:00,391.75,392.19,391.52,391.74,3988.0,391.911,38
2024-11-06 13:15:00-05:00,391.56,391.9,391.09,391.49,11911.0,391.547,91
2024-11-06 13:20:00-05:00,391.56,391.59,390.93,391.04,4462.0,391.25,43
2024-11-06 13:25:00-05:00,390.92,391.34,390.92,391.2,4924.0,391.196,35
2024-11-06 13:30:00-05:00,391.19,391.89,390.87,391.61,10368.0,391.318,82
2024-11-06 13:35:00-05:00,391.69,392.47,391.69,392.47,8080.0,392.069,59
2024-11-06 13:40:00-05:00,392.94,393.59,392.94,393.5,5571.0,393.412,34
2024-11-06 13:45:00-05:00,393.29,394.15,393.25,393.93,3757.0,393.639,31
2024-11-06 13:50:00-05:00,393.93,393.93,393.26,393.27,22855.0,393.583,103
2024-11-06 13:55:00-05:00,393.26,393.26,391.81,392.0,5600.0,392.281,48
2024-11-06 14:00:00-05:00,392.1,393.9,392.03,393.41,27864.0,392.994,162
2024-11-06 14:05:00-05:00,393.4,393.4,392.7,393.17,3360.0,393.037,30
2024-11-06 14:10:00-05:00,393.17,393.72,392.62,393.47,4333.0,393.015,40
2024-11-06 14:15:00-05:00,393.58,393.91,393.12,393.29,4245.0,393.498,32
2024-11-06 14:20:00-05:00,393.55,393.59,393.19,393.37,5031.0,393.393,40
2024-11-06 14:25:00-05:00,393.37,393.6,393.15,393.15,5445.0,393.392,40
2024-11-06 14:30:00-05:00,393.19,393.44,392.7,392.81,6199.0,393.101,54
2024-11-06 14:35:00-05:00,392.91,393.21,392.79,393.05,4204.0,393.043,40
2024-11-06 14:40:00-05:00,393.12,393.51,392.81,392.93,5011.0,393.212,35
2024-11-06 14:45:00-05:00,392.91,393.2,392.72,392.73,3608.0,393.017,29
2024-11-06 14:50:00-05:00,392.94,392.95,392.16,392.36,2282.0,392.453,18
2024-11-06 14:55:00-05:00,392.35,392.58,392.34,392.36,2620.0,392.463,24
2024-11-06 15:00:00-05:00,392.47,392.87,392.47,392.56,4914.0,392.657,44
2024-11-06 15:05:00-05:00,392.42,393.23,392.35,393.11,4370.0,392.894,39
2024-11-06 15:10:00-05:00,393.1,393.42,392.91,393.22,10235.0,393.184,73
2024-11-06 15:15:00-05:00,393.22,393.61,393.15,393.47,16962.0,393.322,139
2024-11-06 15:20:00-05:00,393.29,393.29,392.65,392.75,6934.0,392.965,46
2024-11-06 15:25:00-05:00,392.75,392.87,392.23,392.35,11155.0,392.675,81
2024-11-06 15:30:00-05:00,392.3,392.38,391.95,391.99,25107.0,392.231,135
2024-11-06 15:35:00-05:00,392.01,392.88,392.01,392.26,11350.0,392.485,96
2024-11-06 15:40:00-05:00,392.43,392.61,392.04,392.52,14560.0,392.271,119
2024-11-06 15:45:00-05:00,392.67,393.46,392.56,393.02,8891.0,393.085,68
2024-11-06 15:50:00-05:00,393.23,393.54,392.56,392.64,18153.0,393.122,138
2024-11-06 15:55:00-05:00,392.79,393.21,391.67,391.87,97967.0,392.345,634
2024-11-07 09:30:00-05:00,394.18,396.06,392.32,393.23,20826.0,394.214,57
2024-11-07 09:35:00-05:00,392.37,392.93,390.99,391.56,5973.0,391.981,49
2024-11-07 09:40:00-05:00,391.56,392.08,391.25,391.25,5838.0,391.568,40
2024-11-07 09:45:00-05:00,391.63,391.79,391.04,391.54,6297.0,391.538,57
2024-11-07 09:50:00-05:00,391.54,392.17,391.32,392.16,12706.0,391.737,109
2024-11-07 09:55:00-05:00,391.77,393.95,391.76,393.51,3363.0,393.12,31
2024-11-07 10:00:00-05:00,393.74,394.27,393.0,393.05,4339.0,393.402,39
2024-11-07 10:05:00-05:00,393.61,393.9,393.27,393.27,1327.0,393.546,12
2024-11-07 10:10:00-05:00,392.93,393.68,392.73,393.12,3120.0,393.117,28
2024-11-07 10:15:00-05:00,393.17,393.39,392.4,392.76,8964.0,392.757,71
2024-11-07 10:20:00-05:00,392.41,393.66,391.88,393.66,7640.0,392.576,64
2024-11-07 10:25:00-05:00,393.38,393.73,393.09,393.73,3514.0,393.349,29
2024-11-07 10:30:00-05:00,393.78,395.27,393.43,395.27,4306.0,394.066,26
2024-11-07 10:35:00-05:00,395.29,395.56,395.01,395.29,1413.0,395.218,12
2024-11-07 10:40:00-05:00,395.37,395.37,394.68,394.95,9794.0,395.039,39
2024-11-07 10:45:00-05:00,394.62,394.98,393.62,393.63,9395.0,393.991,40
2024-11-07 10:50:00-05:00,393.19,393.65,392.35,393.36,2532.0,392.806,12
2024-11-07 10:55:00-05:00,392.97,393.23,392.51,392.92,4814.0,392.795,35
2024-11-07 11:00:00-05:00,392.88,393.19,392.42,392.43,8812.0,392.621,46
2024-11-07 11:05:00-05:00,392.24,393.57,392.09,393.57,3698.0,392.675,33
2024-11-07 11:10:00-05:00,393.55,393.55,392.88,392.88,1471.0,393.193,12
2024-11-07 11:15:00-05:00,392.86,393.44,392.86,393.19,4541.0,393.183,44
2024-11-07 11:20:00-05:00,393.19,393.38,393.07,393.1,1707.0,393.203,14
2024-11-07 11:25:00-05:00,393.25,393.4,392.48,392.76,5412.0,392.858,50
2024-11-07 11:30:00-05:00,392.62,392.62,392.02,392.28,9290.0,392.47,25
2024-11-07 11:35:00-05:00,392.28,392.64,392.06,392.63,4500.0,392.385,42
2024-11-07 11:40:00-05:00,392.73,392.76,392.55,392.67,2280.0,392.681,21
2024-11-07 11:45:00-05:00,392.5,392.5,390.86,390.86,2870.0,392.056,24
2024-11-07 11:50:00-05:00,390.87,390.89,390.46,390.53,1826.0,390.683,15
2024-11-07 11:55:00-05:00,391.17,391.49,390.86,391.28,3616.0,391.249,29
2024-11-07 12:00:00-05:00,391.28,392.16,391.28,392.02,3373.0,391.723,27
2024-11-07 12:05:00-05:00,392.02,392.3,391.57,392.24,1819.0,391.985,17
2024-11-07 12:10:00-05:00,391.95,392.32,391.64,391.93,1800.0,391.934,15
2024-11-07 12:15:00-05:00,391.99,391.99,391.35,391.5,3064.0,391.604,29
2024-11-07 12:20:00-05:00,391.55,391.55,390.75,391.12,2996.0,391.078,24
2024-11-07 12:25:00-05:00,390.76,391.48,390.75,391.12,2949.0,391.043,20
2024-11-07 12:30:00-05:00,390.83,392.09,390.82,391.92,3977.0,391.485,37
2024-11-07 12:35:00-05:00,391.94,392.11,391.76,391.93,3128.0,391.942,26
2024-11-07 12:40:00-05:00,391.93,392.36,391.74,392.36,2720.0,391.997,27
2024-11-07 12:45:00-05:00,392.6,393.0,392.42,392.87,2836.0,392.547,21
2024-11-07 12:50:00-05:00,393.12,393.39,393.12,393.39,1838.0,393.249,17
2024-11-07 12:55:00-05:00,393.4,393.61,393.18,393.23,9083.0,393.349,70
2024-11-07 13:00:00-05:00,393.35,393.89,393.23,393.61,3225.0,393.597,26
2024-11-07 13:05:00-05:00,393.61,393.62,393.34,393.5,1897.0,393.498,15
2024-11-07 13:10:00-05:00,393.35,393.47,393.29,393.47,3722.0,393.396,32
2024-11-07 13:15:00-05:00,393.44,393.94,393.44,393.63,3065.0,393.642,24
2024-11-07 13:20:00-05:00,393.36,393.85,393.26,393.29,2553.0,393.437,23
2024-11-07 13:25:00-05:00,393.37,393.66,393.3,393.3,1602.0,393.461,10
2024-11-07 13:30:00-05:00,393.49,393.61,392.96,392.96,3300.0,393.29,32
2024-11-07 13:35:00-05:00,393.0,393.01,392.75,392.9,2537.0,392.901,25
2024-11-07 13:40:00-05:00,392.89,392.89,392.56,392.56,2566.0,392.717,21
2024-11-07 13:45:00-05:00,392.75,393.05,392.69,392.97,7746.0,392.857,70
2024-11-07 13:50:00-05:00,392.97,393.25,392.48,392.48,3760.0,392.99,37
2024-11-07 13:55:00-05:00,392.69,392.99,392.64,392.83,3352.0,392.867,30
2024-11-07 14:00:00-05:00,393.0,393.6,392.38,392.44,6266.0,392.843,54
2024-11-07 14:05:00-05:00,391.98,392.18,391.9,392.06,600.0,392.001,5
2024-11-07 14:10:00-05:00,392.21,392.35,392.03,392.22,2343.0,392.179,17
2024-11-07 14:15:00-05:00,392.21,392.58,392.2,392.39,2227.0,392.432,20
2024-11-07 14:20:00-05:00,392.53,392.82,392.32,392.8,4506.0,392.483,26
2024-11-07 14:25:00-05:00,392.77,393.27,392.77,393.27,3338.0,393.041,29
2024-11-07 14:30:00-05:00,393.17,394.1,393.16,393.96,6025.0,393.836,50
2024-11-07 14:35:00-05:00,393.97,393.97,393.46,393.57,5572.0,393.751,44
2024-11-07 14:40:00-05:00,393.42,393.62,392.84,393.01,4210.0,393.1,34
2024-11-07 14:45:00-05:00,392.84,394.44,392.84,394.13,5300.0,393.638,45
2024-11-07 14:50:00-05:00,394.25,394.4,393.7,394.09,4912.0,394.01,44
2024-11-07 14:55:00-05:00,394.2,394.51,393.9,394.1,4905.0,394.184,46
2024-11-07 15:00:00-05:00,393.97,394.09,393.47,393.47,5563.0,393.882,45
2024-11-07 15:05:00-05:00,393.32,393.7,393.32,393.61,3992.0,393.517,27
2024-11-07 15:10:00-05:00,393.6,393.93,393.6,393.93,5765.0,393.751,49
2024-11-07 15:15:00-05:00,393.88,394.53,393.74,394.53,13875.0,394.099,108
2024-11-07 15:20:00-05:00,394.44,394.73,394.06,394.67,10503.0,394.409,68
2024-11-07 15:25:00-05:00,394.74,394.74,394.08,394.09,3458.0,394.341,26
2024-11-07 15:30:00-05:00,394.31,394.42,394.18,394.24,2090.0,394.277,20
2024-11-07 15:35:00-05:00,394.39,394.78,394.39,394.54,6393.0,394.578,56
2024-11-07 15:40:00-05:00,394.45,394.77,394.26,394.26,4808.0,394.514,44
2024-11-07 15:45:00-05:00,394.34,395.0,394.34,394.61,7450.0,394.761,56
2024-11-07 15:50:00-05:00,394.16,394.76,394.03,394.69,10084.0,394.442,82
2024-11-07 15:55:00-05:00,394.84,396.22,394.71,395.94,59476.0,395.659,409
2024-11-08 09:30:00-05:00,405.45,406.12,400.0,400.0,56700.0,404.481,126
2024-11-08 09:35:00-05:00,399.16,403.45,399.07,401.87,15580.0,401.512,84
2024-11-08 09:40:00-05:00,401.87,402.72,399.61,400.31,11433.0,401.207,97
2024-11-08 09:45:00-05:00,399.87,403.96,399.87,403.23,12709.0,402.952,102
2024-11-08 09:50:00-05:00,403.42,403.96,402.21,403.96,11597.0,403.222,78
2024-11-08 09:55:00-05:00,404.24,405.14,403.34,405.14,5209.0,403.886,38
2024-11-08 10:00:00-05:00,404.39,405.86,404.39,405.15,21036.0,404.941,138
2024-11-08 10:05:00-05:00,404.96,405.3,403.86,404.25,17440.0,404.525,107
2024-11-08 10:10:00-05:00,404.47,404.61,403.5,404.21,24566.0,404.244,157
2024-11-08 10:15:00-05:00,404.05,404.45,403.3,403.31,7893.0,403.984,58
2024-11-08 10:20:00-05:00,403.87,404.74,403.57,404.18,11558.0,404.288,84
2024-11-08 10:25:00-05:00,404.17,404.67,403.76,404.67,10064.0,404.309,50
2024-11-08 10:30:00-05:00,404.26,406.19,404.15,406.06,25262.0,405.017,152
2024-11-08 10:35:00-05:00,405.39,407.64,405.39,407.13,11538.0,407.05,70
2024-11-08 10:40:00-05:00,407.12,407.47,405.89,406.13,8319.0,406.775,68
2024-11-08 10:45:00-05:00,406.48,407.07,406.38,406.74,9339.0,406.794,63
2024-11-08 10:50:00-05:00,406.73,409.0,406.39,408.58,12777.0,407.727,83
2024-11-08 10:55:00-05:00,408.93,409.0,408.17,408.74,14829.0,408.569,74
2024-11-08 11:00:00-05:00,409.02,409.02,408.29,408.87,6698.0,408.553,55
2024-11-08 11:05:00-05:00,409.05,410.02,408.86,410.0,16691.0,409.382,117
2024-11-08 11:10:00-05:00,410.12,410.52,409.69,409.98,24293.0,410.098,139
2024-11-08 11:15:00-05:00,409.97,410.02,409.53,409.65,10059.0,409.767,56
2024-11-08 11:20:00-05:00,409.53,409.81,408.5,409.21,19649.0,409.289,126
2024-11-08 11:25:00-05:00,409.12,409.87,408.92,409.87,16361.0,409.42,66
2024-11-08 11:30:00-05:00,409.89,410.08,409.13,409.59,8131.0,409.615,71
2024-11-08 11:35:00-05:00,409.69,410.56,409.69,410.56,6160.0,410.246,53
2024-11-08 11:40:00-05:00,410.48,410.57,409.95,410.3,5109.0,410.256,40
2024-11-08 11:45:00-05:00,410.3,410.3,409.19,410.04,11370.0,409.724,84
2024-11-08 11:50:00-05:00,410.05,411.57,409.84,411.56,14631.0,410.38,42
2024-11-08 11:55:00-05:00,411.53,411.53,410.27,410.51,7097.0,410.93,63
2024-11-08 12:00:00-05:00,410.5,410.78,410.17,410.35,6994.0,410.461,45
2024-11-08 12:05:00-05:00,410.38,410.81,410.19,410.81,5151.0,410.373,40
2024-11-08 12:10:00-05:00,410.77,411.07,410.72,410.85,3727.0,410.925,23
2024-11-08 12:15:00-05:00,410.85,411.35,410.84,411.21,2948.0,411.06,23
2024-11-08 12:20:00-05:00,411.1,411.31,410.39,410.39,6753.0,411.062,46
2024-11-08 12:25:00-05:00,410.32,410.66,410.29,410.56,1671.0,410.45,14
2024-11-08 12:30:00-05:00,410.38,410.59,410.21,410.36,3032.0,410.391,27
2024-11-08 12:35:00-05:00,410.47,410.93,410.21,410.93,4467.0,410.558,37
2024-11-08 12:40:00-05:00,410.97,411.01,410.86,410.99,1410.0,410.965,13
2024-11-08 12:45:00-05:00,410.9,411.12,410.63,411.12,6492.0,410.917,32
2024-11-08 12:50:00-05:00,410.71,411.4,410.71,411.03,4202.0,411.047,33
2024-11-08 12:55:00-05:00,411.11,411.25,410.78,411.25,4733.0,410.942,22
2024-11-08 13:00:00-05:00,411.07,411.64,411.02,411.45,2082.0,411.365,18
2024-11-08 13:05:00-05:00,411.44,411.74,410.16,410.16,5742.0,411.318,42
2024-11-08 13:10:00-05:00,410.04,410.41,410.04,410.41,1007.0,410.235,6
2024-11-08 13:15:00-05:00,410.35,410.41,410.17,410.29,1398.0,410.234,12
2024-11-08 13:20:00-05:00,410.31,410.55,410.08,410.34,2094.0,410.394,11
2024-11-08 13:25:00-05:00,410.72,411.22,410.55,411.11,4397.0,410.915,26
2024-11-08 13:30:00-05:00,411.11,411.62,410.93,411.62,4482.0,411.115,36
2024-11-08 13:35:00-05:00,411.89,412.01,411.57,412.0,4909.0,411.775,31
2024-11-08 13:40:00-05:00,411.8,412.5,411.79,412.2,19517.0,412.242,71
2024-11-08 13:45:00-05:00,412.4,412.58,412.19,412.38,2218.0,412.368,18
2024-11-08 13:50:00-05:00,412.31,412.67,412.18,412.18,4546.0,412.471,40
2024-11-08 13:55:00-05:00,412.04,412.7,412.01,412.53,6161.0,412.369,45
2024-11-08 14:00:00-05:00,412.54,412.87,412.49,412.83,16987.0,412.707,69
2024-11-08 14:05:00-05:00,412.89,413.25,412.88,413.25,5630.0,413.092,45
2024-11-08 14:10:00-05:00,413.02,413.23,412.63,412.82,5933.0,412.977,51
2024-11-08 14:15:00-05:00,412.62,412.88,412.43,412.84,3913.0,412.677,33
2024-11-08 14:20:00-05:00,412.78,413.7,412.76,413.58,5695.0,413.262,50
2024-11-08 14:25:00-05:00,413.61,413.74,413.0,413.01,6299.0,413.54,49
2024-11-08 14:30:00-05:00,413.12,413.12,412.76,412.89,3929.0,412.905,37
2024-11-08 14:35:00-05:00,413.0,413.33,412.93,413.33,3684.0,413.156,32
2024-11-08 14:40:00-05:00,413.26,413.26,413.03,413.19,3568.0,413.165,31
2024-11-08 14:45:00-05:00,413.08,413.08,412.65,412.66,3382.0,412.873,28
2024-11-08 14:50:00-05:00,412.67,412.67,412.13,412.19,4165.0,412.392,35
2024-11-08 14:55:00-05:00,412.34,412.52,412.34,412.43,4155.0,412.429,32
2024-11-08 15:00:00-05:00,412.43,412.48,412.01,412.33,6865.0,412.294,61
2024-11-08 15:05:00-05:00,412.39,412.66,412.21,412.27,5034.0,412.419,42
2024-11-08 15:10:00-05:00,412.38,412.38,411.41,411.41,4713.0,411.899,38
2024-11-08 15:15:00-05:00,411.52,411.72,411.33,411.47,7731.0,411.519,69
2024-11-08 15:20:00-05:00,411.24,411.36,410.69,410.88,4865.0,410.89,32
2024-11-08 15:25:00-05:00,411.05,411.55,410.96,411.44,7133.0,411.28,64
2024-11-08 15:30:00-05:00,411.42,411.42,410.52,410.52,7446.0,411.021,63
2024-11-08 15:35:00-05:00,410.65,410.73,410.42,410.52,8518.0,410.571,76
2024-11-08 15:40:00-05:00,410.59,410.69,410.04,410.06,9479.0,410.4,83
2024-11-08 15:45:00-05:00,410.16,410.4,409.83,409.98,10792.0,410.113,93
2024-11-08 15:50:00-05:00,409.98,410.49,409.74,410.22,23763.0,410.068,197
2024-11-08 15:55:00-05:00,410.09,410.93,409.92,410.62,67636.0,410.609,496
2024-11-11 09:30:00-05:00,413.17,416.86,411.58,413.07,23382.0,413.801,92
2024-11-11 09:35:00-05:00,413.35,414.44,412.05,413.83,9220.0,412.574,51
2024-11-11 09:40:00-05:00,413.02,413.5,412.22,413.24,10623.0,413.128,74
2024-11-11 09:45:00-05:00,412.86,414.97,412.21,414.97,4616.0,413.29,27
2024-11-11 09:50:00-05:00,414.32,414.44,413.11,413.23,4031.0,413.679,25
2024-11-11 09:55:00-05:00,413.36,414.16,413.02,413.82,7115.0,413.492,62
2024-11-11 10:00:00-05:00,413.8,413.8,412.09,412.8,17321.0,413.088,82
2024-11-11 10:05:00-05:00,412.57,412.57,411.42,411.44,7787.0,411.939,68
2024-11-11 10:10:00-05:00,411.3,411.62,410.81,411.22,4041.0,411.105,22
2024-11-11 10:15:00-05:00,411.06,411.91,410.93,411.44,9701.0,411.355,69
2024-11-11 10:20:00-05:00,411.44,412.27,411.29,411.29,3218.0,411.743,29
2024-11-11 10:25:00-05:00,411.67,412.47,411.66,412.16,8019.0,411.981,63
2024-11-11 10:30:00-05:00,412.28,412.58,412.0,412.49,7393.0,412.307,49
2024-11-11 10:35:00-05:00,412.5,412.8,412.33,412.69,9152.0,412.502,71
2024-11-11 10:40:00-05:00,412.79,412.83,412.17,412.83,3830.0,412.465,34
2024-11-11 10:45:00-05:00,412.96,412.99,412.64,412.81,1600.0,412.843,16
2024-11-11 10:50:00-05:00,413.06,413.17,412.76,412.83,1700.0,412.993,17
2024-11-11 10:55:00-05:00,412.94,413.55,412.76,413.35,4479.0,413.233,42
2024-11-11 11:00:00-05:00,413.53,414.56,413.36,414.18,6060.0,413.992,55
2024-11-11 11:05:00-05:00,414.0,414.12,413.71,413.73,10398.0,413.953,69
2024-11-11 11:10:00-05:00,413.81,413.92,413.43,413.62,4844.0,413.703,37
2024-11-11 11:15:00-05:00,413.61,413.61,413.01,413.07,5211.0,413.289,37
2024-11-11 11:20:00-05:00,413.27,413.29,412.45,412.64,5237.0,413.039,50
2024-11-11 11:25:00-05:00,412.74,413.21,412.52,413.11,7402.0,412.73,68
2024-11-11 11:30:00-05:00,413.05,414.04,412.83,414.03,4904.0,413.392,35
2024-11-11 11:35:00-05:00,414.21,414.21,413.86,414.03,2142.0,413.98,17
2024-11-11 11:40:00-05:00,414.03,414.24,413.86,414.16,4544.0,414.099,39
2024-11-11 11:45:00-05:00,414.16,414.38,413.86,414.06,8890.0,414.085,57
2024-11-11 11:50:00-05:00,414.15,414.31,414.01,414.01,3567.0,414.111,25
2024-11-11 11:55:00-05:00,414.16,414.2,414.08,414.13,1351.0,414.15,11
2024-11-11 12:00:00-05:00,414.01,414.35,413.88,414.19,5207.0,414.071,36
2024-11-11 12:05:00-05:00,414.34,414.46,414.15,414.42,3686.0,414.289,35
2024-11-11 12:10:00-05:00,414.46,414.46,414.21,414.24,2742.0,414.302,17
2024-11-11 12:15:00-05:00,414.18,414.18,413.57,413.63,5459.0,413.873,46
2024-11-11 12:20:00-05:00,413.62,413.98,413.62,413.86,4394.0,413.807,38
2024-11-11 12:25:00-05:00,413.83,413.93,413.72,413.91,2618.0,413.847,25
2024-11-11 12:30:00-05:00,413.81,413.84,413.33,413.66,4252.0,413.588,32
2024-11-11 12:35:00-05:00,413.6,413.77,413.58,413.77,2838.0,413.687,25
2024-11-11 12:40:00-05:00,413.78,413.83,413.6,413.68,1325.0,413.714,11
2024-11-11 12:45:00-05:00,413.69,413.87,413.62,413.67,4655.0,413.689,36
2024-11-11 12:50:00-05:00,413.71,413.9,413.66,413.81,5042.0,413.801,48
2024-11-11 12:55:00-05:00,413.81,414.11,413.66,413.97,10928.0,413.894,90
2024-11-11 13:00:00-05:00,413.94,413.95,413.49,413.67,13968.0,413.763,119
2024-11-11 13:05:00-05:00,413.67,414.02,413.53,413.89,3384.0,413.745,32
2024-11-11 13:10:00-05:00,413.74,413.74,412.84,412.85,7869.0,413.302,49
2024-11-11 13:15:00-05:00,412.85,413.03,412.79,412.96,2159.0,412.889,19
2024-11-11 13:20:00-05:00,413.05,413.15,412.87,413.15,3327.0,412.975,31
2024-11-11 13:25:00-05:00,413.17,413.6,413.17,413.52,1547.0,413.427,15
2024-11-11 13:30:00-05:00,413.59,413.59,413.02,413.23,3724.0,413.271,34
2024-11-11 13:35:00-05:00,413.18,413.43,413.18,413.36,3572.0,413.312,33
2024-11-11 13:40:00-05:00,413.45,413.71,413.41,413.71,2555.0,413.53,21
2024-11-11 13:45:00-05:00,413.57,413.71,413.29,413.3,2966.0,413.446,25
2024-11-11 13:50:00-05:00,413.28,413.65,413.27,413.33,7743.0,413.423,44
2024-11-11 13:55:00-05:00,413.33,413.48,413.06,413.12,10779.0,413.303,78
2024-11-11 14:00:00-05:00,413.3,413.35,412.99,413.21,2409.0,413.182,22
2024-11-11 14:05:00-05:00,413.11,413.27,412.99,413.04,14291.0,413.107,107
2024-11-11 14:10:00-05:00,413.03,413.37,412.91,413.19,5362.0,413.088,52
2024-11-11 14:15:00-05:00,413.32,413.32,413.06,413.29,2306.0,413.212,21
2024-11-11 14:20:00-05:00,413.17,413.56,413.16,413.49,3182.0,413.414,30
2024-11-11 14:25:00-05:00,413.66,414.02,413.66,413.86,3704.0,413.826,25
2024-11-11 14:30:00-05:00,413.98,414.47,413.86,414.47,5517.0,414.053,50
2024-11-11 14:35:00-05:00,414.48,414.51,414.35,414.43,3445.0,414.443,25
2024-11-11 14:40:00-05:00,414.55,414.81,414.55,414.68,11349.0,414.692,78
2024-11-11 14:45:00-05:00,414.8,415.26,414.76,415.25,8842.0,415.058,83
2024-11-11 14:50:00-05:00,415.25,415.25,414.57,414.68,9713.0,415.041,83
2024-11-11 14:55:00-05:00,414.55,414.81,414.55,414.65,2974.0,414.689,27
2024-11-11 15:00:00-05:00,414.56,414.65,414.46,414.6,5501.0,414.565,51
2024-11-11 15:05:00-05:00,414.53,414.87,414.52,414.87,2661.0,414.691,26
2024-11-11 15:10:00-05:00,414.82,415.0,414.43,414.44,4113.0,414.741,34
2024-11-11 15:15:00-05:00,414.43,414.68,414.31,414.67,3854.0,414.538,33
2024-11-11 15:20:00-05:00,414.61,414.85,414.57,414.74,4659.0,414.697,41
2024-11-11 15:25:00-05:00,414.65,414.7,414.52,414.6,3942.0,414.613,37
2024-11-11 15:30:00-05:00,414.52,414.55,413.82,414.03,14803.0,414.158,107
2024-11-11 15:35:00-05:00,414.06,414.44,414.05,414.42,8248.0,414.227,62
2024-11-11 15:40:00-05:00,414.42,414.71,414.36,414.47,6109.0,414.489,54
2024-11-11 15:45:00-05:00,414.54,414.95,414.46,414.5,11662.0,414.795,100
2024-11-11 15:50:00-05:00,414.29,415.12,414.21,414.93,17766.0,414.761,140
2024-11-11 15:55:00-05:00,415.04,415.14,414.45,415.07,65006.0,414.854,496
2024-11-12 09:30:00-05:00,414.94,416.64,414.0,414.94,30849.0,415.005,78
2024-11-12 09:35:00-05:00,414.94,415.4,413.48,414.76,8730.0,414.46,72
2024-11-12 09:40:00-05:00,415.5,415.79,414.58,415.27,6905.0,415.313,39
2024-11-12 09:45:00-05:00,414.7,416.06,413.93,414.44,25098.0,415.209,106
2024-11-12 09:50:00-05:00,414.44,414.48,413.52,413.6,5056.0,413.864,46
2024-11-12 09:55:00-05:00,413.6,413.75,412.52,412.52,27264.0,413.603,57
2024-11-12 10:00:00-05:00,412.71,412.87,410.73,411.51,27300.0,411.491,197
2024-11-12 10:05:00-05:00,411.3,411.32,409.73,411.25,29563.0,410.977,166
2024-11-12 10:10:00-05:00,411.26,412.53,411.02,412.36,23203.0,411.676,77
2024-11-12 10:15:00-05:00,412.51,412.61,412.15,412.61,2700.0,412.355,25
2024-11-12 10:20:00-05:00,412.11,412.17,411.33,412.12,6736.0,411.934,60
2024-11-12 10:25:00-05:00,412.03,412.47,411.05,411.95,14361.0,411.693,120
2024-11-12 10:30:00-05:00,412.05,412.22,411.06,411.48,5456.0,411.537,50
2024-11-12 10:35:00-05:00,411.3,411.53,411.02,411.3,55662.0,411.275,241
2024-11-12 10:40:00-05:00,411.44,411.44,409.6,409.91,41036.0,411.099,189
2024-11-12 10:45:00-05:00,409.94,410.72,409.67,410.72,2585.0,410.163,21
2024-11-12 10:50:00-05:00,410.94,411.89,410.94,411.8,2345.0,411.552,21
2024-11-12 10:55:00-05:00,412.08,412.08,411.35,412.03,1220.0,411.786,12
2024-11-12 11:00:00-05:00,411.69,411.93,410.84,411.12,3971.0,411.331,36
2024-11-12 11:05:00-05:00,411.04,411.25,409.92,409.97,7586.0,410.79,70
2024-11-12 11:10:00-05:00,410.06,410.11,409.17,409.17,2910.0,409.646,24
2024-11-12 11:15:00-05:00,409.62,410.27,409.52,410.16,9202.0,409.795,78
2024-11-12 11:20:00-05:00,410.12,410.12,409.36,409.65,1300.0,409.777,13
2024-11-12 11:25:00-05:00,409.65,409.65,409.11,409.12,2200.0,409.322,22
2024-11-12 11:30:00-05:00,409.4,409.98,409.22,409.9,5730.0,409.689,44
2024-11-12 11:35:00-05:00,409.97,410.18,409.08,409.57,7625.0,409.601,64
2024-11-12 11:40:00-05:00,409.76,409.96,409.2,409.2,1301.0,409.561,11
2024-11-12 11:45:00-05:00,409.47,409.47,408.14,408.27,4003.0,408.954,35
2024-11-12 11:50:00-05:00,408.22,409.16,408.22,408.76,4231.0,408.807,31
2024-11-12 11:55:00-05:00,408.32,409.02,408.19,409.0,5613.0,408.679,45
2024-11-12 12:00:00-05:00,408.65,408.79,408.09,408.32,2138.0,408.485,21
2024-11-12 12:05:00-05:00,408.41,408.67,407.76,408.21,4263.0,408.209,37
2024-11-12 12:10:00-05:00,408.0,408.22,406.92,407.64,9903.0,407.515,81
2024-11-12 12:15:00-05:00,407.55,407.75,407.43,407.56,1968.0,407.596,19
2024-11-12 12:20:00-05:00,407.56,408.35,407.04,408.16,4601.0,407.791,39
2024-11-12 12:25:00-05:00,408.29,408.6,408.22,408.42,1300.0,408.404,13
2024-11-12 12:30:00-05:00,408.23,408.45,408.11,408.28,2887.0,408.257,26
2024-11-12 12:35:00-05:00,408.28,408.49,407.69,407.69,3381.0,408.132,28
2024-11-12 12:40:00-05:00,407.79,407.79,407.44,407.5,1650.0,407.62,16
2024-11-12 12:45:00-05:00,407.48,408.02,407.41,407.69,1501.0,407.671,15
2024-11-12 12:50:00-05:00,407.64,407.89,407.51,407.71,2084.0,407.666,16
2024-11-12 12:55:00-05:00,407.68,407.87,407.21,407.74,1721.0,407.446,15
2024-11-12 13:00:00-05:00,407.52,407.97,407.49,407.89,2525.0,407.805,25
2024-11-12 13:05:00-05:00,407.92,407.92,407.72,407.88,2551.0,407.812,19
2024-11-12 13:10:00-05:00,407.91,408.23,407.85,408.21,4137.0,408.071,39
2024-11-12 13:15:00-05:00,408.23,409.06,408.2,409.01,5797.0,408.558,36
2024-11-12 13:20:00-05:00,408.9,408.9,408.13,408.29,5432.0,408.426,50
2024-11-12 13:25:00-05:00,408.28,408.67,408.28,408.52,2991.0,408.42,24
2024-11-12 13:30:00-05:00,408.53,408.75,408.25,408.25,5898.0,408.633,45
2024-11-12 13:35:00-05:00,408.44,408.61,408.37,408.53,1501.0,408.482,15
2024-11-12 13:40:00-05:00,408.74,409.61,408.71,409.5,9573.0,409.139,55
2024-11-12 13:45:00-05:00,409.36,409.86,409.08,409.42,16708.0,409.403,90
2024-11-12 13:50:00-05:00,410.03,410.15,409.91,409.96,1400.0,410.011,14
2024-11-12 13:55:00-05:00,410.26,410.79,410.26,410.56,1600.0,410.493,16
2024-11-12 14:00:00-05:00,410.63,410.7,410.53,410.54,1702.0,410.59,16
2024-11-12 14:05:00-05:00,410.79,411.05,410.58,410.59,4570.0,410.814,39
2024-11-12 14:10:00-05:00,410.49,410.49,410.14,410.31,1300.0,410.346,13
2024-11-12 14:15:00-05:00,410.31,411.2,410.3,411.01,6661.0,410.919,45
2024-11-12 14:20:00-05:00,411.0,411.74,410.87,411.74,3013.0,411.068,25
2024-11-12 14:25:00-05:00,411.85,411.85,411.48,411.49,1650.0,411.662,14
2024-11-12 14:30:00-05:00,411.62,411.62,411.26,411.43,3567.0,411.438,22
2024-11-12 14:35:00-05:00,411.47,411.63,411.23,411.44,4100.0,411.433,40
2024-11-12 14:40:00-05:00,411.49,411.75,411.18,411.31,5328.0,411.63,45
2024-11-12 14:45:00-05:00,411.33,411.49,411.16,411.22,2950.0,411.258,21
2024-11-12 14:50:00-05:00,411.22,411.41,411.0,411.32,2750.0,411.18,26
2024-11-12 14:55:00-05:00,411.21,411.46,411.11,411.3,2549.0,411.277,21
2024-11-12 15:00:00-05:00,411.41,411.74,411.05,411.68,12567.0,411.277,114
2024-11-12 15:05:00-05:00,411.72,411.95,411.29,411.39,1527.0,411.525,15
2024-11-12 15:10:00-05:00,411.39,411.49,411.19,411.19,2877.0,411.332,25
2024-11-12 15:15:00-05:00,411.13,411.24,410.92,411.24,2955.0,411.14,28
2024-11-12 15:20:00-05:00,411.37,411.39,411.16,411.38,1988.0,411.271,19
2024-11-12 15:25:00-05:00,411.36,411.47,411.19,411.34,2445.0,411.303,21
2024-11-12 15:30:00-05:00,411.1,411.54,411.09,411.5,2945.0,411.404,25
2024-11-12 15:35:00-05:00,411.5,412.1,411.34,411.9,4588.0,411.677,40
2024-11-12 15:40:00-05:00,412.1,412.1,411.0,411.44,13707.0,411.338,115
2024-11-12 15:45:00-05:00,411.52,411.65,411.36,411.5,4287.0,411.48,40
2024-11-12 15:50:00-05:00,411.64,411.64,410.2,410.67,22550.0,410.594,205
2024-11-12 15:55:00-05:00,410.46,411.49,410.46,411.18,68126.0,411.012,429
2024-11-13 09:30:00-05:00,415.07,417.6,414.93,417.16,32728.0,416.02,149
2024-11-13 09:35:00-05:00,416.57,417.51,415.78,417.49,43767.0,416.596,50
2024-11-13 09:40:00-05:00,417.09,419.31,416.8,419.31,10193.0,417.546,82
2024-11-13 09:45:00-05:00,418.09,419.12,416.58,416.59,9928.0,417.267,65
2024-11-13 09:50:00-05:00,416.76,417.72,415.95,417.72,5789.0,416.473,54
2024-11-13 09:55:00-05:00,418.45,419.47,418.45,419.37,3595.0,418.942,28
2024-11-13 10:00:00-05:00,419.37,419.37,418.38,418.78,3939.0,418.776,37
2024-11-13 10:05:00-05:00,418.8,418.87,417.58,418.11,6663.0,418.413,45
2024-11-13 10:10:00-05:00,418.14,418.98,418.07,418.4,9520.0,418.628,80
2024-11-13 10:15:00-05:00,418.81,419.65,418.77,419.59,8995.0,419.113,66
2024-11-13 10:20:00-05:00,419.35,420.97,419.35,419.97,10450.0,420.185,74
2024-11-13 10:25:00-05:00,419.96,420.0,418.85,419.01,6875.0,419.584,49
2024-11-13 10:30:00-05:00,419.01,419.46,418.6,418.99,7451.0,419.029,50
2024-11-13 10:35:00-05:00,418.64,418.73,418.01,418.31,4378.0,418.482,21
2024-11-13 10:40:00-05:00,418.29,419.42,417.96,419.42,7115.0,418.858,58
2024-11-13 10:45:00-05:00,419.25,419.94,418.78,419.25,6230.0,419.551,44
2024-11-13 10:50:00-05:00,419.22,419.92,418.82,419.56,4914.0,419.325,34
2024-11-13 10:55:00-05:00,419.56,419.57,419.11,419.11,2554.0,419.369,21
2024-11-13 11:00:00-05:00,419.03,419.53,418.97,419.38,6488.0,419.196,51
2024-11-13 11:05:00-05:00,419.35,419.9,419.06,419.68,8812.0,419.476,64
2024-11-13 11:10:00-05:00,419.87,420.08,419.43,419.49,7725.0,419.668,51
2024-11-13 11:15:00-05:00,419.63,419.7,419.52,419.65,1400.0,419.601,14
2024-11-13 11:20:00-05:00,419.34,419.44,419.16,419.44,1534.0,419.311,14
2024-11-13 11:25:00-05:00,419.31,419.9,419.19,419.25,4617.0,419.523,37
2024-11-13 11:30:00-05:00,419.29,419.99,419.29,419.89,8673.0,419.779,52
2024-11-13 11:35:00-05:00,419.75,419.75,419.29,419.35,3345.0,419.6,30
2024-11-13 11:40:00-05:00,419.03,419.03,418.67,418.9,1723.0,418.801,14
2024-11-13 11:45:00-05:00,418.84,419.83,418.84,419.8,3139.0,419.441,31
2024-11-13 11:50:00-05:00,420.0,420.9,419.88,420.67,4703.0,420.502,36
2024-11-13 11:55:00-05:00,420.68,421.0,420.66,421.0,5256.0,420.803,41
2024-11-13 12:00:00-05:00,421.0,421.0,420.74,420.88,4884.0,420.848,45
2024-11-13 12:05:00-05:00,420.88,421.78,420.88,421.23,23065.0,421.096,73
2024-11-13 12:10:00-05:00,421.25,421.65,421.2,421.27,2080.0,421.339,18
2024-11-13 12:15:00-05:00,421.32,421.56,420.98,421.08,8108.0,421.247,55
2024-11-13 12:20:00-05:00,421.11,421.11,420.29,420.41,2500.0,420.664,18
2024-11-13 12:25:00-05:00,420.55,420.57,420.4,420.46,1327.0,420.478,11
2024-11-13 12:30:00-05:00,420.47,420.62,420.24,420.26,2226.0,420.389,22
2024-11-13 12:35:00-05:00,420.09,420.48,420.05,420.34,4101.0,420.188,31
2024-11-13 12:40:00-05:00,420.26,420.77,420.08,420.77,4246.0,420.39,32
2024-11-13 12:45:00-05:00,420.64,420.76,420.44,420.51,2920.0,420.569,27
2024-11-13 12:50:00-05:00,420.31,420.57,420.03,420.18,3022.0,420.15,21
2024-11-13 12:55:00-05:00,420.03,420.54,420.03,420.54,4947.0,420.286,36
2024-11-13 13:00:00-05:00,420.27,420.66,420.27,420.44,3269.0,420.521,26
2024-11-13 13:05:00-05:00,420.34,420.34,419.63,419.85,1829.0,420.062,17
2024-11-13 13:10:00-05:00,419.72,419.89,419.36,419.36,4360.0,419.598,35
2024-11-13 13:15:00-05:00,419.45,419.45,419.28,419.34,800.0,419.371,8
2024-11-13 13:20:00-05:00,419.25,419.44,418.51,418.72,5203.0,418.879,45
2024-11-13 13:25:00-05:00,418.7,418.7,418.4,418.4,939.0,418.563,9
2024-11-13 13:30:00-05:00,418.63,418.98,418.63,418.79,4367.0,418.836,39
2024-11-13 13:35:00-05:00,418.69,418.78,418.62,418.74,2020.0,418.698,19
2024-11-13 13:40:00-05:00,418.74,418.9,418.66,418.66,1429.0,418.763,12
2024-11-13 13:45:00-05:00,418.81,419.05,418.8,419.05,4470.0,418.897,37
2024-11-13 13:50:00-05:00,418.92,419.05,418.58,418.58,2247.0,418.819,21
2024-11-13 13:55:00-05:00,418.53,418.53,418.15,418.36,1798.0,418.41,14
2024-11-13 14:00:00-05:00,418.29,418.48,418.11,418.14,2400.0,418.281,15
2024-11-13 14:05:00-05:00,418.24,418.27,417.36,417.53,5978.0,417.793,20
2024-11-13 14:10:00-05:00,417.5,417.68,417.31,417.49,4107.0,417.516,22
2024-11-13 14:15:00-05:00,417.27,417.5,417.05,417.16,4936.0,417.269,41
2024-11-13 14:20:00-05:00,417.16,417.59,416.5,417.13,10589.0,417.198,74
2024-11-13 14:25:00-05:00,417.22,417.31,417.09,417.19,3491.0,417.211,20
2024-11-13 14:30:00-05:00,417.03,417.62,417.03,417.4,3300.0,417.372,27
2024-11-13 14:35:00-05:00,417.25,417.25,416.52,416.52,2367.0,416.918,23
2024-11-13 14:40:00-05:00,416.52,416.52,416.14,416.52,6995.0,416.361,49
2024-11-13 14:45:00-05:00,416.57,416.76,416.19,416.25,5184.0,416.504,37
2024-11-13 14:50:00-05:00,416.31,416.51,416.31,416.34,2701.0,416.386,19
2024-11-13 14:55:00-05:00,416.5,416.5,416.07,416.23,4963.0,416.23,42
2024-11-13 15:00:00-05:00,416.27,416.27,415.33,415.56,6322.0,415.61,59
2024-11-13 15:05:00-05:00,415.6,416.01,415.59,415.95,2971.0,415.794,25
2024-11-13 15:10:00-05:00,415.99,416.41,415.94,416.41,3010.0,416.128,28
2024-11-13 15:15:00-05:00,416.48,416.75,416.06,416.44,4003.0,416.365,37
2024-11-13 15:20:00-05:00,416.5,416.73,416.45,416.52,2284.0,416.561,20
2024-11-13 15:25:00-05:00,416.52,416.52,416.0,416.1,5089.0,416.179,42
2024-11-13 15:30:00-05:00,416.0,416.23,415.79,416.0,14884.0,415.993,92
2024-11-13 15:35:00-05:00,416.2,416.82,416.14,416.29,4380.0,416.466,39
2024-11-13 15:40:00-05:00,416.39,416.58,416.22,416.58,7859.0,416.355,75
2024-11-13 15:45:00-05:00,416.67,416.67,415.81,416.0,6622.0,416.396,51
2024-11-13 15:50:00-05:00,415.92,415.92,415.2,415.45,25933.0,415.458,189
2024-11-13 15:55:00-05:00,415.26,415.32,414.77,415.0,87035.0,415.004,657
2024-11-14 09:30:00-05:00,413.68,415.0,412.88,414.31,12906.0,413.718,27
2024-11-14 09:35:00-05:00,413.78,414.0,412.17,412.17,3265.0,413.056,21
2024-11-14 09:40:00-05:00,412.07,413.31,411.93,413.31,2635.0,412.483,23
2024-11-14 09:45:00-05:00,412.5,414.37,412.24,414.19,7470.0,413.8,52
2024-11-14 09:50:00-05:00,414.52,415.05,413.35,413.78,6285.0,414.132,53
2024-11-14 09:55:00-05:00,413.78,414.94,413.78,414.19,2876.0,414.101,20
2024-11-14 10:00:00-05:00,413.92,414.41,413.54,413.84,5146.0,413.894,43
2024-11-14 10:05:00-05:00,413.52,413.52,411.77,411.77,2728.0,412.844,21
2024-11-14 10:10:00-05:00,411.88,413.22,411.88,412.87,2541.0,412.286,23
2024-11-14 10:15:00-05:00,412.97,412.97,412.03,412.13,3340.0,412.259,28
2024-11-14 10:20:00-05:00,412.06,412.7,411.8,411.82,3032.0,412.087,27
2024-11-14 10:25:00-05:00,412.35,412.99,412.17,412.99,5082.0,412.579,42
2024-11-14 10:30:00-05:00,412.54,412.79,411.82,412.79,4799.0,412.209,41
2024-11-14 10:35:00-05:00,413.18,413.82,413.0,413.8,2667.0,413.597,26
2024-11-14 10:40:00-05:00,413.95,413.99,413.45,413.67,3813.0,413.703,21
2024-11-14 10:45:00-05:00,413.73,414.08,413.41,413.5,2607.0,413.651,24
2024-11-14 10:50:00-05:00,413.38,413.38,412.84,412.86,3052.0,413.147,28
2024-11-14 10:55:00-05:00,412.86,413.24,412.66,412.66,1757.0,413.039,17
2024-11-14 11:00:00-05:00,412.53,412.74,412.01,412.01,1795.0,412.334,17
2024-11-14 11:05:00-05:00,412.05,412.76,412.02,412.76,7859.0,412.546,66
2024-11-14 11:10:00-05:00,412.59,413.94,412.58,413.94,10661.0,413.051,79
2024-11-14 11:15:00-05:00,413.48,414.28,413.47,413.78,10229.0,413.885,77
2024-11-14 11:20:00-05:00,414.18,414.18,412.27,412.81,9042.0,413.109,73
2024-11-14 11:25:00-05:00,412.79,413.23,412.51,413.23,1416.0,412.852,14
2024-11-14 11:30:00-05:00,413.05,413.05,412.37,412.41,1292.0,412.616,11
2024-11-14 11:35:00-05:00,412.4,412.84,412.32,412.62,3225.0,412.49,23
2024-11-14 11:40:00-05:00,412.61,413.08,412.6,412.77,2560.0,412.817,21
2024-11-14 11:45:00-05:00,412.77,413.02,412.39,412.41,2875.0,412.599,23
2024-11-14 11:50:00-05:00,412.64,412.74,412.12,412.32,1855.0,412.5,16
2024-11-14 11:55:00-05:00,412.12,412.18,411.92,412.06,2131.0,412.031,13
2024-11-14 12:00:00-05:00,412.27,412.27,411.69,412.09,1521.0,411.892,13
2024-11-14 12:05:00-05:00,411.76,412.03,411.7,411.89,3973.0,411.89,36
2024-11-14 12:10:00-05:00,411.7,411.8,411.42,411.44,5801.0,411.691,26
2024-11-14 12:15:00-05:00,411.22,411.43,410.92,411.36,5338.0,411.244,48
2024-11-14 12:20:00-05:00,411.41,411.68,411.28,411.4,2476.0,411.424,23
2024-11-14 12:25:00-05:00,411.4,411.56,411.09,411.12,3525.0,411.287,33
2024-11-14 12:30:00-05:00,410.88,411.1,410.6,410.81,3697.0,410.868,28
2024-11-14 12:35:00-05:00,410.91,411.47,410.83,411.38,5563.0,411.287,26
2024-11-14 12:40:00-05:00,411.55,411.55,411.49,411.5,3433.0,411.513,30
2024-11-14 12:45:00-05:00,411.5,411.51,409.84,409.98,5208.0,410.773,35
2024-11-14 12:50:00-05:00,409.97,410.51,409.95,410.33,5859.0,410.2,52
2024-11-14 12:55:00-05:00,410.31,410.69,410.31,410.49,8150.0,410.548,52
2024-11-14 13:00:00-05:00,410.21,410.35,409.81,410.26,1895.0,410.109,15
2024-11-14 13:05:00-05:00,410.33,410.52,410.18,410.52,2100.0,410.269,20
2024-11-14 13:10:00-05:00,410.56,410.78,410.49,410.59,4899.0,410.619,35
2024-11-14 13:15:00-05:00,410.58,410.64,410.55,410.55,600.0,410.579,6
2024-11-14 13:20:00-05:00,410.56,410.69,410.13,410.45,2331.0,410.434,19
2024-11-14 13:25:00-05:00,410.38,410.47,410.07,410.08,5076.0,410.331,27
2024-11-14 13:30:00-05:00,410.0,410.3,409.63,410.28,4855.0,409.973,41
2024-11-14 13:35:00-05:00,410.16,410.27,410.08,410.19,1406.0,410.177,13
2024-11-14 13:40:00-05:00,410.19,410.45,410.04,410.26,3669.0,410.268,36
2024-11-14 13:45:00-05:00,410.31,410.44,410.04,410.41,1984.0,410.244,17
2024-11-14 13:50:00-05:00,410.05,410.37,409.97,409.98,2201.0,410.114,20
2024-11-14 13:55:00-05:00,409.83,409.89,409.58,409.79,2506.0,409.768,17
2024-11-14 14:00:00-05:00,409.8,410.34,409.79,410.24,3075.0,410.093,23
2024-11-14 14:05:00-05:00,410.24,410.52,410.22,410.39,1692.0,410.383,15
2024-11-14 14:10:00-05:00,410.41,410.66,410.11,410.42,1704.0,410.397,14
2024-11-14 14:15:00-05:00,410.42,410.99,410.34,410.75,2735.0,410.693,20
2024-11-14 14:20:00-05:00,410.74,410.97,410.03,410.03,2764.0,410.54,21
2024-11-14 14:25:00-05:00,410.28,410.38,410.03,410.23,3639.0,410.233,31
2024-11-14 14:30:00-05:00,410.24,410.78,410.05,410.52,7120.0,410.311,40
2024-11-14 14:35:00-05:00,410.52,410.82,410.48,410.69,3975.0,410.618,23
2024-11-14 14:40:00-05:00,410.78,411.25,410.67,411.02,3518.0,410.973,31
2024-11-14 14:45:00-05:00,411.02,411.12,410.89,410.97,3019.0,410.968,28
2024-11-14 14:50:00-05:00,410.96,411.13,410.84,410.96,3748.0,410.951,30
2024-11-14 14:55:00-05:00,411.11,411.18,410.24,410.24,4378.0,410.747,31
2024-11-14 15:00:00-05:00,410.21,410.67,408.7,408.77,12253.0,409.764,114
2024-11-14 15:05:00-05:00,409.09,409.19,408.76,408.91,4331.0,409.012,36
2024-11-14 15:10:00-05:00,408.9,409.67,408.8,409.24,5927.0,409.302,54
2024-11-14 15:15:00-05:00,409.23,410.1,409.22,409.81,5200.0,409.737,49
2024-11-14 15:20:00-05:00,409.67,410.27,409.5,410.14,5081.0,409.76,46
2024-11-14 15:25:00-05:00,410.14,410.31,409.87,410.03,6275.0,410.093,40
2024-11-14 15:30:00-05:00,410.26,410.54,409.98,410.22,7556.0,410.274,69
2024-11-14 15:35:00-05:00,410.24,410.65,410.21,410.56,4186.0,410.46,38
2024-11-14 15:40:00-05:00,410.5,410.61,410.29,410.42,5069.0,410.442,47
2024-11-14 15:45:00-05:00,410.41,410.41,409.85,409.85,9056.0,410.203,82
2024-11-14 15:50:00-05:00,409.85,410.43,409.76,410.25,17645.0,410.015,150
2024-11-14 15:55:00-05:00,410.13,410.42,409.92,410.1,57932.0,410.145,495
2024-11-15 09:30:00-05:00,402.54,405.44,401.37,404.75,96911.0,402.72,72
2024-11-15 09:35:00-05:00,405.3,406.59,403.72,405.62,7360.0,405.213,59
2024-11-15 09:40:00-05:00,405.17,406.07,404.28,405.92,12062.0,405.208,95
2024-11-15 09:45:00-05:00,406.45,406.59,405.24,406.28,8674.0,405.944,57
2024-11-15 09:50:00-05:00,406.28,407.0,404.44,406.95,16955.0,405.501,102
2024-11-15 09:55:00-05:00,406.51,406.85,405.98,406.35,10296.0,406.318,83
2024-11-15 10:00:00-05:00,406.09,406.19,404.83,405.67,10135.0,405.457,91
2024-11-15 10:05:00-05:00,405.38,406.2,404.98,405.75,25034.0,405.498,217
2024-11-15 10:10:00-05:00,405.85,406.33,405.68,405.79,2543.0,405.855,16
2024-11-15 10:15:00-05:00,406.22,406.83,405.87,406.08,2499.0,406.398,21
2024-11-15 10:20:00-05:00,406.08,406.08,404.89,405.55,5852.0,405.62,33
2024-11-15 10:25:00-05:00,405.74,405.84,405.23,405.69,1894.0,405.599,17
2024-11-15 10:30:00-05:00,405.53,406.15,405.47,405.79,2543.0,405.815,23
2024-11-15 10:35:00-05:00,406.0,406.33,405.41,405.68,2914.0,405.87,27
2024-11-15 10:40:00-05:00,405.65,405.68,404.95,404.95,12018.0,405.339,56
2024-11-15 10:45:00-05:00,405.39,405.79,404.91,405.23,9933.0,405.318,83
2024-11-15 10:50:00-05:00,405.68,406.0,405.4,405.43,4934.0,405.718,42
2024-11-15 10:55:00-05:00,405.49,405.49,404.98,405.45,3739.0,405.282,31
2024-11-15 11:00:00-05:00,405.11,405.11,404.8,404.8,2714.0,404.959,22
2024-11-15 11:05:00-05:00,404.88,405.22,404.68,404.77,4068.0,404.816,37
2024-11-15 11:10:00-05:00,404.79,405.8,404.78,405.75,2675.0,405.339,25
2024-11-15 11:15:00-05:00,405.44,405.7,405.22,405.22,1092.0,405.423,6
2024-11-15 11:20:00-05:00,405.22,406.07,405.16,405.89,2788.0,405.447,25
2024-11-15 11:25:00-05:00,406.24,406.42,405.52,405.99,1100.0,406.019,11
2024-11-15 11:30:00-05:00,406.45,406.53,405.9,406.04,1614.0,406.172,12
2024-11-15 11:35:00-05:00,405.93,406.14,405.65,405.65,2012.0,405.927,14
2024-11-15 11:40:00-05:00,405.78,405.99,405.28,405.28,6194.0,405.72,45
2024-11-15 11:45:00-05:00,405.2,405.96,405.18,405.96,2394.0,405.517,22
2024-11-15 11:50:00-05:00,406.26,406.71,406.15,406.38,4640.0,406.526,36
2024-11-15 11:55:00-05:00,406.04,406.21,405.68,406.21,5509.0,405.934,15
2024-11-15 12:00:00-05:00,406.24,406.24,405.28,405.68,1707.0,405.643,15
2024-11-15 12:05:00-05:00,405.67,406.23,405.5,406.15,9042.0,405.751,31
2024-11-15 12:10:00-05:00,405.82,406.0,405.82,405.94,1540.0,405.911,13
2024-11-15 12:15:00-05:00,405.72,405.79,405.58,405.78,500.0,405.653,5
2024-11-15 12:20:00-05:00,406.0,406.02,405.65,405.68,800.0,405.845,8
2024-11-15 12:25:00-05:00,405.72,405.72,404.88,405.16,5000.0,405.338,33
2024-11-15 12:30:00-05:00,405.03,405.03,404.96,405.02,1901.0,404.983,17
2024-11-15 12:35:00-05:00,404.97,404.97,404.66,404.91,4743.0,404.865,42
2024-11-15 12:40:00-05:00,404.96,405.59,404.87,405.59,3217.0,405.155,32
2024-11-15 12:45:00-05:00,405.62,405.73,405.44,405.55,1679.0,405.597,14
2024-11-15 12:50:00-05:00,405.53,405.53,405.09,405.09,2632.0,405.395,19
2024-11-15 12:55:00-05:00,405.12,405.32,404.62,405.26,2407.0,405.059,16
2024-11-15 13:00:00-05:00,405.1,405.32,404.98,405.06,2012.0,405.239,8
2024-11-15 13:05:00-05:00,404.96,405.55,404.96,405.36,4600.0,405.284,20
2024-11-15 13:10:00-05:00,405.56,405.56,405.49,405.53,945.0,405.516,9
2024-11-15 13:15:00-05:00,405.59,406.02,405.59,406.02,956.0,405.748,6
2024-11-15 13:20:00-05:00,406.05,406.24,405.88,405.88,1359.0,406.088,8
2024-11-15 13:25:00-05:00,406.18,406.36,406.06,406.36,1278.0,406.249,12
2024-11-15 13:30:00-05:00,406.27,406.44,406.23,406.25,1230.0,406.27,12
2024-11-15 13:35:00-05:00,406.25,406.75,406.04,406.75,3782.0,406.3,33
2024-11-15 13:40:00-05:00,406.66,406.75,406.51,406.51,784.0,406.627,6
2024-11-15 13:45:00-05:00,406.72,406.74,406.35,406.35,827.0,406.548,8
2024-11-15 13:50:00-05:00,406.5,406.51,405.95,406.21,2241.0,406.237,22
2024-11-15 13:55:00-05:00,405.96,406.17,405.61,405.94,2623.0,405.893,13
2024-11-15 14:00:00-05:00,406.18,406.25,406.05,406.05,946.0,406.144,9
2024-11-15 14:05:00-05:00,406.31,406.5,406.05,406.5,900.0,406.242,6
2024-11-15 14:10:00-05:00,406.55,406.55,406.29,406.35,1091.0,406.341,9
2024-11-15 14:15:00-05:00,406.28,406.28,406.28,406.28,100.0,406.28,1
2024-11-15 14:20:00-05:00,406.38,406.84,405.59,405.86,15693.0,406.324,90
2024-11-15 14:25:00-05:00,405.72,405.72,405.38,405.38,500.0,405.591,4
2024-11-15 14:30:00-05:00,405.37,405.48,405.06,405.44,10653.0,405.256,89
2024-11-15 14:35:00-05:00,405.44,405.62,405.44,405.44,877.0,405.462,6
2024-11-15 14:40:00-05:00,405.44,405.83,405.24,405.75,3170.0,405.516,25
2024-11-15 14:45:00-05:00,405.75,406.15,405.75,406.14,1428.0,405.93,12
2024-11-15 14:50:00-05:00,406.14,406.36,405.73,405.99,2310.0,405.913,17
2024-11-15 14:55:00-05:00,405.98,405.98,405.72,405.72,647.0,405.834,3
2024-11-15 15:00:00-05:00,406.01,406.27,405.95,406.01,517.0,406.08,4
2024-11-15 15:05:00-05:00,405.81,406.38,405.81,406.1,6776.0,406.114,44
2024-11-15 15:10:00-05:00,406.03,406.41,406.03,406.35,1174.0,406.257,9
2024-11-15 15:15:00-05:00,406.21,406.7,405.8,406.7,3926.0,406.108,21
2024-11-15 15:20:00-05:00,406.36,406.36,406.2,406.36,1319.0,406.328,10
2024-11-15 15:25:00-05:00,406.12,406.45,405.98,406.44,5069.0,406.194,32
2024-11-15 15:30:00-05:00,406.25,406.36,406.13,406.31,2112.0,406.273,19
2024-11-15 15:35:00-05:00,406.35,406.75,406.35,406.47,2723.0,406.545,22
2024-11-15 15:40:00-05:00,406.5,406.5,406.24,406.25,1425.0,406.333,13
2024-11-15 15:45:00-05:00,406.33,407.08,406.28,406.64,3720.0,406.754,35
2024-11-15 15:50:00-05:00,406.48,407.57,406.41,407.4,8633.0,406.979,67
2024-11-15 15:55:00-05:00,407.25,407.73,407.04,407.64,37501.0,407.391,271
2024-11-18 09:30:00-05:00,409.54,409.88,407.54,409.21,18090.0,409.405,22
2024-11-18 09:35:00-05:00,408.87,409.84,408.67,408.67,1753.0,409.294,17
2024-11-18 09:40:00-05:00,409.14,409.49,408.21,408.82,2821.0,408.867,25
2024-11-18 09:45:00-05:00,408.36,408.88,406.97,408.19,4464.0,407.662,36
2024-11-18 09:50:00-05:00,408.08,408.58,406.89,408.09,2677.0,407.981,14
2024-11-18 09:55:00-05:00,408.1,408.13,407.56,408.11,5073.0,408.118,15
2024-11-18 10:00:00-05:00,408.11,408.98,407.01,408.81,13931.0,408.272,61
2024-11-18 10:05:00-05:00,408.9,410.11,408.89,409.81,2468.0,409.667,21
2024-11-18 10:10:00-05:00,410.12,410.62,409.93,410.62,6103.0,410.226,31
2024-11-18 10:15:00-05:00,410.74,411.09,410.53,411.09,3972.0,410.753,21
2024-11-18 10:20:00-05:00,411.2,411.53,410.48,410.71,7716.0,410.893,39
2024-11-18 10:25:00-05:00,410.89,411.42,410.74,411.25,4820.0,411.136,30
2024-11-18 10:30:00-05:00,411.07,411.14,410.57,410.85,4449.0,410.862,36
2024-11-18 10:35:00-05:00,411.06,411.06,410.33,410.34,700.0,410.74,7
2024-11-18 10:40:00-05:00,410.63,411.23,410.22,411.0,6952.0,410.691,52
2024-11-18 10:45:00-05:00,411.39,411.82,410.61,411.46,2300.0,411.27,19
2024-11-18 10:50:00-05:00,411.85,412.08,411.58,411.78,2899.0,411.752,25
2024-11-18 10:55:00-05:00,411.79,412.1,411.6,411.9,2759.0,411.892,24
2024-11-18 11:00:00-05:00,411.9,412.57,411.84,412.19,3119.0,412.04,30
2024-11-18 11:05:00-05:00,412.25,412.5,411.85,412.3,5988.0,412.131,50
2024-11-18 11:10:00-05:00,412.18,412.33,411.92,412.29,3542.0,412.193,31
2024-11-18 11:15:00-05:00,412.25,413.18,412.24,413.18,2464.0,412.576,23
2024-11-18 11:20:00-05:00,413.18,413.3,412.73,412.9,4000.0,412.976,33
2024-11-18 11:25:00-05:00,412.94,412.99,412.65,412.65,2786.0,412.841,25
2024-11-18 11:30:00-05:00,412.87,413.3,412.85,413.13,2150.0,413.038,15
2024-11-18 11:35:00-05:00,413.12,413.25,412.83,413.25,1606.0,413.07,15
2024-11-18 11:40:00-05:00,413.05,413.16,412.57,412.65,1876.0,412.961,18
2024-11-18 11:45:00-05:00,412.61,412.94,412.56,412.65,1213.0,412.704,11
2024-11-18 11:50:00-05:00,412.73,412.75,412.41,412.41,1542.0,412.555,11
2024-11-18 11:55:00-05:00,412.68,412.73,412.41,412.71,964.0,412.621,9
2024-11-18 12:00:00-05:00,412.62,412.93,412.35,412.35,4873.0,412.649,43
2024-11-18 12:05:00-05:00,412.25,412.38,411.92,411.92,5132.0,412.242,10
2024-11-18 12:10:00-05:00,411.94,412.31,411.88,411.88,4246.0,411.965,18
2024-11-18 12:15:00-05:00,411.86,412.12,411.49,411.86,1300.0,411.827,11
2024-11-18 12:20:00-05:00,411.88,412.17,411.8,411.87,3650.0,412.021,26
2024-11-18 12:25:00-05:00,411.99,411.99,411.6,411.68,900.0,411.752,9
2024-11-18 12:30:00-05:00,411.54,411.8,411.54,411.8,1500.0,411.616,15
2024-11-18 12:35:00-05:00,411.85,411.85,411.27,411.28,4730.0,411.495,42
2024-11-18 12:40:00-05:00,411.22,411.83,411.22,411.8,7876.0,411.483,59
2024-11-18 12:45:00-05:00,411.8,412.05,411.79,411.8,600.0,411.868,6
2024-11-18 12:50:00-05:00,411.98,411.98,411.37,411.57,1583.0,411.575,13
2024-11-18 12:55:00-05:00,411.6,412.01,411.55,411.55,2729.0,411.761,23
2024-11-18 13:00:00-05:00,411.55,411.56,411.17,411.17,1800.0,411.369,18
2024-11-18 13:05:00-05:00,411.23,411.26,410.86,411.15,4124.0,411.054,19
2024-11-18 13:10:00-05:00,411.04,411.69,410.9,411.35,7055.0,411.18,49
2024-11-18 13:15:00-05:00,411.35,411.57,411.12,411.12,3463.0,411.394,23
2024-11-18 13:20:00-05:00,411.11,411.12,410.59,410.61,6578.0,410.85,32
2024-11-18 13:25:00-05:00,410.92,410.92,410.56,410.64,985.0,410.675,5
2024-11-18 13:30:00-05:00,410.65,410.96,410.62,410.96,3000.0,410.751,17
2024-11-18 13:35:00-05:00,410.92,410.92,410.52,410.52,3564.0,410.76,27
2024-11-18 13:40:00-05:00,410.5,410.5,409.85,409.89,2300.0,410.162,22
2024-11-18 13:45:00-05:00,409.89,410.61,409.72,410.61,10451.0,410.1,78
2024-11-18 13:50:00-05:00,410.46,411.45,410.46,411.28,4402.0,411.053,33
2024-11-18 13:55:00-05:00,411.28,411.62,411.14,411.26,3451.0,411.294,32
2024-11-18 14:00:00-05:00,411.07,411.23,411.07,411.23,400.0,411.175,4
2024-11-18 14:05:00-05:00,411.23,411.23,410.85,410.86,2258.0,411.008,15
2024-11-18 14:10:00-05:00,410.86,411.06,410.5,410.5,4626.0,410.806,41
2024-11-18 14:15:00-05:00,410.58,410.58,410.29,410.33,822.0,410.419,8
2024-11-18 14:20:00-05:00,410.1,410.31,409.8,409.81,2480.0,410.102,22
2024-11-18 14:25:00-05:00,409.81,410.08,409.53,409.53,2815.0,409.77,22
2024-11-18 14:30:00-05:00,409.68,409.68,408.97,409.04,4022.0,409.384,36
2024-11-18 14:35:00-05:00,409.36,409.36,408.43,408.68,11909.0,408.664,66
2024-11-18 14:40:00-05:00,408.79,409.21,408.72,409.07,3353.0,408.952,28
2024-11-18 14:45:00-05:00,409.04,409.06,408.59,408.73,2800.0,408.88,26
2024-11-18 14:50:00-05:00,408.7,408.76,408.42,408.44,7939.0,408.541,76
2024-11-18 14:55:00-05:00,408.18,408.18,407.83,408.01,4300.0,408.031,35
2024-11-18 15:00:00-05:00,408.07,408.68,407.97,408.52,8006.0,408.184,42
2024-11-18 15:05:00-05:00,408.71,408.71,407.98,408.09,5144.0,408.235,40
2024-11-18 15:10:00-05:00,408.22,408.96,408.19,408.67,5171.0,408.668,37
2024-11-18 15:15:00-05:00,408.6,409.09,408.58,409.02,1355.0,408.796,12
2024-11-18 15:20:00-05:00,409.12,409.18,409.06,409.14,2355.0,409.1,18
2024-11-18 15:25:00-05:00,409.14,409.47,409.06,409.47,3839.0,409.237,36
2024-11-18 15:30:00-05:00,409.28,409.3,408.68,408.69,6725.0,409.045,62
2024-11-18 15:35:00-05:00,408.72,409.17,408.68,408.84,2000.0,408.889,19
2024-11-18 15:40:00-05:00,408.84,409.0,408.64,408.78,3357.0,408.8,32
2024-11-18 15:45:00-05:00,408.85,409.61,408.85,409.37,6658.0,409.168,58
2024-11-18 15:50:00-05:00,409.4,409.4,409.02,409.17,10437.0,409.233,91
2024-11-18 15:55:00-05:00,409.28,409.69,408.8,409.57,65468.0,409.353,488
2024-11-19 09:30:00-05:00,405.36,407.36,403.31,407.24,9746.0,405.659,18
2024-11-19 09:35:00-05:00,407.29,408.31,406.94,407.14,2566.0,407.404,20
2024-11-19 09:40:00-05:00,407.14,407.97,406.72,407.04,3106.0,407.298,27
2024-11-19 09:45:00-05:00,406.84,407.96,406.36,406.37,5983.0,407.091,41
2024-11-19 09:50:00-05:00,406.28,407.03,406.28,406.93,1807.0,406.845,17
2024-11-19 09:55:00-05:00,406.52,406.61,405.92,406.0,4376.0,406.254,20
2024-11-19 10:00:00-05:00,405.99,406.48,404.98,406.23,5274.0,405.795,47
2024-11-19 10:05:00-05:00,406.57,406.75,406.07,406.61,2806.0,406.547,26
2024-11-19 10:10:00-05:00,406.89,407.85,406.75,407.85,3304.0,407.094,28
2024-11-19 10:15:00-05:00,407.06,407.85,406.86,407.85,4755.0,407.419,43
2024-11-19 10:20:00-05:00,407.52,408.25,407.38,408.16,6230.0,407.898,58
2024-11-19 10:25:00-05:00,408.16,409.19,407.81,409.18,12479.0,408.378,99
2024-11-19 10:30:00-05:00,408.99,409.24,408.53,408.99,3163.0,408.904,21
2024-11-19 10:35:00-05:00,409.27,410.55,409.12,410.55,5250.0,409.976,33
2024-11-19 10:40:00-05:00,410.55,410.81,409.91,410.5,6855.0,410.398,46
2024-11-19 10:45:00-05:00,410.55,410.96,410.39,410.96,3564.0,410.633,24
2024-11-19 10:50:00-05:00,411.15,411.48,410.9,410.9,3572.0,411.208,28
2024-11-19 10:55:00-05:00,410.99,411.95,410.78,411.95,4372.0,411.487,32
2024-11-19 11:00:00-05:00,411.5,411.97,411.4,411.42,1936.0,411.655,14
2024-11-19 11:05:00-05:00,411.71,411.92,411.57,411.57,1088.0,411.694,10
2024-11-19 11:10:00-05:00,411.88,411.96,411.76,411.78,1908.0,411.893,15
2024-11-19 11:15:00-05:00,411.84,412.58,411.77,412.43,7335.0,412.099,54
2024-11-19 11:20:00-05:00,412.63,413.18,412.63,413.18,2116.0,412.779,17
2024-11-19 11:25:00-05:00,413.16,413.46,412.87,413.46,2050.0,413.2,18
2024-11-19 11:30:00-05:00,413.44,414.06,413.25,414.06,3347.0,413.601,30
2024-11-19 11:35:00-05:00,414.04,414.33,414.04,414.22,10638.0,414.138,82
2024-11-19 11:40:00-05:00,414.39,414.69,414.24,414.43,2697.0,414.39,25
2024-11-19 11:45:00-05:00,414.72,414.78,414.0,414.0,4878.0,414.394,39
2024-11-19 11:50:00-05:00,413.94,414.19,413.59,414.19,4019.0,413.96,35
2024-11-19 11:55:00-05:00,414.38,414.4,414.09,414.13,2057.0,414.161,13
2024-11-19 12:00:00-05:00,413.98,413.98,413.76,413.81,1067.0,413.855,10
2024-11-19 12:05:00-05:00,413.99,414.21,413.9,414.18,2664.0,414.061,18
2024-11-19 12:10:00-05:00,414.21,414.21,413.75,413.76,2526.0,413.976,15
2024-11-19 12:15:00-05:00,413.99,414.03,413.81,413.99,1040.0,413.939,10
2024-11-19 12:20:00-05:00,413.95,414.11,413.62,413.85,3296.0,413.906,28
2024-11-19 12:25:00-05:00,413.98,414.21,413.94,414.04,1451.0,414.087,14
2024-11-19 12:30:00-05:00,414.12,414.42,413.81,414.42,2560.0,414.193,20
2024-11-19 12:35:00-05:00,414.28,414.44,414.28,414.3,1001.0,414.346,8
2024-11-19 12:40:00-05:00,414.09,414.34,413.95,413.97,2564.0,414.09,19
2024-11-19 12:45:00-05:00,413.96,414.26,413.95,414.06,629.0,414.114,5
2024-11-19 12:50:00-05:00,413.94,413.94,413.93,413.94,300.0,413.937,3
2024-11-19 12:55:00-05:00,413.9,414.04,413.56,413.56,1000.0,413.798,9
2024-11-19 13:00:00-05:00,413.37,413.37,412.99,413.13,404.0,413.212,4
2024-11-19 13:05:00-05:00,413.14,413.25,412.68,412.69,10530.0,412.85,68
2024-11-19 13:10:00-05:00,412.7,412.89,412.54,412.65,3238.0,412.769,24
2024-11-19 13:15:00-05:00,412.67,412.67,412.4,412.4,700.0,412.519,7
2024-11-19 13:20:00-05:00,412.22,412.22,412.21,412.22,100.0,412.215,1
2024-11-19 13:25:00-05:00,412.28,412.64,412.28,412.64,2218.0,412.411,18
2024-11-19 13:30:00-05:00,412.57,412.63,412.36,412.6,2367.0,412.53,12
2024-11-19 13:35:00-05:00,412.49,412.84,412.36,412.83,2177.0,412.614,20
2024-11-19 13:40:00-05:00,412.91,413.01,412.81,413.01,500.0,412.914,4
2024-11-19 13:45:00-05:00,412.97,413.27,412.76,413.06,2285.0,413.043,20
2024-11-19 13:50:00-05:00,413.3,413.38,412.88,413.38,2472.0,413.158,18
2024-11-19 13:55:00-05:00,413.4,413.66,413.28,413.45,1664.0,413.424,16
2024-11-19 14:00:00-05:00,413.5,413.5,413.18,413.41,3241.0,413.343,18
2024-11-19 14:05:00-05:00,413.46,413.81,413.46,413.8,1125.0,413.686,9
2024-11-19 14:10:00-05:00,413.95,413.97,413.87,413.97,4794.0,413.942,27
2024-11-19 14:15:00-05:00,413.82,413.82,413.71,413.81,1588.0,413.799,15
2024-11-19 14:20:00-05:00,414.03,414.38,413.97,414.33,2600.0,414.164,25
2024-11-19 14:25:00-05:00,414.34,414.5,413.98,414.29,3338.0,414.243,28
2024-11-19 14:30:00-05:00,414.31,414.31,413.7,413.83,3179.0,414.108,18
2024-11-19 14:35:00-05:00,413.79,413.9,413.56,413.81,1665.0,413.708,11
2024-11-19 14:40:00-05:00,413.71,413.71,413.08,413.27,4344.0,413.343,28
2024-11-19 14:45:00-05:00,413.27,413.27,412.23,412.39,2890.0,412.613,24
2024-11-19 14:50:00-05:00,412.46,413.25,412.46,412.97,3819.0,412.708,34
2024-11-19 14:55:00-05:00,412.92,413.31,412.9,413.21,3525.0,413.126,30
2024-11-19 15:00:00-05:00,413.22,413.38,413.04,413.18,1536.0,413.249,15
2024-11-19 15:05:00-05:00,412.89,413.26,412.88,413.1,4562.0,413.135,23
2024-11-19 15:10:00-05:00,413.26,413.36,413.06,413.24,2094.0,413.191,19
2024-11-19 15:15:00-05:00,413.14,413.14,412.76,413.08,2619.0,412.969,26
2024-11-19 15:20:00-05:00,413.11,413.3,412.94,413.16,5664.0,413.129,49
2024-11-19 15:25:00-05:00,413.19,413.43,413.12,413.41,2970.0,413.271,29
2024-11-19 15:30:00-05:00,413.56,413.56,413.02,413.14,4699.0,413.212,42
2024-11-19 15:35:00-05:00,413.14,413.48,413.04,413.47,3033.0,413.283,26
2024-11-19 15:40:00-05:00,413.43,413.46,413.02,413.29,6689.0,413.262,60
2024-11-19 15:45:00-05:00,413.29,413.76,413.25,413.67,5713.0,413.554,57
2024-11-19 15:50:00-05:00,413.49,413.56,412.87,412.89,13103.0,413.326,101
2024-11-19 15:55:00-05:00,412.89,413.47,412.66,412.92,48624.0,413.0,402
2024-11-20 09:30:00-05:00,414.31,414.31,412.64,413.84,15643.0,414.125,20
2024-11-20 09:35:00-05:00,413.83,413.83,410.37,410.48,7255.0,411.447,56
2024-11-20 09:40:00-05:00,410.95,411.62,410.0,410.56,8630.0,410.688,39
2024-11-20 09:45:00-05:00,410.43,410.74,409.63,409.93,3746.0,410.373,28
2024-11-20 09:50:00-05:00,408.91,409.47,408.53,409.19,4987.0,409.187,40
2024-11-20 09:55:00-05:00,408.92,410.18,408.9,409.54,15692.0,409.62,132
2024-11-20 10:00:00-05:00,409.54,409.56,407.85,407.85,4313.0,409.029,34
2024-11-20 10:05:00-05:00,408.01,408.01,406.32,406.48,3470.0,406.992,31
2024-11-20 10:10:00-05:00,406.48,406.48,405.67,406.09,5424.0,406.15,30
2024-11-20 10:15:00-05:00,406.13,406.13,405.49,405.83,6047.0,405.898,45
2024-11-20 10:20:00-05:00,405.64,405.84,405.24,405.67,9945.0,405.565,71
2024-11-20 10:25:00-05:00,405.67,406.18,405.42,405.66,9615.0,405.859,61
2024-11-20 10:30:00-05:00,405.58,406.69,405.37,406.69,9049.0,406.06,46
2024-11-20 10:35:00-05:00,406.34,406.37,405.81,405.96,1982.0,406.051,19
2024-11-20 10:40:00-05:00,406.13,406.24,405.77,405.83,2324.0,406.04,21
2024-11-20 10:45:00-05:00,405.8,406.99,405.76,406.97,6477.0,406.611,42
2024-11-20 10:50:00-05:00,406.97,406.97,406.19,406.73,4564.0,406.623,40
2024-11-20 10:55:00-05:00,406.88,407.27,406.6,406.65,8280.0,406.99,71
2024-11-20 11:00:00-05:00,406.66,406.67,406.03,406.03,11042.0,406.402,88
2024-11-20 11:05:00-05:00,405.74,406.05,405.47,406.05,4978.0,405.831,34
2024-11-20 11:10:00-05:00,405.81,405.97,405.14,405.97,6641.0,405.623,55
2024-11-20 11:15:00-05:00,406.12,406.8,405.63,406.8,2587.0,406.452,19
2024-11-20 11:20:00-05:00,407.02,407.26,406.71,406.72,3061.0,406.954,28
2024-11-20 11:25:00-05:00,406.69,406.84,406.27,406.27,1682.0,406.51,15
2024-11-20 11:30:00-05:00,406.34,406.42,405.83,406.31,4604.0,406.165,39
2024-11-20 11:35:00-05:00,406.1,406.56,406.08,406.33,5576.0,406.342,46
2024-11-20 11:40:00-05:00,406.56,407.45,406.54,407.45,4218.0,406.835,32
2024-11-20 11:45:00-05:00,407.49,408.4,407.49,408.4,5478.0,407.872,35
2024-11-20 11:50:00-05:00,408.4,409.14,408.19,408.72,3592.0,408.625,27
2024-11-20 11:55:00-05:00,408.87,408.87,408.43,408.53,2842.0,408.644,18
2024-11-20 12:00:00-05:00,408.51,408.54,408.1,408.38,5806.0,408.332,46
2024-11-20 12:05:00-05:00,408.39,408.69,408.28,408.47,1392.0,408.459,8
2024-11-20 12:10:00-05:00,408.5,408.66,408.44,408.5,2132.0,408.576,19
2024-11-20 12:15:00-05:00,408.46,408.46,408.06,408.06,2474.0,408.271,18
2024-11-20 12:20:00-05:00,407.84,407.84,407.34,407.34,2627.0,407.516,18
2024-11-20 12:25:00-05:00,407.36,408.15,407.35,408.15,4596.0,407.698,30
2024-11-20 12:30:00-05:00,408.16,408.68,408.16,408.68,1960.0,408.538,17
2024-11-20 12:35:00-05:00,408.91,408.98,408.83,408.98,1664.0,408.927,13
2024-11-20 12:40:00-05:00,409.02,409.06,408.77,409.06,3200.0,408.912,27
2024-11-20 12:45:00-05:00,408.99,409.29,408.95,409.21,1937.0,409.152,12
2024-11-20 12:50:00-05:00,409.23,409.23,408.62,408.62,3459.0,408.952,21
2024-11-20 12:55:00-05:00,408.49,408.61,408.39,408.48,700.0,408.535,7
2024-11-20 13:00:00-05:00,408.45,408.7,408.45,408.55,1364.0,408.618,11
2024-11-20 13:05:00-05:00,408.55,408.75,408.54,408.75,900.0,408.584,6
2024-11-20 13:10:00-05:00,408.6,408.62,408.43,408.62,929.0,408.586,8
2024-11-20 13:15:00-05:00,408.62,408.75,408.24,408.49,8037.0,408.548,72
2024-11-20 13:20:00-05:00,408.19,408.31,407.99,408.11,3584.0,408.189,32
2024-11-20 13:25:00-05:00,408.11,408.24,407.99,408.23,1095.0,408.119,10
2024-11-20 13:30:00-05:00,408.11,408.27,407.77,407.95,7326.0,408.012,42
2024-11-20 13:35:00-05:00,407.97,408.51,407.97,408.48,5464.0,408.212,41
2024-11-20 13:40:00-05:00,408.52,408.76,408.47,408.76,2000.0,408.632,17
2024-11-20 13:45:00-05:00,408.66,408.66,408.14,408.21,7086.0,408.327,32
2024-11-20 13:50:00-05:00,408.22,409.03,408.21,408.87,4415.0,408.501,39
2024-11-20 13:55:00-05:00,408.9,409.0,408.74,408.92,2665.0,408.9,25
2024-11-20 14:00:00-05:00,408.91,408.91,408.69,408.69,1600.0,408.734,13
2024-11-20 14:05:00-05:00,408.56,408.59,408.49,408.56,1401.0,408.557,13
2024-11-20 14:10:00-05:00,408.63,408.63,408.41,408.46,2767.0,408.515,25
2024-11-20 14:15:00-05:00,408.46,408.74,408.46,408.74,4118.0,408.634,37
2024-11-20 14:20:00-05:00,408.74,408.74,408.58,408.74,720.0,408.713,7
2024-11-20 14:25:00-05:00,408.74,408.91,408.64,408.74,2675.0,408.773,17
2024-11-20 14:30:00-05:00,408.74,409.29,408.73,409.29,3402.0,409.042,23
2024-11-20 14:35:00-05:00,409.05,409.61,409.05,409.61,833.0,409.329,7
2024-11-20 14:40:00-05:00,409.48,409.48,409.48,409.48,900.0,409.48,9
2024-11-20 14:45:00-05:00,409.61,409.62,409.32,409.32,3720.0,409.448,30
2024-11-20 14:50:00-05:00,409.24,409.98,409.24,409.67,5964.0,409.586,47
2024-11-20 14:55:00-05:00,409.61,409.62,409.42,409.56,4648.0,409.553,36
2024-11-20 15:00:00-05:00,409.35,409.4,409.28,409.3,2113.0,409.355,19
2024-11-20 15:05:00-05:00,409.42,409.91,409.42,409.91,2693.0,409.546,20
2024-11-20 15:10:00-05:00,409.79,410.36,409.79,410.19,2639.0,410.18,21
2024-11-20 15:15:00-05:00,410.18,410.32,410.13,410.31,3266.0,410.217,32
2024-11-20 15:20:00-05:00,410.21,410.28,410.08,410.25,3563.0,410.18,25
2024-11-20 15:25:00-05:00,410.25,410.52,410.25,410.44,2937.0,410.354,24
2024-11-20 15:30:00-05:00,410.46,411.2,410.44,411.16,7555.0,410.829,55
2024-11-20 15:35:00-05:00,411.19,411.28,410.77,410.93,6329.0,410.973,46
2024-11-20 15:40:00-05:00,410.93,410.99,410.69,410.89,5625.0,410.855,46
2024-11-20 15:45:00-05:00,411.02,411.18,410.75,410.92,10008.0,411.014,83
2024-11-20 15:50:00-05:00,411.06,411.54,411.0,411.54,13936.0,411.26,112
2024-11-20 15:55:00-05:00,411.43,411.69,411.11,411.17,36692.0,411.429,288
2024-11-21 09:30:00-05:00,412.04,413.55,410.57,413.55,29654.0,412.144,35
2024-11-21 09:35:00-05:00,413.33,413.83,410.99,412.44,35611.0,413.063,38
2024-11-21 09:40:00-05:00,412.46,414.68,412.0,414.49,25413.0,413.293,97
2024-11-21 09:45:00-05:00,414.14,415.03,414.14,414.85,24598.0,414.705,104
2024-11-21 09:50:00-05:00,415.32,416.18,414.36,415.75,25206.0,415.176,99
2024-11-21 09:55:00-05:00,416.13,417.17,415.82,416.36,20990.0,416.415,111
2024-11-21 10:00:00-05:00,416.36,416.36,415.19,415.19,8392.0,415.628,43
2024-11-21 10:05:00-05:00,415.06,416.33,414.6,416.13,12812.0,415.635,60
2024-11-21 10:10:00-05:00,415.92,417.23,415.19,416.94,59631.0,415.985,178
2024-11-21 10:15:00-05:00,417.22,417.22,415.96,416.33,3735.0,416.493,26
2024-11-21 10:20:00-05:00,416.3,417.38,416.29,416.96,16582.0,416.677,43
2024-11-21 10:25:00-05:00,416.68,416.91,415.63,415.74,4694.0,416.193,20
2024-11-21 10:30:00-05:00,415.74,416.21,414.73,414.73,1820.0,415.551,15
2024-11-21 10:35:00-05:00,415.43,416.2,415.43,416.12,1943.0,415.891,17
2024-11-21 10:40:00-05:00,415.55,416.11,415.4,415.8,6513.0,415.76,28
2024-11-21 10:45:00-05:00,415.8,416.63,415.79,416.17,16342.0,416.229,75
2024-11-21 10:50:00-05:00,416.36,417.0,416.03,416.58,16288.0,416.714,55
2024-11-21 10:55:00-05:00,417.03,417.7,416.97,417.57,7789.0,417.372,40
2024-11-21 11:00:00-05:00,417.76,417.76,417.04,417.39,3201.0,417.452,22
2024-11-21 11:05:00-05:00,417.4,417.69,417.08,417.31,8228.0,417.37,39
2024-11-21 11:10:00-05:00,417.14,417.78,417.14,417.62,8177.0,417.516,44
2024-11-21 11:15:00-05:00,417.56,417.66,417.01,417.12,5663.0,417.301,25
2024-11-21 11:20:00-05:00,416.59,417.6,416.59,417.54,8428.0,417.27,39
2024-11-21 11:25:00-05:00,417.54,417.88,417.44,417.59,3304.0,417.61,16
2024-11-21 11:30:00-05:00,417.59,418.07,417.58,417.75,5169.0,417.827,32
2024-11-21 11:35:00-05:00,417.45,417.55,416.77,416.77,1765.0,417.007,10
2024-11-21 11:40:00-05:00,416.85,417.05,416.63,416.75,2200.0,416.82,10
2024-11-21 11:45:00-05:00,416.64,416.64,416.03,416.47,9051.0,416.33,42
2024-11-21 11:50:00-05:00,416.36,416.42,415.93,415.99,9437.0,416.247,49
2024-11-21 11:55:00-05:00,416.1,417.46,415.89,417.27,22702.0,416.457,59
2024-11-21 12:00:00-05:00,417.26,417.29,416.51,416.51,4936.0,416.907,21
2024-11-21 12:05:00-05:00,416.73,416.81,416.59,416.69,2655.0,416.697,9
2024-11-21 12:10:00-05:00,416.91,416.91,416.64,416.64,600.0,416.717,6
2024-11-21 12:15:00-05:00,416.64,416.88,416.54,416.71,2590.0,416.683,15
2024-11-21 12:20:00-05:00,416.74,416.9,416.73,416.77,2515.0,416.805,16
2024-11-21 12:25:00-05:00,416.77,417.67,416.76,417.43,16886.0,417.246,83
2024-11-21 12:30:00-05:00,417.47,418.2,417.47,418.01,14595.0,417.73,39
2024-11-21 12:35:00-05:00,417.79,418.01,417.32,417.33,5899.0,417.829,35
2024-11-21 12:40:00-05:00,417.31,417.43,416.8,417.4,2207.0,417.243,19
2024-11-21 12:45:00-05:00,417.4,417.51,416.76,416.78,4019.0,417.345,36
2024-11-21 12:50:00-05:00,416.73,416.79,416.52,416.66,900.0,416.705,9
2024-11-21 12:55:00-05:00,416.72,416.72,416.71,416.71,800.0,416.715,5
2024-11-21 13:00:00-05:00,416.68,416.81,416.13,416.5,2155.0,416.489,15
2024-11-21 13:05:00-05:00,416.14,417.11,416.14,416.79,4132.0,416.86,33
2024-11-21 13:10:00-05:00,416.89,416.98,416.59,416.97,1111.0,416.79,9
2024-11-21 13:15:00-05:00,416.42,416.43,416.14,416.15,961.0,416.241,9
2024-11-21 13:20:00-05:00,416.03,416.58,416.01,416.58,2601.0,416.345,18
2024-11-21 13:25:00-05:00,416.69,416.69,416.48,416.63,2423.0,416.624,7
2024-11-21 13:30:00-05:00,416.9,417.0,416.78,416.81,1775.0,416.887,10
2024-11-21 13:35:00-05:00,416.84,416.9,416.63,416.66,936.0,416.728,9
2024-11-21 13:40:00-05:00,416.62,416.87,416.25,416.87,12862.0,416.623,15
2024-11-21 13:45:00-05:00,416.43,416.43,416.15,416.16,670.0,416.328,6
2024-11-21 13:50:00-05:00,416.07,416.54,416.06,416.53,3896.0,416.362,24
2024-11-21 13:55:00-05:00,416.54,416.62,416.15,416.15,833.0,416.4,8
2024-11-21 14:00:00-05:00,416.12,416.65,416.02,416.65,408.0,416.288,4
2024-11-21 14:05:00-05:00,416.68,416.68,416.34,416.42,602.0,416.483,6
2024-11-21 14:10:00-05:00,416.48,416.5,416.23,416.48,1227.0,416.455,12
2024-11-21 14:15:00-05:00,416.47,416.47,415.91,415.91,1525.0,416.154,14
2024-11-21 14:20:00-05:00,416.12,416.53,415.91,416.26,4240.0,416.293,26
2024-11-21 14:25:00-05:00,416.3,416.95,416.15,416.78,5569.0,416.581,39
2024-11-21 14:30:00-05:00,416.55,416.76,416.52,416.57,2001.0,416.6,17
2024-11-21 14:35:00-05:00,416.52,417.03,416.52,416.88,3815.0,416.842,18
2024-11-21 14:40:00-05:00,416.91,416.97,416.76,416.76,300.0,416.88,3
2024-11-21 14:45:00-05:00,416.73,416.82,416.59,416.82,600.0,416.683,6
2024-11-21 14:50:00-05:00,416.72,416.73,416.36,416.69,3149.0,416.613,21
2024-11-21 14:55:00-05:00,416.92,417.16,416.85,417.03,3096.0,417.041,20
2024-11-21 15:00:00-05:00,416.92,417.1,416.63,416.9,7989.0,417.006,16
2024-11-21 15:05:00-05:00,416.94,417.08,416.9,416.91,2042.0,416.999,17
2024-11-21 15:10:00-05:00,417.01,417.22,416.91,416.91,11665.0,417.105,81
2024-11-21 15:15:00-05:00,416.97,417.01,416.85,416.98,3298.0,416.955,12
2024-11-21 15:20:00-05:00,416.99,417.02,416.5,416.5,2634.0,416.789,19
2024-11-21 15:25:00-05:00,416.47,417.09,416.46,416.85,4508.0,416.715,32
2024-11-21 15:30:00-05:00,416.78,416.91,416.73,416.91,2487.0,416.837,15
2024-11-21 15:35:00-05:00,416.91,416.98,416.53,416.53,5246.0,416.841,29
2024-11-21 15:40:00-05:00,416.6,416.6,415.77,416.15,6196.0,416.225,36
2024-11-21 15:45:00-05:00,416.1,416.47,416.0,416.17,6800.0,416.242,48
2024-11-21 15:50:00-05:00,416.16,416.31,415.8,415.81,12418.0,415.969,71
2024-11-21 15:55:00-05:00,415.8,416.07,415.18,415.19,52506.0,415.52,325
2024-11-22 09:30:00-05:00,415.34,416.53,414.55,415.51,14567.0,415.408,21
2024-11-22 09:35:00-05:00,415.19,415.53,413.81,414.84,3003.0,414.802,22
2024-11-22 09:40:00-05:00,414.78,415.88,414.43,414.5,6666.0,415.006,40
2024-11-22 09:45:00-05:00,414.17,415.13,413.81,414.5,3224.0,414.42,22
2024-11-22 09:50:00-05:00,414.47,414.47,413.67,413.86,2824.0,414.059,25
2024-11-22 09:55:00-05:00,413.97,415.61,413.55,415.61,4308.0,414.324,33
2024-11-22 10:00:00-05:00,415.63,416.24,415.01,415.09,6671.0,415.581,38
2024-11-22 10:05:00-05:00,415.02,415.96,415.02,415.96,2119.0,415.532,18
2024-11-22 10:10:00-05:00,415.53,415.53,414.59,414.86,1909.0,415.167,17
2024-11-22 10:15:00-05:00,414.81,414.84,414.0,414.54,4057.0,414.408,26
2024-11-22 10:20:00-05:00,414.28,414.89,414.28,414.89,2108.0,414.574,19
2024-11-22 10:25:00-05:00,414.77,414.77,414.31,414.67,1478.0,414.623,13
2024-11-22 10:30:00-05:00,414.69,415.23,414.31,414.31,8139.0,414.904,72
2024-11-22 10:35:00-05:00,414.59,414.93,414.54,414.75,1955.0,414.736,11
2024-11-22 10:40:00-05:00,414.93,414.94,414.28,414.43,6698.0,414.506,60
2024-11-22 10:45:00-05:00,414.42,415.03,414.14,415.01,6060.0,414.45,50
2024-11-22 10:50:00-05:00,415.29,415.69,415.14,415.69,1004.0,415.364,7
2024-11-22 10:55:00-05:00,415.64,416.12,415.5,415.92,3738.0,415.642,31
2024-11-22 11:00:00-05:00,416.14,416.27,415.64,415.72,1742.0,415.932,11
2024-11-22 11:05:00-05:00,416.08,416.08,415.13,415.13,1910.0,415.502,17
2024-11-22 11:10:00-05:00,414.8,415.1,414.78,414.87,799.0,414.904,7
2024-11-22 11:15:00-05:00,414.86,415.1,414.54,414.72,1545.0,414.872,14
2024-11-22 11:20:00-05:00,414.45,414.98,414.14,414.85,6454.0,414.541,52
2024-11-22 11:25:00-05:00,414.85,414.87,414.14,414.33,6998.0,414.332,57
2024-11-22 11:30:00-05:00,414.33,414.55,414.33,414.36,874.0,414.404,6
2024-11-22 11:35:00-05:00,414.36,414.67,414.17,414.48,2994.0,414.539,22
2024-11-22 11:40:00-05:00,414.48,414.67,414.3,414.34,2232.0,414.404,13
2024-11-22 11:45:00-05:00,414.34,414.52,414.23,414.37,750.0,414.357,7
2024-11-22 11:50:00-05:00,414.5,414.56,414.23,414.47,3791.0,414.4,14
2024-11-22 11:55:00-05:00,414.59,414.62,414.32,414.37,2057.0,414.398,18
2024-11-22 12:00:00-05:00,414.37,414.42,414.14,414.31,1023.0,414.288,10
2024-11-22 12:05:00-05:00,414.47,414.98,414.3,414.8,4561.0,414.604,38
2024-11-22 12:10:00-05:00,414.93,415.02,414.9,414.9,1334.0,414.98,10
2024-11-22 12:15:00-05:00,414.81,414.81,414.75,414.75,432.0,414.779,4
2024-11-22 12:20:00-05:00,414.77,415.28,414.77,414.96,10229.0,415.041,90
2024-11-22 12:25:00-05:00,414.96,415.55,414.95,415.42,3662.0,415.224,26
2024-11-22 12:30:00-05:00,415.43,415.43,414.97,414.99,600.0,415.213,6
2024-11-22 12:35:00-05:00,414.93,414.93,414.78,414.78,800.0,414.877,8
2024-11-22 12:40:00-05:00,414.83,415.51,414.73,415.51,9929.0,415.002,78
2024-11-22 12:45:00-05:00,415.52,415.75,415.44,415.7,2816.0,415.617,27
2024-11-22 12:50:00-05:00,415.82,415.89,415.65,415.89,1405.0,415.797,14
2024-11-22 12:55:00-05:00,415.89,415.89,415.71,415.72,881.0,415.753,6
2024-11-22 13:00:00-05:00,415.78,415.93,415.78,415.88,1351.0,415.854,10
2024-11-22 13:05:00-05:00,415.92,416.47,415.64,416.47,4664.0,415.881,40
2024-11-22 13:10:00-05:00,416.47,417.49,416.42,417.49,5464.0,416.943,41
2024-11-22 13:15:00-05:00,417.29,417.41,416.99,416.99,4329.0,417.235,36
2024-11-22 13:20:00-05:00,416.85,417.65,416.85,417.64,2974.0,417.352,24
2024-11-22 13:25:00-05:00,417.81,417.82,417.43,417.67,7039.0,417.57,46
2024-11-22 13:30:00-05:00,417.81,417.82,417.59,417.64,4052.0,417.681,36
2024-11-22 13:35:00-05:00,417.54,417.54,417.3,417.31,3309.0,417.393,28
2024-11-22 13:40:00-05:00,417.36,417.36,416.88,417.31,6370.0,417.172,51
2024-11-22 13:45:00-05:00,417.34,417.51,417.15,417.15,4180.0,417.347,29
2024-11-22 13:50:00-05:00,416.83,416.86,416.42,416.66,1512.0,416.666,11
2024-11-22 13:55:00-05:00,416.66,417.15,416.66,417.04,1919.0,416.949,17
2024-11-22 14:00:00-05:00,417.04,417.19,416.99,417.1,1494.0,417.081,14
2024-11-22 14:05:00-05:00,417.0,417.1,416.62,416.65,3841.0,416.943,25
2024-11-22 14:10:00-05:00,416.65,416.86,416.64,416.69,900.0,416.732,9
2024-11-22 14:15:00-05:00,416.67,416.69,416.33,416.39,2830.0,416.543,20
2024-11-22 14:20:00-05:00,416.46,416.64,416.27,416.54,953.0,416.503,7
2024-11-22 14:25:00-05:00,416.54,416.8,416.54,416.67,1187.0,416.635,10
2024-11-22 14:30:00-05:00,416.36,416.44,415.88,416.12,3215.0,416.221,26
2024-11-22 14:35:00-05:00,416.11,416.4,416.06,416.29,2014.0,416.258,13
2024-11-22 14:40:00-05:00,416.18,416.35,416.13,416.35,2776.0,416.18,13
2024-11-22 14:45:00-05:00,416.36,416.51,416.24,416.25,3004.0,416.37,22
2024-11-22 14:50:00-05:00,416.34,416.66,416.16,416.66,4849.0,416.449,42
2024-11-22 14:55:00-05:00,416.88,416.88,416.84,416.84,300.0,416.863,3
2024-11-22 15:00:00-05:00,416.69,416.69,415.64,415.75,3509.0,416.404,28
2024-11-22 15:05:00-05:00,415.98,416.28,415.98,415.98,3503.0,416.144,26
2024-11-22 15:10:00-05:00,416.31,416.5,416.03,416.11,5521.0,416.313,31
2024-11-22 15:15:00-05:00,416.16,416.2,415.97,416.16,2405.0,416.153,22
2024-11-22 15:20:00-05:00,416.04,416.15,415.79,416.06,5521.0,416.039,48
2024-11-22 15:25:00-05:00,415.92,416.01,415.57,415.92,7173.0,415.809,57
2024-11-22 15:30:00-05:00,415.94,416.68,415.94,416.68,3032.0,416.41,26
2024-11-22 15:35:00-05:00,416.6,417.0,416.43,416.45,6257.0,416.729,43
2024-11-22 15:40:00-05:00,416.45,416.75,416.42,416.75,5964.0,416.571,51
2024-11-22 15:45:00-05:00,416.65,417.05,416.65,416.92,4664.0,416.813,38
2024-11-22 15:50:00-05:00,416.92,417.81,416.92,417.58,16113.0,417.492,124
2024-11-22 15:55:00-05:00,417.63,418.2,417.41,417.41,37069.0,417.926,286
2024-11-25 09:30:00-05:00,421.14,422.0,418.51,418.66,13650.0,421.004,14
2024-11-25 09:35:00-05:00,420.48,420.59,418.63,419.05,3218.0,419.303,27
2024-11-25 09:40:00-05:00,418.61,418.61,416.41,416.42,5813.0,417.187,52
2024-11-25 09:45:00-05:00,416.59,417.0,415.12,416.38,8011.0,415.983,55
2024-11-25 09:50:00-05:00,416.89,417.19,415.8,416.31,2018.0,416.538,18
2024-11-25 09:55:00-05:00,416.32,416.98,416.23,416.74,4863.0,416.569,38
2024-11-25 10:00:00-05:00,417.0,417.46,416.33,417.38,9719.0,416.874,67
2024-11-25 10:05:00-05:00,417.72,417.99,417.08,417.17,4637.0,417.54,30
2024-11-25 10:10:00-05:00,417.11,417.11,415.74,415.74,2704.0,416.463,25
2024-11-25 10:15:00-05:00,416.31,416.31,415.21,415.21,4720.0,415.785,44
2024-11-25 10:20:00-05:00,415.16,415.19,413.83,413.84,4495.0,414.364,41
2024-11-25 10:25:00-05:00,413.95,414.68,413.9,414.46,3241.0,414.408,31
2024-11-25 10:30:00-05:00,414.96,414.99,413.45,413.56,7202.0,414.263,56
2024-11-25 10:35:00-05:00,413.64,413.83,413.0,413.04,9360.0,413.505,60
2024-11-25 10:40:00-05:00,413.42,413.42,412.17,412.17,16220.0,412.964,67
2024-11-25 10:45:00-05:00,411.34,411.74,410.82,411.51,16693.0,411.413,126
2024-11-25 10:50:00-05:00,411.32,412.18,409.86,410.64,10382.0,411.155,82
2024-11-25 10:55:00-05:00,410.87,412.36,410.6,412.36,18955.0,411.301,28
2024-11-25 11:00:00-05:00,412.3,412.6,411.49,411.71,5552.0,412.118,44
2024-11-25 11:05:00-05:00,411.81,412.12,411.09,411.58,3683.0,411.625,29
2024-11-25 11:10:00-05:00,411.31,411.56,410.56,410.56,1955.0,411.186,16
2024-11-25 11:15:00-05:00,410.87,411.61,410.87,411.25,2484.0,411.297,21
2024-11-25 11:20:00-05:00,411.41,412.23,411.39,411.93,19529.0,411.565,122
2024-11-25 11:25:00-05:00,411.68,411.68,410.61,410.9,6008.0,411.236,38
2024-11-25 11:30:00-05:00,410.8,410.87,409.86,410.53,5205.0,410.264,32
2024-11-25 11:35:00-05:00,410.53,411.04,409.81,409.92,2520.0,410.395,19
2024-11-25 11:40:00-05:00,410.23,410.86,410.01,410.5,3106.0,410.318,27
2024-11-25 11:45:00-05:00,410.35,410.87,410.12,410.83,2808.0,410.482,22
2024-11-25 11:50:00-05:00,411.12,412.11,411.11,412.1,5489.0,411.595,24
2024-11-25 11:55:00-05:00,411.83,411.83,411.56,411.69,2163.0,411.632,13
2024-11-25 12:00:00-05:00,411.69,411.78,411.48,411.77,1204.0,411.69,12
2024-11-25 12:05:00-05:00,411.77,412.16,410.73,410.81,6000.0,411.699,48
2024-11-25 12:10:00-05:00,411.13,411.4,411.12,411.12,1944.0,411.227,12
2024-11-25 12:15:00-05:00,411.38,411.79,411.09,411.45,6164.0,411.452,42
2024-11-25 12:20:00-05:00,411.71,411.77,411.46,411.46,1486.0,411.639,13
2024-11-25 12:25:00-05:00,411.73,412.11,411.67,411.71,10485.0,411.803,51
2024-11-25 12:30:00-05:00,411.53,412.71,411.51,412.3,7276.0,412.024,51
2024-11-25 12:35:00-05:00,412.37,413.0,412.31,412.86,5549.0,412.533,36
2024-11-25 12:40:00-05:00,413.0,413.28,412.86,413.13,5501.0,413.037,42
2024-11-25 12:45:00-05:00,413.09,413.16,412.56,413.02,3058.0,412.887,26
2024-11-25 12:50:00-05:00,413.42,413.59,412.45,412.86,7475.0,413.196,54
2024-11-25 12:55:00-05:00,412.85,413.5,412.84,413.5,3163.0,413.32,26
2024-11-25 13:00:00-05:00,413.22,413.5,413.22,413.46,2123.0,413.431,15
2024-11-25 13:05:00-05:00,413.56,414.01,413.56,413.83,4542.0,413.84,35
2024-11-25 13:10:00-05:00,413.83,414.47,413.58,414.26,5019.0,414.119,42
2024-11-25 13:15:00-05:00,414.28,414.29,414.05,414.28,5415.0,414.157,36
2024-11-25 13:20:00-05:00,414.1,414.26,413.96,414.25,3199.0,414.157,19
2024-11-25 13:25:00-05:00,414.25,414.45,413.96,414.09,6508.0,414.222,49
2024-11-25 13:30:00-05:00,414.06,414.64,413.95,414.54,4765.0,414.411,40
2024-11-25 13:35:00-05:00,414.51,415.01,414.5,414.97,7903.0,414.713,58
2024-11-25 13:40:00-05:00,415.05,415.24,414.91,415.24,3237.0,415.066,23
2024-11-25 13:45:00-05:00,415.44,416.19,415.44,415.62,4126.0,415.865,37
2024-11-25 13:50:00-05:00,415.69,415.71,415.34,415.58,6259.0,415.583,42
2024-11-25 13:55:00-05:00,415.61,415.93,415.36,415.93,3904.0,415.534,21
2024-11-25 14:00:00-05:00,416.11,416.11,415.27,415.33,9122.0,415.581,68
2024-11-25 14:05:00-05:00,415.24,415.35,415.1,415.32,3084.0,415.259,21
2024-11-25 14:10:00-05:00,415.32,415.35,415.12,415.35,4008.0,415.247,34
2024-11-25 14:15:00-05:00,415.44,415.44,415.24,415.25,3842.0,415.35,20
2024-11-25 14:20:00-05:00,415.25,415.26,414.86,414.99,4121.0,415.07,33
2024-11-25 14:25:00-05:00,415.24,415.24,414.98,414.98,3436.0,414.995,30
2024-11-25 14:30:00-05:00,414.94,415.04,414.77,414.99,2821.0,414.94,23
2024-11-25 14:35:00-05:00,415.06,415.5,415.05,415.09,5454.0,415.284,49
2024-11-25 14:40:00-05:00,415.12,415.37,415.02,415.21,2519.0,415.209,22
2024-11-25 14:45:00-05:00,415.24,415.54,413.68,413.75,13448.0,414.899,105
2024-11-25 14:50:00-05:00,414.0,414.5,414.0,414.25,3311.0,414.356,31
2024-11-25 14:55:00-05:00,414.57,414.63,414.26,414.61,2140.0,414.515,14
2024-11-25 15:00:00-05:00,414.66,414.66,414.21,414.44,1857.0,414.487,16
2024-11-25 15:05:00-05:00,414.27,414.35,413.99,414.25,2749.0,414.241,25
2024-11-25 15:10:00-05:00,414.47,414.85,414.41,414.66,9681.0,414.503,26
2024-11-25 15:15:00-05:00,414.63,414.81,414.46,414.56,2374.0,414.645,21
2024-11-25 15:20:00-05:00,414.55,415.06,414.53,415.06,3418.0,414.705,27
2024-11-25 15:25:00-05:00,414.95,414.97,414.17,414.81,2491.0,414.662,22
2024-11-25 15:30:00-05:00,414.63,415.13,414.45,414.87,4554.0,414.824,36
2024-11-25 15:35:00-05:00,414.72,414.79,414.48,414.61,2542.0,414.62,25
2024-11-25 15:40:00-05:00,414.78,415.06,414.43,414.76,7606.0,414.807,65
2024-11-25 15:45:00-05:00,414.73,414.95,414.68,414.76,8307.0,414.769,74
2024-11-25 15:50:00-05:00,414.42,414.62,414.17,414.3,13174.0,414.374,105
2024-11-25 15:55:00-05:00,414.44,414.44,413.25,413.4,104082.0,413.916,696
2024-11-26 09:30:00-05:00,414.41,416.77,412.73,412.73,22048.0,414.307,56
2024-11-26 09:35:00-05:00,413.81,415.15,413.3,414.05,11426.0,414.696,78
2024-11-26 09:40:00-05:00,414.4,414.51,412.84,413.94,10020.0,413.763,82
2024-11-26 09:45:00-05:00,413.67,414.87,412.97,414.87,3986.0,413.945,37
2024-11-26 09:50:00-05:00,414.76,416.0,414.46,415.92,22224.0,414.958,180
2024-11-26 09:55:00-05:00,416.1,416.2,415.42,415.97,10293.0,415.754,91
2024-11-26 10:00:00-05:00,416.12,416.64,415.88,416.08,7640.0,416.177,46
2024-11-26 10:05:00-05:00,416.09,416.83,415.77,416.38,4679.0,416.511,37
2024-11-26 10:10:00-05:00,416.2,416.93,415.66,416.78,12240.0,416.321,74
2024-11-26 10:15:00-05:00,416.7,416.92,415.32,415.32,2535.0,416.101,24
2024-11-26 10:20:00-05:00,415.16,415.49,415.0,415.49,3668.0,415.131,23
2024-11-26 10:25:00-05:00,415.55,416.52,415.55,416.52,10867.0,415.964,81
2024-11-26 10:30:00-05:00,416.33,416.33,415.27,415.3,2847.0,415.768,25
2024-11-26 10:35:00-05:00,415.35,415.65,415.0,415.6,3136.0,415.372,26
2024-11-26 10:40:00-05:00,415.6,416.25,415.59,416.18,4289.0,415.973,34
2024-11-26 10:45:00-05:00,416.16,416.68,415.78,415.98,10411.0,416.326,84
2024-11-26 10:50:00-05:00,416.15,416.64,415.77,416.64,8367.0,416.426,74
2024-11-26 10:55:00-05:00,416.67,417.17,416.52,416.65,12684.0,416.904,85
2024-11-26 11:00:00-05:00,416.65,416.97,416.05,416.05,6439.0,416.456,32
2024-11-26 11:05:00-05:00,416.1,416.1,415.59,416.07,3225.0,415.9,27
2024-11-26 11:10:00-05:00,416.08,416.7,416.08,416.7,1300.0,416.319,13
2024-11-26 11:15:00-05:00,416.84,417.17,416.3,416.52,5308.0,416.81,39
2024-11-26 11:20:00-05:00,416.45,417.32,416.45,417.2,29300.0,416.823,98
2024-11-26 11:25:00-05:00,417.2,417.4,417.07,417.16,4468.0,417.179,39
2024-11-26 11:30:00-05:00,417.18,417.22,416.75,416.75,3790.0,417.102,21
2024-11-26 11:35:00-05:00,416.76,417.1,416.59,416.59,8432.0,416.909,55
2024-11-26 11:40:00-05:00,416.59,417.28,416.44,417.06,7575.0,416.869,72
2024-11-26 11:45:00-05:00,417.1,417.36,416.83,416.83,8676.0,417.16,81
2024-11-26 11:50:00-05:00,417.02,417.2,416.82,416.85,14202.0,417.025,128
2024-11-26 11:55:00-05:00,416.84,416.93,416.59,416.81,3724.0,416.776,30
2024-11-26 12:00:00-05:00,416.73,416.83,416.63,416.7,2216.0,416.697,20
2024-11-26 12:05:00-05:00,416.72,417.04,416.71,416.76,9924.0,416.935,66
2024-11-26 12:10:00-05:00,416.43,416.69,416.3,416.54,2552.0,416.455,19
2024-11-26 12:15:00-05:00,416.62,417.08,416.61,416.95,3075.0,416.935,29
2024-11-26 12:20:00-05:00,417.0,418.08,416.91,418.05,6501.0,417.097,51
2024-11-26 12:25:00-05:00,417.82,418.13,417.33,417.5,4491.0,417.841,23
2024-11-26 12:30:00-05:00,417.62,418.57,417.62,418.57,2875.0,418.115,16
2024-11-26 12:35:00-05:00,418.55,418.85,418.55,418.79,2790.0,418.727,26
2024-11-26 12:40:00-05:00,418.79,418.98,418.58,418.73,931.0,418.774,7
2024-11-26 12:45:00-05:00,418.71,418.78,418.11,418.15,2180.0,418.509,19
2024-11-26 12:50:00-05:00,418.18,418.42,418.12,418.42,805.0,418.236,8
2024-11-26 12:55:00-05:00,418.41,418.61,418.19,418.53,812.0,418.431,8
2024-11-26 13:00:00-05:00,418.74,418.74,418.41,418.67,5632.0,418.524,28
2024-11-26 13:05:00-05:00,418.62,418.79,418.51,418.63,3742.0,418.656,32
2024-11-26 13:10:00-05:00,418.63,419.14,418.51,418.78,5599.0,418.915,52
2024-11-26 13:15:00-05:00,418.74,418.88,418.68,418.73,2501.0,418.74,20
2024-11-26 13:20:00-05:00,418.73,418.73,418.48,418.52,504.0,418.555,4
2024-11-26 13:25:00-05:00,418.58,418.67,418.53,418.67,1100.0,418.599,10
2024-11-26 13:30:00-05:00,418.68,418.95,418.48,418.48,8399.0,418.82,51
2024-11-26 13:35:00-05:00,418.43,418.59,418.24,418.59,1800.0,418.338,16
2024-11-26 13:40:00-05:00,418.4,418.46,418.27,418.27,800.0,418.418,6
2024-11-26 13:45:00-05:00,418.27,418.43,418.22,418.22,1500.0,418.299,14
2024-11-26 13:50:00-05:00,418.34,418.35,417.82,417.82,2742.0,418.124,25
2024-11-26 13:55:00-05:00,417.82,418.06,417.63,418.06,2812.0,417.802,26
2024-11-26 14:00:00-05:00,418.2,418.56,417.91,418.56,5435.0,418.149,19
2024-11-26 14:05:00-05:00,418.49,418.72,418.47,418.67,1254.0,418.552,6
2024-11-26 14:10:00-05:00,418.72,418.72,418.15,418.38,3685.0,418.323,24
2024-11-26 14:15:00-05:00,418.47,418.47,417.88,418.15,2859.0,418.239,20
2024-11-26 14:20:00-05:00,418.38,418.62,418.23,418.38,2488.0,418.386,18
2024-11-26 14:25:00-05:00,418.35,418.52,418.19,418.52,4624.0,418.402,38
2024-11-26 14:30:00-05:00,418.41,418.52,418.19,418.52,3407.0,418.416,26
2024-11-26 14:35:00-05:00,418.48,418.51,418.19,418.46,2937.0,418.343,28
2024-11-26 14:40:00-05:00,418.19,418.63,418.12,418.63,2897.0,418.418,28
2024-11-26 14:45:00-05:00,418.4,418.8,418.23,418.46,6684.0,418.574,51
2024-11-26 14:50:00-05:00,418.46,418.6,418.17,418.18,1425.0,418.302,13
2024-11-26 14:55:00-05:00,418.13,418.8,418.12,418.38,6305.0,418.403,39
2024-11-26 15:00:00-05:00,418.38,418.56,418.19,418.24,3277.0,418.335,23
2024-11-26 15:05:00-05:00,418.24,418.74,418.02,418.02,4893.0,418.437,41
2024-11-26 15:10:00-05:00,418.29,418.44,417.88,418.25,5225.0,418.177,32
2024-11-26 15:15:00-05:00,418.11,418.62,418.11,418.62,3100.0,418.431,29
2024-11-26 15:20:00-05:00,418.62,418.8,418.53,418.67,11537.0,418.696,92
2024-11-26 15:25:00-05:00,418.73,418.93,418.53,418.8,6044.0,418.672,52
2024-11-26 15:30:00-05:00,418.8,419.39,418.79,419.19,7736.0,419.238,61
2024-11-26 15:35:00-05:00,419.24,419.45,419.08,419.38,6739.0,419.328,61
2024-11-26 15:40:00-05:00,419.38,419.59,419.34,419.4,14434.0,419.482,129
2024-11-26 15:45:00-05:00,419.49,419.49,419.2,419.31,7625.0,419.376,69
2024-11-26 15:50:00-05:00,419.31,419.65,418.66,419.34,15149.0,419.191,134
2024-11-26 15:55:00-05:00,419.22,419.83,418.89,419.13,81961.0,419.326,676
2024-11-27 09:30:00-05:00,418.42,419.51,416.79,418.18,16253.0,418.369,27
2024-11-27 09:35:00-05:00,419.08,419.08,416.9,417.0,4245.0,417.494,39
2024-11-27 09:40:00-05:00,416.89,419.65,416.89,418.14,2800.0,418.118,25
2024-11-27 09:45:00-05:00,419.06,419.06,417.87,418.79,3101.0,418.47,24
2024-11-27 09:50:00-05:00,418.2,418.71,417.05,418.71,4225.0,417.865,39
2024-11-27 09:55:00-05:00,418.5,418.75,418.0,418.05,1900.0,418.389,16
2024-11-27 10:00:00-05:00,418.35,419.29,418.35,418.99,8360.0,418.872,58
2024-11-27 10:05:00-05:00,418.82,419.36,418.45,418.54,13068.0,418.883,68
2024-11-27 10:10:00-05:00,418.97,419.31,418.57,418.8,1445.0,418.994,10
2024-11-27 10:15:00-05:00,418.8,419.26,418.7,419.04,6427.0,418.928,32
2024-11-27 10:20:00-05:00,419.05,419.33,418.71,419.17,6801.0,419.008,45
2024-11-27 10:25:00-05:00,419.24,419.87,419.16,419.62,3707.0,419.464,27
2024-11-27 10:30:00-05:00,419.61,419.61,419.16,419.19,3533.0,419.336,28
2024-11-27 10:35:00-05:00,418.93,418.93,417.79,417.81,3886.0,418.166,24
2024-11-27 10:40:00-05:00,417.81,418.44,417.81,418.23,7274.0,417.996,56
2024-11-27 10:45:00-05:00,417.97,418.5,417.97,418.11,1290.0,418.119,11
2024-11-27 10:50:00-05:00,417.68,418.33,417.59,417.87,9363.0,417.954,81
2024-11-27 10:55:00-05:00,417.67,418.38,417.67,417.86,2966.0,417.995,28
2024-11-27 11:00:00-05:00,417.65,417.89,417.43,417.69,1720.0,417.701,15
2024-11-27 11:05:00-05:00,417.49,417.49,416.92,417.18,1450.0,417.163,13
2024-11-27 11:10:00-05:00,417.18,417.66,417.13,417.34,1350.0,417.343,12
2024-11-27 11:15:00-05:00,417.37,417.37,416.65,416.84,3166.0,417.03,29
2024-11-27 11:20:00-05:00,416.77,417.72,416.72,417.7,2986.0,417.282,27
2024-11-27 11:25:00-05:00,417.69,417.78,417.06,417.14,2462.0,417.487,20
2024-11-27 11:30:00-05:00,417.19,417.28,416.96,417.21,1479.0,417.112,14
2024-11-27 11:35:00-05:00,417.34,417.82,417.26,417.82,1205.0,417.463,12
2024-11-27 11:40:00-05:00,417.69,417.69,417.37,417.37,402.0,417.494,4
2024-11-27 11:45:00-05:00,417.25,417.25,417.07,417.07,344.0,417.145,3
2024-11-27 11:50:00-05:00,417.2,417.21,416.5,416.78,1584.0,416.798,14
2024-11-27 11:55:00-05:00,416.78,416.79,416.38,416.57,2880.0,416.642,25
2024-11-27 12:00:00-05:00,416.56,416.57,416.29,416.35,1349.0,416.406,9
2024-11-27 12:05:00-05:00,416.35,416.35,416.11,416.27,1899.0,416.265,14
2024-11-27 12:10:00-05:00,416.25,416.73,416.22,416.55,4611.0,416.441,43
2024-11-27 12:15:00-05:00,416.55,416.78,416.38,416.65,3262.0,416.581,32
2024-11-27 12:20:00-05:00,416.66,416.67,415.95,415.95,1544.0,416.429,15
2024-11-27 12:25:00-05:00,415.9,416.3,415.89,416.22,3628.0,416.087,28
2024-11-27 12:30:00-05:00,416.24,416.25,416.24,416.25,3070.0,416.242,27
2024-11-27 12:35:00-05:00,416.25,416.26,416.14,416.25,300.0,416.217,3
2024-11-27 12:40:00-05:00,416.44,417.07,416.44,416.98,1693.0,416.823,15
2024-11-27 12:45:00-05:00,416.75,417.13,416.57,416.85,6714.0,416.757,37
2024-11-27 12:50:00-05:00,416.87,417.15,416.68,416.89,3567.0,416.826,25
2024-11-27 12:55:00-05:00,416.89,417.08,416.88,417.08,900.0,416.988,9
2024-11-27 13:00:00-05:00,417.01,417.01,416.03,416.03,1400.0,416.683,13
2024-11-27 13:05:00-05:00,416.1,416.22,416.02,416.2,927.0,416.115,7
2024-11-27 13:10:00-05:00,416.05,416.25,416.04,416.21,1129.0,416.195,11
2024-11-27 13:15:00-05:00,416.29,416.52,416.2,416.41,900.0,416.333,9
2024-11-27 13:20:00-05:00,416.44,416.44,416.23,416.25,1773.0,416.297,15
2024-11-27 13:25:00-05:00,416.31,416.42,416.3,416.32,754.0,416.348,6
2024-11-27 13:30:00-05:00,416.32,416.33,416.32,416.33,565.0,416.324,5
2024-11-27 13:35:00-05:00,416.5,416.5,416.24,416.33,6088.0,416.334,53
2024-11-27 13:40:00-05:00,416.45,416.45,415.99,416.1,3666.0,416.173,24
2024-11-27 13:45:00-05:00,416.11,416.14,415.87,416.14,947.0,416.049,8
2024-11-27 13:50:00-05:00,416.25,416.42,416.05,416.39,4129.0,416.288,34
2024-11-27 13:55:00-05:00,416.42,416.5,416.2,416.22,5750.0,416.344,52
2024-11-27 14:00:00-05:00,416.28,416.82,416.23,416.69,2971.0,416.511,27
2024-11-27 14:05:00-05:00,416.69,416.85,416.5,416.51,3321.0,416.623,20
2024-11-27 14:10:00-05:00,416.58,416.71,416.57,416.69,3118.0,416.629,29
2024-11-27 14:15:00-05:00,416.63,416.92,416.54,416.74,2469.0,416.726,18
2024-11-27 14:20:00-05:00,416.74,416.74,416.26,416.34,3539.0,416.426,28
2024-11-27 14:25:00-05:00,416.33,416.52,416.05,416.05,1255.0,416.327,10
2024-11-27 14:30:00-05:00,416.17,416.17,415.86,415.93,1256.0,415.956,12
2024-11-27 14:35:00-05:00,415.87,416.47,415.87,416.33,4154.0,416.245,38
2024-11-27 14:40:00-05:00,416.14,416.33,416.14,416.33,601.0,416.289,6
2024-11-27 14:45:00-05:00,416.34,416.53,416.33,416.53,2776.0,416.407,26
2024-11-27 14:50:00-05:00,416.5,416.71,416.27,416.39,8836.0,416.514,60
2024-11-27 14:55:00-05:00,416.59,416.6,416.43,416.58,2856.0,416.544,27
2024-11-27 15:00:00-05:00,416.59,416.65,416.45,416.48,2473.0,416.564,23
2024-11-27 15:05:00-05:00,416.48,416.64,416.46,416.52,3710.0,416.583,31
2024-11-27 15:10:00-05:00,416.55,416.63,416.36,416.37,1700.0,416.491,17
2024-11-27 15:15:00-05:00,416.34,416.43,416.02,416.03,4419.0,416.26,33
2024-11-27 15:20:00-05:00,416.12,416.35,415.96,416.35,4817.0,416.205,39
2024-11-27 15:25:00-05:00,416.25,416.5,416.11,416.34,5392.0,416.315,50
2024-11-27 15:30:00-05:00,416.42,416.42,415.97,416.28,3401.0,416.128,30
2024-11-27 15:35:00-05:00,416.25,416.39,416.17,416.21,3948.0,416.272,29
2024-11-27 15:40:00-05:00,416.12,416.2,416.06,416.12,2968.0,416.121,28
2024-11-27 15:45:00-05:00,416.11,416.44,416.05,416.44,5430.0,416.25,51
2024-11-27 15:50:00-05:00,416.33,416.37,416.12,416.2,6620.0,416.239,62
2024-11-27 15:55:00-05:00,416.18,416.48,415.78,416.12,38498.0,416.187,317
2024-11-29 09:30:00-05:00,416.0,418.87,415.72,417.75,36479.0,416.486,161
2024-11-29 09:35:00-05:00,418.31,418.31,416.69,416.69,4757.0,417.181,26
2024-11-29 09:40:00-05:00,416.41,416.99,416.32,416.78,19616.0,416.656,132
2024-11-29 09:45:00-05:00,416.94,417.26,416.02,416.93,9520.0,416.69,75
2024-11-29 09:50:00-05:00,417.14,417.86,416.1,416.1,3482.0,417.379,30
2024-11-29 09:55:00-05:00,416.98,418.0,415.92,417.92,18853.0,416.915,109
2024-11-29 10:00:00-05:00,417.89,418.63,417.64,417.97,3051.0,418.059,23
2024-11-29 10:05:00-05:00,417.74,418.11,416.92,416.95,9754.0,417.217,74
2024-11-29 10:10:00-05:00,417.05,418.64,417.04,418.64,3375.0,417.704,32
2024-11-29 10:15:00-05:00,418.15,418.86,417.67,417.67,6773.0,418.341,53
2024-11-29 10:20:00-05:00,417.91,418.16,417.62,417.63,2808.0,417.833,24
2024-11-29 10:25:00-05:00,417.38,418.14,417.38,417.7,6681.0,417.654,52
2024-11-29 10:30:00-05:00,418.04,418.33,417.79,417.84,1330.0,417.931,11
2024-11-29 10:35:00-05:00,417.85,417.87,417.43,417.75,1400.0,417.688,14
2024-11-29 10:40:00-05:00,418.02,418.08,417.58,417.8,1908.0,417.832,16
2024-11-29 10:45:00-05:00,417.98,418.43,417.7,418.43,3867.0,418.064,26
2024-11-29 10:50:00-05:00,418.48,418.68,418.01,418.12,4627.0,418.357,26
2024-11-29 10:55:00-05:00,418.15,418.29,417.96,418.19,2983.0,418.078,19
2024-11-29 11:00:00-05:00,418.35,418.35,416.99,418.33,27022.0,417.671,214
2024-11-29 11:05:00-05:00,418.33,418.33,416.77,417.04,2752.0,417.55,25
2024-11-29 11:10:00-05:00,417.04,417.04,416.05,416.74,15687.0,416.285,146
2024-11-29 11:15:00-05:00,416.78,417.52,416.78,417.52,2671.0,417.18,24
2024-11-29 11:20:00-05:00,417.41,417.43,417.06,417.2,1905.0,417.222,16
2024-11-29 11:25:00-05:00,417.1,417.4,416.98,417.2,2005.0,417.174,16
2024-11-29 11:30:00-05:00,417.1,417.76,417.1,417.76,2453.0,417.524,22
2024-11-29 11:35:00-05:00,417.64,417.64,416.85,416.88,1876.0,417.108,18
2024-11-29 11:40:00-05:00,416.88,417.7,416.88,417.61,5250.0,417.317,46
2024-11-29 11:45:00-05:00,417.78,418.03,417.78,417.99,727.0,417.914,5
2024-11-29 11:50:00-05:00,417.99,417.99,417.49,417.64,2815.0,417.686,23
2024-11-29 11:55:00-05:00,417.63,417.88,417.35,417.36,721.0,417.571,6
2024-11-29 12:00:00-05:00,417.5,417.93,417.5,417.81,2120.0,417.659,19
2024-11-29 12:05:00-05:00,418.05,418.05,417.9,417.96,2803.0,417.93,15
2024-11-29 12:10:00-05:00,418.05,418.2,417.96,417.97,2071.0,418.043,15
2024-11-29 12:15:00-05:00,417.96,418.42,417.86,418.01,5296.0,418.176,43
2024-11-29 12:20:00-05:00,417.89,417.97,417.52,417.64,1827.0,417.751,16
2024-11-29 12:25:00-05:00,417.46,418.11,417.46,417.81,5587.0,417.89,27
2024-11-29 12:30:00-05:00,418.18,418.37,417.46,418.0,6070.0,417.978,50
2024-11-29 12:35:00-05:00,417.81,417.9,417.81,417.84,878.0,417.858,7
2024-11-29 12:40:00-05:00,417.83,418.0,417.65,417.94,6783.0,417.844,42
2024-11-29 12:45:00-05:00,417.72,418.18,417.7,417.8,17730.0,417.762,101
2024-11-29 12:50:00-05:00,417.66,417.7,416.75,416.82,8081.0,417.068,76
2024-11-29 12:55:00-05:00,416.96,417.27,415.96,416.17,31646.0,416.436,279
2024-12-02 09:30:00-05:00,416.31,416.4,414.79,415.77,15071.0,416.186,24
2024-12-02 09:35:00-05:00,415.77,415.91,415.01,415.61,2300.0,415.503,21
2024-12-02 09:40:00-05:00,415.35,415.5,414.22,415.39,3621.0,415.008,33
2024-12-02 09:40:00-05:00,415.35,415.6,414.22,415.45,4021.0,415.053,37
2024-12-02 09:45:00-05:00,415.77,415.93,414.28,414.74,8786.0,415.125,75
2024-12-02 09:50:00-05:00,414.71,414.72,413.72,413.89,7606.0,414.202,49
2024-12-02 09:55:00-05:00,413.84,413.84,413.46,413.64,1889.0,413.634,15
2024-12-02 10:00:00-05:00,413.64,413.77,412.65,412.87,10005.0,413.218,82
2024-12-02 10:05:00-05:00,412.97,413.35,412.71,412.77,4769.0,412.911,33
2024-12-02 10:10:00-05:00,412.61,413.14,412.18,412.18,7390.0,412.543,43
2024-12-02 10:15:00-05:00,412.34,413.08,412.34,412.96,2524.0,412.744,23
2024-12-02 10:20:00-05:00,412.97,413.41,412.84,412.84,5745.0,413.019,50
2024-12-02 10:25:00-05:00,412.84,413.41,412.84,413.1,2972.0,413.084,25
2024-12-02 10:30:00-05:00,412.83,413.08,412.56,413.0,6165.0,412.782,56
2024-12-02 10:35:00-05:00,413.19,413.26,412.77,412.87,1188.0,412.958,11
2024-12-02 10:40:00-05:00,412.88,413.08,412.64,412.71,1768.0,412.79,16
2024-12-02 10:45:00-05:00,412.78,413.09,412.72,412.95,2066.0,412.912,18
2024-12-02 10:50:00-05:00,412.68,413.32,412.68,412.88,3946.0,413.028,35
2024-12-02 10:55:00-05:00,412.96,413.16,412.57,413.04,3812.0,412.758,29
2024-12-02 11:00:00-05:00,412.72,412.72,412.15,412.61,6061.0,412.313,29
2024-12-02 11:05:00-05:00,412.61,413.08,412.44,412.85,3710.0,412.789,28
2024-12-02 11:10:00-05:00,412.94,413.15,412.93,413.01,1717.0,413.003,8
2024-12-02 11:15:00-05:00,413.2,413.5,413.0,413.26,7895.0,413.282,61
2024-12-02 11:20:00-05:00,413.34,413.35,412.54,412.78,3530.0,413.13,22
2024-12-02 11:25:00-05:00,412.78,413.02,412.68,412.96,1653.0,412.934,14
2024-12-02 11:30:00-05:00,413.03,413.31,413.03,413.1,2064.0,413.151,15
2024-12-02 11:35:00-05:00,412.98,413.37,412.75,412.75,963.0,413.08,7
2024-12-02 11:40:00-05:00,412.84,412.99,412.45,412.45,2085.0,412.766,18
2024-12-02 11:45:00-05:00,412.76,413.45,412.72,413.45,11092.0,413.072,70
2024-12-02 11:50:00-05:00,413.5,414.34,413.5,413.81,4536.0,413.825,38
2024-12-02 11:55:00-05:00,413.86,413.96,413.5,413.54,2961.0,413.561,12
2024-12-02 12:00:00-05:00,413.8,413.96,413.66,413.71,4937.0,413.776,27
2024-12-02 12:05:00-05:00,413.52,413.74,413.52,413.73,876.0,413.687,7
2024-12-02 12:10:00-05:00,413.74,413.95,413.65,413.75,3114.0,413.759,8
2024-12-02 12:15:00-05:00,413.95,414.14,413.79,413.93,1838.0,413.952,14
2024-12-02 12:20:00-05:00,413.93,414.54,413.76,414.54,12457.0,413.957,31
2024-12-02 12:25:00-05:00,414.68,414.68,414.3,414.31,1795.0,414.483,15
2024-12-02 12:30:00-05:00,414.4,414.85,414.4,414.72,3202.0,414.724,13
2024-12-02 12:35:00-05:00,414.76,414.83,414.31,414.5,2701.0,414.743,15
2024-12-02 12:40:00-05:00,414.44,414.6,414.44,414.6,325.0,414.518,3
2024-12-02 12:45:00-05:00,414.48,414.67,414.48,414.53,770.0,414.593,7
2024-12-02 12:50:00-05:00,414.4,414.56,414.29,414.46,2566.0,414.441,22
2024-12-02 12:55:00-05:00,414.54,414.75,414.37,414.37,3002.0,414.547,11
2024-12-02 13:00:00-05:00,414.56,414.59,414.2,414.2,2783.0,414.388,16
2024-12-02 13:05:00-05:00,414.2,414.33,414.17,414.3,3879.0,414.273,13
2024-12-02 13:10:00-05:00,414.23,414.5,414.15,414.41,13409.0,414.334,34
2024-12-02 13:15:00-05:00,414.44,414.83,414.32,414.79,3454.0,414.564,34
2024-12-02 13:20:00-05:00,414.55,414.8,414.52,414.79,7802.0,414.686,20
2024-12-02 13:25:00-05:00,414.9,415.11,414.69,415.05,2257.0,414.939,15
2024-12-02 13:30:00-05:00,415.11,415.15,415.0,415.15,1367.0,415.041,9
2024-12-02 13:35:00-05:00,415.19,415.58,415.18,415.42,1413.0,415.376,14
2024-12-02 13:40:00-05:00,415.36,415.46,415.26,415.27,2643.0,415.359,17
2024-12-02 13:45:00-05:00,415.38,415.53,415.24,415.49,1649.0,415.341,11
2024-12-02 13:50:00-05:00,415.44,415.64,415.35,415.59,1984.0,415.5,15
2024-12-02 13:55:00-05:00,415.57,415.81,415.57,415.77,700.0,415.695,7
2024-12-02 14:00:00-05:00,415.77,415.77,415.36,415.46,3308.0,415.529,23
2024-12-02 14:05:00-05:00,415.21,415.21,414.79,415.0,900.0,415.014,6
2024-12-02 14:10:00-05:00,415.01,415.01,415.01,415.01,100.0,415.01,1
2024-12-02 14:15:00-05:00,415.02,415.02,414.74,414.74,1551.0,414.846,13
2024-12-02 14:20:00-05:00,414.7,414.73,414.7,414.73,400.0,414.715,4
2024-12-02 14:25:00-05:00,414.77,415.22,414.77,415.22,1960.0,414.983,18
2024-12-02 14:30:00-05:00,415.25,415.5,415.14,415.15,1000.0,415.198,7
2024-12-02 14:35:00-05:00,415.19,415.46,415.18,415.25,1438.0,415.274,10
2024-12-02 14:40:00-05:00,415.25,415.26,415.05,415.06,4038.0,415.161,31
2024-12-02 14:45:00-05:00,415.26,415.26,414.64,414.84,9059.0,414.953,64
2024-12-02 14:50:00-05:00,414.78,414.96,414.78,414.85,1024.0,414.835,10
2024-12-02 14:55:00-05:00,414.85,415.3,414.73,415.3,6060.0,414.974,37
2024-12-02 15:00:00-05:00,415.32,415.35,415.05,415.11,4184.0,415.187,30
2024-12-02 15:05:00-05:00,415.1,415.31,415.0,415.19,2585.0,415.104,23
2024-12-02 15:10:00-05:00,415.11,415.11,414.75,414.93,2244.0,414.916,18
2024-12-02 15:15:00-05:00,415.1,415.15,414.87,415.01,3018.0,414.998,20
2024-12-02 15:20:00-05:00,415.03,415.05,415.0,415.05,800.0,415.034,6
2024-12-02 15:25:00-05:00,415.11,415.24,414.98,414.99,5351.0,415.083,49
2024-12-02 15:30:00-05:00,414.97,415.12,414.73,414.77,2493.0,414.912,22
2024-12-02 15:35:00-05:00,414.76,414.9,414.69,414.75,5086.0,414.783,38
2024-12-02 15:40:00-05:00,414.75,414.76,413.74,413.84,5881.0,414.125,44
2024-12-02 15:45:00-05:00,413.76,413.9,413.41,413.84,4294.0,413.69,38
2024-12-02 15:50:00-05:00,413.77,414.87,413.7,414.6,18178.0,414.42,142
2024-12-02 15:55:00-05:00,414.64,415.02,414.33,414.63,98293.0,414.695,770
2024-12-03 09:30:00-05:00,414.51,414.92,412.01,413.72,19298.0,414.251,21
2024-12-03 09:35:00-05:00,413.27,414.44,410.86,411.56,3591.0,412.201,28
2024-12-03 09:40:00-05:00,411.18,412.78,410.33,411.63,6731.0,411.992,34
2024-12-03 09:45:00-05:00,411.63,413.93,411.62,411.73,7512.0,412.471,64
2024-12-03 09:50:00-05:00,411.03,411.84,411.0,411.04,6463.0,411.43,38
2024-12-03 09:55:00-05:00,411.5,412.12,410.67,411.19,1467.0,411.457,12
2024-12-03 10:00:00-05:00,411.04,412.28,410.43,411.62,7374.0,411.568,61
2024-12-03 10:05:00-05:00,411.97,412.33,411.6,411.99,2644.0,411.958,25
2024-12-03 10:10:00-05:00,411.71,411.79,411.05,411.05,2670.0,411.41,20
2024-12-03 10:15:00-05:00,411.04,411.73,411.04,411.31,2250.0,411.404,21
2024-12-03 10:20:00-05:00,411.63,411.75,411.06,411.44,2892.0,411.4,23
2024-12-03 10:25:00-05:00,411.19,411.19,410.59,410.76,1221.0,410.925,12
2024-12-03 10:30:00-05:00,410.73,410.86,410.05,410.05,1707.0,410.465,15
2024-12-03 10:35:00-05:00,410.05,410.22,409.91,410.01,1416.0,410.076,14
2024-12-03 10:40:00-05:00,410.04,410.04,409.76,409.85,2921.0,409.886,29
2024-12-03 10:45:00-05:00,409.83,410.25,409.73,410.25,3425.0,409.984,30
2024-12-03 10:50:00-05:00,410.06,410.06,409.57,409.94,2247.0,409.867,19
2024-12-03 10:55:00-05:00,409.63,409.86,409.48,409.53,2300.0,409.639,21
2024-12-03 11:00:00-05:00,409.61,409.61,408.86,409.3,9964.0,409.159,41
2024-12-03 11:05:00-05:00,409.35,409.38,408.92,409.23,4508.0,409.201,35
2024-12-03 11:10:00-05:00,408.99,409.09,408.26,408.56,7082.0,408.588,61
2024-12-03 11:15:00-05:00,408.63,408.87,408.26,408.78,4344.0,408.645,35
2024-12-03 11:20:00-05:00,408.58,408.8,408.53,408.58,3285.0,408.609,20
2024-12-03 11:25:00-05:00,408.77,408.81,408.33,408.33,5646.0,408.683,50
2024-12-03 11:30:00-05:00,408.57,408.64,408.35,408.49,3053.0,408.498,28
2024-12-03 11:35:00-05:00,408.49,409.28,408.39,408.99,7414.0,408.778,66
2024-12-03 11:40:00-05:00,409.05,409.07,408.66,408.67,2010.0,408.888,17
2024-12-03 11:45:00-05:00,408.67,408.68,408.17,408.24,2702.0,408.53,27
2024-12-03 11:50:00-05:00,408.28,408.85,408.26,408.79,10770.0,408.548,87
2024-12-03 11:55:00-05:00,408.64,408.66,408.04,408.4,5156.0,408.392,49
2024-12-03 12:00:00-05:00,408.46,408.46,408.34,408.44,1001.0,408.42,9
2024-12-03 12:05:00-05:00,408.43,408.75,408.08,408.75,3833.0,408.386,35
2024-12-03 12:10:00-05:00,409.07,409.23,408.73,408.97,3498.0,409.083,29
2024-12-03 12:15:00-05:00,408.97,409.46,408.97,409.43,1600.0,409.241,15
2024-12-03 12:20:00-05:00,409.43,409.56,409.09,409.23,4285.0,409.376,40
2024-12-03 12:25:00-05:00,409.23,409.4,409.0,409.24,6325.0,409.23,46
2024-12-03 12:30:00-05:00,409.24,409.75,409.18,409.72,12491.0,409.5,109
2024-12-03 12:35:00-05:00,409.82,409.93,409.64,409.83,2729.0,409.805,25
2024-12-03 12:40:00-05:00,409.83,409.83,409.44,409.56,7523.0,409.635,66
2024-12-03 12:45:00-05:00,409.44,410.27,409.28,410.27,7621.0,409.607,20
2024-12-03 12:50:00-05:00,410.36,410.39,409.94,409.98,1002.0,410.184,7
2024-12-03 12:55:00-05:00,410.02,410.63,409.74,410.58,2673.0,410.131,24
2024-12-03 13:00:00-05:00,410.81,410.81,410.36,410.62,1823.0,410.608,12
2024-12-03 13:05:00-05:00,410.62,410.84,410.46,410.76,1407.0,410.65,12
2024-12-03 13:10:00-05:00,410.78,411.27,410.78,411.27,1349.0,411.025,11
2024-12-03 13:15:00-05:00,411.05,411.23,410.67,411.23,1200.0,411.071,12
2024-12-03 13:20:00-05:00,411.41,411.87,411.41,411.67,800.0,411.645,7
2024-12-03 13:25:00-05:00,411.69,411.96,411.69,411.8,1121.0,411.822,10
2024-12-03 13:30:00-05:00,411.82,412.0,411.55,412.0,2303.0,411.726,18
2024-12-03 13:35:00-05:00,411.97,412.44,411.96,412.31,1317.0,412.309,11
2024-12-03 13:40:00-05:00,412.04,412.35,411.99,412.13,993.0,412.136,9
2024-12-03 13:45:00-05:00,411.89,412.14,411.67,411.98,3981.0,411.986,25
2024-12-03 13:50:00-05:00,411.98,412.38,411.98,412.38,2754.0,412.092,19
2024-12-03 13:55:00-05:00,412.28,412.36,412.16,412.26,2069.0,412.24,12
2024-12-03 14:00:00-05:00,412.14,412.32,412.05,412.08,4754.0,412.168,35
2024-12-03 14:05:00-05:00,412.0,412.33,411.95,411.95,1655.0,412.203,16
2024-12-03 14:10:00-05:00,411.98,412.38,411.78,412.1,3636.0,412.155,36
2024-12-03 14:15:00-05:00,412.13,412.34,411.78,412.09,2113.0,412.09,17
2024-12-03 14:20:00-05:00,412.09,412.09,411.84,412.08,400.0,412.021,4
2024-12-03 14:25:00-05:00,412.2,412.2,411.87,411.98,1100.0,412.071,11
2024-12-03 14:30:00-05:00,412.06,412.3,411.57,411.57,4472.0,412.121,42
2024-12-03 14:35:00-05:00,411.86,411.87,411.84,411.85,380.0,411.856,2
2024-12-03 14:40:00-05:00,411.69,411.76,411.42,411.54,2424.0,411.599,17
2024-12-03 14:45:00-05:00,411.75,412.06,411.75,411.84,2470.0,411.927,20
2024-12-03 14:50:00-05:00,411.93,412.22,411.92,412.22,420.0,412.068,4
2024-12-03 14:55:00-05:00,412.11,412.14,411.94,412.02,2300.0,412.089,22
2024-12-03 15:00:00-05:00,412.04,412.22,411.75,412.03,3925.0,412.098,18
2024-12-03 15:05:00-05:00,411.94,412.4,411.92,412.34,9508.0,412.267,47
2024-12-03 15:10:00-05:00,412.33,412.8,412.22,412.64,4103.0,412.437,38
2024-12-03 15:15:00-05:00,412.65,412.7,412.12,412.12,2409.0,412.503,20
2024-12-03 15:20:00-05:00,412.4,412.62,412.39,412.54,400.0,412.51,4
2024-12-03 15:25:00-05:00,412.72,412.73,412.44,412.49,3138.0,412.548,22
2024-12-03 15:30:00-05:00,412.47,412.98,412.33,412.98,5286.0,412.654,44
2024-12-03 15:35:00-05:00,412.95,413.14,412.26,412.41,6862.0,412.818,43
2024-12-03 15:40:00-05:00,412.62,412.68,412.5,412.68,3242.0,412.641,30
2024-12-03 15:45:00-05:00,412.68,412.69,412.48,412.64,7985.0,412.615,61
2024-12-03 15:50:00-05:00,412.65,413.17,412.57,412.78,11929.0,412.917,98
2024-12-03 15:55:00-05:00,412.78,412.79,412.34,412.34,38611.0,412.563,281
2024-12-04 09:30:00-05:00,412.01,413.14,411.23,412.57,11457.0,412.013,9
2024-12-04 09:35:00-05:00,412.28,412.74,411.83,412.63,2505.0,412.425,20
2024-12-04 09:40:00-05:00,413.06,413.1,412.51,413.06,3355.0,412.767,27
2024-12-04 09:45:00-05:00,412.85,413.04,412.43,412.8,7438.0,412.809,67
2024-12-04 09:50:00-05:00,413.06,413.39,412.58,413.14,11404.0,412.89,69
2024-12-04 09:55:00-05:00,413.14,414.59,412.98,414.48,4954.0,413.853,31
2024-12-04 10:00:00-05:00,414.48,414.82,413.41,413.41,3936.0,414.067,32
2024-12-04 10:05:00-05:00,413.98,415.55,413.98,415.4,6479.0,414.892,44
2024-12-04 10:10:00-05:00,415.58,416.52,415.37,415.79,7363.0,415.832,55
2024-12-04 10:15:00-05:00,415.58,415.74,414.77,414.77,1507.0,415.332,14
2024-12-04 10:20:00-05:00,415.12,415.58,414.66,415.58,2793.0,415.254,26
2024-12-04 10:25:00-05:00,415.69,416.42,415.52,416.1,24896.0,416.017,39
2024-12-04 10:30:00-05:00,415.87,416.48,415.87,416.2,2995.0,416.228,24
2024-12-04 10:35:00-05:00,416.3,416.73,416.18,416.18,19265.0,416.347,58
2024-12-04 10:40:00-05:00,416.41,416.52,416.15,416.34,3912.0,416.359,34
2024-12-04 10:45:00-05:00,416.08,416.35,415.83,416.08,4176.0,416.165,28
2024-12-04 10:50:00-05:00,416.08,416.24,415.54,415.56,1100.0,415.736,11
2024-12-04 10:55:00-05:00,415.65,416.34,415.65,416.3,4278.0,416.051,37
2024-12-04 11:00:00-05:00,416.28,416.48,416.28,416.41,5529.0,416.381,49
2024-12-04 11:05:00-05:00,416.42,416.86,416.35,416.86,2879.0,416.584,26
2024-12-04 11:10:00-05:00,416.93,417.35,416.83,417.22,3346.0,417.125,27
2024-12-04 11:15:00-05:00,417.22,417.43,416.68,417.02,6804.0,417.225,66
2024-12-04 11:20:00-05:00,417.0,417.26,416.74,417.25,726.0,416.993,7
2024-12-04 11:25:00-05:00,416.99,417.25,416.62,417.24,2337.0,416.859,22
2024-12-04 11:30:00-05:00,417.28,417.45,417.02,417.45,1300.0,417.148,13
2024-12-04 11:35:00-05:00,417.46,417.99,417.46,417.65,2142.0,417.628,19
2024-12-04 11:40:00-05:00,417.67,417.79,416.97,416.97,1858.0,417.299,17
2024-12-04 11:45:00-05:00,416.94,417.4,416.93,417.34,734.0,417.293,7
2024-12-04 11:50:00-05:00,417.33,417.59,417.3,417.3,800.0,417.437,8
2024-12-04 11:55:00-05:00,417.18,417.22,416.83,416.92,1796.0,416.967,16
2024-12-04 12:00:00-05:00,417.11,417.27,416.89,417.23,2341.0,417.027,22
2024-12-04 12:05:00-05:00,417.2,417.45,417.2,417.22,1240.0,417.252,6
2024-12-04 12:10:00-05:00,417.3,417.3,416.91,417.03,1876.0,417.099,18
2024-12-04 12:15:00-05:00,417.14,417.21,417.14,417.21,621.0,417.192,3
2024-12-04 12:20:00-05:00,417.37,417.64,417.21,417.64,4571.0,417.344,44
2024-12-04 12:25:00-05:00,417.51,417.75,417.32,417.5,1230.0,417.478,12
2024-12-04 12:30:00-05:00,417.56,417.57,417.21,417.21,963.0,417.372,9
2024-12-04 12:35:00-05:00,417.39,417.4,417.21,417.3,1757.0,417.286,16
2024-12-04 12:40:00-05:00,416.99,417.13,416.88,417.13,1179.0,417.064,7
2024-12-04 12:45:00-05:00,417.29,417.29,417.1,417.1,300.0,417.163,2
2024-12-04 12:50:00-05:00,417.3,417.39,417.07,417.19,1414.0,417.231,13
2024-12-04 12:55:00-05:00,417.07,417.22,416.89,416.96,2697.0,417.085,23
2024-12-04 13:00:00-05:00,416.75,416.9,416.75,416.9,300.0,416.803,3
2024-12-04 13:05:00-05:00,416.49,416.67,416.44,416.6,1328.0,416.488,12
2024-12-04 13:10:00-05:00,416.83,417.25,416.83,416.94,3324.0,417.047,26
2024-12-04 13:15:00-05:00,417.02,417.25,416.97,416.98,749.0,417.034,7
2024-12-04 13:20:00-05:00,416.98,416.98,416.49,416.5,1923.0,416.661,18
2024-12-04 13:25:00-05:00,416.47,416.48,416.46,416.47,693.0,416.467,5
2024-12-04 13:30:00-05:00,416.57,416.67,416.23,416.42,2706.0,416.363,23
2024-12-04 13:35:00-05:00,416.5,416.93,416.5,416.93,1376.0,416.739,10
2024-12-04 13:40:00-05:00,416.81,416.98,416.8,416.97,400.0,416.934,4
2024-12-04 13:45:00-05:00,416.77,416.99,416.63,416.98,1976.0,416.809,14
2024-12-04 13:50:00-05:00,416.92,417.06,415.91,416.6,22138.0,416.334,120
2024-12-04 13:55:00-05:00,416.6,416.93,416.54,416.55,792.0,416.615,6
2024-12-04 14:00:00-05:00,416.59,416.93,415.93,416.13,10815.0,416.233,30
2024-12-04 14:05:00-05:00,416.02,416.07,415.42,415.42,5064.0,415.9,24
2024-12-04 14:10:00-05:00,414.78,415.05,414.7,414.93,800.0,414.849,8
2024-12-04 14:15:00-05:00,415.06,415.11,414.84,414.95,2808.0,414.99,26
2024-12-04 14:20:00-05:00,414.95,415.12,414.89,414.92,1139.0,414.941,9
2024-12-04 14:25:00-05:00,415.01,415.13,414.69,415.06,4764.0,414.925,44
2024-12-04 14:30:00-05:00,414.86,415.47,414.85,415.37,3144.0,415.283,29
2024-12-04 14:35:00-05:00,415.37,415.74,415.36,415.51,2109.0,415.5,19
2024-12-04 14:40:00-05:00,415.74,415.95,415.51,415.69,5573.0,415.675,42
2024-12-04 14:45:00-05:00,415.73,415.73,415.33,415.37,3337.0,415.437,31
2024-12-04 14:50:00-05:00,415.21,415.57,415.07,415.36,4437.0,415.215,28
2024-12-04 14:55:00-05:00,415.36,415.61,415.3,415.36,1700.0,415.421,17
2024-12-04 15:00:00-05:00,415.36,415.47,415.02,415.39,3250.0,415.229,28
2024-12-04 15:05:00-05:00,415.46,415.73,415.44,415.73,1987.0,415.574,17
2024-12-04 15:10:00-05:00,415.62,416.26,415.58,415.93,4725.0,415.993,36
2024-12-04 15:15:00-05:00,416.24,416.3,416.01,416.3,1106.0,416.164,10
2024-12-04 15:20:00-05:00,416.3,416.44,416.3,416.36,820.0,416.36,8
2024-12-04 15:25:00-05:00,416.34,416.5,416.31,416.4,2465.0,416.39,23
2024-12-04 15:30:00-05:00,416.4,416.93,416.39,416.93,2000.0,416.655,20
2024-12-04 15:35:00-05:00,416.9,417.3,416.9,417.24,2186.0,417.115,21
2024-12-04 15:40:00-05:00,417.24,417.31,417.1,417.18,4486.0,417.211,39
2024-12-04 15:45:00-05:00,417.19,417.37,417.18,417.23,3438.0,417.248,30
2024-12-04 15:50:00-05:00,417.11,417.74,417.02,417.35,19900.0,417.429,170
2024-12-04 15:55:00-05:00,417.29,417.53,417.07,417.46,33238.0,417.334,265
2024-12-05 09:30:00-05:00,414.89,416.64,411.72,413.41,22850.0,414.633,42
2024-12-05 09:35:00-05:00,413.52,413.57,410.68,411.22,13429.0,412.093,94
2024-12-05 09:40:00-05:00,411.36,413.1,411.35,413.01,7932.0,412.644,69
2024-12-05 09:45:00-05:00,412.66,414.19,412.47,413.55,13701.0,413.769,63
2024-12-05 09:50:00-05:00,413.55,413.99,412.54,413.04,6600.0,413.066,53
2024-12-05 09:55:00-05:00,413.04,413.09,411.65,413.09,7636.0,412.729,57
2024-12-05 10:00:00-05:00,413.09,414.34,412.55,412.58,27058.0,413.225,168
2024-12-05 10:05:00-05:00,412.29,413.11,412.2,412.47,7032.0,412.56,48
2024-12-05 10:10:00-05:00,412.6,413.05,412.2,412.83,15577.0,412.325,128
2024-12-05 10:15:00-05:00,412.68,412.94,412.21,412.74,4861.0,412.455,46
2024-12-05 10:20:00-05:00,413.01,413.02,412.3,412.5,3879.0,412.754,31
2024-12-05 10:25:00-05:00,412.52,413.06,412.26,412.51,5788.0,412.719,40
2024-12-05 10:30:00-05:00,412.78,413.29,412.31,412.58,6836.0,412.667,46
2024-12-05 10:35:00-05:00,412.35,412.65,410.75,411.38,11955.0,411.865,84
2024-12-05 10:40:00-05:00,411.49,412.0,411.07,411.75,7402.0,411.583,60
2024-12-05 10:45:00-05:00,411.75,412.76,411.49,412.17,5601.0,412.015,52
2024-12-05 10:50:00-05:00,412.4,412.8,411.31,411.65,8422.0,411.971,60
2024-12-05 10:55:00-05:00,411.32,412.0,411.31,411.76,8790.0,411.652,77
2024-12-05 11:00:00-05:00,411.76,412.04,411.62,411.84,5493.0,411.856,53
2024-12-05 11:05:00-05:00,411.96,412.41,411.65,411.7,6066.0,412.049,54
2024-12-05 11:10:00-05:00,411.94,411.94,411.63,411.64,2270.0,411.802,19
2024-12-05 11:15:00-05:00,411.91,412.2,411.62,412.11,5094.0,411.914,43
2024-12-05 11:20:00-05:00,412.27,412.83,412.03,412.45,8637.0,412.462,65
2024-12-05 11:25:00-05:00,412.43,412.82,412.32,412.61,6150.0,412.576,21
2024-12-05 11:30:00-05:00,412.49,412.61,412.18,412.56,9011.0,412.487,65
2024-12-05 11:35:00-05:00,412.56,413.08,412.47,412.77,7349.0,412.712,66
2024-12-05 11:40:00-05:00,412.78,413.19,412.72,412.88,14286.0,412.908,93
2024-12-05 11:45:00-05:00,412.89,413.31,412.67,412.67,8759.0,412.931,39
2024-12-05 11:50:00-05:00,412.94,413.05,412.67,412.85,6175.0,412.915,47
2024-12-05 11:55:00-05:00,413.1,413.52,412.77,413.48,14952.0,413.004,84
2024-12-05 12:00:00-05:00,413.48,413.5,412.73,412.99,3698.0,413.138,30
2024-12-05 12:05:00-05:00,412.99,414.13,412.98,414.13,5479.0,413.315,44
2024-12-05 12:10:00-05:00,414.12,414.38,413.8,414.0,11125.0,414.088,67
2024-12-05 12:15:00-05:00,414.37,414.74,413.96,414.74,6118.0,414.22,55
2024-12-05 12:20:00-05:00,414.32,414.74,414.26,414.46,5757.0,414.433,33
2024-12-05 12:25:00-05:00,414.55,414.83,414.4,414.54,5121.0,414.545,39
2024-12-05 12:30:00-05:00,414.54,415.5,414.52,414.71,8985.0,415.014,64
2024-12-05 12:35:00-05:00,414.67,415.51,414.67,415.51,5309.0,415.214,38
2024-12-05 12:40:00-05:00,415.51,416.05,415.31,415.4,6356.0,415.544,51
2024-12-05 12:45:00-05:00,415.4,415.62,415.23,415.58,7049.0,415.425,59
2024-12-05 12:50:00-05:00,415.58,415.94,415.46,415.61,1747.0,415.632,16
2024-12-05 12:55:00-05:00,415.51,415.75,415.41,415.48,2056.0,415.55,19
2024-12-05 13:00:00-05:00,415.69,416.05,415.42,415.42,3402.0,415.637,31
2024-12-05 13:05:00-05:00,415.75,415.75,415.35,415.48,2200.0,415.49,20
2024-12-05 13:10:00-05:00,415.59,416.0,415.44,415.78,6037.0,415.605,44
2024-12-05 13:15:00-05:00,415.9,415.96,415.54,415.54,1100.0,415.73,9
2024-12-05 13:20:00-05:00,415.69,415.91,414.85,414.85,3200.0,415.36,30
2024-12-05 13:25:00-05:00,414.87,415.17,414.61,415.17,3039.0,414.981,26
2024-12-05 13:30:00-05:00,414.98,415.32,414.9,415.1,1546.0,415.089,15
2024-12-05 13:35:00-05:00,415.09,415.38,414.88,415.13,2534.0,415.153,22
2024-12-05 13:40:00-05:00,415.13,415.36,415.06,415.11,2150.0,415.153,19
2024-12-05 13:45:00-05:00,414.97,415.28,414.72,415.02,6219.0,414.909,47
2024-12-05 13:50:00-05:00,415.04,415.04,414.69,414.89,2010.0,414.869,18
2024-12-05 13:55:00-05:00,414.64,414.64,414.15,414.34,10862.0,414.35,102
2024-12-05 14:00:00-05:00,414.56,414.65,414.15,414.4,4762.0,414.438,27
2024-12-05 14:05:00-05:00,414.4,415.14,414.27,414.85,3953.0,414.556,33
2024-12-05 14:10:00-05:00,414.83,414.94,414.74,414.75,2143.0,414.823,18
2024-12-05 14:15:00-05:00,414.7,414.77,414.23,414.77,4228.0,414.512,28
2024-12-05 14:20:00-05:00,414.88,415.09,414.6,414.84,3265.0,414.885,28
2024-12-05 14:25:00-05:00,414.83,415.24,414.7,414.93,5024.0,415.05,32
2024-12-05 14:30:00-05:00,414.84,415.1,414.84,414.97,2179.0,414.969,19
2024-12-05 14:35:00-05:00,415.24,415.44,415.1,415.25,3435.0,415.248,30
2024-12-05 14:40:00-05:00,415.25,415.58,415.08,415.31,2766.0,415.352,23
2024-12-05 14:45:00-05:00,415.06,415.79,414.98,415.78,3581.0,415.173,26
2024-12-05 14:50:00-05:00,415.58,415.68,415.42,415.5,2541.0,415.54,21
2024-12-05 14:55:00-05:00,415.5,415.63,415.49,415.49,3435.0,415.53,19
2024-12-05 15:00:00-05:00,415.44,415.59,415.33,415.4,7751.0,415.451,49
2024-12-05 15:05:00-05:00,415.19,415.47,415.16,415.34,4357.0,415.285,30
2024-12-05 15:10:00-05:00,415.32,415.32,414.87,415.05,4127.0,415.118,30
2024-12-05 15:15:00-05:00,415.2,415.56,415.06,415.4,3727.0,415.221,25
2024-12-05 15:20:00-05:00,415.69,415.69,415.26,415.26,3493.0,415.468,27
2024-12-05 15:25:00-05:00,415.25,415.36,415.06,415.22,4444.0,415.186,39
2024-12-05 15:30:00-05:00,415.22,415.33,414.98,415.31,6364.0,415.179,49
2024-12-05 15:35:00-05:00,415.5,415.98,415.34,415.85,5973.0,415.724,53
2024-12-05 15:40:00-05:00,415.85,415.99,415.43,415.61,7499.0,415.786,60
2024-12-05 15:45:00-05:00,415.73,415.8,415.36,415.45,9639.0,415.63,81
2024-12-05 15:50:00-05:00,415.5,415.8,415.33,415.58,14647.0,415.534,107
2024-12-05 15:55:00-05:00,415.78,415.87,414.81,415.08,41461.0,415.253,321
2024-12-06 09:30:00-05:00,415.69,416.69,415.29,416.69,11835.0,415.686,11
2024-12-06 09:35:00-05:00,415.4,415.4,414.71,414.71,3396.0,415.203,32
2024-12-06 09:40:00-05:00,416.08,416.51,414.9,415.05,1325.0,415.48,12
2024-12-06 09:45:00-05:00,415.09,415.37,414.29,414.65,4991.0,414.689,39
2024-12-06 09:50:00-05:00,414.97,415.97,414.97,415.91,1825.0,415.402,18
2024-12-06 09:55:00-05:00,414.88,415.91,414.81,415.44,2598.0,415.282,24
2024-12-06 10:00:00-05:00,415.36,416.35,415.19,415.92,8058.0,415.868,69
2024-12-06 10:05:00-05:00,415.98,417.85,415.92,417.68,4533.0,416.856,33
2024-12-06 10:10:00-05:00,417.53,417.64,416.7,416.8,4680.0,417.152,45
2024-12-06 10:15:00-05:00,416.8,417.93,416.79,417.46,2970.0,417.199,23
2024-12-06 10:20:00-05:00,417.81,418.89,417.32,418.56,1690.0,417.95,14
2024-12-06 10:25:00-05:00,418.44,419.0,418.31,418.75,3654.0,418.599,32
2024-12-06 10:30:00-05:00,418.43,419.51,418.4,419.13,2538.0,418.95,23
2024-12-06 10:35:00-05:00,419.16,419.16,418.15,418.43,1922.0,418.621,18
2024-12-06 10:40:00-05:00,418.1,418.65,418.1,418.3,1138.0,418.492,9
2024-12-06 10:45:00-05:00,418.6,418.6,418.33,418.33,200.0,418.465,2
2024-12-06 10:50:00-05:00,418.24,418.48,418.12,418.38,764.0,418.336,7
2024-12-06 10:55:00-05:00,418.45,418.66,418.45,418.48,1015.0,418.525,9
2024-12-06 11:00:00-05:00,418.18,418.25,417.69,417.69,1023.0,418.063,10
2024-12-06 11:05:00-05:00,417.72,417.72,417.33,417.55,918.0,417.507,9
2024-12-06 11:10:00-05:00,417.4,417.42,416.5,416.54,6397.0,416.925,57
2024-12-06 11:15:00-05:00,416.44,416.45,415.27,415.27,3110.0,415.867,29
2024-12-06 11:20:00-05:00,415.17,415.44,414.92,414.92,2110.0,415.162,15
2024-12-06 11:25:00-05:00,415.08,415.32,414.1,414.43,4410.0,414.901,37
2024-12-06 11:30:00-05:00,414.44,414.85,414.25,414.72,3859.0,414.504,22
2024-12-06 11:35:00-05:00,414.81,414.89,414.69,414.7,1599.0,414.764,12
2024-12-06 11:40:00-05:00,414.66,414.74,414.55,414.71,1707.0,414.711,8
2024-12-06 11:45:00-05:00,414.86,414.86,414.16,414.16,1028.0,414.44,10
2024-12-06 11:50:00-05:00,414.07,414.46,413.76,414.33,5148.0,414.235,35
2024-12-06 11:55:00-05:00,414.34,414.78,414.3,414.76,3903.0,414.569,24
2024-12-06 12:00:00-05:00,414.57,414.95,414.52,414.72,5938.0,414.735,42
2024-12-06 12:05:00-05:00,414.75,415.0,414.75,414.91,2200.0,414.868,19
2024-12-06 12:10:00-05:00,414.65,414.86,414.1,414.11,3535.0,414.616,11
2024-12-06 12:15:00-05:00,414.28,414.29,414.16,414.16,500.0,414.254,5
2024-12-06 12:20:00-05:00,414.46,414.46,414.28,414.33,2600.0,414.333,22
2024-12-06 12:25:00-05:00,414.09,414.64,414.09,414.49,3534.0,414.471,31
2024-12-06 12:30:00-05:00,414.49,414.49,414.29,414.41,3897.0,414.412,19
2024-12-06 12:35:00-05:00,414.51,414.52,413.79,413.9,725.0,413.967,6
2024-12-06 12:40:00-05:00,413.89,413.89,413.58,413.89,2789.0,413.706,25
2024-12-06 12:45:00-05:00,413.89,414.08,412.83,412.83,8270.0,413.824,34
2024-12-06 12:50:00-05:00,412.93,413.31,412.93,413.15,2954.0,413.094,27
2024-12-06 12:55:00-05:00,413.25,413.42,413.0,413.09,3112.0,413.174,21
2024-12-06 13:00:00-05:00,413.27,413.27,413.15,413.17,1300.0,413.172,13
2024-12-06 13:05:00-05:00,413.38,413.51,413.21,413.36,2694.0,413.303,26
2024-12-06 13:10:00-05:00,413.3,413.65,413.3,413.46,6869.0,413.409,36
2024-12-06 13:15:00-05:00,413.75,414.06,413.73,413.76,8443.0,413.915,34
2024-12-06 13:20:00-05:00,413.94,413.94,413.5,413.5,1922.0,413.685,16
2024-12-06 13:25:00-05:00,413.5,413.5,413.5,413.5,0.0,413.5,0
2024-12-06 13:30:00-05:00,413.54,413.65,413.54,413.65,652.0,413.557,6
2024-12-06 13:35:00-05:00,413.66,414.16,413.65,414.16,3222.0,413.959,26
2024-12-06 13:40:00-05:00,414.06,414.22,413.24,413.24,2190.0,413.699,18
2024-12-06 13:45:00-05:00,413.28,413.5,413.28,413.45,2084.0,413.447,4
2024-12-06 13:50:00-05:00,413.39,413.86,413.39,413.78,3867.0,413.656,28
2024-12-06 13:55:00-05:00,413.5,413.83,413.39,413.54,7323.0,413.503,58
2024-12-06 14:00:00-05:00,413.53,413.72,413.53,413.72,1900.0,413.579,10
2024-12-06 14:05:00-05:00,413.83,413.83,413.18,413.23,2731.0,413.61,23
2024-12-06 14:10:00-05:00,412.75,412.75,412.17,412.44,1901.0,412.479,17
2024-12-06 14:15:00-05:00,412.05,412.33,412.05,412.06,545.0,412.155,4
2024-12-06 14:20:00-05:00,412.05,412.16,411.93,411.93,1135.0,412.086,10
2024-12-06 14:25:00-05:00,412.33,412.59,412.33,412.33,1631.0,412.483,16
2024-12-06 14:30:00-05:00,412.38,412.38,412.09,412.22,1825.0,412.279,15
2024-12-06 14:35:00-05:00,412.31,412.46,411.78,411.87,5890.0,412.299,49
2024-12-06 14:40:00-05:00,412.03,412.33,411.89,412.15,3183.0,412.106,27
2024-12-06 14:45:00-05:00,412.26,412.71,411.99,411.99,2411.0,412.438,18
2024-12-06 14:50:00-05:00,412.42,412.75,412.42,412.74,1038.0,412.593,10
2024-12-06 14:55:00-05:00,412.75,412.75,412.71,412.72,528.0,412.733,5
2024-12-06 15:00:00-05:00,412.72,412.72,412.72,412.72,0.0,412.72,0
2024-12-06 15:05:00-05:00,412.27,412.27,412.0,412.07,800.0,412.186,7
2024-12-06 15:10:00-05:00,412.25,412.9,412.24,412.9,1048.0,412.6,10
2024-12-06 15:15:00-05:00,412.84,412.84,412.14,412.19,2497.0,412.612,21
2024-12-06 15:20:00-05:00,412.34,412.62,412.28,412.56,1127.0,412.375,11
2024-12-06 15:25:00-05:00,412.5,412.65,412.27,412.65,2169.0,412.452,20
2024-12-06 15:30:00-05:00,412.53,412.93,412.52,412.92,1229.0,412.754,12
2024-12-06 15:35:00-05:00,413.03,413.08,412.77,412.88,2682.0,412.888,25
2024-12-06 15:40:00-05:00,412.8,412.8,412.26,412.49,7804.0,412.506,67
2024-12-06 15:45:00-05:00,412.34,412.67,412.34,412.56,4876.0,412.523,34
2024-12-06 15:50:00-05:00,412.56,412.94,411.78,412.09,14350.0,412.411,111
2024-12-06 15:55:00-05:00,412.1,412.27,411.77,412.0,28611.0,412.037,224
2024-12-09 09:30:00-05:00,411.68,415.45,411.65,412.42,24559.0,412.017,42
2024-12-09 09:35:00-05:00,412.35,413.28,411.1,411.68,8248.0,411.878,52
2024-12-09 09:40:00-05:00,411.94,411.94,408.03,410.05,18057.0,410.017,121
2024-12-09 09:45:00-05:00,409.31,409.55,407.83,407.83,3562.0,408.801,27
2024-12-09 09:50:00-05:00,408.0,408.2,406.29,406.76,6987.0,407.363,56
2024-12-09 09:55:00-05:00,407.81,407.82,406.65,407.16,18465.0,407.242,135
2024-12-09 10:00:00-05:00,407.05,410.25,406.75,409.01,35385.0,408.096,229
2024-12-09 10:05:00-05:00,408.64,408.64,405.46,405.86,2832.0,406.322,27
2024-12-09 10:10:00-05:00,405.86,406.11,404.74,405.71,6217.0,405.592,47
2024-12-09 10:15:00-05:00,406.07,406.07,404.59,404.94,5955.0,405.134,42
2024-12-09 10:20:00-05:00,404.94,405.6,404.41,404.62,11849.0,404.903,51
2024-12-09 10:25:00-05:00,404.31,404.31,402.35,402.54,7104.0,403.319,57
2024-12-09 10:30:00-05:00,402.58,403.06,401.53,401.54,7233.0,402.516,56
2024-12-09 10:35:00-05:00,401.51,401.51,399.61,399.61,6211.0,400.705,54
2024-12-09 10:40:00-05:00,399.9,400.21,398.08,398.66,8410.0,399.143,74
2024-12-09 10:45:00-05:00,398.88,399.3,398.14,398.71,5966.0,398.78,48
2024-12-09 10:50:00-05:00,398.67,398.67,397.17,397.76,4770.0,397.909,38
2024-12-09 10:55:00-05:00,397.51,398.43,396.84,397.04,8361.0,397.492,78
2024-12-09 11:00:00-05:00,397.67,397.67,395.94,396.13,12219.0,396.583,47
2024-12-09 11:05:00-05:00,396.3,396.61,394.76,395.09,15986.0,396.031,104
2024-12-09 11:10:00-05:00,395.59,396.13,395.0,395.72,13483.0,395.512,94
2024-12-09 11:15:00-05:00,395.92,395.98,395.02,395.06,6524.0,395.59,43
2024-12-09 11:20:00-05:00,395.39,395.98,394.51,395.98,21364.0,395.275,170
2024-12-09 11:25:00-05:00,395.59,398.01,395.59,397.9,14036.0,396.812,84
2024-12-09 11:30:00-05:00,397.68,399.07,397.59,398.17,12703.0,398.159,76
2024-12-09 11:35:00-05:00,398.17,398.64,397.85,398.51,11073.0,398.243,85
2024-12-09 11:40:00-05:00,398.74,398.74,397.78,398.06,3118.0,398.246,26
2024-12-09 11:45:00-05:00,397.7,397.71,397.12,397.29,4935.0,397.328,29
2024-12-09 11:50:00-05:00,397.56,398.29,397.44,398.05,8022.0,397.803,43
2024-12-09 11:55:00-05:00,397.86,398.71,397.15,398.71,2299.0,397.638,17
2024-12-09 12:00:00-05:00,398.67,398.68,398.03,398.03,1711.0,398.365,14
2024-12-09 12:05:00-05:00,398.03,399.24,397.47,399.23,4505.0,398.723,24
2024-12-09 12:10:00-05:00,399.06,399.69,398.95,398.99,3665.0,399.208,30
2024-12-09 12:15:00-05:00,398.99,399.32,398.76,399.31,3963.0,399.194,21
2024-12-09 12:20:00-05:00,399.25,399.25,398.05,398.49,1853.0,398.645,11
2024-12-09 12:25:00-05:00,398.5,399.49,398.21,399.49,4869.0,398.924,34
2024-12-09 12:30:00-05:00,399.45,399.45,398.75,398.75,723.0,399.008,7
2024-12-09 12:35:00-05:00,398.75,399.58,398.74,398.89,3400.0,398.992,26
2024-12-09 12:40:00-05:00,398.93,399.36,398.83,399.07,3400.0,399.06,25
2024-12-09 12:45:00-05:00,399.07,399.07,398.39,398.44,1430.0,398.739,13
2024-12-09 12:50:00-05:00,398.78,399.55,398.78,399.55,2208.0,399.2,12
2024-12-09 12:55:00-05:00,399.62,400.18,399.62,400.18,4531.0,399.857,32
2024-12-09 13:00:00-05:00,400.18,400.18,399.2,399.2,1629.0,399.532,14
2024-12-09 13:05:00-05:00,399.25,400.15,399.24,399.79,2485.0,399.784,22
2024-12-09 13:10:00-05:00,399.61,400.15,399.22,400.15,1505.0,399.699,12
2024-12-09 13:15:00-05:00,399.76,400.92,399.76,400.59,1937.0,400.368,14
2024-12-09 13:20:00-05:00,400.69,400.77,400.36,400.36,4613.0,400.661,43
2024-12-09 13:25:00-05:00,400.52,400.52,400.31,400.45,1314.0,400.379,11
2024-12-09 13:30:00-05:00,400.46,401.6,400.45,401.4,2588.0,401.013,17
2024-12-09 13:35:00-05:00,401.73,401.73,401.44,401.55,1083.0,401.618,8
2024-12-09 13:40:00-05:00,401.69,401.85,401.45,401.85,2634.0,401.631,22
2024-12-09 13:45:00-05:00,401.63,401.81,400.91,401.22,4650.0,401.428,36
2024-12-09 13:50:00-05:00,401.22,401.51,400.6,400.63,1598.0,401.146,14
2024-12-09 13:55:00-05:00,400.91,401.2,400.55,401.19,2500.0,400.798,23
2024-12-09 14:00:00-05:00,401.19,401.5,400.37,400.39,4400.0,400.981,35
2024-12-09 14:05:00-05:00,400.73,401.04,400.73,401.04,727.0,400.824,6
2024-12-09 14:10:00-05:00,401.1,401.69,400.89,401.69,3766.0,401.132,32
2024-12-09 14:15:00-05:00,401.61,401.61,401.09,401.09,2327.0,401.37,14
2024-12-09 14:20:00-05:00,401.12,401.69,401.12,401.37,2325.0,401.486,14
2024-12-09 14:25:00-05:00,401.4,401.4,401.15,401.15,1200.0,401.265,8
2024-12-09 14:30:00-05:00,401.42,401.71,401.35,401.62,4045.0,401.506,28
2024-12-09 14:35:00-05:00,401.84,402.09,401.68,401.88,2061.0,401.897,17
2024-12-09 14:40:00-05:00,401.83,401.96,401.34,401.56,4200.0,401.531,33
2024-12-09 14:45:00-05:00,401.56,401.97,401.25,401.97,4933.0,401.49,38
2024-12-09 14:50:00-05:00,402.08,402.21,401.62,401.75,5040.0,401.854,38
2024-12-09 14:55:00-05:00,401.75,401.76,401.5,401.55,4509.0,401.699,22
2024-12-09 15:00:00-05:00,401.67,402.16,401.52,401.91,6619.0,401.915,55
2024-12-09 15:05:00-05:00,401.91,401.91,401.18,401.52,3700.0,401.636,32
2024-12-09 15:10:00-05:00,401.72,401.84,401.55,401.63,1745.0,401.703,17
2024-12-09 15:15:00-05:00,401.65,402.21,401.55,402.19,7577.0,401.963,56
2024-12-09 15:20:00-05:00,402.19,402.2,402.0,402.2,1559.0,402.142,15
2024-12-09 15:25:00-05:00,402.16,402.18,401.7,401.93,10025.0,401.919,77
2024-12-09 15:30:00-05:00,401.93,402.2,401.81,401.81,3979.0,402.03,32
2024-12-09 15:35:00-05:00,401.83,402.08,401.67,401.67,6217.0,401.854,41
2024-12-09 15:40:00-05:00,401.7,402.2,401.47,402.2,7421.0,401.763,60
2024-12-09 15:45:00-05:00,402.09,402.22,401.65,402.2,11143.0,402.014,89
2024-12-09 15:50:00-05:00,402.11,402.5,401.72,402.23,23257.0,402.214,211
2024-12-09 15:55:00-05:00,402.21,403.12,401.6,401.69,113559.0,402.208,679
2024-12-10 09:30:00-05:00,399.32,400.04,397.79,399.87,23869.0,399.395,70
2024-12-10 09:35:00-05:00,399.45,399.45,398.07,398.38,1660.0,398.59,13
2024-12-10 09:40:00-05:00,397.38,398.85,397.37,398.37,3874.0,397.879,32
2024-12-10 09:45:00-05:00,397.89,398.74,397.2,397.2,4603.0,398.172,43
2024-12-10 09:50:00-05:00,398.72,398.72,397.44,398.0,2037.0,397.936,13
2024-12-10 09:55:00-05:00,398.0,398.7,397.81,398.26,11065.0,398.209,95
2024-12-10 10:00:00-05:00,398.26,398.7,396.96,397.3,8672.0,398.082,64
2024-12-10 10:05:00-05:00,397.22,397.28,396.5,397.23,4474.0,396.954,37
2024-12-10 10:10:00-05:00,397.31,397.33,396.65,397.06,2470.0,397.123,19
2024-12-10 10:15:00-05:00,397.06,397.69,396.6,396.8,11835.0,397.114,112
2024-12-10 10:20:00-05:00,397.37,397.46,396.43,396.74,2124.0,396.969,20
2024-12-10 10:25:00-05:00,396.57,397.5,396.26,397.5,4849.0,396.945,46
2024-12-10 10:30:00-05:00,397.66,398.92,397.66,398.44,1110.0,398.178,11
2024-12-10 10:35:00-05:00,398.41,399.9,397.88,399.34,5155.0,399.136,42
2024-12-10 10:40:00-05:00,399.75,400.07,399.75,399.82,1271.0,399.883,11
2024-12-10 10:45:00-05:00,399.8,400.52,399.68,400.52,4900.0,400.024,39
2024-12-10 10:50:00-05:00,400.33,400.8,400.22,400.31,6320.0,400.482,51
2024-12-10 10:55:00-05:00,400.33,401.3,399.64,399.68,7375.0,400.452,58
2024-12-10 11:00:00-05:00,399.87,400.22,399.65,399.74,6007.0,399.976,56
2024-12-10 11:05:00-05:00,399.59,399.78,399.31,399.31,2919.0,399.531,22
2024-12-10 11:10:00-05:00,399.78,400.02,399.44,399.69,2615.0,399.723,16
2024-12-10 11:15:00-05:00,399.71,399.71,398.89,399.23,6281.0,399.337,47
2024-12-10 11:20:00-05:00,399.12,399.5,398.89,398.89,3920.0,399.205,32
2024-12-10 11:25:00-05:00,399.02,399.28,398.6,399.06,3376.0,398.901,29
2024-12-10 11:30:00-05:00,398.76,398.95,398.59,398.69,756.0,398.713,7
2024-12-10 11:35:00-05:00,398.37,398.45,398.28,398.44,2339.0,398.366,20
2024-12-10 11:40:00-05:00,398.34,398.34,397.79,397.86,16585.0,397.961,70
2024-12-10 11:45:00-05:00,397.73,397.89,397.43,397.89,5222.0,397.596,33
2024-12-10 11:50:00-05:00,397.87,397.87,397.36,397.37,2275.0,397.57,19
2024-12-10 11:55:00-05:00,397.21,397.82,397.14,397.73,9256.0,397.417,67
2024-12-10 12:00:00-05:00,397.47,397.69,397.47,397.69,705.0,397.532,6
2024-12-10 12:05:00-05:00,397.6,397.67,397.41,397.63,1965.0,397.548,15
2024-12-10 12:10:00-05:00,397.56,398.14,397.4,397.83,4742.0,397.763,40
2024-12-10 12:15:00-05:00,397.91,398.02,397.91,398.02,777.0,398.0,7
2024-12-10 12:20:00-05:00,398.11,398.17,397.6,397.6,1172.0,397.894,10
2024-12-10 12:25:00-05:00,397.45,397.59,397.19,397.39,3393.0,397.385,25
2024-12-10 12:30:00-05:00,397.37,397.83,397.37,397.76,2822.0,397.693,20
2024-12-10 12:35:00-05:00,397.73,397.85,397.5,397.5,1129.0,397.733,9
2024-12-10 12:40:00-05:00,397.78,397.91,397.49,397.6,4321.0,397.746,27
2024-12-10 12:45:00-05:00,397.65,398.19,397.41,397.82,5506.0,397.814,39
2024-12-10 12:50:00-05:00,398.02,398.29,397.83,398.03,3500.0,398.184,11
2024-12-10 12:55:00-05:00,398.0,398.0,397.47,397.53,1125.0,397.752,11
2024-12-10 13:00:00-05:00,397.63,397.76,397.39,397.73,3007.0,397.566,25
2024-12-10 13:05:00-05:00,397.76,397.76,397.49,397.67,1114.0,397.547,9
2024-12-10 13:10:00-05:00,397.61,397.61,397.38,397.54,906.0,397.499,8
2024-12-10 13:15:00-05:00,397.46,397.57,397.2,397.27,3144.0,397.439,31
2024-12-10 13:20:00-05:00,397.1,397.3,397.1,397.3,2968.0,397.219,22
2024-12-10 13:25:00-05:00,397.11,397.16,397.08,397.13,1054.0,397.115,10
2024-12-10 13:30:00-05:00,397.11,397.37,397.05,397.36,2095.0,397.227,20
2024-12-10 13:35:00-05:00,397.42,397.94,397.42,397.94,4153.0,397.591,35
2024-12-10 13:40:00-05:00,397.77,397.77,397.3,397.44,2222.0,397.583,21
2024-12-10 13:45:00-05:00,397.27,397.71,397.15,397.68,4764.0,397.482,40
2024-12-10 13:50:00-05:00,398.0,398.11,397.84,397.9,2920.0,398.004,26
2024-12-10 13:55:00-05:00,397.78,397.82,397.64,397.68,4079.0,397.741,39
2024-12-10 14:00:00-05:00,397.76,397.77,397.48,397.51,2909.0,397.634,29
2024-12-10 14:05:00-05:00,397.51,397.51,397.2,397.2,1161.0,397.367,10
2024-12-10 14:10:00-05:00,397.25,397.25,396.81,397.18,6180.0,397.074,57
2024-12-10 14:15:00-05:00,397.17,397.37,396.95,397.29,8832.0,397.244,43
2024-12-10 14:20:00-05:00,397.41,397.61,397.29,397.29,2884.0,397.406,23
2024-12-10 14:25:00-05:00,397.36,397.46,397.32,397.39,3419.0,397.377,33
2024-12-10 14:30:00-05:00,397.4,397.4,396.73,396.8,4385.0,397.036,43
2024-12-10 14:35:00-05:00,396.92,397.57,396.72,397.49,9734.0,397.145,86
2024-12-10 14:40:00-05:00,397.48,397.77,397.37,397.76,5284.0,397.46,39
2024-12-10 14:45:00-05:00,397.52,398.08,397.51,397.97,5598.0,397.707,42
2024-12-10 14:50:00-05:00,397.98,398.56,397.98,398.56,1788.0,398.139,11
2024-12-10 14:55:00-05:00,398.51,398.52,398.18,398.18,4775.0,398.377,36
2024-12-10 15:00:00-05:00,398.15,398.27,397.97,397.99,2425.0,398.12,22
2024-12-10 15:05:00-05:00,397.85,398.28,397.74,398.12,5030.0,397.961,40
2024-12-10 15:10:00-05:00,397.94,397.99,397.69,397.81,5127.0,397.82,27
2024-12-10 15:15:00-05:00,397.79,397.96,397.53,397.68,5485.0,397.715,51
2024-12-10 15:20:00-05:00,397.65,398.23,397.65,398.17,6568.0,398.05,54
2024-12-10 15:25:00-05:00,398.1,398.3,398.03,398.3,2951.0,398.182,27
2024-12-10 15:30:00-05:00,398.11,398.21,397.89,398.03,4726.0,398.04,34
2024-12-10 15:35:00-05:00,398.23,398.23,397.66,397.96,5542.0,397.97,22
2024-12-10 15:40:00-05:00,397.93,397.94,397.15,397.26,8881.0,397.614,74
2024-12-10 15:45:00-05:00,397.27,397.83,397.06,397.63,11050.0,397.575,98
2024-12-10 15:50:00-05:00,397.82,398.37,397.74,398.12,14644.0,398.001,110
2024-12-10 15:55:00-05:00,398.08,398.08,397.05,397.42,79478.0,397.385,570
2024-12-11 09:30:00-05:00,399.07,400.37,398.05,398.23,21720.0,399.04,22
2024-12-11 09:35:00-05:00,398.38,399.31,397.65,397.81,14414.0,398.245,111
2024-12-11 09:40:00-05:00,397.87,400.68,397.86,398.9,7138.0,398.911,59
2024-12-11 09:45:00-05:00,397.63,399.99,397.62,399.05,3358.0,399.344,32
2024-12-11 09:50:00-05:00,398.65,399.53,398.02,398.03,5661.0,398.781,44
2024-12-11 09:55:00-05:00,398.03,398.62,397.41,398.32,19824.0,398.039,149
2024-12-11 10:00:00-05:00,397.96,398.04,397.0,397.15,7889.0,397.711,45
2024-12-11 10:05:00-05:00,397.14,397.86,397.08,397.18,17824.0,397.469,42
2024-12-11 10:10:00-05:00,397.38,398.84,397.23,398.14,5323.0,397.91,52
2024-12-11 10:15:00-05:00,397.58,398.32,397.57,397.83,5943.0,397.994,41
2024-12-11 10:20:00-05:00,397.92,397.92,397.36,397.53,7639.0,397.65,53
2024-12-11 10:25:00-05:00,397.5,397.7,396.67,397.69,9466.0,397.102,80
2024-12-11 10:30:00-05:00,397.73,398.45,397.64,397.94,4736.0,397.907,41
2024-12-11 10:35:00-05:00,398.01,398.02,397.25,397.39,2153.0,397.604,19
2024-12-11 10:40:00-05:00,397.35,398.22,397.2,397.88,12531.0,397.578,93
2024-12-11 10:45:00-05:00,398.13,398.13,397.09,397.69,3563.0,397.584,29
2024-12-11 10:50:00-05:00,397.45,398.37,397.44,397.84,10121.0,397.977,62
2024-12-11 10:55:00-05:00,397.89,398.35,397.8,398.35,12188.0,398.115,84
2024-12-11 11:00:00-05:00,398.2,399.08,398.2,399.07,7624.0,398.699,56
2024-12-11 11:05:00-05:00,399.11,399.12,398.47,398.76,600.0,398.722,6
2024-12-11 11:10:00-05:00,398.77,398.83,398.46,398.83,3570.0,398.657,29
2024-12-11 11:15:00-05:00,398.7,399.46,398.7,399.46,3618.0,398.997,30
2024-12-11 11:20:00-05:00,399.44,399.83,399.44,399.53,3495.0,399.563,30
2024-12-11 11:25:00-05:00,399.83,400.29,399.83,399.89,5354.0,400.007,22
2024-12-11 11:30:00-05:00,400.08,400.29,399.6,400.0,1825.0,399.958,18
2024-12-11 11:35:00-05:00,400.03,400.68,400.03,400.5,2310.0,400.399,21
2024-12-11 11:40:00-05:00,400.82,401.5,400.72,401.37,2356.0,401.057,23
2024-12-11 11:45:00-05:00,401.07,401.09,400.32,400.71,2360.0,400.737,20
2024-12-11 11:50:00-05:00,400.46,400.84,400.45,400.55,2410.0,400.656,24
2024-12-11 11:55:00-05:00,400.38,400.71,400.37,400.4,2010.0,400.535,15
2024-12-11 12:00:00-05:00,400.4,400.41,399.67,399.75,3302.0,399.88,21
2024-12-11 12:05:00-05:00,399.75,399.75,399.07,399.67,3747.0,399.355,23
2024-12-11 12:10:00-05:00,399.73,399.73,399.35,399.56,1511.0,399.563,15
2024-12-11 12:15:00-05:00,399.58,399.59,398.87,398.89,3577.0,399.205,32
2024-12-11 12:20:00-05:00,398.67,399.19,398.67,398.97,1536.0,398.967,15
2024-12-11 12:25:00-05:00,399.22,399.24,398.91,399.1,1484.0,399.119,11
2024-12-11 12:30:00-05:00,399.14,399.51,399.06,399.31,1750.0,399.206,16
2024-12-11 12:35:00-05:00,399.06,399.14,399.02,399.04,1637.0,399.059,14
2024-12-11 12:40:00-05:00,399.25,399.32,399.07,399.32,1512.0,399.213,15
2024-12-11 12:45:00-05:00,399.36,399.97,399.32,399.74,6656.0,399.761,62
2024-12-11 12:50:00-05:00,399.73,400.01,399.73,399.96,1410.0,399.913,13
2024-12-11 12:55:00-05:00,399.97,399.97,399.78,399.97,1500.0,399.9,12
2024-12-11 13:00:00-05:00,399.96,400.35,399.96,400.11,6540.0,400.208,53
2024-12-11 13:05:00-05:00,400.12,400.25,399.78,400.25,1841.0,399.953,17
2024-12-11 13:10:00-05:00,400.01,400.01,399.56,399.76,6772.0,399.778,42
2024-12-11 13:15:00-05:00,400.25,400.29,400.03,400.11,767.0,400.15,7
2024-12-11 13:20:00-05:00,400.28,400.31,400.13,400.27,2088.0,400.24,19
2024-12-11 13:25:00-05:00,400.31,400.62,400.31,400.62,2627.0,400.484,25
2024-12-11 13:30:00-05:00,400.7,401.01,400.7,400.71,4978.0,400.845,38
2024-12-11 13:35:00-05:00,400.78,400.78,400.18,400.2,1300.0,400.513,13
2024-12-11 13:40:00-05:00,400.43,400.46,400.42,400.45,710.0,400.442,7
2024-12-11 13:45:00-05:00,400.34,400.64,400.26,400.62,2127.0,400.412,19
2024-12-11 13:50:00-05:00,400.48,400.64,400.31,400.47,1500.0,400.52,14
2024-12-11 13:55:00-05:00,400.62,400.7,400.59,400.69,2632.0,400.628,20
2024-12-11 14:00:00-05:00,400.63,400.99,400.54,400.99,920.0,400.778,9
2024-12-11 14:05:00-05:00,400.75,401.03,400.73,400.93,2970.0,400.889,24
2024-12-11 14:10:00-05:00,400.93,401.04,400.46,400.58,3181.0,400.889,31
2024-12-11 14:15:00-05:00,400.78,400.9,400.64,400.9,400.0,400.74,4
2024-12-11 14:20:00-05:00,400.77,400.77,400.51,400.69,2211.0,400.686,20
2024-12-11 14:25:00-05:00,400.93,401.01,400.93,400.99,500.0,400.964,5
2024-12-11 14:30:00-05:00,401.11,401.48,401.11,401.29,1958.0,401.214,17
2024-12-11 14:35:00-05:00,401.16,401.28,401.08,401.28,2409.0,401.178,20
2024-12-11 14:40:00-05:00,401.0,401.28,401.0,401.2,2325.0,401.194,16
2024-12-11 14:45:00-05:00,401.19,401.42,401.15,401.15,2140.0,401.294,20
2024-12-11 14:50:00-05:00,401.23,401.32,400.68,400.72,4316.0,401.06,34
2024-12-11 14:55:00-05:00,400.8,401.23,400.8,400.83,3325.0,401.02,27
2024-12-11 15:00:00-05:00,401.05,401.13,400.78,400.98,1100.0,400.928,10
2024-12-11 15:05:00-05:00,401.12,401.12,400.76,400.92,2563.0,400.93,21
2024-12-11 15:10:00-05:00,401.06,401.38,400.94,401.18,2454.0,401.167,22
2024-12-11 15:15:00-05:00,401.29,401.29,400.97,400.99,930.0,401.046,9
2024-12-11 15:20:00-05:00,400.88,401.33,400.88,401.33,3853.0,401.16,30
2024-12-11 15:25:00-05:00,401.15,401.22,400.85,400.91,2200.0,401.078,14
2024-12-11 15:30:00-05:00,400.92,401.24,400.76,401.24,2000.0,400.974,19
2024-12-11 15:35:00-05:00,401.09,401.32,400.9,401.21,3689.0,401.059,36
2024-12-11 15:40:00-05:00,401.11,401.12,400.99,401.09,2392.0,401.073,22
2024-12-11 15:45:00-05:00,401.09,401.37,400.75,400.89,6352.0,401.168,56
2024-12-11 15:50:00-05:00,400.73,400.99,400.64,400.64,5343.0,400.881,45
2024-12-11 15:55:00-05:00,400.58,400.89,400.03,400.17,44325.0,400.364,327
2024-12-12 09:30:00-05:00,402.01,402.01,399.48,400.38,18316.0,401.638,37
2024-12-12 09:35:00-05:00,401.52,401.52,399.73,399.73,2602.0,400.613,23
2024-12-12 09:40:00-05:00,400.44,401.2,399.88,400.5,5401.0,400.518,47
2024-12-12 09:45:00-05:00,401.2,401.21,399.38,400.38,9999.0,400.837,35
2024-12-12 09:50:00-05:00,400.38,401.04,400.32,400.97,1950.0,400.562,18
2024-12-12 09:55:00-05:00,401.08,401.76,399.87,401.75,3938.0,400.943,33
2024-12-12 10:00:00-05:00,401.35,401.55,399.72,399.72,4583.0,400.794,35
2024-12-12 10:05:00-05:00,400.2,400.52,399.58,399.81,5467.0,400.048,44
2024-12-12 10:10:00-05:00,399.43,400.56,399.16,399.33,4319.0,399.755,29
2024-12-12 10:15:00-05:00,399.6,399.79,398.98,399.37,5023.0,399.344,32
2024-12-12 10:20:00-05:00,399.76,399.77,399.0,399.31,2164.0,399.439,16
2024-12-12 10:25:00-05:00,399.2,399.87,399.19,399.68,3703.0,399.56,33
2024-12-12 10:30:00-05:00,399.58,400.48,399.58,400.48,4179.0,399.988,28
2024-12-12 10:35:00-05:00,400.22,400.22,399.86,400.16,1000.0,400.127,9
2024-12-12 10:40:00-05:00,400.14,400.16,399.72,400.1,3900.0,400.014,38
2024-12-12 10:45:00-05:00,400.0,400.4,399.39,399.63,4551.0,399.904,34
2024-12-12 10:50:00-05:00,399.87,399.93,399.12,399.27,2490.0,399.461,24
2024-12-12 10:55:00-05:00,399.27,399.97,399.2,399.73,5072.0,399.537,39
2024-12-12 11:00:00-05:00,399.57,400.41,399.57,400.41,4537.0,399.978,31
2024-12-12 11:05:00-05:00,400.66,400.67,399.38,399.77,2991.0,400.082,26
2024-12-12 11:10:00-05:00,399.41,399.79,399.41,399.79,700.0,399.616,7
2024-12-12 11:15:00-05:00,399.59,400.1,399.42,399.8,1710.0,399.72,14
2024-12-12 11:20:00-05:00,400.1,400.12,399.48,399.77,1489.0,399.809,12
2024-12-12 11:25:00-05:00,400.08,400.2,399.57,400.15,2542.0,400.011,22
2024-12-12 11:30:00-05:00,399.84,400.35,399.6,400.35,6748.0,399.957,63
2024-12-12 11:35:00-05:00,400.36,400.59,399.95,400.47,5838.0,400.314,55
2024-12-12 11:40:00-05:00,400.54,400.66,400.39,400.53,1528.0,400.552,14
2024-12-12 11:45:00-05:00,400.18,400.39,400.04,400.25,1237.0,400.256,8
2024-12-12 11:50:00-05:00,399.98,400.31,399.73,400.08,1351.0,399.965,11
2024-12-12 11:55:00-05:00,400.08,400.08,399.58,399.68,2201.0,399.804,20
2024-12-12 12:00:00-05:00,400.04,400.07,399.72,399.99,4282.0,399.876,23
2024-12-12 12:05:00-05:00,399.8,399.91,399.63,399.78,4816.0,399.846,16
2024-12-12 12:10:00-05:00,399.58,399.58,399.11,399.3,1800.0,399.381,16
2024-12-12 12:15:00-05:00,399.62,399.66,399.4,399.5,874.0,399.547,8
2024-12-12 12:20:00-05:00,399.6,399.6,398.86,398.96,2287.0,399.216,21
2024-12-12 12:25:00-05:00,399.34,399.34,398.83,399.29,3133.0,399.078,29
2024-12-12 12:30:00-05:00,399.32,399.57,399.26,399.26,1048.0,399.437,9
2024-12-12 12:35:00-05:00,399.59,399.8,399.16,399.41,1000.0,399.39,9
2024-12-12 12:40:00-05:00,399.38,399.45,399.04,399.44,1300.0,399.307,9
2024-12-12 12:45:00-05:00,399.44,399.9,399.24,399.9,1957.0,399.527,19
2024-12-12 12:50:00-05:00,400.15,400.15,399.89,399.97,1062.0,399.965,9
2024-12-12 12:55:00-05:00,399.98,400.29,399.97,400.29,2030.0,400.131,19
2024-12-12 13:00:00-05:00,400.14,400.18,399.75,399.83,1835.0,399.947,17
2024-12-12 13:05:00-05:00,400.09,400.3,400.09,400.3,904.0,400.21,9
2024-12-12 13:10:00-05:00,400.2,400.2,399.95,400.1,722.0,400.089,7
2024-12-12 13:15:00-05:00,400.11,400.31,399.95,400.31,1038.0,400.186,9
2024-12-12 13:20:00-05:00,400.33,400.86,400.26,400.86,6458.0,400.371,30
2024-12-12 13:25:00-05:00,400.57,400.66,400.1,400.1,2303.0,400.406,23
2024-12-12 13:30:00-05:00,399.93,400.15,399.86,400.15,400.0,399.977,4
2024-12-12 13:35:00-05:00,399.83,400.07,399.7,400.07,1529.0,399.853,15
2024-12-12 13:40:00-05:00,399.93,399.93,399.7,399.86,853.0,399.799,6
2024-12-12 13:45:00-05:00,399.82,400.04,399.7,400.04,1122.0,399.868,11
2024-12-12 13:50:00-05:00,400.05,400.19,399.94,400.1,1769.0,400.061,14
2024-12-12 13:55:00-05:00,400.15,400.24,399.98,399.98,1496.0,400.152,9
2024-12-12 14:00:00-05:00,399.75,400.12,399.75,400.12,535.0,399.96,5
2024-12-12 14:05:00-05:00,399.99,400.1,399.63,399.63,1495.0,399.846,12
2024-12-12 14:10:00-05:00,399.69,399.88,399.36,399.84,2280.0,399.637,16
2024-12-12 14:15:00-05:00,399.62,399.62,399.25,399.44,1246.0,399.536,5
2024-12-12 14:20:00-05:00,399.44,399.46,399.29,399.46,800.0,399.369,6
2024-12-12 14:25:00-05:00,399.48,399.97,399.48,399.96,1787.0,399.719,16
2024-12-12 14:30:00-05:00,399.85,399.97,399.59,399.76,1693.0,399.773,16
2024-12-12 14:35:00-05:00,399.59,400.0,399.51,400.0,2528.0,399.76,21
2024-12-12 14:40:00-05:00,399.99,400.11,399.98,400.11,700.0,400.034,7
2024-12-12 14:45:00-05:00,400.1,400.38,399.76,399.8,1915.0,399.965,18
2024-12-12 14:50:00-05:00,399.8,400.09,399.59,399.95,846.0,399.919,6
2024-12-12 14:55:00-05:00,399.87,400.25,399.87,400.24,1178.0,400.035,10
2024-12-12 15:00:00-05:00,400.52,400.56,400.26,400.39,900.0,400.423,9
2024-12-12 15:05:00-05:00,400.43,400.56,400.38,400.46,601.0,400.468,6
2024-12-12 15:10:00-05:00,400.46,400.65,400.45,400.45,725.0,400.526,7
2024-12-12 15:15:00-05:00,400.42,400.64,400.31,400.45,848.0,400.467,8
2024-12-12 15:20:00-05:00,400.49,400.69,400.37,400.69,711.0,400.526,7
2024-12-12 15:25:00-05:00,400.52,400.58,400.34,400.5,1632.0,400.46,15
2024-12-12 15:30:00-05:00,400.41,400.52,400.34,400.5,1908.0,400.44,16
2024-12-12 15:35:00-05:00,400.5,400.63,399.94,400.15,3017.0,400.258,26
2024-12-12 15:40:00-05:00,400.08,400.24,400.08,400.14,2116.0,400.154,20
2024-12-12 15:45:00-05:00,400.24,400.24,399.73,399.73,4107.0,399.964,33
2024-12-12 15:50:00-05:00,399.59,400.29,399.59,399.9,7322.0,400.035,70
2024-12-12 15:55:00-05:00,400.01,400.13,399.3,399.59,60838.0,399.721,356
2024-12-13 09:30:00-05:00,399.66,399.87,397.64,399.77,14631.0,399.352,40
2024-12-13 09:35:00-05:00,400.6,400.6,399.21,399.55,1998.0,399.726,17
2024-12-13 09:40:00-05:00,400.21,400.89,399.58,400.18,4458.0,400.166,40
2024-12-13 09:45:00-05:00,400.18,401.97,399.95,401.15,6613.0,400.981,58
2024-12-13 09:50:00-05:00,401.15,402.17,400.91,401.43,4100.0,401.382,39
2024-12-13 09:55:00-05:00,401.39,403.02,401.39,402.95,9440.0,402.374,52
2024-12-13 10:00:00-05:00,402.65,403.13,402.39,402.99,11312.0,402.684,94
2024-12-13 10:05:00-05:00,402.52,402.53,401.4,402.13,3800.0,402.096,37
2024-12-13 10:10:00-05:00,402.04,402.04,400.83,401.29,2769.0,401.23,23
2024-12-13 10:15:00-05:00,401.1,401.45,400.93,401.19,10576.0,401.243,61
2024-12-13 10:20:00-05:00,401.45,401.45,399.75,400.1,10562.0,400.778,77
2024-12-13 10:25:00-05:00,399.92,400.36,399.73,400.06,3956.0,400.052,39
2024-12-13 10:30:00-05:00,400.06,400.39,399.95,400.11,10754.0,400.142,83
2024-12-13 10:35:00-05:00,400.12,400.42,399.82,399.94,3200.0,400.076,30
2024-12-13 10:40:00-05:00,400.09,400.17,399.58,399.69,4106.0,399.721,38
2024-12-13 10:45:00-05:00,399.69,400.46,399.69,399.87,4603.0,400.088,40
2024-12-13 10:50:00-05:00,399.84,400.37,399.59,400.37,6000.0,399.858,58
2024-12-13 10:55:00-05:00,400.37,400.73,400.07,400.46,4774.0,400.41,37
2024-12-13 11:00:00-05:00,400.43,400.48,400.14,400.15,4200.0,400.323,42
2024-12-13 11:05:00-05:00,399.82,400.16,399.47,399.75,3968.0,399.785,35
2024-12-13 11:10:00-05:00,399.65,400.4,399.65,400.36,4657.0,399.951,35
2024-12-13 11:15:00-05:00,400.2,400.34,399.81,400.13,5025.0,400.209,31
2024-12-13 11:20:00-05:00,400.13,400.72,400.13,400.53,2845.0,400.443,26
2024-12-13 11:25:00-05:00,400.72,401.13,400.53,401.04,12848.0,400.991,62
2024-12-13 11:30:00-05:00,401.05,401.37,401.04,401.37,1000.0,401.216,10
2024-12-13 11:35:00-05:00,401.14,401.45,400.42,400.55,3700.0,400.81,37
2024-12-13 11:40:00-05:00,400.55,401.24,400.51,401.02,2786.0,400.857,26
2024-12-13 11:45:00-05:00,400.84,400.86,399.85,399.94,3116.0,400.509,22
2024-12-13 11:50:00-05:00,399.99,400.38,399.99,400.38,884.0,400.196,8
2024-12-13 11:55:00-05:00,400.19,400.19,399.94,400.1,1481.0,400.081,13
2024-12-13 12:00:00-05:00,399.86,400.31,399.66,399.66,8077.0,400.003,32
2024-12-13 12:05:00-05:00,399.53,399.65,399.52,399.52,1000.0,399.599,10
2024-12-13 12:10:00-05:00,399.66,400.1,399.65,399.95,4755.0,399.762,29
2024-12-13 12:15:00-05:00,400.02,400.03,399.79,399.79,500.0,399.921,5
2024-12-13 12:20:00-05:00,400.08,400.33,400.07,400.33,3027.0,400.193,22
2024-12-13 12:25:00-05:00,400.1,400.26,400.07,400.26,514.0,400.128,5
2024-12-13 12:30:00-05:00,400.25,400.26,399.81,400.01,2483.0,400.029,21
2024-12-13 12:35:00-05:00,400.21,400.21,399.6,399.6,4408.0,399.877,37
2024-12-13 12:40:00-05:00,399.66,399.73,399.44,399.44,637.0,399.589,6
2024-12-13 12:45:00-05:00,399.35,399.5,398.9,398.98,3185.0,399.289,28
2024-12-13 12:50:00-05:00,398.9,399.28,398.9,399.28,1842.0,399.134,18
2024-12-13 12:55:00-05:00,399.16,399.16,398.38,398.52,2906.0,398.587,27
2024-12-13 13:00:00-05:00,398.37,398.55,398.36,398.55,220.0,398.45,2
2024-12-13 13:05:00-05:00,398.42,398.87,398.42,398.79,3450.0,398.654,27
2024-12-13 13:10:00-05:00,398.55,398.55,398.49,398.54,736.0,398.519,7
2024-12-13 13:15:00-05:00,398.48,398.69,398.48,398.65,3234.0,398.523,24
2024-12-13 13:20:00-05:00,398.48,398.65,398.42,398.6,898.0,398.517,8
2024-12-13 13:25:00-05:00,398.44,398.67,398.35,398.36,5504.0,398.501,49
2024-12-13 13:30:00-05:00,398.34,398.39,398.21,398.3,2941.0,398.327,28
2024-12-13 13:35:00-05:00,398.29,398.95,398.29,398.75,3892.0,398.534,28
2024-12-13 13:40:00-05:00,398.99,398.99,398.98,398.99,200.0,398.985,2
2024-12-13 13:45:00-05:00,398.9,399.21,398.9,399.16,1739.0,399.089,16
2024-12-13 13:50:00-05:00,399.08,399.31,398.9,398.9,944.0,398.989,9
2024-12-13 13:55:00-05:00,398.89,398.89,398.7,398.7,827.0,398.822,8
2024-12-13 14:00:00-05:00,398.71,399.31,398.68,399.31,6126.0,398.919,30
2024-12-13 14:05:00-05:00,399.34,399.46,399.33,399.46,200.0,399.398,2
2024-12-13 14:10:00-05:00,399.49,399.74,399.35,399.35,1240.0,399.46,12
2024-12-13 14:15:00-05:00,399.4,399.53,399.4,399.53,200.0,399.465,2
2024-12-13 14:20:00-05:00,399.48,399.51,398.96,399.0,4080.0,399.349,34
2024-12-13 14:25:00-05:00,398.94,399.17,398.69,398.83,4453.0,398.92,36
2024-12-13 14:30:00-05:00,398.83,399.05,398.82,399.0,2092.0,398.905,17
2024-12-13 14:35:00-05:00,399.0,399.36,399.0,399.35,1384.0,399.195,13
2024-12-13 14:40:00-05:00,399.45,399.46,399.37,399.45,1465.0,399.405,13
2024-12-13 14:45:00-05:00,399.65,399.65,399.38,399.52,1836.0,399.474,15
2024-12-13 14:50:00-05:00,399.51,399.89,399.39,399.39,2334.0,399.65,19
2024-12-13 14:55:00-05:00,399.48,399.53,399.35,399.47,1360.0,399.436,12
2024-12-13 15:00:00-05:00,399.65,399.81,399.48,399.56,3545.0,399.654,26
2024-12-13 15:05:00-05:00,399.8,399.8,399.18,399.18,2525.0,399.441,22
2024-12-13 15:10:00-05:00,399.18,399.67,399.18,399.51,4927.0,399.486,20
2024-12-13 15:15:00-05:00,399.41,399.41,399.27,399.34,2949.0,399.347,21
2024-12-13 15:20:00-05:00,399.4,399.4,398.9,399.12,3708.0,399.201,28
2024-12-13 15:25:00-05:00,399.09,399.09,398.92,398.94,2508.0,398.963,19
2024-12-13 15:30:00-05:00,398.89,398.99,398.77,398.99,3010.0,398.855,23
2024-12-13 15:35:00-05:00,398.94,399.07,398.67,398.92,4596.0,398.917,35
2024-12-13 15:40:00-05:00,398.92,399.01,398.79,398.91,1406.0,398.914,10
2024-12-13 15:45:00-05:00,398.91,399.35,398.91,399.35,5821.0,399.12,43
2024-12-13 15:50:00-05:00,399.49,399.77,399.0,399.03,15603.0,399.229,91
2024-12-13 15:55:00-05:00,399.17,399.79,399.07,399.35,49411.0,399.57,296
2024-12-16 09:30:00-05:00,399.26,400.26,396.63,397.56,20451.0,398.939,32
2024-12-16 09:35:00-05:00,396.79,399.46,396.73,398.65,4374.0,398.518,34
2024-12-16 09:40:00-05:00,398.67,400.0,398.54,399.3,5840.0,399.486,34
2024-12-16 09:45:00-05:00,399.29,400.43,399.11,400.12,16053.0,399.883,92
2024-12-16 09:50:00-05:00,400.04,401.0,399.88,400.79,5003.0,400.484,41
2024-12-16 09:55:00-05:00,400.84,401.28,399.58,400.31,6559.0,400.491,52
2024-12-16 10:00:00-05:00,400.0,400.38,399.18,399.55,5774.0,399.902,51
2024-12-16 10:05:00-05:00,399.22,399.22,398.15,398.4,5212.0,398.671,45
2024-12-16 10:10:00-05:00,398.35,398.35,396.22,396.51,6080.0,397.637,47
2024-12-16 10:15:00-05:00,396.14,396.92,395.46,396.24,6404.0,396.085,52
2024-12-16 10:20:00-05:00,396.48,397.26,396.32,396.9,5739.0,396.769,36
2024-12-16 10:25:00-05:00,396.64,397.04,396.36,397.04,2929.0,396.68,23
2024-12-16 10:30:00-05:00,397.22,398.19,397.14,398.08,13373.0,397.532,65
2024-12-16 10:35:00-05:00,397.98,398.23,397.76,398.1,26814.0,397.958,182
2024-12-16 10:40:00-05:00,398.1,398.21,397.9,398.13,5692.0,398.029,44
2024-12-16 10:45:00-05:00,398.16,398.25,397.07,397.56,4819.0,397.869,41
2024-12-16 10:50:00-05:00,397.56,397.89,397.09,397.49,4622.0,397.612,32
2024-12-16 10:55:00-05:00,397.13,397.35,396.55,396.55,2179.0,396.902,21
2024-12-16 11:00:00-05:00,396.64,397.44,396.52,397.15,2503.0,396.993,24
2024-12-16 11:05:00-05:00,397.19,397.19,396.32,396.43,4090.0,396.631,35
2024-12-16 11:10:00-05:00,396.69,397.86,396.69,397.86,3341.0,397.323,28
2024-12-16 11:15:00-05:00,397.72,397.76,397.17,397.17,2279.0,397.544,21
2024-12-16 11:20:00-05:00,397.1,397.68,397.1,397.38,1000.0,397.302,7
2024-12-16 11:25:00-05:00,397.31,397.81,397.29,397.81,1300.0,397.501,13
2024-12-16 11:30:00-05:00,397.39,397.62,397.3,397.3,989.0,397.359,7
2024-12-16 11:35:00-05:00,397.49,397.52,397.25,397.36,1112.0,397.369,11
2024-12-16 11:40:00-05:00,397.37,397.64,397.21,397.64,1917.0,397.425,17
2024-12-16 11:45:00-05:00,397.44,397.69,397.38,397.4,2402.0,397.437,21
2024-12-16 11:50:00-05:00,397.32,397.64,397.05,397.42,21714.0,397.364,94
2024-12-16 11:55:00-05:00,397.45,398.17,397.44,397.47,15920.0,397.605,137
2024-12-16 12:00:00-05:00,397.58,397.58,396.93,396.94,3030.0,397.162,18
2024-12-16 12:05:00-05:00,397.19,397.38,396.75,397.38,2100.0,397.091,15
2024-12-16 12:10:00-05:00,397.45,397.66,397.14,397.46,32887.0,397.304,256
2024-12-16 12:15:00-05:00,397.48,397.96,397.42,397.96,2028.0,397.636,18
2024-12-16 12:20:00-05:00,397.92,398.84,397.92,398.68,1551.0,398.334,14
2024-12-16 12:25:00-05:00,398.78,398.79,398.17,398.17,2181.0,398.395,20
2024-12-16 12:30:00-05:00,398.0,398.0,397.81,397.94,3745.0,397.936,17
2024-12-16 12:35:00-05:00,397.94,398.19,397.81,398.02,3050.0,397.993,29
2024-12-16 12:40:00-05:00,398.11,398.31,397.88,398.15,2426.0,398.066,20
2024-12-16 12:45:00-05:00,398.16,398.16,397.72,397.9,24963.0,397.961,202
2024-12-16 12:50:00-05:00,398.01,398.5,397.94,398.0,12270.0,398.107,102
2024-12-16 12:55:00-05:00,398.05,398.51,397.83,398.41,19195.0,398.053,162
2024-12-16 13:00:00-05:00,398.99,399.34,398.99,399.34,400.0,399.178,4
2024-12-16 13:05:00-05:00,398.91,399.7,398.41,398.94,10763.0,398.777,82
2024-12-16 13:10:00-05:00,398.86,398.87,398.67,398.73,1400.0,398.703,8
2024-12-16 13:15:00-05:00,398.86,399.21,398.77,399.15,4568.0,398.904,29
2024-12-16 13:20:00-05:00,399.27,399.52,399.07,399.52,724.0,399.271,7
2024-12-16 13:25:00-05:00,399.59,399.6,398.98,399.19,4581.0,399.257,26
2024-12-16 13:30:00-05:00,399.33,399.75,399.33,399.75,1404.0,399.506,11
2024-12-16 13:35:00-05:00,399.65,400.0,399.61,399.71,7836.0,399.774,53
2024-12-16 13:40:00-05:00,400.0,400.23,399.8,400.0,5717.0,399.928,28
2024-12-16 13:45:00-05:00,400.0,400.23,399.91,400.02,4855.0,400.048,35
2024-12-16 13:50:00-05:00,400.04,400.04,399.7,399.8,2602.0,399.829,21
2024-12-16 13:55:00-05:00,399.92,400.04,399.64,399.64,1755.0,399.94,17
2024-12-16 14:00:00-05:00,399.73,400.05,399.73,399.98,2927.0,399.964,25
2024-12-16 14:05:00-05:00,399.97,400.08,399.83,400.0,5137.0,399.985,44
2024-12-16 14:10:00-05:00,399.99,400.17,399.84,399.88,10916.0,400.018,74
2024-12-16 14:15:00-05:00,399.87,400.16,399.68,399.68,3104.0,399.91,21
2024-12-16 14:20:00-05:00,399.81,399.88,399.68,399.84,1511.0,399.729,11
2024-12-16 14:25:00-05:00,399.73,399.85,399.7,399.85,1700.0,399.812,17
2024-12-16 14:30:00-05:00,399.85,399.85,399.59,399.76,4852.0,399.716,28
2024-12-16 14:35:00-05:00,399.77,399.77,399.05,399.05,5766.0,399.437,38
2024-12-16 14:40:00-05:00,398.97,399.14,398.8,398.84,2706.0,398.903,23
2024-12-16 14:45:00-05:00,398.73,398.77,397.8,397.8,10323.0,398.479,58
2024-12-16 14:50:00-05:00,398.48,398.77,398.01,398.47,5300.0,398.437,24
2024-12-16 14:55:00-05:00,398.46,398.84,398.46,398.68,929.0,398.641,8
2024-12-16 15:00:00-05:00,398.68,398.99,398.41,398.99,3317.0,398.658,27
2024-12-16 15:05:00-05:00,399.03,399.34,398.76,398.76,11236.0,398.988,67
2024-12-16 15:10:00-05:00,398.89,398.99,398.66,398.66,4210.0,398.819,26
2024-12-16 15:15:00-05:00,398.66,398.67,398.35,398.35,4635.0,398.478,40
2024-12-16 15:20:00-05:00,398.36,398.67,398.36,398.38,3365.0,398.502,23
2024-12-16 15:25:00-05:00,398.4,398.74,398.4,398.67,2413.0,398.623,22
2024-12-16 15:30:00-05:00,398.58,398.58,398.13,398.35,10119.0,398.399,76
2024-12-16 15:35:00-05:00,398.35,398.35,397.88,397.88,6668.0,398.155,57
2024-12-16 15:40:00-05:00,398.0,398.11,397.41,397.41,8993.0,397.718,63
2024-12-16 15:45:00-05:00,397.38,397.48,397.08,397.09,10661.0,397.217,72
2024-12-16 15:50:00-05:00,397.28,398.48,397.12,398.44,12234.0,397.899,87
2024-12-16 15:55:00-05:00,398.48,399.01,397.96,398.37,53627.0,398.415,373
2024-12-17 09:30:00-05:00,393.88,395.68,391.09,392.34,22962.0,393.505,69
2024-12-17 09:35:00-05:00,392.91,393.11,389.4,389.41,13064.0,390.863,97
2024-12-17 09:40:00-05:00,389.41,390.58,388.33,390.1,10358.0,389.644,66
2024-12-17 09:45:00-05:00,390.27,390.74,389.64,390.54,6219.0,390.008,43
2024-12-17 09:50:00-05:00,390.38,391.72,390.26,391.48,4468.0,390.781,33
2024-12-17 09:55:00-05:00,391.96,392.94,391.46,391.97,3737.0,391.934,27
2024-12-17 10:00:00-05:00,392.03,392.03,391.2,391.33,12142.0,391.422,34
2024-12-17 10:05:00-05:00,391.29,391.99,390.65,391.25,12371.0,391.435,74
2024-12-17 10:10:00-05:00,391.01,391.22,389.99,390.4,3981.0,390.574,33
2024-12-17 10:15:00-05:00,390.43,390.88,389.48,390.04,9125.0,390.293,65
2024-12-17 10:20:00-05:00,390.22,390.22,389.18,389.18,9042.0,389.786,61
2024-12-17 10:25:00-05:00,389.23,389.63,388.3,389.21,10705.0,389.004,83
2024-12-17 10:30:00-05:00,388.81,390.13,388.81,390.13,3493.0,389.68,30
2024-12-17 10:35:00-05:00,389.9,390.16,389.42,389.46,2680.0,389.877,20
2024-12-17 10:40:00-05:00,389.97,389.97,388.76,389.23,5386.0,389.533,42
2024-12-17 10:45:00-05:00,389.08,389.59,388.52,388.97,8464.0,389.227,47
2024-12-17 10:50:00-05:00,388.99,389.46,388.98,389.24,4724.0,389.2,36
2024-12-17 10:55:00-05:00,389.42,389.46,389.04,389.46,998.0,389.291,9
2024-12-17 11:00:00-05:00,389.45,390.88,389.45,390.88,8136.0,389.893,58
2024-12-17 11:05:00-05:00,390.83,391.31,390.59,390.99,3653.0,390.852,26
2024-12-17 11:10:00-05:00,391.0,391.85,391.0,391.03,1200.0,391.318,9
2024-12-17 11:15:00-05:00,391.35,391.5,390.7,391.5,6755.0,390.94,43
2024-12-17 11:20:00-05:00,391.15,392.01,391.15,391.94,21694.0,391.593,52
2024-12-17 11:25:00-05:00,392.14,392.45,391.76,392.19,5586.0,392.11,45
2024-12-17 11:30:00-05:00,392.21,392.54,391.99,392.02,3539.0,392.123,18
2024-12-17 11:35:00-05:00,391.95,392.18,391.86,392.18,2319.0,392.124,22
2024-12-17 11:40:00-05:00,392.19,392.7,392.14,392.39,2523.0,392.36,22
2024-12-17 11:45:00-05:00,392.39,392.72,392.25,392.6,4340.0,392.585,37
2024-12-17 11:50:00-05:00,392.59,392.8,392.26,392.26,7722.0,392.57,21
2024-12-17 11:55:00-05:00,392.24,392.35,392.01,392.35,919.0,392.242,6
2024-12-17 12:00:00-05:00,391.99,392.1,391.75,391.98,1171.0,392.014,11
2024-12-17 12:05:00-05:00,391.8,391.97,391.8,391.93,5780.0,391.929,39
2024-12-17 12:10:00-05:00,391.93,392.68,391.92,392.68,3700.0,392.323,20
2024-12-17 12:15:00-05:00,392.68,392.68,392.44,392.55,800.0,392.601,8
2024-12-17 12:20:00-05:00,392.34,392.45,392.09,392.09,892.0,392.325,8
2024-12-17 12:25:00-05:00,391.94,391.94,391.49,391.8,14179.0,391.794,44
2024-12-17 12:30:00-05:00,391.81,392.1,391.69,392.02,5349.0,391.924,38
2024-12-17 12:35:00-05:00,392.18,392.27,392.01,392.07,1356.0,392.068,13
2024-12-17 12:40:00-05:00,392.37,392.5,391.95,391.95,2032.0,392.242,18
2024-12-17 12:45:00-05:00,391.99,392.23,391.99,392.15,1009.0,392.107,9
2024-12-17 12:50:00-05:00,392.23,392.89,392.11,392.73,3320.0,392.469,28
2024-12-17 12:55:00-05:00,392.56,392.71,392.34,392.57,1844.0,392.583,13
2024-12-17 13:00:00-05:00,392.55,392.61,392.39,392.59,993.0,392.548,8
2024-12-17 13:05:00-05:00,392.44,392.59,392.29,392.53,3239.0,392.453,15
2024-12-17 13:10:00-05:00,392.38,392.38,392.14,392.14,483.0,392.312,4
2024-12-17 13:15:00-05:00,392.35,392.35,391.93,391.93,3794.0,392.116,18
2024-12-17 13:20:00-05:00,391.83,391.94,391.34,391.35,2980.0,391.741,18
2024-12-17 13:25:00-05:00,391.34,391.72,391.31,391.65,3170.0,391.533,20
2024-12-17 13:30:00-05:00,391.66,392.22,391.62,391.83,2781.0,391.831,20
2024-12-17 13:35:00-05:00,391.84,391.98,391.72,391.98,2232.0,391.846,17
2024-12-17 13:40:00-05:00,391.98,392.22,391.73,392.01,2129.0,391.986,18
2024-12-17 13:45:00-05:00,392.01,392.16,391.84,391.9,1022.0,391.989,8
2024-12-17 13:50:00-05:00,391.8,392.03,391.79,391.9,763.0,391.928,7
2024-12-17 13:55:00-05:00,391.89,391.99,391.78,391.97,1154.0,391.934,11
2024-12-17 14:00:00-05:00,391.99,391.99,391.75,391.81,4340.0,391.847,40
2024-12-17 14:05:00-05:00,391.79,392.02,391.75,392.0,7870.0,391.94,33
2024-12-17 14:10:00-05:00,392.01,392.24,391.96,392.21,4605.0,392.09,37
2024-12-17 14:15:00-05:00,392.34,392.44,392.08,392.41,2364.0,392.266,20
2024-12-17 14:20:00-05:00,392.28,392.3,392.04,392.23,3013.0,392.177,25
2024-12-17 14:25:00-05:00,392.19,392.27,391.8,391.93,6969.0,392.118,57
2024-12-17 14:30:00-05:00,391.78,392.28,391.76,392.14,4483.0,391.987,35
2024-12-17 14:35:00-05:00,391.98,391.98,391.52,391.69,2200.0,391.785,18
2024-12-17 14:40:00-05:00,391.55,391.92,391.33,391.92,5117.0,391.587,25
2024-12-17 14:45:00-05:00,391.77,391.77,390.88,391.24,5624.0,391.215,39
2024-12-17 14:50:00-05:00,391.24,391.24,390.43,391.0,5793.0,390.82,46
2024-12-17 14:55:00-05:00,390.77,391.29,390.56,391.1,11748.0,391.011,92
2024-12-17 15:00:00-05:00,391.06,391.07,390.49,390.6,645.0,390.687,4
2024-12-17 15:05:00-05:00,390.64,390.89,390.64,390.89,2219.0,390.823,10
2024-12-17 15:10:00-05:00,390.92,390.92,390.4,390.48,2051.0,390.591,16
2024-12-17 15:15:00-05:00,390.76,390.76,390.42,390.56,2148.0,390.566,13
2024-12-17 15:20:00-05:00,390.56,390.62,390.43,390.62,3144.0,390.571,18
2024-12-17 15:25:00-05:00,390.52,390.8,390.52,390.8,5214.0,390.698,28
2024-12-17 15:30:00-05:00,390.8,391.16,390.64,391.16,10919.0,390.816,40
2024-12-17 15:35:00-05:00,391.16,391.48,390.9,391.03,1790.0,391.16,16
2024-12-17 15:40:00-05:00,391.34,391.37,390.87,391.03,7376.0,391.1,53
2024-12-17 15:45:00-05:00,391.27,391.56,391.27,391.46,9285.0,391.426,73
2024-12-17 15:50:00-05:00,391.3,392.84,391.3,392.6,19842.0,392.349,150
2024-12-17 15:55:00-05:00,392.59,392.94,391.63,391.76,53253.0,392.226,370
2024-12-18 09:30:00-05:00,394.28,394.46,390.19,391.53,31557.0,393.394,98
2024-12-18 09:35:00-05:00,392.35,392.8,390.72,391.0,15470.0,392.154,99
2024-12-18 09:40:00-05:00,391.5,392.22,390.58,390.93,13108.0,391.273,108
2024-12-18 09:45:00-05:00,390.48,391.14,389.91,389.91,7060.0,390.433,59
2024-12-18 09:50:00-05:00,390.33,391.79,390.26,390.87,8137.0,390.869,44
2024-12-18 09:55:00-05:00,391.23,392.56,390.91,392.02,18125.0,391.648,133
2024-12-18 10:00:00-05:00,392.1,392.93,391.57,391.69,7729.0,392.039,64
2024-12-18 10:05:00-05:00,391.58,392.76,391.58,392.13,5438.0,392.118,43
2024-12-18 10:10:00-05:00,391.85,392.87,391.7,391.98,8763.0,392.095,69
2024-12-18 10:15:00-05:00,391.98,392.25,391.55,391.68,3316.0,391.888,28
2024-12-18 10:20:00-05:00,391.82,393.16,391.82,392.82,7765.0,392.214,64
2024-12-18 10:25:00-05:00,393.1,393.39,392.78,393.17,2519.0,393.014,20
2024-12-18 10:30:00-05:00,393.43,394.0,393.35,393.67,2299.0,393.659,21
2024-12-18 10:35:00-05:00,393.53,393.7,393.32,393.7,774.0,393.499,6
2024-12-18 10:40:00-05:00,393.55,394.42,393.3,394.32,3677.0,393.666,25
2024-12-18 10:45:00-05:00,394.45,394.57,394.08,394.57,1000.0,394.449,10
2024-12-18 10:50:00-05:00,394.44,394.79,393.93,394.17,5751.0,394.25,56
2024-12-18 10:55:00-05:00,394.45,394.66,393.86,393.86,5544.0,394.3,53
2024-12-18 11:00:00-05:00,394.13,394.87,394.11,394.54,4271.0,394.581,41
2024-12-18 11:05:00-05:00,394.52,394.92,394.36,394.92,1703.0,394.693,12
2024-12-18 11:10:00-05:00,394.88,394.98,394.18,394.26,1849.0,394.558,17
2024-12-18 11:15:00-05:00,393.88,393.95,392.93,393.0,5138.0,393.516,39
2024-12-18 11:20:00-05:00,393.0,393.13,392.45,393.0,3434.0,392.794,32
2024-12-18 11:25:00-05:00,393.12,393.57,392.84,392.93,3599.0,393.268,34
2024-12-18 11:30:00-05:00,392.71,392.85,392.27,392.85,2807.0,392.52,28
2024-12-18 11:35:00-05:00,393.07,393.39,392.38,393.39,1565.0,393.024,14
2024-12-18 11:40:00-05:00,393.0,393.24,392.62,392.9,1851.0,392.851,17
2024-12-18 11:45:00-05:00,393.25,393.25,393.09,393.1,315.0,393.146,2
2024-12-18 11:50:00-05:00,393.08,393.4,392.78,393.4,2493.0,393.027,21
2024-12-18 11:55:00-05:00,393.5,393.59,392.77,392.77,3430.0,393.288,22
2024-12-18 12:00:00-05:00,392.55,392.86,392.3,392.38,2425.0,392.53,24
2024-12-18 12:05:00-05:00,392.4,392.68,392.29,392.68,1643.0,392.455,14
2024-12-18 12:10:00-05:00,392.83,392.93,392.09,392.46,9273.0,392.458,74
2024-12-18 12:15:00-05:00,392.41,392.92,392.41,392.9,3712.0,392.81,30
2024-12-18 12:20:00-05:00,392.91,393.14,392.56,392.56,2413.0,392.872,18
2024-12-18 12:25:00-05:00,392.77,392.77,391.62,391.62,2265.0,392.273,21
2024-12-18 12:30:00-05:00,391.81,392.07,391.28,392.07,4294.0,391.642,37
2024-12-18 12:35:00-05:00,392.11,392.12,391.69,391.9,3000.0,391.902,29
2024-12-18 12:40:00-05:00,391.9,391.9,391.58,391.63,1568.0,391.739,15
2024-12-18 12:45:00-05:00,391.65,392.15,391.49,391.93,2163.0,391.928,13
2024-12-18 12:50:00-05:00,391.96,392.1,391.72,391.89,2739.0,391.911,25
2024-12-18 12:55:00-05:00,391.85,392.5,391.85,392.5,1200.0,392.18,11
2024-12-18 13:00:00-05:00,392.27,392.27,391.88,391.88,1343.0,392.056,12
2024-12-18 13:05:00-05:00,392.0,392.24,392.0,392.09,1766.0,392.073,15
2024-12-18 13:10:00-05:00,392.32,392.34,391.73,391.86,2770.0,391.962,21
2024-12-18 13:15:00-05:00,391.96,392.46,391.8,392.46,1415.0,392.047,10
2024-12-18 13:20:00-05:00,392.11,392.66,391.76,392.66,1415.0,392.31,13
2024-12-18 13:25:00-05:00,392.39,392.81,392.31,392.52,3217.0,392.472,22
2024-12-18 13:30:00-05:00,392.53,392.53,392.39,392.43,900.0,392.49,9
2024-12-18 13:35:00-05:00,392.45,392.78,392.45,392.66,946.0,392.657,9
2024-12-18 13:40:00-05:00,392.84,392.89,392.57,392.65,1200.0,392.672,11
2024-12-18 13:45:00-05:00,392.66,392.92,392.43,392.43,2748.0,392.654,24
2024-12-18 13:50:00-05:00,392.66,392.66,391.84,391.84,3480.0,392.312,29
2024-12-18 13:55:00-05:00,391.91,393.16,391.87,393.16,4996.0,392.352,43
2024-12-18 14:00:00-05:00,392.39,393.31,391.16,392.03,3545.0,392.015,23
2024-12-18 14:05:00-05:00,391.65,392.03,390.42,390.42,15067.0,391.392,95
2024-12-18 14:10:00-05:00,390.6,390.61,389.5,389.63,2831.0,389.953,26
2024-12-18 14:15:00-05:00,389.63,389.65,388.6,388.75,5720.0,389.211,48
2024-12-18 14:20:00-05:00,388.72,389.33,388.41,388.72,5053.0,388.77,46
2024-12-18 14:25:00-05:00,388.72,389.05,388.42,388.42,3373.0,388.866,32
2024-12-18 14:30:00-05:00,388.46,389.29,388.0,388.96,9991.0,388.673,89
2024-12-18 14:35:00-05:00,389.02,389.02,387.41,387.41,2963.0,388.208,28
2024-12-18 14:40:00-05:00,387.58,387.95,387.14,387.22,6936.0,387.432,55
2024-12-18 14:45:00-05:00,387.15,387.15,385.46,386.38,7865.0,386.25,64
2024-12-18 14:50:00-05:00,386.17,386.8,386.1,386.41,3596.0,386.379,34
2024-12-18 14:55:00-05:00,386.56,386.56,385.44,385.59,5179.0,386.005,43
2024-12-18 15:00:00-05:00,385.69,386.43,384.84,384.85,6479.0,385.671,53
2024-12-18 15:05:00-05:00,384.86,385.66,384.84,385.28,11183.0,385.252,94
2024-12-18 15:10:00-05:00,385.24,385.24,384.48,385.13,3270.0,384.933,30
2024-12-18 15:15:00-05:00,384.94,384.97,383.67,384.22,4378.0,384.465,40
2024-12-18 15:20:00-05:00,384.44,385.38,384.22,384.67,5497.0,384.947,37
2024-12-18 15:25:00-05:00,384.45,384.45,383.27,383.61,8722.0,383.74,68
2024-12-18 15:30:00-05:00,383.66,383.9,383.38,383.72,5453.0,383.694,51
2024-12-18 15:35:00-05:00,383.68,383.69,382.46,382.68,10591.0,383.17,91
2024-12-18 15:40:00-05:00,382.57,382.57,380.42,380.42,17738.0,381.512,135
2024-12-18 15:45:00-05:00,380.65,382.15,380.29,380.51,19560.0,381.043,138
2024-12-18 15:50:00-05:00,380.47,380.92,379.59,380.09,39563.0,380.211,267
2024-12-18 15:55:00-05:00,379.76,379.89,378.14,378.27,81364.0,378.582,599
2024-12-19 09:30:00-05:00,382.3,385.44,380.5,385.44,31463.0,382.367,110
2024-12-19 09:35:00-05:00,385.04,385.04,382.92,383.67,6676.0,383.817,55
2024-12-19 09:40:00-05:00,384.77,385.2,383.86,383.88,4176.0,384.515,37
2024-12-19 09:45:00-05:00,384.32,385.84,384.32,384.88,18133.0,385.115,116
2024-12-19 09:50:00-05:00,384.43,384.63,383.06,384.32,11366.0,383.893,100
2024-12-19 09:55:00-05:00,383.95,384.0,381.7,382.28,9216.0,382.614,81
2024-12-19 10:00:00-05:00,382.46,382.89,380.48,380.48,20278.0,382.032,120
2024-12-19 10:05:00-05:00,380.5,381.87,380.15,380.31,18802.0,380.386,149
2024-12-19 10:10:00-05:00,380.44,381.37,380.19,380.85,18746.0,380.745,137
2024-12-19 10:15:00-05:00,380.62,380.66,380.13,380.47,2987.0,380.482,24
2024-12-19 10:20:00-05:00,380.59,380.91,380.05,380.38,4128.0,380.346,37
2024-12-19 10:25:00-05:00,380.69,381.95,380.64,380.69,4374.0,380.963,42
2024-12-19 10:30:00-05:00,381.11,381.11,379.0,379.38,36095.0,380.046,239
2024-12-19 10:35:00-05:00,379.28,380.17,378.75,379.38,7573.0,379.416,64
2024-12-19 10:40:00-05:00,379.88,380.52,378.77,379.99,10164.0,379.664,66
2024-12-19 10:45:00-05:00,379.3,379.57,378.78,379.57,3447.0,379.035,23
2024-12-19 10:50:00-05:00,379.68,379.68,377.89,378.06,4715.0,378.739,38
2024-12-19 10:55:00-05:00,378.19,378.66,378.19,378.63,4059.0,378.468,34
2024-12-19 11:00:00-05:00,378.63,379.24,378.63,378.71,4369.0,378.871,21
2024-12-19 11:05:00-05:00,378.68,378.76,378.11,378.11,2323.0,378.53,21
2024-12-19 11:10:00-05:00,378.5,378.61,377.98,378.25,2110.0,378.205,19
2024-12-19 11:15:00-05:00,378.29,378.79,378.11,378.31,5909.0,378.427,52
2024-12-19 11:20:00-05:00,378.99,380.04,378.99,379.5,2590.0,379.488,24
2024-12-19 11:25:00-05:00,379.31,380.32,379.31,380.32,5939.0,380.016,40
2024-12-19 11:30:00-05:00,380.34,380.39,379.81,380.39,1984.0,380.23,8
2024-12-19 11:35:00-05:00,379.99,380.39,379.8,379.86,2471.0,379.96,24
2024-12-19 11:40:00-05:00,380.06,380.06,379.75,379.75,246.0,379.931,2
2024-12-19 11:45:00-05:00,379.87,380.03,379.62,379.62,1336.0,379.753,13
2024-12-19 11:50:00-05:00,379.81,380.21,379.81,380.21,550.0,379.998,5
2024-12-19 11:55:00-05:00,380.0,380.0,379.58,379.58,1591.0,379.705,13
2024-12-19 12:00:00-05:00,379.41,379.41,378.95,379.12,1128.0,379.177,8
2024-12-19 12:05:00-05:00,378.67,379.43,378.67,378.89,4233.0,379.186,26
2024-12-19 12:10:00-05:00,378.89,379.24,378.82,378.83,1294.0,378.924,5
2024-12-19 12:15:00-05:00,378.97,378.97,378.18,378.44,2179.0,378.533,20
2024-12-19 12:20:00-05:00,378.44,378.56,378.17,378.24,2558.0,378.346,23
2024-12-19 12:25:00-05:00,378.15,378.15,377.89,377.98,1400.0,377.949,5
2024-12-19 12:30:00-05:00,378.15,378.37,377.14,377.38,7711.0,377.57,62
2024-12-19 12:35:00-05:00,377.36,378.18,377.36,378.18,4301.0,377.798,43
2024-12-19 12:40:00-05:00,378.15,378.27,377.86,377.86,2774.0,378.1,26
2024-12-19 12:45:00-05:00,377.84,378.04,377.29,377.38,3095.0,377.701,20
2024-12-19 12:50:00-05:00,377.29,377.75,377.01,377.75,1612.0,377.386,14
2024-12-19 12:55:00-05:00,378.17,378.44,377.82,378.17,1936.0,378.152,18
2024-12-19 13:00:00-05:00,378.17,378.44,377.7,377.7,1830.0,377.871,17
2024-12-19 13:05:00-05:00,377.7,377.78,377.35,377.63,1014.0,377.581,9
2024-12-19 13:10:00-05:00,377.8,377.8,377.35,377.67,1866.0,377.49,10
2024-12-19 13:15:00-05:00,377.62,378.6,377.61,378.22,4403.0,378.122,37
2024-12-19 13:20:00-05:00,378.29,378.73,378.04,378.36,1609.0,378.226,13
2024-12-19 13:25:00-05:00,378.37,378.67,378.33,378.37,3623.0,378.46,32
2024-12-19 13:30:00-05:00,378.34,378.41,378.0,378.32,1386.0,378.193,12
2024-12-19 13:35:00-05:00,378.38,378.58,378.38,378.55,2124.0,378.538,9
2024-12-19 13:40:00-05:00,378.34,378.47,378.23,378.38,1870.0,378.335,13
2024-12-19 13:45:00-05:00,378.74,378.9,378.57,378.81,1519.0,378.768,13
2024-12-19 13:50:00-05:00,378.79,378.91,378.49,378.64,2368.0,378.656,22
2024-12-19 13:55:00-05:00,378.64,379.37,378.6,379.37,15168.0,379.021,100
2024-12-19 14:00:00-05:00,379.7,379.7,378.94,379.06,5233.0,379.089,31
2024-12-19 14:05:00-05:00,379.02,379.16,378.6,378.6,2414.0,378.933,23
2024-12-19 14:10:00-05:00,378.89,378.89,377.87,377.87,1434.0,378.424,13
2024-12-19 14:15:00-05:00,378.17,378.17,378.17,378.17,125.0,378.17,1
2024-12-19 14:20:00-05:00,378.49,378.49,378.15,378.19,700.0,378.31,6
2024-12-19 14:25:00-05:00,377.92,378.17,377.78,378.17,1291.0,377.997,11
2024-12-19 14:30:00-05:00,378.19,378.31,377.77,377.77,3200.0,378.055,23
2024-12-19 14:35:00-05:00,378.28,378.28,377.79,377.79,2167.0,378.106,7
2024-12-19 14:40:00-05:00,377.98,378.01,377.7,377.75,1847.0,377.878,9
2024-12-19 14:45:00-05:00,377.75,378.02,377.4,377.87,5380.0,377.656,32
2024-12-19 14:50:00-05:00,377.94,378.03,377.77,377.77,1103.0,377.891,10
2024-12-19 14:55:00-05:00,378.02,378.02,377.25,377.25,3022.0,377.616,20
2024-12-19 15:00:00-05:00,377.23,377.51,377.23,377.27,607.0,377.359,6
2024-12-19 15:05:00-05:00,377.52,377.66,377.25,377.3,1901.0,377.47,13
2024-12-19 15:10:00-05:00,377.5,378.05,377.4,377.94,11820.0,377.6,95
2024-12-19 15:15:00-05:00,377.94,378.19,377.84,377.84,6774.0,377.99,56
2024-12-19 15:20:00-05:00,377.85,379.01,377.84,378.99,11535.0,378.172,46
2024-12-19 15:25:00-05:00,378.93,379.09,377.68,377.69,11386.0,378.61,85
2024-12-19 15:30:00-05:00,378.19,378.19,376.67,376.87,3662.0,377.332,26
2024-12-19 15:35:00-05:00,376.88,377.52,376.1,377.24,8903.0,376.746,77
2024-12-19 15:40:00-05:00,377.19,377.7,376.96,376.98,5823.0,377.408,41
2024-12-19 15:45:00-05:00,376.97,377.22,376.56,376.98,10250.0,376.952,81
2024-12-19 15:50:00-05:00,376.54,376.61,375.25,375.26,14693.0,376.059,97
2024-12-19 15:55:00-05:00,375.48,377.01,375.27,376.91,76416.0,376.406,496
2024-12-20 09:30:00-05:00,375.0,376.0,374.11,374.58,179424.0,374.956,143
2024-12-20 09:35:00-05:00,374.28,374.69,373.57,374.07,5664.0,374.203,44
2024-12-20 09:40:00-05:00,374.07,374.84,373.13,374.27,17122.0,373.979,55
2024-12-20 09:45:00-05:00,374.17,374.83,373.9,373.99,2325.0,374.109,20
2024-12-20 09:50:00-05:00,374.0,374.47,372.95,373.9,8325.0,373.952,66
2024-12-20 09:55:00-05:00,373.47,373.78,371.96,372.07,6000.0,373.361,49
2024-12-20 10:00:00-05:00,372.47,374.2,372.17,373.81,10169.0,373.512,89
2024-12-20 10:05:00-05:00,373.81,374.92,373.32,373.7,7477.0,374.245,65
2024-12-20 10:10:00-05:00,373.53,374.74,373.51,374.19,10574.0,374.141,85
2024-12-20 10:15:00-05:00,374.41,374.51,373.85,374.44,30222.0,374.263,132
2024-12-20 10:20:00-05:00,374.32,374.6,373.82,374.6,8594.0,374.141,67
2024-12-20 10:25:00-05:00,374.13,375.84,374.12,375.28,28241.0,375.349,98
2024-12-20 10:30:00-05:00,375.42,376.7,375.41,376.24,8991.0,376.165,78
2024-12-20 10:35:00-05:00,376.34,376.77,376.08,376.35,6623.0,376.41,59
2024-12-20 10:40:00-05:00,376.29,376.63,375.57,375.7,9451.0,376.032,78
2024-12-20 10:45:00-05:00,376.05,376.42,375.69,375.75,3549.0,376.023,29
2024-12-20 10:50:00-05:00,376.01,376.87,375.91,376.53,25148.0,376.4,185
2024-12-20 10:55:00-05:00,376.5,377.24,376.0,376.13,18739.0,376.655,158
2024-12-20 11:00:00-05:00,375.88,376.79,375.81,376.63,18603.0,376.545,131
2024-12-20 11:05:00-05:00,376.63,378.08,376.62,378.02,15981.0,377.077,126
2024-12-20 11:10:00-05:00,378.09,378.2,377.33,377.69,7498.0,377.846,58
2024-12-20 11:15:00-05:00,377.77,378.17,377.36,378.17,10638.0,377.93,73
2024-12-20 11:20:00-05:00,378.17,378.96,378.05,378.25,16804.0,378.475,101
2024-12-20 11:25:00-05:00,378.25,379.69,378.25,379.0,23876.0,378.718,103
2024-12-20 11:30:00-05:00,379.07,379.79,379.07,379.24,4437.0,379.366,39
2024-12-20 11:35:00-05:00,378.92,379.52,378.75,379.0,6946.0,379.154,57
2024-12-20 11:40:00-05:00,379.0,379.61,378.74,379.47,19210.0,379.334,143
2024-12-20 11:45:00-05:00,379.36,379.36,378.86,378.97,17471.0,379.116,110
2024-12-20 11:50:00-05:00,379.05,379.2,378.63,378.77,6142.0,378.967,49
2024-12-20 11:55:00-05:00,378.91,379.22,378.52,379.22,33354.0,378.989,220
2024-12-20 12:00:00-05:00,379.06,380.4,378.87,379.99,12833.0,379.276,63
2024-12-20 12:05:00-05:00,380.14,380.19,379.46,379.63,4572.0,379.878,26
2024-12-20 12:10:00-05:00,379.66,379.69,379.13,379.55,4185.0,379.494,37
2024-12-20 12:15:00-05:00,379.56,379.83,379.42,379.77,3471.0,379.639,23
2024-12-20 12:20:00-05:00,379.78,379.79,379.58,379.74,5676.0,379.722,37
2024-12-20 12:25:00-05:00,379.74,380.0,379.58,379.92,25271.0,379.797,194
2024-12-20 12:30:00-05:00,379.8,380.1,379.27,379.34,8322.0,379.517,40
2024-12-20 12:35:00-05:00,379.59,379.66,379.31,379.66,11811.0,379.486,88
2024-12-20 12:40:00-05:00,379.58,379.75,378.86,379.01,21881.0,379.486,136
2024-12-20 12:45:00-05:00,379.01,379.05,378.22,379.05,19464.0,378.533,138
2024-12-20 12:50:00-05:00,379.18,380.39,379.18,380.39,3730.0,379.927,25
2024-12-20 12:55:00-05:00,380.25,380.27,379.85,380.14,1579.0,380.064,12
2024-12-20 13:00:00-05:00,380.04,380.22,379.74,380.05,2961.0,379.953,24
2024-12-20 13:05:00-05:00,379.82,380.33,379.66,380.3,2010.0,379.888,13
2024-12-20 13:10:00-05:00,379.81,380.04,379.79,379.79,932.0,379.854,9
2024-12-20 13:15:00-05:00,379.68,379.68,379.05,379.09,3521.0,379.249,22
2024-12-20 13:20:00-05:00,379.64,379.64,378.47,378.78,2819.0,379.059,23
2024-12-20 13:25:00-05:00,379.17,379.17,378.14,378.14,1536.0,378.653,10
2024-12-20 13:30:00-05:00,378.26,378.83,378.26,378.81,1903.0,378.667,14
2024-12-20 13:35:00-05:00,378.84,379.12,377.94,377.94,2070.0,378.646,14
2024-12-20 13:40:00-05:00,378.32,378.74,378.07,378.07,2958.0,378.35,25
2024-12-20 13:45:00-05:00,377.98,378.6,377.85,378.6,900.0,378.08,6
2024-12-20 13:50:00-05:00,378.23,378.35,377.49,377.73,7768.0,377.941,62
2024-12-20 13:55:00-05:00,378.02,378.36,377.67,377.69,4571.0,378.042,38
2024-12-20 14:00:00-05:00,377.72,377.76,377.64,377.69,2067.0,377.701,19
2024-12-20 14:05:00-05:00,377.69,377.97,377.58,377.58,6781.0,377.711,47
2024-12-20 14:10:00-05:00,377.76,378.01,377.68,378.0,1851.0,377.892,15
2024-12-20 14:15:00-05:00,377.94,378.15,377.86,377.86,784.0,377.924,7
2024-12-20 14:20:00-05:00,378.21,378.21,377.91,378.09,686.0,378.061,6
2024-12-20 14:25:00-05:00,378.1,378.21,377.87,378.21,1541.0,378.052,8
2024-12-20 14:30:00-05:00,378.21,378.39,377.92,377.92,2546.0,378.218,21
2024-12-20 14:35:00-05:00,377.92,378.38,377.9,377.93,3657.0,378.094,23
2024-12-20 14:40:00-05:00,377.76,377.81,377.55,377.55,2161.0,377.76,12
2024-12-20 14:45:00-05:00,377.81,377.92,377.62,377.68,1419.0,377.767,12
2024-12-20 14:50:00-05:00,377.81,377.9,377.15,377.23,7384.0,377.362,56
2024-12-20 14:55:00-05:00,377.28,377.82,377.19,377.31,15623.0,377.421,118
2024-12-20 15:00:00-05:00,377.37,377.75,377.02,377.02,9828.0,377.206,85
2024-12-20 15:05:00-05:00,376.99,377.24,376.98,377.17,2084.0,377.179,18
2024-12-20 15:10:00-05:00,377.06,377.4,377.06,377.3,2338.0,377.263,21
2024-12-20 15:15:00-05:00,377.07,377.97,377.07,377.31,14127.0,377.399,52
2024-12-20 15:20:00-05:00,377.19,377.97,377.09,377.97,4576.0,377.429,42
2024-12-20 15:25:00-05:00,377.54,378.34,377.54,377.88,2811.0,378.047,26
2024-12-20 15:30:00-05:00,377.89,377.89,376.5,376.6,25442.0,376.974,97
2024-12-20 15:35:00-05:00,377.09,378.42,377.09,377.65,11888.0,378.129,80
2024-12-20 15:40:00-05:00,377.76,377.94,377.49,377.72,6275.0,377.81,51
2024-12-20 15:45:00-05:00,377.64,377.95,377.24,377.25,7744.0,377.537,68
2024-12-20 15:50:00-05:00,377.23,377.39,376.8,377.24,18117.0,377.037,121
2024-12-20 15:55:00-05:00,377.33,377.63,375.56,377.27,111061.0,376.705,711
2024-12-23 09:30:00-05:00,377.01,378.0,375.47,375.47,14368.0,376.937,13
2024-12-23 09:35:00-05:00,375.74,376.79,375.04,375.24,5425.0,375.717,48
2024-12-23 09:40:00-05:00,375.05,375.18,375.01,375.18,520.0,375.116,5
2024-12-23 09:45:00-05:00,374.83,374.83,373.89,373.89,4820.0,374.504,46
2024-12-23 09:50:00-05:00,374.31,374.61,373.36,374.52,11103.0,373.935,84
2024-12-23 09:55:00-05:00,374.17,374.69,373.62,373.81,5496.0,374.005,14
2024-12-23 10:00:00-05:00,373.88,374.32,372.38,373.42,12794.0,373.564,95
2024-12-23 10:05:00-05:00,373.12,374.0,372.42,372.93,6969.0,373.166,49
2024-12-23 10:10:00-05:00,372.79,373.35,372.54,373.22,12080.0,373.071,104
2024-12-23 10:15:00-05:00,373.23,374.05,373.09,373.77,6901.0,373.471,37
2024-12-23 10:20:00-05:00,373.75,373.85,372.97,373.11,5545.0,373.584,51
2024-12-23 10:25:00-05:00,372.54,373.42,372.2,373.34,4681.0,372.835,39
2024-12-23 10:30:00-05:00,373.53,373.97,372.83,373.59,12238.0,373.34,87
2024-12-23 10:35:00-05:00,373.62,373.62,372.85,372.95,3134.0,373.22,22
2024-12-23 10:40:00-05:00,372.9,372.91,372.19,372.59,5127.0,372.71,33
2024-12-23 10:45:00-05:00,372.72,372.72,372.04,372.31,7364.0,372.482,38
2024-12-23 10:50:00-05:00,372.31,372.86,372.01,372.73,14749.0,372.396,76
2024-12-23 10:55:00-05:00,372.75,373.27,372.59,372.69,2200.0,372.861,19
2024-12-23 11:00:00-05:00,372.68,373.74,372.67,373.74,6606.0,373.164,49
2024-12-23 11:05:00-05:00,373.73,373.98,373.62,373.86,5759.0,373.801,30
2024-12-23 11:10:00-05:00,373.64,373.86,373.49,373.73,1854.0,373.642,14
2024-12-23 11:15:00-05:00,373.72,373.85,373.48,373.69,2624.0,373.651,23
2024-12-23 11:20:00-05:00,373.87,374.49,373.65,374.4,7184.0,374.018,54
2024-12-23 11:25:00-05:00,374.07,374.31,374.07,374.31,1324.0,374.206,11
2024-12-23 11:30:00-05:00,374.31,374.54,374.28,374.42,4200.0,374.436,27
2024-12-23 11:35:00-05:00,374.42,374.92,374.42,374.55,2739.0,374.639,24
2024-12-23 11:40:00-05:00,374.5,375.23,374.5,375.15,4505.0,374.893,35
2024-12-23 11:45:00-05:00,375.4,375.83,375.4,375.67,2612.0,375.528,10
2024-12-23 11:50:00-05:00,375.66,376.02,375.66,376.02,1225.0,375.907,12
2024-12-23 11:55:00-05:00,376.13,376.42,375.88,376.34,1897.0,376.159,11
2024-12-23 12:00:00-05:00,376.26,376.92,376.26,376.46,2702.0,376.648,22
2024-12-23 12:05:00-05:00,376.52,376.53,376.06,376.39,1500.0,376.23,12
2024-12-23 12:10:00-05:00,376.29,376.68,376.29,376.42,3229.0,376.522,24
2024-12-23 12:15:00-05:00,376.34,376.49,376.22,376.44,715.0,376.396,7
2024-12-23 12:20:00-05:00,376.59,376.59,376.32,376.46,977.0,376.453,7
2024-12-23 12:25:00-05:00,376.46,376.78,376.29,376.72,1115.0,376.596,9
2024-12-23 12:30:00-05:00,376.38,376.54,376.23,376.35,2500.0,376.366,14
2024-12-23 12:35:00-05:00,376.45,376.6,376.06,376.6,1902.0,376.281,15
2024-12-23 12:40:00-05:00,376.61,376.78,376.57,376.78,3090.0,376.683,15
2024-12-23 12:45:00-05:00,376.65,376.84,376.61,376.78,929.0,376.745,9
2024-12-23 12:50:00-05:00,376.68,376.87,376.68,376.87,500.0,376.757,5
2024-12-23 12:55:00-05:00,376.72,377.05,376.67,377.02,2983.0,376.848,24
2024-12-23 13:00:00-05:00,376.76,377.35,376.75,377.35,813.0,377.028,8
2024-12-23 13:05:00-05:00,377.27,377.54,377.25,377.26,876.0,377.39,6
2024-12-23 13:10:00-05:00,377.14,377.18,376.53,376.54,1680.0,376.944,14
2024-12-23 13:15:00-05:00,376.8,376.8,376.22,376.22,1573.0,376.672,9
2024-12-23 13:20:00-05:00,376.16,376.43,376.16,376.31,881.0,376.336,6
2024-12-23 13:25:00-05:00,376.17,376.5,376.02,376.29,2056.0,376.211,14
2024-12-23 13:30:00-05:00,376.29,376.67,376.28,376.55,1830.0,376.526,9
2024-12-23 13:35:00-05:00,376.99,376.99,376.84,376.85,307.0,376.902,3
2024-12-23 13:40:00-05:00,376.84,376.88,376.73,376.88,700.0,376.807,7
2024-12-23 13:45:00-05:00,376.88,377.2,376.61,376.99,1750.0,376.934,13
2024-12-23 13:50:00-05:00,377.19,377.32,376.88,376.96,5854.0,377.14,25
2024-12-23 13:55:00-05:00,377.09,377.19,376.86,377.19,1218.0,377.014,10
2024-12-23 14:00:00-05:00,377.14,377.14,376.99,376.99,200.0,377.065,2
2024-12-23 14:05:00-05:00,376.93,377.03,376.6,377.03,1884.0,376.891,9
2024-12-23 14:10:00-05:00,376.97,377.17,376.87,377.17,1916.0,376.99,14
2024-12-23 14:15:00-05:00,377.27,377.34,377.23,377.28,547.0,377.286,4
2024-12-23 14:20:00-05:00,376.98,377.32,376.82,377.02,1336.0,377.104,8
2024-12-23 14:25:00-05:00,377.21,377.28,376.75,376.75,1542.0,377.085,15
2024-12-23 14:30:00-05:00,376.85,377.11,376.67,377.11,1807.0,376.855,11
2024-12-23 14:35:00-05:00,376.72,376.72,375.95,375.95,1693.0,376.302,11
2024-12-23 14:40:00-05:00,375.96,376.59,375.95,376.52,2886.0,376.287,26
2024-12-23 14:45:00-05:00,376.59,376.88,376.56,376.56,3996.0,376.67,35
2024-12-23 14:50:00-05:00,376.85,377.06,376.47,376.47,1500.0,376.688,15
2024-12-23 14:55:00-05:00,376.47,376.64,376.25,376.33,2086.0,376.514,16
2024-12-23 15:00:00-05:00,376.25,376.53,376.13,376.53,2226.0,376.317,18
2024-12-23 15:05:00-05:00,376.67,376.69,376.38,376.38,1197.0,376.59,8
2024-12-23 15:10:00-05:00,376.54,376.69,376.07,376.69,3108.0,376.228,16
2024-12-23 15:15:00-05:00,376.7,376.72,376.16,376.45,3482.0,376.402,25
2024-12-23 15:20:00-05:00,376.68,376.88,376.52,376.78,3807.0,376.722,34
2024-12-23 15:25:00-05:00,376.79,377.35,376.79,377.05,1301.0,377.055,13
2024-12-23 15:30:00-05:00,376.98,377.08,376.8,376.95,2969.0,376.937,23
2024-12-23 15:35:00-05:00,376.96,377.29,376.78,376.98,9996.0,376.989,74
2024-12-23 15:40:00-05:00,377.05,377.78,376.99,377.53,2960.0,377.448,25
2024-12-23 15:45:00-05:00,377.62,377.71,377.34,377.55,3207.0,377.481,29
2024-12-23 15:50:00-05:00,377.58,378.04,377.58,377.98,7561.0,377.833,67
2024-12-23 15:55:00-05:00,378.04,378.25,377.19,377.62,31500.0,377.695,260
2024-12-24 09:30:00-05:00,377.52,379.31,376.21,377.74,8889.0,377.473,23
2024-12-24 09:35:00-05:00,377.81,377.98,377.44,377.66,1819.0,377.548,9
2024-12-24 09:40:00-05:00,377.62,378.99,377.62,378.77,1021.0,378.472,10
2024-12-24 09:45:00-05:00,378.31,379.07,378.3,379.06,1969.0,378.416,15
2024-12-24 09:50:00-05:00,378.88,378.88,378.57,378.72,335.0,378.723,3
2024-12-24 09:55:00-05:00,378.25,378.78,377.97,378.66,2025.0,378.658,7
2024-12-24 10:00:00-05:00,378.57,379.31,378.57,378.88,468.0,378.953,4
2024-12-24 10:05:00-05:00,379.27,379.27,378.57,378.57,637.0,378.896,6
2024-12-24 10:10:00-05:00,378.59,378.68,378.18,378.51,2936.0,378.436,20
2024-12-24 10:15:00-05:00,378.62,378.93,378.55,378.72,2328.0,378.644,16
2024-12-24 10:20:00-05:00,378.57,378.95,378.57,378.57,4283.0,378.669,25
2024-12-24 10:25:00-05:00,378.54,378.9,377.94,378.72,2087.0,378.575,16
2024-12-24 10:30:00-05:00,378.86,378.91,378.29,378.29,2430.0,378.532,16
2024-12-24 10:35:00-05:00,378.92,378.92,377.83,378.18,4641.0,378.299,31
2024-12-24 10:40:00-05:00,378.37,378.45,378.37,378.45,406.0,378.416,4
2024-12-24 10:45:00-05:00,378.46,378.49,378.21,378.49,1022.0,378.375,8
2024-12-24 10:50:00-05:00,378.46,378.5,377.82,377.82,1025.0,378.282,8
2024-12-24 10:55:00-05:00,377.86,378.13,377.86,378.13,916.0,378.039,7
2024-12-24 11:00:00-05:00,377.93,378.29,377.87,378.29,606.0,377.979,6
2024-12-24 11:05:00-05:00,377.99,378.06,377.59,377.6,3140.0,377.793,14
2024-12-24 11:10:00-05:00,377.47,377.83,377.11,377.31,2580.0,377.469,14
2024-12-24 11:15:00-05:00,377.31,377.64,377.11,377.63,1685.0,377.398,7
2024-12-24 11:20:00-05:00,377.5,377.95,377.45,377.45,4152.0,377.67,10
2024-12-24 11:25:00-05:00,377.71,377.81,377.59,377.59,1323.0,377.702,9
2024-12-24 11:30:00-05:00,377.7,377.95,377.7,377.95,2043.0,377.858,10
2024-12-24 11:35:00-05:00,377.86,378.0,377.61,377.97,2152.0,377.83,18
2024-12-24 11:40:00-05:00,378.0,378.1,377.78,378.05,1940.0,377.99,11
2024-12-24 11:45:00-05:00,378.23,378.23,377.79,378.1,1432.0,377.934,8
2024-12-24 11:50:00-05:00,378.27,378.27,377.62,377.63,799.0,377.923,6
2024-12-24 11:55:00-05:00,377.63,378.01,377.62,377.75,1825.0,377.794,9
2024-12-24 12:00:00-05:00,377.65,378.19,377.64,378.19,1165.0,377.881,8
2024-12-24 12:05:00-05:00,378.2,378.2,377.74,377.74,1477.0,377.878,9
2024-12-24 12:10:00-05:00,378.22,378.34,377.93,377.95,1501.0,378.077,13
2024-12-24 12:15:00-05:00,377.97,378.49,377.74,378.49,5993.0,378.056,32
2024-12-24 12:20:00-05:00,378.58,378.58,378.41,378.42,485.0,378.473,4
2024-12-24 12:25:00-05:00,378.45,378.61,378.45,378.61,421.0,378.513,4
2024-12-24 12:30:00-05:00,378.41,378.41,377.89,377.89,1973.0,378.209,14
2024-12-24 12:35:00-05:00,377.84,377.99,377.7,377.96,1412.0,377.869,14
2024-12-24 12:40:00-05:00,378.23,378.43,378.22,378.25,820.0,378.28,5
2024-12-24 12:45:00-05:00,378.15,378.39,377.96,378.39,1265.0,378.197,12
2024-12-24 12:50:00-05:00,378.81,379.71,378.68,379.55,2737.0,379.335,25
2024-12-24 12:55:00-05:00,379.55,380.21,379.55,380.21,18488.0,379.854,143
2024-12-26 09:30:00-05:00,379.04,379.83,376.77,377.43,9341.0,378.847,31
2024-12-26 09:35:00-05:00,378.44,378.45,377.45,377.45,1100.0,377.549,4
2024-12-26 09:40:00-05:00,378.12,378.13,377.6,378.07,1401.0,377.953,14
2024-12-26 09:45:00-05:00,378.12,378.29,378.11,378.11,2652.0,378.13,15
2024-12-26 09:50:00-05:00,378.11,378.11,377.36,377.81,864.0,377.758,8
2024-12-26 09:55:00-05:00,377.65,378.79,377.59,378.43,4098.0,378.011,35
2024-12-26 10:00:00-05:00,377.9,379.1,377.9,378.5,4156.0,378.654,35
2024-12-26 10:05:00-05:00,378.5,379.15,378.32,378.38,1135.0,378.671,9
2024-12-26 10:10:00-05:00,377.87,378.73,377.87,377.96,1705.0,378.221,13
2024-12-26 10:15:00-05:00,377.96,378.62,377.95,378.36,2241.0,378.281,17
2024-12-26 10:20:00-05:00,378.37,378.41,377.9,377.91,567.0,378.166,4
2024-12-26 10:25:00-05:00,378.37,378.83,377.74,377.74,1542.0,378.305,13
2024-12-26 10:30:00-05:00,377.73,378.41,377.28,378.0,2371.0,377.569,7
2024-12-26 10:35:00-05:00,377.72,377.72,377.28,377.28,300.0,377.49,3
2024-12-26 10:40:00-05:00,377.57,377.58,377.25,377.58,547.0,377.487,3
2024-12-26 10:45:00-05:00,377.36,377.93,377.27,377.5,1274.0,377.623,10
2024-12-26 10:50:00-05:00,377.61,377.82,377.61,377.82,200.0,377.715,2
2024-12-26 10:55:00-05:00,378.01,378.21,377.73,378.17,1817.0,377.95,11
2024-12-26 11:00:00-05:00,378.25,378.25,377.71,378.19,600.0,378.125,6
2024-12-26 11:05:00-05:00,378.48,378.6,377.73,378.6,865.0,378.204,8
2024-12-26 11:10:00-05:00,378.23,378.63,377.89,378.55,1626.0,378.445,16
2024-12-26 11:15:00-05:00,378.73,378.73,378.73,378.73,100.0,378.73,1
2024-12-26 11:20:00-05:00,378.74,378.74,378.31,378.31,825.0,378.502,7
2024-12-26 11:25:00-05:00,378.28,378.43,378.15,378.15,500.0,378.261,5
2024-12-26 11:30:00-05:00,378.46,378.77,378.15,378.73,1100.0,378.403,8
2024-12-26 11:35:00-05:00,378.14,378.45,378.14,378.44,600.0,378.351,6
2024-12-26 11:40:00-05:00,378.78,379.19,378.77,379.19,1302.0,378.965,13
2024-12-26 11:45:00-05:00,379.29,379.34,379.07,379.27,800.0,379.216,7
2024-12-26 11:50:00-05:00,379.29,379.57,378.98,378.98,1830.0,379.279,12
2024-12-26 11:55:00-05:00,379.2,379.48,378.98,378.98,2617.0,379.232,15
2024-12-26 12:00:00-05:00,379.38,379.56,379.08,379.56,1467.0,379.414,12
2024-12-26 12:05:00-05:00,379.56,379.56,379.56,379.56,0.0,379.56,0
2024-12-26 12:10:00-05:00,379.33,379.6,379.29,379.59,801.0,379.355,8
2024-12-26 12:15:00-05:00,379.41,379.7,379.4,379.7,502.0,379.605,4
2024-12-26 12:20:00-05:00,379.56,379.56,379.3,379.47,1029.0,379.455,8
2024-12-26 12:25:00-05:00,379.33,379.53,379.33,379.41,350.0,379.437,3
2024-12-26 12:30:00-05:00,379.41,379.41,379.4,379.41,100.0,379.406,1
2024-12-26 12:35:00-05:00,379.06,379.07,379.04,379.04,344.0,379.057,3
2024-12-26 12:40:00-05:00,379.01,379.02,378.98,378.99,400.0,378.999,4
2024-12-26 12:45:00-05:00,378.99,378.99,378.41,378.41,1001.0,378.726,9
2024-12-26 12:50:00-05:00,378.44,378.61,378.44,378.53,400.0,378.507,4
2024-12-26 12:55:00-05:00,378.77,378.77,378.29,378.3,723.0,378.655,4
2024-12-26 13:00:00-05:00,378.35,378.71,378.35,378.71,470.0,378.541,4
2024-12-26 13:05:00-05:00,378.79,378.85,378.39,378.85,802.0,378.631,5
2024-12-26 13:10:00-05:00,378.74,378.74,378.54,378.61,509.0,378.605,5
2024-12-26 13:15:00-05:00,378.44,378.96,378.44,378.96,776.0,378.763,3
2024-12-26 13:20:00-05:00,379.04,379.04,379.04,379.04,200.0,379.04,2
2024-12-26 13:25:00-05:00,379.09,379.09,379.08,379.09,273.0,379.086,1
2024-12-26 13:30:00-05:00,379.02,379.02,378.77,378.79,416.0,378.852,4
2024-12-26 13:35:00-05:00,378.77,378.77,378.51,378.51,300.0,378.597,2
2024-12-26 13:40:00-05:00,378.87,378.87,378.52,378.67,591.0,378.685,5
2024-12-26 13:45:00-05:00,378.86,378.98,378.56,378.71,2071.0,378.794,16
2024-12-26 13:50:00-05:00,378.71,378.71,378.41,378.51,1900.0,378.559,16
2024-12-26 13:55:00-05:00,378.51,378.71,378.4,378.5,1737.0,378.605,6
2024-12-26 14:00:00-05:00,378.5,378.59,378.27,378.59,606.0,378.373,5
2024-12-26 14:05:00-05:00,378.44,378.73,378.44,378.5,1382.0,378.514,11
2024-12-26 14:10:00-05:00,378.5,378.62,378.45,378.46,1857.0,378.5,12
2024-12-26 14:15:00-05:00,378.63,378.63,378.4,378.4,598.0,378.529,5
2024-12-26 14:20:00-05:00,378.51,378.66,378.4,378.61,1964.0,378.566,5
2024-12-26 14:25:00-05:00,378.48,378.58,378.35,378.35,880.0,378.442,7
2024-12-26 14:30:00-05:00,378.48,378.52,378.39,378.4,404.0,378.474,4
2024-12-26 14:35:00-05:00,378.4,378.53,378.39,378.5,1300.0,378.494,11
2024-12-26 14:40:00-05:00,378.28,378.47,378.15,378.47,4600.0,378.297,46
2024-12-26 14:45:00-05:00,378.5,378.58,378.5,378.58,2132.0,378.516,18
2024-12-26 14:50:00-05:00,378.57,378.6,378.51,378.55,1128.0,378.57,9
2024-12-26 14:55:00-05:00,378.52,378.59,378.5,378.56,1443.0,378.535,12
2024-12-26 15:00:00-05:00,378.44,378.44,378.44,378.44,100.0,378.44,1
2024-12-26 15:05:00-05:00,378.38,378.75,378.37,378.53,3827.0,378.584,27
2024-12-26 15:10:00-05:00,378.6,378.69,378.32,378.32,5169.0,378.569,42
2024-12-26 15:15:00-05:00,378.46,378.58,378.35,378.57,1041.0,378.474,10
2024-12-26 15:20:00-05:00,378.5,378.59,378.46,378.56,4031.0,378.524,31
2024-12-26 15:25:00-05:00,378.56,378.74,378.46,378.56,2788.0,378.61,19
2024-12-26 15:30:00-05:00,378.35,378.51,378.18,378.5,1463.0,378.318,11
2024-12-26 15:35:00-05:00,378.34,378.67,378.34,378.5,7047.0,378.524,60
2024-12-26 15:40:00-05:00,378.55,378.57,378.35,378.54,1000.0,378.52,7
2024-12-26 15:45:00-05:00,378.52,378.52,378.21,378.27,2304.0,378.367,22
2024-12-26 15:50:00-05:00,378.28,378.56,378.22,378.45,4694.0,378.448,40
2024-12-26 15:55:00-05:00,378.36,378.5,377.88,377.88,15498.0,378.279,126
2024-12-27 09:30:00-05:00,375.36,376.69,373.95,376.69,9219.0,375.302,20
2024-12-27 09:35:00-05:00,375.44,375.44,374.61,375.36,1336.0,375.305,7
2024-12-27 09:40:00-05:00,375.56,376.5,375.55,376.5,562.0,376.29,3
2024-12-27 09:45:00-05:00,375.87,376.51,375.87,376.51,649.0,376.302,6
2024-12-27 09:50:00-05:00,376.56,376.99,376.47,376.99,1623.0,376.708,10
2024-12-27 09:55:00-05:00,376.94,377.33,376.75,377.06,4559.0,377.103,36
2024-12-27 10:00:00-05:00,377.07,377.07,375.78,375.83,4285.0,376.221,32
2024-12-27 10:05:00-05:00,375.71,376.19,375.29,375.8,5204.0,375.819,31
2024-12-27 10:10:00-05:00,375.6,375.6,375.15,375.56,1326.0,375.356,12
2024-12-27 10:15:00-05:00,374.59,375.01,374.0,374.1,2790.0,374.207,22
2024-12-27 10:20:00-05:00,374.37,374.7,373.73,373.73,3043.0,374.164,25
2024-12-27 10:25:00-05:00,374.04,374.04,373.46,373.46,1240.0,373.704,9
2024-12-27 10:30:00-05:00,373.73,374.0,373.43,373.48,1778.0,373.75,14
2024-12-27 10:35:00-05:00,373.71,373.72,373.38,373.72,1610.0,373.581,14
2024-12-27 10:40:00-05:00,373.72,374.24,373.51,374.1,1230.0,374.004,11
2024-12-27 10:45:00-05:00,374.1,374.5,373.83,374.5,521.0,374.261,5
2024-12-27 10:50:00-05:00,374.53,374.65,374.33,374.46,432.0,374.479,4
2024-12-27 10:55:00-05:00,374.46,374.46,374.46,374.46,0.0,374.46,0
2024-12-27 11:00:00-05:00,374.3,374.35,373.83,373.97,1000.0,374.146,10
2024-12-27 11:05:00-05:00,373.75,373.75,373.51,373.51,2100.0,373.694,17
2024-12-27 11:10:00-05:00,373.56,373.98,373.44,373.71,2615.0,373.756,19
2024-12-27 11:15:00-05:00,373.42,373.59,373.13,373.59,3059.0,373.301,28
2024-12-27 11:20:00-05:00,373.45,373.72,373.45,373.67,771.0,373.626,7
2024-12-27 11:25:00-05:00,373.5,374.08,373.41,374.08,1972.0,373.705,15
2024-12-27 11:30:00-05:00,374.08,374.21,373.99,374.21,389.0,374.082,3
2024-12-27 11:35:00-05:00,374.32,374.48,374.24,374.24,500.0,374.31,5
2024-12-27 11:40:00-05:00,374.22,374.22,373.79,373.87,400.0,373.998,4
2024-12-27 11:45:00-05:00,374.0,374.0,373.61,373.61,2580.0,373.895,10
2024-12-27 11:50:00-05:00,373.05,373.08,372.31,372.31,7094.0,372.738,21
2024-12-27 11:55:00-05:00,372.35,372.61,372.21,372.22,1400.0,372.45,11
2024-12-27 12:00:00-05:00,372.22,372.41,372.02,372.31,1150.0,372.286,10
2024-12-27 12:05:00-05:00,372.25,372.26,371.65,372.16,7710.0,371.941,67
2024-12-27 12:10:00-05:00,372.19,372.19,372.13,372.13,400.0,372.144,4
2024-12-27 12:15:00-05:00,372.0,372.25,371.89,372.2,6977.0,372.057,65
2024-12-27 12:20:00-05:00,372.05,372.05,371.31,371.5,1918.0,371.688,17
2024-12-27 12:25:00-05:00,371.53,371.85,371.38,371.85,3098.0,371.656,29
2024-12-27 12:30:00-05:00,371.75,372.0,371.46,371.75,3226.0,371.62,18
2024-12-27 12:35:00-05:00,371.75,371.75,371.09,371.2,1505.0,371.286,9
2024-12-27 12:40:00-05:00,371.22,371.53,371.01,371.01,3163.0,371.33,22
2024-12-27 12:45:00-05:00,371.06,371.28,370.72,370.72,3216.0,371.096,29
2024-12-27 12:50:00-05:00,371.14,371.87,370.94,371.87,5137.0,371.337,32
2024-12-27 12:55:00-05:00,371.83,371.89,371.47,371.53,1567.0,371.745,13
2024-12-27 13:00:00-05:00,371.78,372.03,371.73,372.03,2592.0,371.852,17
2024-12-27 13:05:00-05:00,372.09,372.09,371.5,371.5,1030.0,371.884,10
2024-12-27 13:10:00-05:00,371.69,371.78,371.59,371.73,800.0,371.704,8
2024-12-27 13:15:00-05:00,371.79,371.98,371.49,371.49,5730.0,371.76,49
2024-12-27 13:20:00-05:00,371.75,371.76,371.39,371.69,1365.0,371.576,9
2024-12-27 13:25:00-05:00,371.69,371.74,371.39,371.39,1623.0,371.656,16
2024-12-27 13:30:00-05:00,371.39,371.7,371.28,371.5,3240.0,371.485,31
2024-12-27 13:35:00-05:00,371.75,372.01,371.75,372.01,1820.0,371.835,18
2024-12-27 13:40:00-05:00,371.83,372.04,371.78,372.0,2102.0,371.921,21
2024-12-27 13:45:00-05:00,371.97,371.97,371.94,371.94,200.0,371.955,2
2024-12-27 13:50:00-05:00,371.93,372.29,371.81,372.29,4664.0,372.031,44
2024-12-27 13:55:00-05:00,372.33,372.7,372.29,372.32,3958.0,372.526,15
2024-12-27 14:00:00-05:00,372.29,372.62,372.29,372.61,200.0,372.451,2
2024-12-27 14:05:00-05:00,372.28,372.86,372.26,372.59,4621.0,372.519,44
2024-12-27 14:10:00-05:00,372.94,372.94,372.59,372.91,2000.0,372.741,10
2024-12-27 14:15:00-05:00,372.91,373.05,372.79,372.96,1737.0,372.919,17
2024-12-27 14:20:00-05:00,372.68,372.96,372.68,372.96,200.0,372.818,2
2024-12-27 14:25:00-05:00,372.75,373.23,372.75,373.23,744.0,373.03,6
2024-12-27 14:30:00-05:00,372.81,372.89,372.52,372.52,2440.0,372.693,16
2024-12-27 14:35:00-05:00,372.84,372.84,372.73,372.73,600.0,372.822,6
2024-12-27 14:40:00-05:00,372.87,373.2,372.8,373.15,11577.0,372.913,106
2024-12-27 14:45:00-05:00,373.15,373.52,372.86,373.33,6153.0,373.124,22
2024-12-27 14:50:00-05:00,373.39,373.57,373.27,373.56,1108.0,373.407,10
2024-12-27 14:55:00-05:00,373.57,373.59,373.29,373.3,8766.0,373.326,24
2024-12-27 15:00:00-05:00,373.22,373.29,372.98,373.0,1514.0,373.138,14
2024-12-27 15:05:00-05:00,373.1,373.19,372.85,373.01,3635.0,373.037,32
2024-12-27 15:10:00-05:00,372.97,372.97,372.25,372.3,3156.0,372.738,28
2024-12-27 15:15:00-05:00,372.15,372.31,371.93,372.18,2202.0,372.156,20
2024-12-27 15:20:00-05:00,372.17,372.25,371.85,371.95,2669.0,372.005,26
2024-12-27 15:25:00-05:00,371.86,372.24,371.85,372.12,12426.0,371.974,109
2024-12-27 15:30:00-05:00,372.08,372.38,372.08,372.23,2658.0,372.22,23
2024-12-27 15:35:00-05:00,372.23,372.23,372.05,372.18,1991.0,372.114,17
2024-12-27 15:40:00-05:00,372.18,372.18,371.75,371.86,2874.0,372.027,22
2024-12-27 15:45:00-05:00,371.87,372.52,371.56,372.52,12446.0,371.908,59
2024-12-27 15:50:00-05:00,372.69,373.97,372.64,373.52,8405.0,373.489,73
2024-12-27 15:55:00-05:00,373.35,374.1,373.24,373.56,29650.0,373.708,223
2024-12-30 09:30:00-05:00,368.98,370.34,368.31,369.18,10549.0,368.999,25
2024-12-30 09:35:00-05:00,369.58,370.18,368.49,368.49,3711.0,369.396,26
2024-12-30 09:40:00-05:00,368.15,368.66,367.73,368.55,1526.0,368.346,15
2024-12-30 09:45:00-05:00,367.94,368.81,367.89,368.38,1655.0,368.223,13
2024-12-30 09:50:00-05:00,368.01,368.75,367.69,368.56,1600.0,368.316,14
2024-12-30 09:55:00-05:00,368.41,368.41,367.79,368.14,1403.0,368.141,14
2024-12-30 10:00:00-05:00,367.91,369.0,367.62,367.62,1995.0,368.149,14
2024-12-30 10:05:00-05:00,368.01,368.01,367.58,368.0,500.0,367.892,5
2024-12-30 10:10:00-05:00,367.77,368.21,367.5,367.5,3458.0,367.847,19
2024-12-30 10:15:00-05:00,367.12,367.57,366.89,367.48,5743.0,367.381,26
2024-12-30 10:20:00-05:00,367.12,367.12,366.15,366.15,800.0,366.714,8
2024-12-30 10:25:00-05:00,366.5,367.23,366.49,367.0,2022.0,366.855,18
2024-12-30 10:30:00-05:00,367.0,367.6,367.0,367.39,3730.0,367.338,20
2024-12-30 10:35:00-05:00,366.99,368.14,366.99,368.13,1629.0,367.548,14
2024-12-30 10:40:00-05:00,368.23,368.25,368.05,368.25,1132.0,368.099,4
2024-12-30 10:45:00-05:00,368.25,368.25,367.32,367.32,3320.0,367.718,20
2024-12-30 10:50:00-05:00,367.58,368.21,367.57,368.21,2189.0,367.953,15
2024-12-30 10:55:00-05:00,368.55,368.9,368.27,368.88,2083.0,368.634,14
2024-12-30 11:00:00-05:00,368.73,369.28,368.69,369.27,750.0,368.865,5
2024-12-30 11:05:00-05:00,369.08,370.36,369.08,369.83,13872.0,369.549,34
2024-12-30 11:10:00-05:00,370.3,371.09,370.3,371.09,1460.0,370.546,11
2024-12-30 11:15:00-05:00,370.54,370.79,370.22,370.47,3874.0,370.541,26
2024-12-30 11:20:00-05:00,370.31,370.74,370.18,370.39,2919.0,370.391,16
2024-12-30 11:25:00-05:00,370.4,370.96,370.39,370.75,2225.0,370.71,16
2024-12-30 11:30:00-05:00,370.98,371.35,370.94,371.34,2900.0,371.202,26
2024-12-30 11:35:00-05:00,371.64,371.79,371.63,371.79,500.0,371.748,5
2024-12-30 11:40:00-05:00,371.96,372.86,371.96,372.74,14039.0,372.455,30
2024-12-30 11:45:00-05:00,372.74,372.74,372.09,372.09,7801.0,372.42,48
2024-12-30 11:50:00-05:00,372.37,372.66,372.17,372.66,1406.0,372.4,11
2024-12-30 11:55:00-05:00,372.71,373.21,372.71,373.2,2431.0,373.01,24
2024-12-30 12:00:00-05:00,373.25,373.31,373.09,373.09,1068.0,373.215,10
2024-12-30 12:05:00-05:00,373.1,373.1,372.73,372.73,400.0,372.988,3
2024-12-30 12:10:00-05:00,372.74,372.74,372.73,372.74,100.0,372.735,1
2024-12-30 12:15:00-05:00,372.78,372.78,372.78,372.78,100.0,372.78,1
2024-12-30 12:20:00-05:00,372.75,373.53,372.75,373.32,3511.0,373.19,21
2024-12-30 12:25:00-05:00,373.12,373.12,372.68,373.02,400.0,372.979,4
2024-12-30 12:30:00-05:00,372.91,373.03,372.8,372.8,600.0,372.937,6
2024-12-30 12:35:00-05:00,372.79,372.91,372.72,372.72,914.0,372.804,3
2024-12-30 12:40:00-05:00,372.38,372.38,372.33,372.33,300.0,372.353,3
2024-12-30 12:45:00-05:00,372.1,372.74,372.1,372.74,1829.0,372.573,9
2024-12-30 12:50:00-05:00,372.47,372.63,372.35,372.37,603.0,372.423,6
2024-12-30 12:55:00-05:00,372.12,372.28,371.86,372.28,1226.0,372.132,11
2024-12-30 13:00:00-05:00,372.11,372.12,371.93,371.93,300.0,372.053,3
2024-12-30 13:05:00-05:00,372.06,372.49,371.98,372.19,2438.0,372.231,20
2024-12-30 13:10:00-05:00,372.46,373.48,372.45,373.1,2230.0,372.746,16
2024-12-30 13:15:00-05:00,372.8,373.09,372.69,372.69,1172.0,372.919,10
2024-12-30 13:20:00-05:00,372.99,373.01,372.48,372.57,2755.0,372.733,25
2024-12-30 13:25:00-05:00,372.69,372.71,372.32,372.71,911.0,372.497,9
2024-12-30 13:30:00-05:00,372.41,372.82,372.34,372.82,2975.0,372.573,25
2024-12-30 13:35:00-05:00,372.86,373.07,372.29,372.58,1302.0,372.709,11
2024-12-30 13:40:00-05:00,372.29,372.87,372.29,372.86,1425.0,372.733,14
2024-12-30 13:45:00-05:00,372.97,373.36,372.97,373.36,1300.0,373.117,11
2024-12-30 13:50:00-05:00,373.05,373.36,372.96,373.29,2316.0,373.13,16
2024-12-30 13:55:00-05:00,373.1,373.4,372.89,373.16,3110.0,373.098,29
2024-12-30 14:00:00-05:00,373.06,373.19,373.06,373.15,1100.0,373.126,11
2024-12-30 14:05:00-05:00,373.13,373.14,372.61,373.01,3712.0,372.905,32
2024-12-30 14:10:00-05:00,372.95,373.06,372.52,372.72,2090.0,372.855,20
2024-12-30 14:15:00-05:00,372.55,372.88,372.54,372.66,2512.0,372.673,21
2024-12-30 14:20:00-05:00,372.59,372.59,372.26,372.51,4409.0,372.417,38
2024-12-30 14:25:00-05:00,372.66,372.8,372.13,372.75,1605.0,372.572,14
2024-12-30 14:30:00-05:00,372.58,373.35,372.58,373.0,7805.0,372.819,30
2024-12-30 14:35:00-05:00,373.0,373.18,372.66,372.92,3029.0,372.922,25
2024-12-30 14:40:00-05:00,372.92,373.19,372.72,372.88,6429.0,372.979,51
2024-12-30 14:45:00-05:00,372.74,372.9,372.48,372.87,2069.0,372.729,17
2024-12-30 14:50:00-05:00,372.59,372.9,372.5,372.68,4725.0,372.669,37
2024-12-30 14:55:00-05:00,372.69,372.94,372.69,372.74,3030.0,372.782,27
2024-12-30 15:00:00-05:00,372.9,372.91,372.26,372.26,3328.0,372.641,26
2024-12-30 15:05:00-05:00,372.24,372.35,372.16,372.33,1629.0,372.276,13
2024-12-30 15:10:00-05:00,372.44,372.52,372.1,372.31,4146.0,372.339,35
2024-12-30 15:15:00-05:00,372.28,372.53,372.13,372.47,2358.0,372.37,23
2024-12-30 15:20:00-05:00,372.43,372.66,372.28,372.45,3248.0,372.403,27
2024-12-30 15:25:00-05:00,372.37,372.37,371.36,371.38,6461.0,371.506,15
2024-12-30 15:30:00-05:00,371.43,371.72,371.14,371.25,3939.0,371.405,30
2024-12-30 15:35:00-05:00,371.34,371.34,371.03,371.21,4095.0,371.208,31
2024-12-30 15:40:00-05:00,371.21,371.74,371.21,371.51,4111.0,371.465,37
2024-12-30 15:45:00-05:00,371.5,372.12,371.41,372.12,5541.0,371.734,54
2024-12-30 15:50:00-05:00,372.12,372.48,371.89,371.89,9390.0,372.194,76
2024-12-30 15:55:00-05:00,371.84,372.07,370.86,370.9,16135.0,371.298,132
2024-12-31 09:30:00-05:00,371.71,373.46,371.71,372.23,7419.0,371.769,5
2024-12-31 09:35:00-05:00,372.08,373.46,371.11,372.03,1476.0,371.673,12
2024-12-31 09:40:00-05:00,371.36,371.36,370.7,370.7,710.0,371.146,5
2024-12-31 09:45:00-05:00,371.36,372.01,370.86,371.34,3350.0,371.51,27
2024-12-31 09:50:00-05:00,371.19,371.19,369.4,370.23,2747.0,370.486,26
2024-12-31 09:55:00-05:00,370.23,371.01,369.71,370.31,4854.0,370.412,42
2024-12-31 10:00:00-05:00,370.44,371.64,370.44,370.85,4306.0,371.18,29
2024-12-31 10:05:00-05:00,370.35,370.87,369.53,369.96,1329.0,370.261,11
2024-12-31 10:10:00-05:00,369.49,370.56,368.69,370.52,6779.0,369.928,40
2024-12-31 10:15:00-05:00,370.85,371.07,370.5,371.07,1152.0,370.763,9
2024-12-31 10:20:00-05:00,371.08,371.32,370.83,371.31,978.0,371.046,8
2024-12-31 10:25:00-05:00,370.74,371.02,370.46,371.02,2194.0,370.679,18
2024-12-31 10:30:00-05:00,370.68,371.11,370.03,370.03,3675.0,370.555,25
2024-12-31 10:35:00-05:00,370.23,370.23,369.8,369.8,1850.0,370.049,13
2024-12-31 10:40:00-05:00,370.08,370.21,369.79,370.21,561.0,370.062,5
2024-12-31 10:45:00-05:00,370.13,370.18,369.9,370.11,1350.0,370.051,11
2024-12-31 10:50:00-05:00,370.08,370.55,370.08,370.11,549.0,370.246,5
2024-12-31 10:55:00-05:00,369.98,370.26,369.89,370.26,1293.0,369.984,11
2024-12-31 11:00:00-05:00,369.98,370.07,369.43,369.43,1901.0,369.822,18
2024-12-31 11:05:00-05:00,369.5,369.7,369.32,369.7,1392.0,369.513,11
2024-12-31 11:10:00-05:00,369.67,370.0,369.36,370.0,1459.0,369.71,13
2024-12-31 11:15:00-05:00,369.94,370.27,369.77,369.84,2001.0,369.932,13
2024-12-31 11:20:00-05:00,369.63,369.95,369.63,369.95,1364.0,369.665,3
2024-12-31 11:25:00-05:00,369.85,370.25,369.67,369.84,1997.0,369.999,8
2024-12-31 11:30:00-05:00,369.86,369.9,369.68,369.69,1999.0,369.743,16
2024-12-31 11:35:00-05:00,369.5,369.67,369.49,369.49,900.0,369.562,9
2024-12-31 11:40:00-05:00,369.69,370.1,369.69,369.86,763.0,369.918,6
2024-12-31 11:45:00-05:00,370.09,370.1,369.42,369.97,2298.0,369.84,16
2024-12-31 11:50:00-05:00,369.99,370.18,369.75,369.81,1440.0,369.967,8
2024-12-31 11:55:00-05:00,369.92,369.93,369.61,369.8,1500.0,369.829,11
2024-12-31 12:00:00-05:00,369.6,369.6,369.25,369.38,1193.0,369.394,10
2024-12-31 12:05:00-05:00,369.69,369.81,369.4,369.55,4614.0,369.492,8
2024-12-31 12:10:00-05:00,369.49,369.63,369.42,369.51,2091.0,369.576,12
2024-12-31 12:15:00-05:00,369.67,370.12,369.52,370.12,3399.0,369.715,27
2024-12-31 12:20:00-05:00,370.0,370.24,369.78,370.11,9597.0,369.994,38
2024-12-31 12:25:00-05:00,370.01,370.11,369.7,369.96,2714.0,369.863,14
2024-12-31 12:30:00-05:00,369.87,369.87,369.05,369.06,2535.0,369.455,23
2024-12-31 12:35:00-05:00,369.16,369.16,368.91,368.91,1686.0,369.053,7
2024-12-31 12:40:00-05:00,369.12,369.36,368.83,368.88,3552.0,368.989,19
2024-12-31 12:45:00-05:00,368.81,368.95,368.52,368.77,1734.0,368.766,15
2024-12-31 12:50:00-05:00,368.9,369.43,368.9,369.43,2969.0,368.961,24
2024-12-31 12:55:00-05:00,369.73,370.41,369.73,370.41,1391.0,370.13,9
2024-12-31 13:00:00-05:00,370.05,370.08,369.76,369.76,804.0,369.918,7
2024-12-31 13:05:00-05:00,370.24,370.34,369.85,370.34,770.0,370.138,7
2024-12-31 13:10:00-05:00,369.92,370.07,369.66,369.67,1239.0,369.813,8
2024-12-31 13:15:00-05:00,369.62,369.66,369.4,369.41,1091.0,369.528,8
2024-12-31 13:20:00-05:00,369.03,369.03,368.38,368.38,823.0,368.639,7
2024-12-31 13:25:00-05:00,368.8,368.8,368.8,368.8,100.0,368.8,1
2024-12-31 13:30:00-05:00,368.41,368.9,368.41,368.9,458.0,368.691,4
2024-12-31 13:35:00-05:00,368.92,368.92,368.64,368.64,494.0,368.708,4
2024-12-31 13:40:00-05:00,369.04,369.52,369.04,369.08,953.0,369.152,4
2024-12-31 13:45:00-05:00,369.61,369.79,369.61,369.79,759.0,369.762,3
2024-12-31 13:50:00-05:00,370.0,370.17,369.64,369.79,1432.0,369.864,13
2024-12-31 13:55:00-05:00,369.64,369.64,369.33,369.38,1348.0,369.57,3
2024-12-31 14:00:00-05:00,369.32,369.33,369.09,369.09,825.0,369.187,8
2024-12-31 14:05:00-05:00,369.24,369.8,369.18,369.8,1009.0,369.339,9
2024-12-31 14:10:00-05:00,369.84,369.84,369.77,369.84,1700.0,369.808,4
2024-12-31 14:15:00-05:00,369.58,369.58,369.22,369.29,1360.0,369.439,12
2024-12-31 14:20:00-05:00,369.05,369.05,368.72,368.72,300.0,368.919,3
2024-12-31 14:25:00-05:00,369.0,369.05,368.76,368.94,796.0,368.923,6
2024-12-31 14:30:00-05:00,368.7,368.7,368.56,368.56,944.0,368.616,7
2024-12-31 14:35:00-05:00,368.52,368.73,368.45,368.45,1287.0,368.596,11
2024-12-31 14:40:00-05:00,368.46,368.66,368.44,368.66,1496.0,368.519,13
2024-12-31 14:45:00-05:00,368.73,368.89,368.6,368.88,1250.0,368.752,12
2024-12-31 14:50:00-05:00,368.7,369.38,368.7,369.05,1850.0,369.091,17
2024-12-31 14:55:00-05:00,369.35,369.62,369.35,369.62,235.0,369.502,2
2024-12-31 15:00:00-05:00,369.4,369.59,369.27,369.31,800.0,369.372,8
2024-12-31 15:05:00-05:00,369.42,369.75,369.42,369.57,1743.0,369.579,15
2024-12-31 15:10:00-05:00,369.63,369.64,369.04,369.05,1351.0,369.349,13
2024-12-31 15:15:00-05:00,369.09,369.4,368.93,369.4,1300.0,369.228,12
2024-12-31 15:20:00-05:00,369.55,370.04,369.49,369.66,4053.0,369.819,23
2024-12-31 15:25:00-05:00,369.56,370.17,369.56,369.98,1246.0,369.821,10
2024-12-31 15:30:00-05:00,370.01,370.01,369.4,369.4,1915.0,369.732,16
2024-12-31 15:35:00-05:00,369.78,370.26,369.57,369.57,2598.0,369.859,21
2024-12-31 15:40:00-05:00,369.46,369.52,369.29,369.3,800.0,369.408,8
2024-12-31 15:45:00-05:00,369.25,369.83,368.8,369.82,2355.0,369.221,22
2024-12-31 15:50:00-05:00,370.09,370.1,369.36,369.6,7158.0,369.71,61
2024-12-31 15:55:00-05:00,369.5,369.94,369.16,369.42,46107.0,369.556,351
2025-01-02 09:30:00-05:00,371.03,372.38,369.54,370.9,17163.0,371.063,44
2025-01-02 09:35:00-05:00,370.93,371.92,370.38,371.23,8138.0,371.018,24
2025-01-02 09:40:00-05:00,371.23,372.43,371.23,372.4,10268.0,371.816,84
2025-01-02 09:45:00-05:00,372.38,373.04,372.05,372.68,5996.0,372.445,44
2025-01-02 09:50:00-05:00,373.04,373.78,372.26,373.78,3492.0,373.136,32
2025-01-02 09:55:00-05:00,373.94,374.97,373.94,374.97,6439.0,374.426,56
2025-01-02 10:00:00-05:00,375.0,375.75,374.89,375.75,5340.0,375.246,44
2025-01-02 10:05:00-05:00,375.75,375.99,375.35,375.99,2497.0,375.723,21
2025-01-02 10:10:00-05:00,375.74,375.93,375.22,375.58,2933.0,375.512,20
2025-01-02 10:15:00-05:00,375.56,375.83,374.84,374.84,1927.0,375.25,16
2025-01-02 10:20:00-05:00,374.67,374.67,373.49,373.7,4739.0,373.81,36
2025-01-02 10:25:00-05:00,373.55,373.98,373.0,373.53,5810.0,373.446,26
2025-01-02 10:30:00-05:00,373.36,374.06,372.94,374.06,6026.0,373.554,57
2025-01-02 10:35:00-05:00,373.78,374.25,373.55,373.96,6100.0,373.818,51
2025-01-02 10:40:00-05:00,373.97,374.03,373.36,373.89,4927.0,373.754,47
2025-01-02 10:45:00-05:00,374.0,374.07,373.33,373.6,3636.0,373.657,31
2025-01-02 10:50:00-05:00,373.62,373.72,373.15,373.7,4479.0,373.511,33
2025-01-02 10:55:00-05:00,373.88,373.88,373.1,373.19,4288.0,373.429,40
2025-01-02 11:00:00-05:00,373.24,373.24,372.1,372.1,3248.0,372.65,29
2025-01-02 11:05:00-05:00,372.28,373.0,372.24,372.91,9096.0,372.515,64
2025-01-02 11:10:00-05:00,372.8,373.69,372.67,373.69,9193.0,372.978,57
2025-01-02 11:15:00-05:00,373.67,374.25,373.66,374.24,3422.0,374.053,32
2025-01-02 11:20:00-05:00,374.07,375.44,374.04,375.0,8172.0,374.364,68
2025-01-02 11:25:00-05:00,375.06,375.31,374.7,374.96,6831.0,374.907,58
2025-01-02 11:30:00-05:00,374.96,375.18,374.62,374.8,16262.0,374.815,142
2025-01-02 11:35:00-05:00,374.72,375.2,374.65,375.19,7407.0,374.841,62
2025-01-02 11:40:00-05:00,375.25,375.25,375.0,375.07,1100.0,375.143,11
2025-01-02 11:45:00-05:00,374.9,375.36,374.8,375.36,5383.0,374.963,44
2025-01-02 11:50:00-05:00,375.42,375.62,374.79,374.97,5247.0,375.236,47
2025-01-02 11:55:00-05:00,375.12,375.12,374.88,374.88,2777.0,375.016,27
2025-01-02 12:00:00-05:00,375.11,375.33,374.99,375.13,1693.0,375.125,15
2025-01-02 12:05:00-05:00,374.98,375.06,374.46,374.68,14199.0,374.819,94
2025-01-02 12:10:00-05:00,374.69,375.38,374.65,375.22,7733.0,374.828,71
2025-01-02 12:15:00-05:00,375.22,375.37,374.66,374.69,16578.0,374.802,141
2025-01-02 12:20:00-05:00,374.57,374.7,374.29,374.43,16148.0,374.487,102
2025-01-02 12:25:00-05:00,374.43,374.46,373.27,373.38,33522.0,373.827,292
2025-01-02 12:30:00-05:00,373.38,373.39,372.33,372.33,5717.0,373.176,53
2025-01-02 12:35:00-05:00,372.1,372.27,371.43,371.46,8071.0,371.644,71
2025-01-02 12:40:00-05:00,371.58,372.06,371.43,371.93,7598.0,371.728,68
2025-01-02 12:45:00-05:00,371.93,372.09,371.29,371.46,8068.0,371.601,74
2025-01-02 12:50:00-05:00,371.44,372.11,371.23,371.69,7895.0,371.501,66
2025-01-02 12:55:00-05:00,371.9,372.42,371.83,372.18,6928.0,372.059,31
2025-01-02 13:00:00-05:00,372.06,372.17,371.42,371.44,7698.0,371.693,66
2025-01-02 13:05:00-05:00,371.44,372.11,371.4,372.11,3810.0,371.74,31
2025-01-02 13:10:00-05:00,372.02,372.07,371.43,371.43,14594.0,371.735,104
2025-01-02 13:15:00-05:00,371.35,371.98,371.07,371.93,8115.0,371.354,63
2025-01-02 13:20:00-05:00,372.01,372.52,371.74,371.91,4234.0,372.064,29
2025-01-02 13:25:00-05:00,371.9,372.12,371.74,372.01,4878.0,371.86,36
2025-01-02 13:30:00-05:00,371.81,371.91,371.35,371.44,16793.0,371.521,125
2025-01-02 13:35:00-05:00,371.44,372.06,371.44,371.86,5458.0,371.769,42
2025-01-02 13:40:00-05:00,371.78,372.47,371.58,372.46,32517.0,371.788,184
2025-01-02 13:45:00-05:00,372.38,372.39,371.59,371.59,3706.0,372.058,30
2025-01-02 13:50:00-05:00,371.77,371.83,371.43,371.66,11745.0,371.649,79
2025-01-02 13:55:00-05:00,371.78,372.37,371.78,372.23,3709.0,372.118,30
2025-01-02 14:00:00-05:00,372.21,372.8,371.92,372.61,6072.0,372.188,46
2025-01-02 14:05:00-05:00,372.61,372.98,372.5,372.67,5887.0,372.802,47
2025-01-02 14:10:00-05:00,372.67,372.93,372.45,372.68,4088.0,372.667,26
2025-01-02 14:15:00-05:00,372.63,373.0,372.47,372.88,5541.0,372.679,44
2025-01-02 14:20:00-05:00,372.93,373.2,372.6,373.03,6334.0,372.821,43
2025-01-02 14:25:00-05:00,373.19,373.42,373.18,373.42,2712.0,373.309,24
2025-01-02 14:30:00-05:00,373.23,373.65,372.98,373.18,10718.0,373.236,93
2025-01-02 14:35:00-05:00,373.16,373.4,372.9,373.36,6296.0,373.242,40
2025-01-02 14:40:00-05:00,373.21,373.59,373.11,373.39,6631.0,373.29,55
2025-01-02 14:45:00-05:00,373.57,373.85,373.08,373.63,6829.0,373.353,58
2025-01-02 14:50:00-05:00,373.63,373.89,373.5,373.56,1702.0,373.669,16
2025-01-02 14:55:00-05:00,373.52,373.66,372.94,372.98,2777.0,373.243,24
2025-01-02 15:00:00-05:00,372.96,374.14,372.88,374.14,3759.0,373.322,30
2025-01-02 15:05:00-05:00,373.91,374.04,373.65,374.0,3574.0,373.818,31
2025-01-02 15:10:00-05:00,373.78,374.27,373.71,374.13,9783.0,374.044,93
2025-01-02 15:15:00-05:00,373.89,373.94,373.59,373.94,3764.0,373.746,27
2025-01-02 15:20:00-05:00,373.93,374.28,373.89,374.09,7351.0,374.131,54
2025-01-02 15:25:00-05:00,374.27,374.33,374.13,374.3,7814.0,374.261,41
2025-01-02 15:30:00-05:00,374.29,374.85,374.0,374.03,8623.0,374.345,82
2025-01-02 15:35:00-05:00,374.15,374.15,373.63,373.8,10530.0,373.786,70
2025-01-02 15:40:00-05:00,373.9,374.13,373.8,374.13,4269.0,373.936,38
2025-01-02 15:45:00-05:00,373.94,374.33,373.8,374.21,7335.0,374.076,67
2025-01-02 15:50:00-05:00,374.23,374.48,373.14,373.29,23186.0,373.611,210
2025-01-02 15:55:00-05:00,373.45,374.08,373.34,374.03,82730.0,373.742,586
2025-01-03 09:30:00-05:00,375.21,376.71,374.34,376.71,17579.0,375.247,23
2025-01-03 09:35:00-05:00,376.82,377.84,375.45,376.4,3726.0,375.94,19
2025-01-03 09:40:00-05:00,376.4,377.35,376.04,376.54,6801.0,376.508,58
2025-01-03 09:45:00-05:00,376.54,377.01,375.67,375.96,6402.0,376.039,56
2025-01-03 09:50:00-05:00,376.26,377.1,375.43,377.1,26696.0,376.303,101
2025-01-03 09:55:00-05:00,377.01,377.63,376.61,377.0,14766.0,377.136,117
2025-01-03 10:00:00-05:00,377.0,377.96,376.68,377.96,5745.0,377.253,43
2025-01-03 10:05:00-05:00,378.32,378.98,378.25,378.26,8018.0,378.5,53
2025-01-03 10:10:00-05:00,378.26,378.27,377.68,377.91,21682.0,377.917,138
2025-01-03 10:15:00-05:00,377.39,378.39,377.39,377.86,5298.0,377.926,41
2025-01-03 10:20:00-05:00,377.85,378.46,377.31,378.46,1987.0,377.825,13
2025-01-03 10:25:00-05:00,378.75,379.11,378.51,379.11,3686.0,378.797,28
2025-01-03 10:30:00-05:00,379.11,379.11,378.53,378.9,5382.0,378.875,49
2025-01-03 10:35:00-05:00,378.89,379.05,378.23,378.24,8273.0,378.816,72
2025-01-03 10:40:00-05:00,378.23,378.43,377.94,378.23,17711.0,378.177,141
2025-01-03 10:45:00-05:00,378.23,378.74,377.97,378.72,8602.0,378.266,35
2025-01-03 10:50:00-05:00,378.49,379.12,378.4,378.68,4574.0,378.737,40
2025-01-03 10:55:00-05:00,378.43,379.85,378.42,379.77,4225.0,379.296,39
2025-01-03 11:00:00-05:00,379.84,380.16,379.27,379.39,5489.0,379.575,52
2025-01-03 11:05:00-05:00,379.14,379.43,378.87,379.35,3684.0,379.264,31
2025-01-03 11:10:00-05:00,379.11,379.14,378.72,378.94,2650.0,378.975,24
2025-01-03 11:15:00-05:00,378.94,379.12,378.8,379.0,1469.0,378.932,13
2025-01-03 11:20:00-05:00,378.85,379.11,378.5,378.58,4464.0,378.862,40
2025-01-03 11:25:00-05:00,378.52,379.29,378.47,379.29,3347.0,378.844,29
2025-01-03 11:30:00-05:00,379.28,379.67,379.07,379.39,2898.0,379.321,16
2025-01-03 11:35:00-05:00,379.38,379.69,379.38,379.38,2567.0,379.429,24
2025-01-03 11:40:00-05:00,379.69,379.69,379.36,379.53,2590.0,379.54,23
2025-01-03 11:45:00-05:00,379.43,380.0,379.42,379.72,5081.0,379.658,47
2025-01-03 11:50:00-05:00,379.73,379.73,379.04,379.19,6602.0,379.375,42
2025-01-03 11:55:00-05:00,379.19,379.63,379.19,379.41,3220.0,379.355,24
2025-01-03 12:00:00-05:00,379.55,380.39,379.55,380.25,3399.0,379.782,31
2025-01-03 12:05:00-05:00,380.32,380.61,380.2,380.52,5799.0,380.47,32
2025-01-03 12:10:00-05:00,380.43,380.48,380.25,380.29,1400.0,380.365,14
2025-01-03 12:15:00-05:00,380.29,380.61,380.02,380.19,3483.0,380.442,31
2025-01-03 12:20:00-05:00,380.3,380.34,379.86,380.03,1899.0,379.969,16
2025-01-03 12:25:00-05:00,379.91,380.28,379.63,379.67,8409.0,380.012,47
2025-01-03 12:30:00-05:00,380.03,380.21,379.87,380.0,3100.0,380.006,29
2025-01-03 12:35:00-05:00,380.0,380.5,380.0,380.49,3192.0,380.288,30
2025-01-03 12:40:00-05:00,380.3,380.39,380.04,380.11,2600.0,380.245,23
2025-01-03 12:45:00-05:00,380.11,380.13,379.55,379.84,2604.0,379.877,24
2025-01-03 12:50:00-05:00,380.08,380.14,379.73,379.73,7260.0,379.853,17
2025-01-03 12:55:00-05:00,379.91,380.31,379.84,380.19,3991.0,380.133,37
2025-01-03 13:00:00-05:00,380.19,380.2,379.67,379.97,3422.0,379.991,30
2025-01-03 13:05:00-05:00,379.78,379.86,379.48,379.48,4630.0,379.67,24
2025-01-03 13:10:00-05:00,379.63,379.69,379.4,379.44,1476.0,379.562,13
2025-01-03 13:15:00-05:00,379.38,379.39,379.31,379.34,6360.0,379.342,9
2025-01-03 13:20:00-05:00,379.34,379.71,379.34,379.71,2527.0,379.509,15
2025-01-03 13:25:00-05:00,379.72,380.08,379.71,380.07,2507.0,379.922,19
2025-01-03 13:30:00-05:00,380.07,380.21,379.78,379.84,4279.0,380.071,21
2025-01-03 13:35:00-05:00,379.9,379.97,379.65,379.84,3364.0,379.884,32
2025-01-03 13:40:00-05:00,379.63,380.08,379.63,379.83,16017.0,379.817,56
2025-01-03 13:45:00-05:00,379.84,380.25,379.84,380.25,1158.0,380.034,11
2025-01-03 13:50:00-05:00,380.25,380.25,380.0,380.06,1377.0,380.079,13
2025-01-03 13:55:00-05:00,380.06,380.28,379.59,379.59,2854.0,379.982,26
2025-01-03 14:00:00-05:00,379.72,380.0,379.72,379.94,2500.0,379.933,20
2025-01-03 14:05:00-05:00,379.79,379.99,379.7,379.77,3023.0,379.873,23
2025-01-03 14:10:00-05:00,379.95,380.28,379.8,380.19,6029.0,380.027,53
2025-01-03 14:15:00-05:00,380.08,380.49,380.08,380.4,1174.0,380.283,10
2025-01-03 14:20:00-05:00,380.35,380.38,380.22,380.35,1560.0,380.331,13
2025-01-03 14:25:00-05:00,380.25,380.78,380.19,380.78,11581.0,380.319,106
2025-01-03 14:30:00-05:00,380.6,381.02,380.58,380.97,2257.0,380.825,21
2025-01-03 14:35:00-05:00,380.98,381.27,380.97,381.03,1092.0,381.103,8
2025-01-03 14:40:00-05:00,381.04,381.25,380.92,381.07,5274.0,380.991,24
2025-01-03 14:45:00-05:00,381.07,381.07,380.41,380.62,4927.0,380.829,42
2025-01-03 14:50:00-05:00,380.4,381.03,380.38,381.03,3922.0,380.723,36
2025-01-03 14:55:00-05:00,381.03,381.47,380.96,381.47,2609.0,381.162,25
2025-01-03 15:00:00-05:00,381.3,381.54,381.0,381.53,4752.0,381.23,40
2025-01-03 15:05:00-05:00,381.49,381.89,381.49,381.72,3639.0,381.718,36
2025-01-03 15:10:00-05:00,381.8,381.8,381.24,381.42,2174.0,381.535,20
2025-01-03 15:15:00-05:00,381.51,381.6,381.12,381.22,4502.0,381.466,45
2025-01-03 15:20:00-05:00,381.1,381.34,380.73,381.29,11379.0,381.185,98
2025-01-03 15:25:00-05:00,381.21,381.21,380.6,381.11,6665.0,381.001,55
2025-01-03 15:30:00-05:00,381.01,381.12,380.85,381.01,7734.0,381.013,64
2025-01-03 15:35:00-05:00,381.01,381.31,380.83,381.12,16740.0,381.1,151
2025-01-03 15:40:00-05:00,381.17,381.37,381.01,381.19,9374.0,381.172,80
2025-01-03 15:45:00-05:00,381.2,381.28,380.77,380.79,10210.0,381.003,89
2025-01-03 15:50:00-05:00,381.09,381.09,380.2,380.4,21322.0,380.669,160
2025-01-03 15:55:00-05:00,380.4,381.46,380.4,380.89,61089.0,380.99,532
2025-01-06 09:30:00-05:00,381.99,384.63,378.9,379.02,26479.0,381.518,84
2025-01-06 09:35:00-05:00,378.41,380.1,377.95,378.81,16879.0,379.317,101
2025-01-06 09:40:00-05:00,378.9,381.54,378.07,380.85,20315.0,380.083,116
2025-01-06 09:45:00-05:00,380.84,381.86,380.15,381.78,6095.0,380.859,46
2025-01-06 09:50:00-05:00,381.91,383.11,381.25,382.94,7061.0,382.447,64
2025-01-06 09:55:00-05:00,382.94,383.48,382.78,383.45,3200.0,383.096,22
2025-01-06 10:00:00-05:00,383.56,384.15,383.12,383.6,10819.0,383.324,76
2025-01-06 10:05:00-05:00,383.46,383.75,382.87,383.53,4533.0,383.29,37
2025-01-06 10:10:00-05:00,383.33,383.57,382.42,382.99,12252.0,382.941,89
2025-01-06 10:15:00-05:00,382.48,383.17,382.38,382.87,15671.0,382.711,113
2025-01-06 10:20:00-05:00,383.04,383.66,382.53,383.66,5348.0,382.882,43
2025-01-06 10:25:00-05:00,383.56,384.35,383.45,384.35,2887.0,383.767,26
2025-01-06 10:30:00-05:00,384.13,384.13,383.05,383.27,6126.0,383.586,48
2025-01-06 10:35:00-05:00,383.13,383.37,383.07,383.28,14261.0,383.153,75
2025-01-06 10:40:00-05:00,383.38,383.46,382.62,382.69,8857.0,383.024,76
2025-01-06 10:45:00-05:00,382.85,383.23,382.74,383.14,10440.0,382.932,82
2025-01-06 10:50:00-05:00,382.48,383.37,382.48,383.37,3600.0,382.968,15
2025-01-06 10:55:00-05:00,383.45,383.45,382.77,383.07,8901.0,383.04,73
2025-01-06 11:00:00-05:00,383.07,383.08,382.09,382.41,18137.0,382.698,144
2025-01-06 11:05:00-05:00,382.38,383.11,382.32,383.11,4684.0,382.515,43
2025-01-06 11:10:00-05:00,383.17,383.17,382.55,382.61,13250.0,382.946,97
2025-01-06 11:15:00-05:00,382.61,382.62,382.0,382.11,6132.0,382.369,42
2025-01-06 11:20:00-05:00,382.38,382.87,382.26,382.55,1313.0,382.579,12
2025-01-06 11:25:00-05:00,382.36,382.79,382.32,382.69,9449.0,382.543,75
2025-01-06 11:30:00-05:00,382.69,383.08,382.68,383.07,2424.0,382.951,22
2025-01-06 11:35:00-05:00,382.83,383.49,382.83,383.49,3261.0,383.069,30
2025-01-06 11:40:00-05:00,383.42,383.44,383.12,383.12,2200.0,383.286,22
2025-01-06 11:45:00-05:00,383.42,383.42,383.07,383.22,4015.0,383.238,36
2025-01-06 11:50:00-05:00,383.24,383.78,383.06,383.59,2511.0,383.384,20
2025-01-06 11:55:00-05:00,383.91,383.98,383.73,383.81,1287.0,383.89,12
2025-01-06 12:00:00-05:00,383.72,384.08,383.69,384.08,7269.0,383.868,63
2025-01-06 12:05:00-05:00,384.05,384.2,383.65,384.2,12818.0,383.904,104
2025-01-06 12:10:00-05:00,384.06,384.4,384.05,384.19,1457.0,384.269,13
2025-01-06 12:15:00-05:00,384.27,384.49,383.95,384.12,5493.0,384.149,43
2025-01-06 12:20:00-05:00,384.0,384.12,383.78,383.92,9329.0,383.936,62
2025-01-06 12:25:00-05:00,383.92,384.34,383.92,384.19,6457.0,384.097,41
2025-01-06 12:30:00-05:00,384.14,384.67,383.77,384.43,12923.0,383.992,99
2025-01-06 12:35:00-05:00,384.59,384.61,384.27,384.5,9690.0,384.481,61
2025-01-06 12:40:00-05:00,384.15,384.22,384.06,384.12,1390.0,384.143,13
2025-01-06 12:45:00-05:00,384.11,384.26,384.11,384.15,2244.0,384.15,17
2025-01-06 12:50:00-05:00,384.26,384.29,384.01,384.19,4456.0,384.138,34
2025-01-06 12:55:00-05:00,384.19,384.48,383.81,384.48,6562.0,384.055,57
2025-01-06 13:00:00-05:00,384.37,384.4,383.7,384.05,11460.0,384.06,98
2025-01-06 13:05:00-05:00,384.08,384.3,383.98,384.12,5777.0,384.143,42
2025-01-06 13:10:00-05:00,384.11,384.11,383.71,384.07,4263.0,383.961,38
2025-01-06 13:15:00-05:00,383.95,384.19,383.78,384.19,3503.0,383.997,27
2025-01-06 13:20:00-05:00,384.24,384.57,383.98,384.4,1866.0,384.389,13
2025-01-06 13:25:00-05:00,384.5,384.54,384.24,384.3,2045.0,384.359,17
2025-01-06 13:30:00-05:00,384.39,384.49,384.13,384.13,7531.0,384.294,53
2025-01-06 13:35:00-05:00,383.95,384.11,383.53,383.92,2880.0,383.829,26
2025-01-06 13:40:00-05:00,383.75,383.97,383.67,383.8,2445.0,383.816,21
2025-01-06 13:45:00-05:00,383.79,383.79,383.39,383.54,4787.0,383.604,36
2025-01-06 13:50:00-05:00,383.38,383.72,383.19,383.59,2912.0,383.471,21
2025-01-06 13:55:00-05:00,383.58,383.81,383.38,383.79,3775.0,383.695,22
2025-01-06 14:00:00-05:00,383.5,383.79,383.11,383.14,9739.0,383.413,65
2025-01-06 14:05:00-05:00,383.41,383.73,383.26,383.59,4555.0,383.466,39
2025-01-06 14:10:00-05:00,383.69,384.04,383.58,383.86,3260.0,383.708,25
2025-01-06 14:15:00-05:00,384.08,384.32,384.03,384.12,1300.0,384.144,13
2025-01-06 14:20:00-05:00,384.11,384.28,383.89,384.13,3655.0,384.118,31
2025-01-06 14:25:00-05:00,383.94,384.34,383.93,384.24,5089.0,384.242,35
2025-01-06 14:30:00-05:00,384.24,384.68,384.14,384.48,9277.0,384.419,73
2025-01-06 14:35:00-05:00,384.35,384.47,383.81,383.88,9467.0,384.187,72
2025-01-06 14:40:00-05:00,383.72,384.22,383.5,384.22,5899.0,383.826,54
2025-01-06 14:45:00-05:00,384.19,384.24,383.95,384.23,3722.0,384.127,32
2025-01-06 14:50:00-05:00,384.21,384.21,383.59,383.59,2902.0,383.959,26
2025-01-06 14:55:00-05:00,383.58,383.79,383.31,383.53,5432.0,383.612,48
2025-01-06 15:00:00-05:00,383.31,383.31,382.65,383.17,5076.0,383.019,44
2025-01-06 15:05:00-05:00,383.18,383.36,382.89,383.31,3976.0,383.146,29
2025-01-06 15:10:00-05:00,383.31,383.91,383.31,383.57,7409.0,383.692,67
2025-01-06 15:15:00-05:00,383.69,383.82,383.31,383.82,9500.0,383.583,80
2025-01-06 15:20:00-05:00,383.76,383.89,383.53,383.88,5888.0,383.776,45
2025-01-06 15:25:00-05:00,383.92,383.98,383.01,383.3,9862.0,383.703,52
2025-01-06 15:30:00-05:00,383.14,383.37,383.06,383.17,2716.0,383.206,23
2025-01-06 15:35:00-05:00,383.04,383.33,382.63,382.63,7558.0,383.053,64
2025-01-06 15:40:00-05:00,382.4,382.98,382.4,382.62,5945.0,382.75,43
2025-01-06 15:45:00-05:00,382.57,382.95,382.21,382.21,7534.0,382.617,68
2025-01-06 15:50:00-05:00,382.38,383.5,382.21,383.02,24187.0,382.935,213
2025-01-06 15:55:00-05:00,383.08,383.51,382.97,383.5,58516.0,383.252,450
2025-01-07 09:30:00-05:00,383.75,384.92,383.17,384.44,18794.0,383.797,36
2025-01-07 09:35:00-05:00,384.94,386.55,384.29,385.73,15916.0,385.433,81
2025-01-07 09:40:00-05:00,385.4,385.97,384.17,384.18,2538.0,385.006,22
2025-01-07 09:45:00-05:00,384.15,384.6,383.25,383.7,9753.0,383.994,74
2025-01-07 09:50:00-05:00,383.5,384.88,383.22,384.6,5895.0,384.042,45
2025-01-07 09:55:00-05:00,385.2,385.39,384.21,384.22,6674.0,384.834,56
2025-01-07 10:00:00-05:00,384.18,384.22,380.32,380.32,5744.0,382.261,51
2025-01-07 10:05:00-05:00,380.32,380.55,379.72,379.97,7871.0,380.265,69
2025-01-07 10:10:00-05:00,379.71,379.96,378.2,378.9,11860.0,379.281,95
2025-01-07 10:15:00-05:00,379.05,380.18,378.47,380.05,10921.0,379.237,80
2025-01-07 10:20:00-05:00,380.5,381.4,379.76,380.85,18225.0,380.255,123
2025-01-07 10:25:00-05:00,381.16,381.16,380.14,380.14,4089.0,380.587,38
2025-01-07 10:30:00-05:00,379.98,379.98,378.65,379.32,5109.0,379.207,42
2025-01-07 10:35:00-05:00,379.32,379.37,378.65,378.65,2902.0,379.118,27
2025-01-07 10:40:00-05:00,378.57,379.24,378.57,379.06,3353.0,379.011,31
2025-01-07 10:45:00-05:00,379.06,379.82,378.88,379.27,7430.0,379.358,69
2025-01-07 10:50:00-05:00,379.61,380.78,379.61,380.78,4759.0,380.244,27
2025-01-07 10:55:00-05:00,380.63,381.56,380.63,381.43,2352.0,381.211,22
2025-01-07 11:00:00-05:00,381.78,382.05,381.78,381.97,2688.0,381.949,24
2025-01-07 11:05:00-05:00,382.2,382.2,381.51,381.92,4285.0,381.935,35
2025-01-07 11:10:00-05:00,381.92,381.92,381.17,381.55,3300.0,381.618,28
2025-01-07 11:15:00-05:00,381.17,382.21,381.17,381.62,6391.0,381.79,33
2025-01-07 11:20:00-05:00,381.96,382.38,381.79,382.18,2588.0,382.1,24
2025-01-07 11:25:00-05:00,382.18,383.17,382.18,383.01,3664.0,382.559,32
2025-01-07 11:30:00-05:00,382.76,383.1,382.36,382.9,3275.0,382.707,24
2025-01-07 11:35:00-05:00,382.1,382.64,381.91,382.64,3351.0,382.362,25
2025-01-07 11:40:00-05:00,383.13,383.13,382.56,382.77,2161.0,382.868,17
2025-01-07 11:45:00-05:00,382.86,382.96,382.61,382.77,1887.0,382.828,13
2025-01-07 11:50:00-05:00,382.51,382.51,381.65,382.05,2041.0,382.108,19
2025-01-07 11:55:00-05:00,381.92,382.05,381.53,381.79,1885.0,381.925,13
2025-01-07 12:00:00-05:00,381.63,382.08,381.62,381.85,3090.0,381.882,24
2025-01-07 12:05:00-05:00,381.89,382.02,381.68,381.78,2571.0,381.908,20
2025-01-07 12:10:00-05:00,381.93,382.67,381.73,382.67,5581.0,382.004,28
2025-01-07 12:15:00-05:00,382.86,383.12,382.31,383.12,3635.0,382.7,32
2025-01-07 12:20:00-05:00,383.11,383.13,382.51,383.04,3409.0,382.828,21
2025-01-07 12:25:00-05:00,382.76,383.01,382.53,383.01,3519.0,382.788,20
2025-01-07 12:30:00-05:00,383.0,383.39,383.0,383.39,2209.0,383.156,14
2025-01-07 12:35:00-05:00,383.25,383.47,382.71,382.87,2182.0,383.147,19
2025-01-07 12:40:00-05:00,383.07,383.07,382.38,382.38,3652.0,382.797,15
2025-01-07 12:45:00-05:00,382.35,382.65,382.12,382.17,2360.0,382.308,18
2025-01-07 12:50:00-05:00,382.48,382.48,381.94,381.94,3305.0,382.335,27
2025-01-07 12:55:00-05:00,382.0,382.75,381.99,382.75,4328.0,382.348,33
2025-01-07 13:00:00-05:00,382.83,383.04,382.75,382.81,1923.0,382.83,15
2025-01-07 13:05:00-05:00,383.03,383.04,382.86,383.04,2408.0,383.0,14
2025-01-07 13:10:00-05:00,383.17,383.44,383.16,383.28,1591.0,383.217,14
2025-01-07 13:15:00-05:00,383.34,383.42,383.1,383.2,4515.0,383.342,34
2025-01-07 13:20:00-05:00,383.33,383.41,383.08,383.22,1650.0,383.243,15
2025-01-07 13:25:00-05:00,383.22,383.65,383.07,383.45,2370.0,383.35,16
2025-01-07 13:30:00-05:00,383.44,383.71,383.44,383.54,2495.0,383.546,20
2025-01-07 13:35:00-05:00,383.69,383.71,383.43,383.5,737.0,383.54,6
2025-01-07 13:40:00-05:00,383.69,383.7,382.68,382.81,1208.0,383.124,11
2025-01-07 13:45:00-05:00,382.95,383.16,382.8,382.81,2962.0,382.967,18
2025-01-07 13:50:00-05:00,382.94,382.95,382.75,382.75,1699.0,382.854,14
2025-01-07 13:55:00-05:00,382.9,382.91,382.54,382.82,1054.0,382.793,10
2025-01-07 14:00:00-05:00,382.75,382.94,382.63,382.7,1487.0,382.812,13
2025-01-07 14:05:00-05:00,382.48,382.83,382.48,382.68,1676.0,382.714,14
2025-01-07 14:10:00-05:00,382.84,382.9,382.51,382.52,3021.0,382.755,20
2025-01-07 14:15:00-05:00,382.52,382.52,382.02,382.18,1415.0,382.29,12
2025-01-07 14:20:00-05:00,382.37,382.37,381.96,382.1,1626.0,382.135,12
2025-01-07 14:25:00-05:00,381.9,382.25,381.79,382.12,3505.0,382.1,25
2025-01-07 14:30:00-05:00,382.12,382.12,381.68,381.75,779.0,381.926,7
2025-01-07 14:35:00-05:00,381.69,381.9,381.69,381.79,3143.0,381.759,17
2025-01-07 14:40:00-05:00,381.7,381.97,381.5,381.97,4573.0,381.778,34
2025-01-07 14:45:00-05:00,381.9,381.9,381.68,381.78,2122.0,381.793,21
2025-01-07 14:50:00-05:00,381.68,381.9,381.13,381.14,2157.0,381.679,20
2025-01-07 14:55:00-05:00,381.29,381.39,381.04,381.25,6129.0,381.293,49
2025-01-07 15:00:00-05:00,381.17,381.21,380.66,380.78,2589.0,380.923,22
2025-01-07 15:05:00-05:00,380.79,380.9,380.48,380.6,1415.0,380.674,13
2025-01-07 15:10:00-05:00,380.38,380.77,380.12,380.66,8891.0,380.348,67
2025-01-07 15:15:00-05:00,380.77,381.35,380.47,380.7,10493.0,381.051,72
2025-01-07 15:20:00-05:00,380.36,380.64,380.25,380.29,15886.0,380.371,18
2025-01-07 15:25:00-05:00,380.26,380.64,380.26,380.64,2695.0,380.452,19
2025-01-07 15:30:00-05:00,380.64,380.73,379.36,379.36,6492.0,380.302,45
2025-01-07 15:35:00-05:00,379.49,379.62,378.93,379.53,7404.0,379.123,49
2025-01-07 15:40:00-05:00,379.67,380.3,379.67,379.9,6947.0,380.041,56
2025-01-07 15:45:00-05:00,379.85,380.05,379.57,380.03,5374.0,379.798,46
2025-01-07 15:50:00-05:00,380.0,380.76,380.0,380.76,8911.0,380.202,65
2025-01-07 15:55:00-05:00,380.76,380.76,379.77,379.95,45748.0,380.058,305
2025-01-08 09:30:00-05:00,380.2,380.56,379.35,379.35,11744.0,380.129,18
2025-01-08 09:35:00-05:00,379.3,381.41,379.3,379.82,3872.0,379.991,31
2025-01-08 09:40:00-05:00,380.0,380.49,379.44,379.95,2553.0,379.912,25
2025-01-08 09:45:00-05:00,380.29,380.48,380.05,380.46,1100.0,380.283,10
2025-01-08 09:50:00-05:00,380.45,380.45,379.03,380.04,3222.0,379.842,28
2025-01-08 09:55:00-05:00,379.53,379.55,378.12,378.12,2884.0,378.962,22
2025-01-08 10:00:00-05:00,378.54,379.61,378.54,379.33,5930.0,379.261,53
2025-01-08 10:05:00-05:00,379.03,379.16,378.49,378.9,2926.0,378.788,29
2025-01-08 10:10:00-05:00,378.88,378.89,377.31,377.31,2304.0,378.278,20
2025-01-08 10:15:00-05:00,377.3,378.02,376.92,377.35,5226.0,377.202,48
2025-01-08 10:20:00-05:00,377.27,377.27,376.36,376.78,4345.0,376.64,25
2025-01-08 10:25:00-05:00,376.7,376.7,375.58,375.74,7358.0,375.875,42
2025-01-08 10:30:00-05:00,376.1,376.67,375.59,376.48,3223.0,376.126,22
2025-01-08 10:35:00-05:00,376.82,378.26,376.82,377.72,6029.0,377.61,35
2025-01-08 10:40:00-05:00,377.91,378.91,377.9,378.46,5198.0,378.209,42
2025-01-08 10:45:00-05:00,378.53,378.54,377.67,378.03,5773.0,378.131,43
2025-01-08 10:50:00-05:00,378.11,379.6,377.99,379.44,7512.0,378.867,32
2025-01-08 10:55:00-05:00,379.26,380.01,379.15,380.01,4545.0,379.482,40
2025-01-08 11:00:00-05:00,379.84,380.07,379.37,380.06,4631.0,379.689,41
2025-01-08 11:05:00-05:00,380.11,380.77,379.75,380.44,2086.0,380.057,19
2025-01-08 11:10:00-05:00,380.71,380.75,380.17,380.42,2261.0,380.489,21
2025-01-08 11:15:00-05:00,380.17,381.12,380.11,380.98,2540.0,380.416,22
2025-01-08 11:20:00-05:00,381.57,382.26,381.35,382.24,3173.0,381.918,28
2025-01-08 11:25:00-05:00,382.0,383.14,381.76,382.63,11118.0,382.507,103
2025-01-08 11:30:00-05:00,382.63,383.24,382.63,383.05,1627.0,382.905,13
2025-01-08 11:35:00-05:00,383.4,384.66,383.32,384.66,3471.0,383.817,34
2025-01-08 11:40:00-05:00,384.65,384.96,384.27,384.96,10793.0,384.627,49
2025-01-08 11:45:00-05:00,384.65,385.02,384.41,385.02,4296.0,384.648,38
2025-01-08 11:50:00-05:00,384.8,385.67,384.8,385.44,11925.0,385.175,95
2025-01-08 11:55:00-05:00,385.16,385.22,384.88,385.04,2700.0,385.094,27
2025-01-08 12:00:00-05:00,385.22,385.22,384.14,384.14,4243.0,384.645,37
2025-01-08 12:05:00-05:00,383.91,384.27,383.48,383.48,1787.0,383.874,17
2025-01-08 12:10:00-05:00,383.88,383.96,382.86,382.86,4174.0,383.654,34
2025-01-08 12:15:00-05:00,383.13,383.43,383.12,383.42,1938.0,383.313,17
2025-01-08 12:20:00-05:00,383.33,383.54,382.64,383.05,21798.0,383.089,67
2025-01-08 12:25:00-05:00,383.06,383.07,382.55,382.55,3164.0,382.817,30
2025-01-08 12:30:00-05:00,382.46,382.93,382.27,382.81,2635.0,382.699,26
2025-01-08 12:35:00-05:00,382.81,383.33,382.8,383.13,7764.0,383.114,70
2025-01-08 12:40:00-05:00,383.23,383.89,383.23,383.75,3617.0,383.727,13
2025-01-08 12:45:00-05:00,383.75,383.76,383.21,383.26,3105.0,383.47,26
2025-01-08 12:50:00-05:00,383.17,383.84,383.17,383.84,3495.0,383.49,27
2025-01-08 12:55:00-05:00,383.82,385.0,383.82,384.9,6760.0,384.611,62
2025-01-08 13:00:00-05:00,385.0,385.86,384.86,385.56,17259.0,385.203,151
2025-01-08 13:05:00-05:00,385.5,385.77,385.22,385.22,2990.0,385.543,29
2025-01-08 13:10:00-05:00,385.24,385.96,385.13,385.66,2771.0,385.511,23
2025-01-08 13:15:00-05:00,385.64,386.32,385.64,386.03,2480.0,386.048,23
2025-01-08 13:20:00-05:00,386.13,386.13,385.63,385.85,2096.0,385.924,17
2025-01-08 13:25:00-05:00,386.03,386.61,386.03,386.23,3615.0,386.335,34
2025-01-08 13:30:00-05:00,386.05,386.05,385.79,385.79,1723.0,385.917,15
2025-01-08 13:35:00-05:00,385.78,386.25,385.78,385.98,8572.0,386.054,62
2025-01-08 13:40:00-05:00,385.94,385.99,385.44,385.48,1862.0,385.746,12
2025-01-08 13:45:00-05:00,385.65,385.65,384.77,384.77,4528.0,385.404,25
2025-01-08 13:50:00-05:00,384.65,384.84,383.39,383.39,1267.0,384.209,12
2025-01-08 13:55:00-05:00,383.79,384.25,383.74,384.25,4345.0,383.96,32
2025-01-08 14:00:00-05:00,383.92,384.26,383.86,383.86,4003.0,383.919,10
2025-01-08 14:05:00-05:00,384.26,385.24,384.26,384.92,1900.0,384.698,19
2025-01-08 14:10:00-05:00,385.22,385.23,384.26,384.28,3126.0,384.743,29
2025-01-08 14:15:00-05:00,384.5,385.27,384.5,385.27,2313.0,384.832,19
2025-01-08 14:20:00-05:00,384.79,385.83,384.78,385.83,6407.0,385.097,33
2025-01-08 14:25:00-05:00,385.58,386.05,385.3,385.85,2878.0,385.743,27
2025-01-08 14:30:00-05:00,385.61,385.61,385.0,385.18,3291.0,385.265,28
2025-01-08 14:35:00-05:00,385.17,385.37,384.71,384.9,2232.0,385.063,20
2025-01-08 14:40:00-05:00,384.63,384.74,384.37,384.42,2769.0,384.544,25
2025-01-08 14:45:00-05:00,384.23,384.73,384.23,384.73,3453.0,384.445,30
2025-01-08 14:50:00-05:00,384.64,385.02,384.53,384.74,4090.0,384.708,38
2025-01-08 14:55:00-05:00,384.74,385.07,384.74,385.07,2276.0,384.929,19
2025-01-08 15:00:00-05:00,385.08,385.44,384.84,385.44,4154.0,385.183,30
2025-01-08 15:05:00-05:00,385.39,385.39,384.65,384.65,3675.0,385.019,32
2025-01-08 15:10:00-05:00,384.86,385.03,384.49,384.5,9242.0,384.772,83
2025-01-08 15:15:00-05:00,384.61,385.1,384.58,385.1,3644.0,384.829,32
2025-01-08 15:20:00-05:00,385.16,385.32,384.92,385.01,3731.0,385.153,34
2025-01-08 15:25:00-05:00,385.19,385.48,384.85,385.47,2844.0,385.126,28
2025-01-08 15:30:00-05:00,385.25,385.47,384.96,385.07,5380.0,385.23,49
2025-01-08 15:35:00-05:00,384.92,385.01,384.61,384.76,5713.0,384.82,46
2025-01-08 15:40:00-05:00,384.68,385.28,384.68,385.28,5318.0,384.976,48
2025-01-08 15:45:00-05:00,385.41,385.54,385.14,385.46,8624.0,385.343,73
2025-01-08 15:50:00-05:00,385.52,386.33,385.46,386.01,17614.0,386.03,141
2025-01-08 15:55:00-05:00,385.97,386.32,385.66,386.09,54089.0,386.003,350
2025-01-10 09:30:00-05:00,383.68,384.01,380.88,381.36,27156.0,383.613,17
2025-01-10 09:35:00-05:00,382.6,382.86,380.06,380.07,2742.0,381.482,24
2025-01-10 09:40:00-05:00,380.01,381.02,380.0,380.91,7285.0,380.474,55
2025-01-10 09:45:00-05:00,380.64,382.37,380.64,381.27,6515.0,381.188,46
2025-01-10 09:50:00-05:00,381.27,382.0,380.93,381.39,2110.0,381.478,17
2025-01-10 09:55:00-05:00,381.38,382.68,381.38,382.18,19083.0,382.22,100
2025-01-10 10:00:00-05:00,381.71,381.71,378.23,378.87,6430.0,379.419,61
2025-01-10 10:05:00-05:00,379.0,379.81,378.25,378.78,4147.0,378.907,37
2025-01-10 10:10:00-05:00,378.83,379.36,377.81,377.82,10979.0,378.367,75
2025-01-10 10:15:00-05:00,377.8,379.38,377.79,379.38,18355.0,378.417,143
2025-01-10 10:20:00-05:00,378.79,379.28,378.41,378.81,18195.0,378.814,125
2025-01-10 10:25:00-05:00,378.12,378.81,378.11,378.29,17168.0,378.437,134
2025-01-10 10:30:00-05:00,378.49,378.83,377.8,377.8,23644.0,378.318,169
2025-01-10 10:35:00-05:00,377.87,378.43,377.43,377.77,10170.0,377.791,41
2025-01-10 10:40:00-05:00,378.04,378.44,377.59,378.27,8008.0,377.958,69
2025-01-10 10:45:00-05:00,378.21,379.41,378.13,378.89,4101.0,378.811,34
2025-01-10 10:50:00-05:00,378.89,378.89,378.07,378.07,1509.0,378.438,14
2025-01-10 10:55:00-05:00,378.19,378.26,377.11,377.5,1609.0,377.8,15
2025-01-10 11:00:00-05:00,377.49,377.49,376.42,376.46,3536.0,377.094,27
2025-01-10 11:05:00-05:00,376.63,377.45,376.14,376.71,5577.0,376.787,45
2025-01-10 11:10:00-05:00,376.8,378.3,376.79,377.91,4309.0,377.289,40
2025-01-10 11:15:00-05:00,378.3,378.87,377.74,377.74,3725.0,378.251,36
2025-01-10 11:20:00-05:00,377.9,378.63,377.9,378.2,1110.0,378.304,9
2025-01-10 11:25:00-05:00,378.19,378.5,378.16,378.19,2500.0,378.205,25
2025-01-10 11:30:00-05:00,378.24,378.74,377.79,378.74,8092.0,378.224,70
2025-01-10 11:35:00-05:00,378.75,379.02,377.58,377.58,5850.0,378.619,51
2025-01-10 11:40:00-05:00,377.63,378.34,377.62,378.34,2547.0,377.955,20
2025-01-10 11:45:00-05:00,378.45,378.45,377.63,378.01,1100.0,378.057,11
2025-01-10 11:50:00-05:00,378.22,378.22,377.84,377.84,915.0,378.067,6
2025-01-10 11:55:00-05:00,377.84,377.87,377.07,377.4,2803.0,377.438,23
2025-01-10 12:00:00-05:00,377.08,377.38,376.83,376.83,1000.0,377.111,9
2025-01-10 12:05:00-05:00,376.1,376.45,375.77,375.77,800.0,376.021,8
2025-01-10 12:10:00-05:00,376.16,376.51,376.06,376.37,2223.0,376.302,20
2025-01-10 12:15:00-05:00,376.37,376.44,375.75,376.21,3221.0,376.11,26
2025-01-10 12:20:00-05:00,376.19,376.21,375.98,375.98,1248.0,376.113,10
2025-01-10 12:25:00-05:00,375.84,376.12,375.61,375.95,1875.0,375.893,18
2025-01-10 12:30:00-05:00,376.22,376.31,375.96,376.06,1326.0,376.127,13
2025-01-10 12:35:00-05:00,376.3,376.42,375.99,376.25,3077.0,376.263,24
2025-01-10 12:40:00-05:00,376.41,376.57,376.36,376.37,647.0,376.422,6
2025-01-10 12:45:00-05:00,376.56,376.85,376.37,376.85,2719.0,376.666,23
2025-01-10 12:50:00-05:00,376.85,376.85,376.34,376.38,1044.0,376.573,10
2025-01-10 12:55:00-05:00,376.58,377.1,376.57,377.1,1799.0,376.856,17
2025-01-10 13:00:00-05:00,377.11,377.29,376.41,376.41,8316.0,377.035,38
2025-01-10 13:05:00-05:00,376.41,377.02,376.41,376.89,923.0,376.767,9
2025-01-10 13:10:00-05:00,376.85,377.2,376.85,376.97,2969.0,377.054,21
2025-01-10 13:15:00-05:00,376.77,376.84,376.41,376.72,3634.0,376.637,24
2025-01-10 13:20:00-05:00,376.94,377.32,376.86,377.31,1508.0,377.089,14
2025-01-10 13:25:00-05:00,377.23,377.25,377.08,377.24,600.0,377.192,6
2025-01-10 13:30:00-05:00,376.99,377.92,376.71,377.63,1970.0,377.234,19
2025-01-10 13:35:00-05:00,377.48,378.05,377.48,378.04,2048.0,377.744,15
2025-01-10 13:40:00-05:00,378.13,378.25,377.69,377.69,871.0,377.993,7
2025-01-10 13:45:00-05:00,377.75,378.11,377.5,378.04,1483.0,377.831,14
2025-01-10 13:50:00-05:00,378.21,378.77,378.2,378.7,4233.0,378.52,38
2025-01-10 13:55:00-05:00,378.59,379.47,378.59,379.29,3273.0,379.179,26
2025-01-10 14:00:00-05:00,379.22,379.24,378.85,378.85,5244.0,379.141,24
2025-01-10 14:05:00-05:00,378.31,378.54,377.86,377.86,2316.0,378.262,11
2025-01-10 14:10:00-05:00,377.88,378.38,377.67,378.12,2399.0,378.092,21
2025-01-10 14:15:00-05:00,377.87,378.5,377.87,378.38,2167.0,378.124,17
2025-01-10 14:20:00-05:00,378.38,378.49,377.69,378.49,1194.0,378.161,10
2025-01-10 14:25:00-05:00,378.08,378.81,378.06,378.49,5008.0,378.462,33
2025-01-10 14:30:00-05:00,378.29,378.59,377.82,378.3,1644.0,378.083,16
2025-01-10 14:35:00-05:00,377.59,378.26,377.54,378.26,2514.0,377.806,18
2025-01-10 14:40:00-05:00,378.42,378.48,377.61,378.01,3459.0,378.175,23
2025-01-10 14:45:00-05:00,377.9,377.9,377.6,377.61,1599.0,377.721,14
2025-01-10 14:50:00-05:00,377.54,378.03,377.12,377.81,7680.0,377.657,48
2025-01-10 14:55:00-05:00,378.11,378.84,378.11,378.43,5057.0,378.47,29
2025-01-10 15:00:00-05:00,378.2,378.2,377.72,377.87,3355.0,377.967,14
2025-01-10 15:05:00-05:00,377.85,378.38,377.76,377.76,2418.0,378.064,19
2025-01-10 15:10:00-05:00,377.94,377.94,377.17,377.17,1301.0,377.503,13
2025-01-10 15:15:00-05:00,376.71,377.07,376.29,376.53,7436.0,376.749,50
2025-01-10 15:20:00-05:00,376.54,376.91,376.39,376.72,3151.0,376.662,26
2025-01-10 15:25:00-05:00,376.66,376.79,376.46,376.76,3085.0,376.644,25
2025-01-10 15:30:00-05:00,376.53,376.77,376.11,376.38,4604.0,376.484,37
2025-01-10 15:35:00-05:00,376.38,377.11,376.25,376.5,4666.0,376.621,37
2025-01-10 15:40:00-05:00,376.1,376.48,375.9,376.19,3068.0,376.122,23
2025-01-10 15:45:00-05:00,375.93,376.2,375.66,376.17,7546.0,375.939,64
2025-01-10 15:50:00-05:00,376.13,377.0,376.09,377.0,9923.0,376.575,83
2025-01-10 15:55:00-05:00,377.13,377.54,376.83,377.01,40409.0,377.23,273
2025-01-13 09:30:00-05:00,369.13,372.76,366.45,372.11,34258.0,369.292,86
2025-01-13 09:35:00-05:00,372.16,373.56,370.28,370.81,4858.0,371.566,29
2025-01-13 09:40:00-05:00,370.8,373.22,370.59,372.87,7200.0,371.764,63
2025-01-13 09:45:00-05:00,372.83,374.96,372.37,374.1,12382.0,374.008,105
2025-01-13 09:50:00-05:00,374.49,375.53,374.1,375.53,5054.0,374.502,43
2025-01-13 09:55:00-05:00,375.54,376.22,374.8,374.96,4013.0,375.343,37
2025-01-13 10:00:00-05:00,374.83,375.11,373.98,374.51,9911.0,374.487,90
2025-01-13 10:05:00-05:00,374.03,374.77,373.91,374.11,4250.0,374.286,42
2025-01-13 10:10:00-05:00,374.08,374.19,373.24,373.71,4842.0,373.797,40
2025-01-13 10:15:00-05:00,374.17,375.15,373.92,375.06,9311.0,374.419,85
2025-01-13 10:20:00-05:00,374.87,375.13,374.04,374.05,5075.0,374.684,47
2025-01-13 10:25:00-05:00,374.12,374.83,373.9,374.0,7147.0,374.387,65
2025-01-13 10:30:00-05:00,374.44,374.73,373.75,374.26,4108.0,374.354,37
2025-01-13 10:35:00-05:00,374.49,376.42,373.96,376.0,13453.0,375.36,108
2025-01-13 10:40:00-05:00,376.36,376.52,375.47,376.22,8407.0,375.921,49
2025-01-13 10:45:00-05:00,376.22,376.7,375.99,376.05,2367.0,376.263,14
2025-01-13 10:50:00-05:00,376.77,377.32,375.99,376.78,5932.0,376.673,47
2025-01-13 10:55:00-05:00,377.22,377.55,375.71,376.07,2586.0,376.865,25
2025-01-13 11:00:00-05:00,376.06,376.08,374.77,374.94,5672.0,375.581,48
2025-01-13 11:05:00-05:00,374.81,375.11,374.43,374.99,3439.0,374.837,30
2025-01-13 11:10:00-05:00,375.01,375.19,374.41,374.87,2507.0,374.835,23
2025-01-13 11:15:00-05:00,374.94,375.09,374.47,374.47,4815.0,374.936,32
2025-01-13 11:20:00-05:00,375.05,375.71,374.6,375.49,8251.0,375.286,51
2025-01-13 11:25:00-05:00,375.5,375.52,375.01,375.02,3166.0,375.229,22
2025-01-13 11:30:00-05:00,374.86,375.01,374.68,374.74,7558.0,374.79,59
2025-01-13 11:35:00-05:00,374.74,375.73,374.74,375.46,4803.0,375.168,33
2025-01-13 11:40:00-05:00,375.23,376.35,375.2,375.86,5124.0,375.712,42
2025-01-13 11:45:00-05:00,375.59,375.61,374.94,375.61,1648.0,375.379,14
2025-01-13 11:50:00-05:00,375.07,375.33,374.6,374.7,1700.0,374.908,17
2025-01-13 11:55:00-05:00,374.71,374.71,374.22,374.65,2608.0,374.437,22
2025-01-13 12:00:00-05:00,374.33,374.94,374.09,374.73,4412.0,374.381,40
2025-01-13 12:05:00-05:00,374.54,375.15,374.41,375.13,1635.0,374.833,16
2025-01-13 12:10:00-05:00,375.39,376.14,375.29,376.14,2204.0,375.746,22
2025-01-13 12:15:00-05:00,376.15,376.31,375.75,376.1,1307.0,376.019,11
2025-01-13 12:20:00-05:00,375.9,376.12,375.67,376.03,1593.0,375.975,14
2025-01-13 12:25:00-05:00,376.03,376.42,375.87,375.92,3858.0,376.176,31
2025-01-13 12:30:00-05:00,375.67,375.67,375.14,375.31,1615.0,375.422,15
2025-01-13 12:35:00-05:00,375.12,375.43,375.03,375.06,2213.0,375.258,18
2025-01-13 12:40:00-05:00,375.02,375.19,374.85,375.08,2111.0,375.03,13
2025-01-13 12:45:00-05:00,375.27,375.48,375.06,375.06,3379.0,375.298,28
2025-01-13 12:50:00-05:00,375.27,375.34,375.2,375.2,1210.0,375.29,7
2025-01-13 12:55:00-05:00,375.15,375.93,375.14,375.93,3587.0,375.528,30
2025-01-13 13:00:00-05:00,375.64,376.08,375.62,376.08,3255.0,375.767,22
2025-01-13 13:05:00-05:00,375.86,375.97,375.62,375.86,2003.0,375.791,16
2025-01-13 13:10:00-05:00,375.99,376.32,375.66,375.93,5872.0,375.989,40
2025-01-13 13:15:00-05:00,376.07,376.07,375.56,375.99,1711.0,375.872,8
2025-01-13 13:20:00-05:00,375.61,375.61,375.1,375.36,4612.0,375.333,39
2025-01-13 13:25:00-05:00,375.54,375.81,375.16,375.68,5674.0,375.495,48
2025-01-13 13:30:00-05:00,375.68,375.74,375.48,375.59,1000.0,375.603,10
2025-01-13 13:35:00-05:00,375.43,375.8,375.4,375.8,5343.0,375.569,39
2025-01-13 13:40:00-05:00,375.83,375.83,375.08,375.08,2848.0,375.469,24
2025-01-13 13:45:00-05:00,374.98,375.85,374.98,375.51,4198.0,375.38,30
2025-01-13 13:50:00-05:00,375.63,375.67,375.06,375.06,1721.0,375.445,16
2025-01-13 13:55:00-05:00,375.01,375.1,374.62,374.91,13568.0,374.916,32
2025-01-13 14:00:00-05:00,375.18,375.4,374.88,375.09,2893.0,375.149,27
2025-01-13 14:05:00-05:00,375.09,375.37,375.08,375.36,4335.0,375.235,42
2025-01-13 14:10:00-05:00,375.52,375.55,375.2,375.27,5211.0,375.37,48
2025-01-13 14:15:00-05:00,375.56,375.65,375.2,375.2,1452.0,375.436,12
2025-01-13 14:20:00-05:00,375.17,375.52,375.11,375.4,2597.0,375.34,20
2025-01-13 14:25:00-05:00,375.41,376.17,375.21,376.17,6940.0,375.815,52
2025-01-13 14:30:00-05:00,375.93,375.93,375.25,375.46,4330.0,375.666,27
2025-01-13 14:35:00-05:00,375.37,375.93,375.04,375.93,8305.0,375.436,68
2025-01-13 14:40:00-05:00,375.93,376.3,375.74,376.11,3962.0,376.114,19
2025-01-13 14:45:00-05:00,376.11,376.23,375.72,375.73,4504.0,376.036,40
2025-01-13 14:50:00-05:00,375.82,376.33,375.66,376.33,3414.0,376.008,30
2025-01-13 14:55:00-05:00,376.31,376.83,376.31,376.68,3289.0,376.583,29
2025-01-13 15:00:00-05:00,376.58,376.58,375.94,376.25,2031.0,376.285,19
2025-01-13 15:05:00-05:00,376.28,376.45,376.01,376.22,4736.0,376.234,42
2025-01-13 15:10:00-05:00,376.13,376.19,375.72,375.72,6336.0,376.017,52
2025-01-13 15:15:00-05:00,375.66,376.5,375.65,376.48,13300.0,375.899,95
2025-01-13 15:20:00-05:00,376.71,376.71,376.15,376.15,3822.0,376.331,29
2025-01-13 15:25:00-05:00,376.25,376.59,376.13,376.5,3657.0,376.371,33
2025-01-13 15:30:00-05:00,376.52,376.58,375.49,375.96,4938.0,376.041,40
2025-01-13 15:35:00-05:00,375.72,375.95,375.46,375.64,5038.0,375.688,38
2025-01-13 15:40:00-05:00,375.67,375.73,375.14,375.2,4643.0,375.457,40
2025-01-13 15:45:00-05:00,375.18,375.5,375.06,375.5,7187.0,375.258,68
2025-01-13 15:50:00-05:00,375.51,376.55,375.51,376.29,9186.0,376.176,84
2025-01-13 15:55:00-05:00,376.44,377.01,376.44,376.91,42885.0,376.779,319
2025-01-14 09:30:00-05:00,380.92,381.63,379.28,380.66,17083.0,380.816,32
2025-01-14 09:35:00-05:00,379.92,383.09,379.91,382.16,5447.0,381.398,39
2025-01-14 09:40:00-05:00,382.16,382.97,381.37,382.38,6344.0,382.04,53
2025-01-14 09:45:00-05:00,382.38,383.66,382.05,383.0,6616.0,382.795,61
2025-01-14 09:50:00-05:00,382.91,383.23,382.47,383.2,6459.0,382.853,56
2025-01-14 09:55:00-05:00,383.29,383.63,382.92,383.38,5245.0,383.229,49
2025-01-14 10:00:00-05:00,383.29,383.38,382.81,383.15,23080.0,383.07,194
2025-01-14 10:05:00-05:00,383.15,384.0,382.77,383.58,21755.0,383.128,180
2025-01-14 10:10:00-05:00,383.58,384.5,383.58,384.16,4627.0,384.011,42
2025-01-14 10:15:00-05:00,384.17,384.73,384.13,384.18,4161.0,384.334,37
2025-01-14 10:20:00-05:00,384.58,384.67,384.06,384.67,3974.0,384.329,28
2025-01-14 10:25:00-05:00,384.51,384.85,384.3,384.31,5219.0,384.604,41
2025-01-14 10:30:00-05:00,384.37,385.24,384.37,385.01,3254.0,384.83,29
2025-01-14 10:35:00-05:00,385.02,385.15,384.43,384.43,4108.0,384.756,38
2025-01-14 10:40:00-05:00,384.52,384.87,384.48,384.63,3984.0,384.653,38
2025-01-14 10:45:00-05:00,384.59,385.01,384.37,384.84,5382.0,384.781,49
2025-01-14 10:50:00-05:00,384.58,384.61,384.05,384.46,5302.0,384.367,51
2025-01-14 10:55:00-05:00,384.32,384.32,383.07,383.07,1955.0,383.936,15
2025-01-14 11:00:00-05:00,383.07,383.07,382.31,382.34,2101.0,382.673,19
2025-01-14 11:05:00-05:00,382.15,382.9,382.14,382.81,2168.0,382.627,14
2025-01-14 11:10:00-05:00,382.36,382.52,381.73,381.73,3300.0,382.088,29
2025-01-14 11:15:00-05:00,381.66,381.87,381.57,381.63,2927.0,381.657,19
2025-01-14 11:20:00-05:00,381.55,381.84,381.53,381.62,2150.0,381.674,17
2025-01-14 11:25:00-05:00,381.63,382.12,381.61,382.02,4188.0,381.891,34
2025-01-14 11:30:00-05:00,381.7,381.89,381.56,381.63,2164.0,381.665,18
2025-01-14 11:35:00-05:00,381.63,381.64,380.83,380.83,1662.0,381.25,15
2025-01-14 11:40:00-05:00,380.74,380.97,380.54,380.54,1948.0,380.757,19
2025-01-14 11:45:00-05:00,380.51,380.61,380.16,380.23,5631.0,380.44,34
2025-01-14 11:50:00-05:00,379.97,380.42,379.91,380.42,1832.0,380.205,18
2025-01-14 11:55:00-05:00,380.55,380.57,380.02,380.02,2321.0,380.219,21
2025-01-14 12:00:00-05:00,379.99,380.64,379.9,380.64,2127.0,380.195,18
2025-01-14 12:05:00-05:00,380.32,381.32,380.32,381.32,2561.0,380.763,18
2025-01-14 12:10:00-05:00,381.31,381.61,381.22,381.52,2809.0,381.474,27
2025-01-14 12:15:00-05:00,381.52,381.8,381.3,381.61,7485.0,381.627,61
2025-01-14 12:20:00-05:00,381.58,381.58,381.08,381.14,2703.0,381.277,19
2025-01-14 12:25:00-05:00,381.01,381.6,381.01,381.51,4534.0,381.251,31
2025-01-14 12:30:00-05:00,381.4,381.4,380.69,380.96,3554.0,381.036,28
2025-01-14 12:35:00-05:00,380.43,381.03,380.43,381.03,1251.0,380.702,12
2025-01-14 12:40:00-05:00,380.94,381.16,380.9,381.0,2585.0,381.011,22
2025-01-14 12:45:00-05:00,380.9,381.45,380.9,381.1,5009.0,381.168,37
2025-01-14 12:50:00-05:00,381.1,381.61,381.09,381.3,4235.0,381.405,38
2025-01-14 12:55:00-05:00,381.2,381.36,380.74,381.24,2159.0,381.039,18
2025-01-14 13:00:00-05:00,381.36,381.67,381.3,381.5,3553.0,381.484,32
2025-01-14 13:05:00-05:00,381.51,381.51,381.3,381.31,1760.0,381.386,16
2025-01-14 13:10:00-05:00,381.29,381.47,381.29,381.3,2757.0,381.419,17
2025-01-14 13:15:00-05:00,381.3,382.16,381.3,382.01,4871.0,381.752,45
2025-01-14 13:20:00-05:00,382.15,382.59,382.14,382.59,4310.0,382.286,29
2025-01-14 13:25:00-05:00,382.37,383.02,382.37,383.02,1112.0,382.799,8
2025-01-14 13:30:00-05:00,383.22,383.22,382.59,382.59,3249.0,382.796,29
2025-01-14 13:35:00-05:00,382.73,382.77,382.65,382.77,2011.0,382.744,18
2025-01-14 13:40:00-05:00,382.77,382.77,382.22,382.45,3175.0,382.561,27
2025-01-14 13:45:00-05:00,382.46,383.5,382.42,383.5,6746.0,382.769,59
2025-01-14 13:50:00-05:00,383.77,383.86,383.38,383.74,2378.0,383.551,13
2025-01-14 13:55:00-05:00,383.75,384.23,383.75,384.23,2997.0,383.926,26
2025-01-14 14:00:00-05:00,384.08,384.08,383.59,383.96,3032.0,383.879,26
2025-01-14 14:05:00-05:00,383.86,384.28,383.85,384.04,2002.0,384.059,20
2025-01-14 14:10:00-05:00,384.05,384.14,383.81,384.14,1231.0,383.932,8
2025-01-14 14:15:00-05:00,384.02,384.23,383.83,384.09,1907.0,384.051,15
2025-01-14 14:20:00-05:00,383.94,384.23,383.81,384.23,4261.0,383.932,39
2025-01-14 14:25:00-05:00,384.22,384.36,383.9,384.07,4105.0,384.088,28
2025-01-14 14:30:00-05:00,383.95,384.43,383.67,384.39,4928.0,384.136,44
2025-01-14 14:35:00-05:00,384.38,384.56,384.27,384.44,2285.0,384.431,20
2025-01-14 14:40:00-05:00,384.44,384.55,384.16,384.28,3541.0,384.272,30
2025-01-14 14:45:00-05:00,384.27,384.35,384.06,384.16,3849.0,384.164,28
2025-01-14 14:50:00-05:00,384.16,384.16,383.66,383.67,4782.0,383.996,36
2025-01-14 14:55:00-05:00,383.46,383.65,382.94,383.09,3910.0,383.198,32
2025-01-14 15:00:00-05:00,383.23,383.24,381.75,381.79,3086.0,382.519,24
2025-01-14 15:05:00-05:00,381.88,382.89,381.86,382.72,12290.0,382.234,77
2025-01-14 15:10:00-05:00,382.46,382.56,382.19,382.38,2533.0,382.444,23
2025-01-14 15:15:00-05:00,382.45,382.79,382.34,382.53,4511.0,382.592,36
2025-01-14 15:20:00-05:00,382.53,382.96,382.34,382.96,2988.0,382.634,25
2025-01-14 15:25:00-05:00,382.93,383.31,382.69,383.13,2864.0,382.953,24
2025-01-14 15:30:00-05:00,383.22,383.34,383.14,383.28,2512.0,383.231,22
2025-01-14 15:35:00-05:00,383.35,383.47,382.94,383.13,6679.0,383.178,54
2025-01-14 15:40:00-05:00,382.74,383.14,382.68,383.01,4962.0,382.941,42
2025-01-14 15:45:00-05:00,383.09,383.29,382.71,382.8,11839.0,383.053,102
2025-01-14 15:50:00-05:00,382.8,383.86,382.8,383.26,21511.0,383.297,160
2025-01-14 15:55:00-05:00,383.14,383.22,382.35,382.69,91079.0,382.688,590
2025-01-15 09:30:00-05:00,388.88,390.89,387.99,389.71,36356.0,389.066,44
2025-01-15 09:35:00-05:00,388.94,389.72,388.15,389.04,6934.0,388.827,51
2025-01-15 09:40:00-05:00,389.04,389.59,387.11,387.11,16868.0,388.267,105
2025-01-15 09:45:00-05:00,387.22,387.72,386.86,387.13,4251.0,387.22,39
2025-01-15 09:50:00-05:00,387.16,387.24,386.69,387.09,4259.0,387.037,23
2025-01-15 09:55:00-05:00,386.87,387.95,386.54,387.77,20913.0,387.329,147
2025-01-15 10:00:00-05:00,387.5,388.17,385.69,385.69,11669.0,386.684,94
2025-01-15 10:05:00-05:00,385.15,385.79,383.67,384.04,7684.0,384.233,59
2025-01-15 10:10:00-05:00,384.08,384.96,383.87,384.58,18151.0,384.375,101
2025-01-15 10:15:00-05:00,384.68,384.9,384.24,384.66,9557.0,384.595,54
2025-01-15 10:20:00-05:00,384.46,384.46,383.88,384.15,3595.0,384.097,26
2025-01-15 10:25:00-05:00,384.15,384.99,383.75,384.59,4086.0,384.274,26
2025-01-15 10:30:00-05:00,385.16,385.32,384.31,384.48,5996.0,384.715,33
2025-01-15 10:35:00-05:00,384.61,384.88,383.88,384.35,3641.0,384.387,33
2025-01-15 10:40:00-05:00,384.46,385.18,384.46,385.0,25904.0,384.902,66
2025-01-15 10:45:00-05:00,384.55,385.1,384.48,384.74,4800.0,384.73,40
2025-01-15 10:50:00-05:00,384.65,384.7,383.67,384.7,17062.0,384.434,73
2025-01-15 10:55:00-05:00,384.9,385.35,384.51,384.51,3113.0,384.801,28
2025-01-15 11:00:00-05:00,384.81,385.03,384.17,384.37,2900.0,384.665,29
2025-01-15 11:05:00-05:00,384.36,384.73,383.94,384.18,4824.0,384.253,40
2025-01-15 11:10:00-05:00,384.0,384.32,383.79,384.26,5467.0,384.179,49
2025-01-15 11:15:00-05:00,384.22,384.36,383.94,384.22,5702.0,384.131,50
2025-01-15 11:20:00-05:00,384.32,384.94,384.23,384.77,10412.0,384.479,98
2025-01-15 11:25:00-05:00,384.81,385.03,384.21,384.91,13872.0,384.61,33
2025-01-15 11:30:00-05:00,384.86,384.86,383.37,383.92,7811.0,383.946,75
2025-01-15 11:35:00-05:00,384.19,384.44,383.75,383.86,3971.0,384.183,35
2025-01-15 11:40:00-05:00,383.75,383.75,383.21,383.3,1478.0,383.432,13
2025-01-15 11:45:00-05:00,383.19,383.21,382.76,383.0,9906.0,383.035,76
2025-01-15 11:50:00-05:00,382.97,382.97,382.64,382.69,3151.0,382.797,25
2025-01-15 11:55:00-05:00,382.69,383.79,382.67,383.59,12032.0,383.099,66
2025-01-15 12:00:00-05:00,383.58,384.27,383.39,384.27,2717.0,383.742,24
2025-01-15 12:05:00-05:00,384.27,384.66,384.14,384.49,2331.0,384.421,22
2025-01-15 12:10:00-05:00,384.57,384.71,384.45,384.66,1997.0,384.53,12
2025-01-15 12:15:00-05:00,384.62,385.25,384.42,384.92,5856.0,384.877,51
2025-01-15 12:20:00-05:00,384.88,384.89,384.3,384.48,5295.0,384.64,47
2025-01-15 12:25:00-05:00,384.48,384.65,384.39,384.5,3111.0,384.503,22
2025-01-15 12:30:00-05:00,384.44,384.8,384.36,384.53,16445.0,384.562,80
2025-01-15 12:35:00-05:00,384.53,384.68,384.13,384.39,5757.0,384.376,30
2025-01-15 12:40:00-05:00,384.32,384.41,384.13,384.23,3931.0,384.236,28
2025-01-15 12:45:00-05:00,384.12,384.23,383.95,384.06,1684.0,384.089,14
2025-01-15 12:50:00-05:00,383.97,384.24,383.81,384.13,5104.0,384.028,46
2025-01-15 12:55:00-05:00,384.01,384.01,383.56,383.86,11504.0,383.856,60
2025-01-15 13:00:00-05:00,383.99,384.8,383.97,384.65,1971.0,384.312,18
2025-01-15 13:05:00-05:00,384.62,384.78,383.72,384.1,5178.0,384.273,40
2025-01-15 13:10:00-05:00,384.02,384.31,383.91,384.11,1982.0,384.133,17
2025-01-15 13:15:00-05:00,384.21,384.65,384.11,384.45,2543.0,384.367,20
2025-01-15 13:20:00-05:00,384.52,384.83,384.52,384.75,1505.0,384.717,8
2025-01-15 13:25:00-05:00,384.77,384.77,384.22,384.27,3834.0,384.426,34
2025-01-15 13:30:00-05:00,384.53,384.71,384.21,384.54,2600.0,384.456,25
2025-01-15 13:35:00-05:00,384.17,384.4,384.07,384.08,2357.0,384.233,23
2025-01-15 13:40:00-05:00,384.19,384.27,383.82,383.82,1840.0,384.116,15
2025-01-15 13:45:00-05:00,383.82,384.22,383.82,383.96,11881.0,383.971,89
2025-01-15 13:50:00-05:00,384.27,384.29,383.69,384.09,1928.0,384.148,17
2025-01-15 13:55:00-05:00,384.16,384.32,383.51,383.51,12197.0,383.82,57
2025-01-15 14:00:00-05:00,383.57,384.37,383.56,384.37,2295.0,383.989,21
2025-01-15 14:05:00-05:00,384.44,384.46,383.9,384.08,6870.0,384.227,58
2025-01-15 14:10:00-05:00,383.89,384.16,383.89,384.12,1367.0,384.069,13
2025-01-15 14:15:00-05:00,384.31,384.48,384.19,384.19,2018.0,384.332,18
2025-01-15 14:20:00-05:00,384.43,384.51,384.07,384.31,3111.0,384.281,28
2025-01-15 14:25:00-05:00,384.25,384.37,383.86,384.23,4393.0,384.198,40
2025-01-15 14:30:00-05:00,384.17,384.48,384.16,384.29,2356.0,384.338,21
2025-01-15 14:35:00-05:00,384.46,384.88,384.28,384.6,4718.0,384.565,45
2025-01-15 14:40:00-05:00,385.06,385.14,384.36,384.65,3601.0,384.808,26
2025-01-15 14:45:00-05:00,384.62,384.87,384.62,384.83,2567.0,384.799,19
2025-01-15 14:50:00-05:00,384.83,384.83,384.58,384.74,1047.0,384.682,8
2025-01-15 14:55:00-05:00,384.83,384.97,384.61,384.71,3582.0,384.875,31
2025-01-15 15:00:00-05:00,384.65,384.97,384.64,384.94,1729.0,384.848,16
2025-01-15 15:05:00-05:00,384.94,385.69,384.81,385.38,21811.0,385.099,98
2025-01-15 15:10:00-05:00,385.26,385.73,385.26,385.73,4888.0,385.52,42
2025-01-15 15:15:00-05:00,385.63,385.64,385.09,385.09,3682.0,385.399,29
2025-01-15 15:20:00-05:00,385.12,385.33,385.07,385.33,2818.0,385.242,28
2025-01-15 15:25:00-05:00,385.4,385.4,385.06,385.06,1732.0,385.226,15
2025-01-15 15:30:00-05:00,385.02,385.52,384.98,385.46,4099.0,385.309,31
2025-01-15 15:35:00-05:00,385.38,385.5,384.88,384.98,5039.0,385.226,42
2025-01-15 15:40:00-05:00,384.91,385.11,384.68,385.01,4797.0,384.917,45
2025-01-15 15:45:00-05:00,385.14,385.8,385.14,385.71,6576.0,385.475,58
2025-01-15 15:50:00-05:00,385.48,386.06,385.23,385.68,15849.0,385.665,135
2025-01-15 15:55:00-05:00,385.54,385.91,385.06,385.59,65904.0,385.501,455
2025-01-16 09:30:00-05:00,388.31,389.18,386.94,387.9,28010.0,388.259,65
2025-01-16 09:35:00-05:00,389.1,389.1,387.28,388.31,15040.0,387.937,55
2025-01-16 09:40:00-05:00,388.31,388.31,386.92,387.51,4930.0,387.774,40
2025-01-16 09:45:00-05:00,387.52,388.31,387.4,388.11,1558.0,387.871,15
2025-01-16 09:50:00-05:00,388.11,388.65,388.05,388.25,7276.0,388.393,65
2025-01-16 09:55:00-05:00,388.08,388.66,387.39,388.07,14467.0,388.001,88
2025-01-16 10:00:00-05:00,388.34,388.54,387.53,387.54,16727.0,388.194,141
2025-01-16 10:05:00-05:00,387.83,388.88,387.83,388.88,11384.0,388.401,96
2025-01-16 10:10:00-05:00,388.85,389.2,388.0,388.29,11495.0,388.349,77
2025-01-16 10:15:00-05:00,388.41,389.73,388.31,389.73,8843.0,388.702,70
2025-01-16 10:20:00-05:00,389.87,390.29,389.61,390.03,20896.0,389.96,67
2025-01-16 10:25:00-05:00,390.2,390.2,388.86,390.11,8285.0,389.268,24
2025-01-16 10:30:00-05:00,390.11,390.21,389.64,389.98,2994.0,390.003,27
2025-01-16 10:35:00-05:00,389.79,390.22,389.78,389.88,4831.0,389.985,42
2025-01-16 10:40:00-05:00,390.1,390.1,388.9,389.7,14599.0,389.494,77
2025-01-16 10:45:00-05:00,389.44,389.86,388.75,389.2,49756.0,389.218,328
2025-01-16 10:50:00-05:00,389.49,389.76,388.93,388.93,11220.0,389.449,47
2025-01-16 10:55:00-05:00,388.77,389.76,388.72,389.75,7091.0,389.063,53
2025-01-16 11:00:00-05:00,389.89,390.1,389.89,390.1,1593.0,390.019,11
2025-01-16 11:05:00-05:00,390.1,390.66,390.04,390.66,4069.0,390.219,36
2025-01-16 11:10:00-05:00,390.65,390.94,390.36,390.66,7550.0,390.641,46
2025-01-16 11:15:00-05:00,390.62,390.62,389.92,390.38,16819.0,390.157,135
2025-01-16 11:20:00-05:00,390.38,390.68,390.31,390.55,2555.0,390.477,16
2025-01-16 11:25:00-05:00,390.59,392.14,390.42,391.88,7759.0,391.352,57
2025-01-16 11:30:00-05:00,391.89,391.89,391.16,391.18,4001.0,391.448,34
2025-01-16 11:35:00-05:00,391.03,391.1,390.74,390.89,1900.0,390.928,19
2025-01-16 11:40:00-05:00,390.79,390.87,390.45,390.63,2825.0,390.644,25
2025-01-16 11:45:00-05:00,390.63,391.19,390.62,390.92,7369.0,390.79,65
2025-01-16 11:50:00-05:00,390.92,391.0,390.68,390.92,2828.0,390.862,22
2025-01-16 11:55:00-05:00,390.95,391.46,390.95,391.42,3717.0,391.215,27
2025-01-16 12:00:00-05:00,391.39,391.71,391.16,391.21,5946.0,391.406,52
2025-01-16 12:05:00-05:00,391.53,391.53,390.51,390.51,3618.0,390.938,32
2025-01-16 12:10:00-05:00,390.5,391.04,390.5,390.53,3067.0,390.605,19
2025-01-16 12:15:00-05:00,390.52,390.8,390.5,390.65,3002.0,390.585,27
2025-01-16 12:20:00-05:00,390.59,390.6,390.35,390.4,1131.0,390.504,11
2025-01-16 12:25:00-05:00,390.6,390.67,390.43,390.62,770.0,390.593,7
2025-01-16 12:30:00-05:00,390.62,390.69,390.53,390.53,2620.0,390.628,20
2025-01-16 12:35:00-05:00,390.46,390.46,389.96,390.08,3793.0,390.286,29
2025-01-16 12:40:00-05:00,389.86,389.96,389.72,389.74,2432.0,389.814,22
2025-01-16 12:45:00-05:00,389.85,389.91,389.62,389.68,3136.0,389.764,28
2025-01-16 12:50:00-05:00,389.76,389.76,389.41,389.41,3516.0,389.67,19
2025-01-16 12:55:00-05:00,389.56,389.72,389.26,389.26,7420.0,389.428,46
2025-01-16 13:00:00-05:00,389.49,390.0,389.49,390.0,4308.0,389.714,40
2025-01-16 13:05:00-05:00,390.0,390.28,389.72,390.04,8307.0,390.013,50
2025-01-16 13:10:00-05:00,390.11,390.11,389.54,389.69,7982.0,389.769,51
2025-01-16 13:15:00-05:00,389.69,389.99,389.69,389.75,350.0,389.837,3
2025-01-16 13:20:00-05:00,389.88,389.88,389.57,389.57,638.0,389.64,4
2025-01-16 13:25:00-05:00,389.59,389.98,389.59,389.98,535.0,389.754,5
2025-01-16 13:30:00-05:00,389.59,389.66,389.25,389.25,1953.0,389.522,18
2025-01-16 13:35:00-05:00,389.38,389.5,389.18,389.39,1158.0,389.365,9
2025-01-16 13:40:00-05:00,389.22,389.57,389.22,389.44,1354.0,389.449,13
2025-01-16 13:45:00-05:00,389.36,389.36,388.68,389.0,5272.0,389.106,36
2025-01-16 13:50:00-05:00,389.08,389.08,388.75,388.98,5373.0,388.979,21
2025-01-16 13:55:00-05:00,388.98,389.07,388.67,388.67,1470.0,388.913,11
2025-01-16 14:00:00-05:00,388.79,388.79,388.38,388.38,1036.0,388.603,9
2025-01-16 14:05:00-05:00,388.38,388.5,387.98,387.98,2144.0,388.307,18
2025-01-16 14:10:00-05:00,388.0,388.35,388.0,388.0,830.0,388.107,6
2025-01-16 14:15:00-05:00,388.01,388.26,388.01,388.16,724.0,388.167,6
2025-01-16 14:20:00-05:00,388.11,388.45,388.05,388.19,3642.0,388.282,19
2025-01-16 14:25:00-05:00,388.19,388.51,388.19,388.4,2749.0,388.349,19
2025-01-16 14:30:00-05:00,388.36,388.49,388.16,388.17,3573.0,388.325,27
2025-01-16 14:35:00-05:00,388.21,388.33,388.16,388.22,2883.0,388.249,13
2025-01-16 14:40:00-05:00,388.06,388.11,387.99,388.11,2441.0,388.048,21
2025-01-16 14:45:00-05:00,388.02,388.43,387.91,388.28,4422.0,388.221,34
2025-01-16 14:50:00-05:00,388.13,388.28,388.0,388.27,995.0,388.145,9
2025-01-16 14:55:00-05:00,388.26,388.46,388.13,388.13,4016.0,388.324,35
2025-01-16 15:00:00-05:00,388.25,388.62,388.25,388.62,1900.0,388.412,17
2025-01-16 15:05:00-05:00,388.62,388.93,388.62,388.93,2224.0,388.823,21
2025-01-16 15:10:00-05:00,388.92,388.92,388.59,388.59,2730.0,388.746,26
2025-01-16 15:15:00-05:00,388.7,388.7,388.36,388.41,2940.0,388.478,21
2025-01-16 15:20:00-05:00,388.36,388.55,388.09,388.51,3136.0,388.324,31
2025-01-16 15:25:00-05:00,388.48,388.72,388.32,388.52,1656.0,388.48,14
2025-01-16 15:30:00-05:00,388.52,389.04,388.48,389.02,3525.0,388.813,28
2025-01-16 15:35:00-05:00,389.02,389.33,388.98,389.25,3894.0,389.147,38
2025-01-16 15:40:00-05:00,389.19,389.4,389.04,389.12,7363.0,389.254,61
2025-01-16 15:45:00-05:00,389.13,389.16,388.71,388.91,7230.0,388.898,63
2025-01-16 15:50:00-05:00,388.82,390.23,388.8,388.99,40804.0,389.11,241
2025-01-16 15:55:00-05:00,388.95,389.28,388.7,389.0,40092.0,388.998,262
2025-01-17 09:30:00-05:00,392.73,392.73,387.98,388.3,143007.0,392.023,59
2025-01-17 09:35:00-05:00,388.32,390.54,388.32,390.23,11115.0,389.369,73
2025-01-17 09:40:00-05:00,390.07,391.22,390.07,390.17,12879.0,390.424,106
2025-01-17 09:45:00-05:00,390.43,391.39,389.96,390.59,12027.0,390.704,98
2025-01-17 09:50:00-05:00,390.5,391.56,390.0,390.0,7843.0,390.446,60
2025-01-17 09:55:00-05:00,390.2,390.25,389.58,389.59,3563.0,389.9,34
2025-01-17 10:00:00-05:00,389.75,390.13,389.0,389.36,7379.0,389.62,70
2025-01-17 10:05:00-05:00,389.35,389.73,388.84,389.5,3916.0,389.291,33
2025-01-17 10:10:00-05:00,389.5,390.4,389.49,390.06,4157.0,390.099,36
2025-01-17 10:15:00-05:00,390.23,390.82,389.62,390.09,9696.0,390.344,79
2025-01-17 10:20:00-05:00,390.2,390.24,389.45,389.78,4336.0,389.945,33
2025-01-17 10:25:00-05:00,389.54,389.97,389.52,389.97,2049.0,389.78,19
2025-01-17 10:30:00-05:00,389.97,390.43,389.68,389.68,7245.0,390.094,61
2025-01-17 10:35:00-05:00,389.61,390.1,389.46,390.09,2769.0,389.709,26
2025-01-17 10:40:00-05:00,390.18,390.3,389.59,389.8,4132.0,389.948,35
2025-01-17 10:45:00-05:00,389.92,390.53,389.91,390.53,3413.0,390.055,29
2025-01-17 10:50:00-05:00,390.55,390.75,390.32,390.41,2076.0,390.557,17
2025-01-17 10:55:00-05:00,390.62,391.03,390.41,390.55,9395.0,390.694,67
2025-01-17 11:00:00-05:00,390.75,391.21,390.49,390.71,7430.0,390.866,65
2025-01-17 11:05:00-05:00,390.6,391.13,390.35,390.92,5950.0,390.672,52
2025-01-17 11:10:00-05:00,391.45,391.45,390.78,390.87,2126.0,390.977,16
2025-01-17 11:15:00-05:00,391.13,391.83,391.13,391.46,6531.0,391.444,57
2025-01-17 11:20:00-05:00,391.38,391.91,391.34,391.44,6426.0,391.6,53
2025-01-17 11:25:00-05:00,391.39,391.8,390.91,391.28,13539.0,391.185,108
2025-01-17 11:30:00-05:00,391.2,391.32,390.81,390.85,3114.0,391.026,21
2025-01-17 11:35:00-05:00,391.06,391.61,390.77,391.28,4584.0,391.21,40
2025-01-17 11:40:00-05:00,391.36,391.69,391.26,391.54,5101.0,391.478,44
2025-01-17 11:45:00-05:00,391.65,392.21,391.59,391.77,9143.0,391.857,86
2025-01-17 11:50:00-05:00,391.71,391.79,391.05,391.45,4145.0,391.324,31
2025-01-17 11:55:00-05:00,391.22,391.34,390.98,391.34,1198.0,391.19,7
2025-01-17 12:00:00-05:00,391.17,391.17,390.88,391.02,2488.0,391.01,22
2025-01-17 12:05:00-05:00,391.01,391.07,390.89,391.02,1000.0,390.966,10
2025-01-17 12:10:00-05:00,390.89,391.19,390.71,391.1,7540.0,390.988,49
2025-01-17 12:15:00-05:00,391.19,391.43,391.14,391.34,2092.0,391.229,14
2025-01-17 12:20:00-05:00,391.48,391.51,391.21,391.21,1848.0,391.379,14
2025-01-17 12:25:00-05:00,391.24,391.44,391.09,391.39,5860.0,391.211,47
2025-01-17 12:30:00-05:00,391.23,391.67,391.23,391.63,4527.0,391.566,39
2025-01-17 12:35:00-05:00,391.63,392.11,391.5,392.11,5708.0,391.742,54
2025-01-17 12:40:00-05:00,391.94,391.95,391.45,391.6,6157.0,391.779,57
2025-01-17 12:45:00-05:00,391.67,391.98,391.43,391.8,1666.0,391.747,14
2025-01-17 12:50:00-05:00,391.77,392.22,391.71,392.0,5110.0,391.978,43
2025-01-17 12:55:00-05:00,392.0,392.61,392.0,392.23,4600.0,392.248,38
2025-01-17 13:00:00-05:00,392.16,392.16,391.72,391.72,4614.0,391.854,29
2025-01-17 13:05:00-05:00,391.78,392.4,391.78,392.38,1797.0,392.027,16
2025-01-17 13:10:00-05:00,392.48,392.74,392.48,392.48,1766.0,392.509,15
2025-01-17 13:15:00-05:00,392.42,392.61,392.18,392.18,1990.0,392.422,16
2025-01-17 13:20:00-05:00,392.27,392.49,392.27,392.29,1009.0,392.353,5
2025-01-17 13:25:00-05:00,392.2,392.37,391.87,391.88,3802.0,392.027,30
2025-01-17 13:30:00-05:00,391.84,392.02,391.31,391.32,5415.0,391.547,50
2025-01-17 13:35:00-05:00,391.29,391.45,391.1,391.38,4062.0,391.236,31
2025-01-17 13:40:00-05:00,391.38,391.39,390.57,390.57,5225.0,391.039,22
2025-01-17 13:45:00-05:00,390.52,391.0,390.46,390.98,5075.0,390.781,31
2025-01-17 13:50:00-05:00,390.68,390.97,390.37,390.37,1175.0,390.582,9
2025-01-17 13:55:00-05:00,390.32,390.34,390.02,390.34,4280.0,390.241,26
2025-01-17 14:00:00-05:00,390.38,390.61,390.31,390.31,3172.0,390.466,26
2025-01-17 14:05:00-05:00,390.22,390.46,389.9,390.11,3884.0,390.089,30
2025-01-17 14:10:00-05:00,390.12,390.29,389.93,390.02,2096.0,390.078,14
2025-01-17 14:15:00-05:00,390.16,390.25,389.93,389.97,1854.0,390.032,16
2025-01-17 14:20:00-05:00,389.91,390.32,389.91,389.96,4877.0,390.13,35
2025-01-17 14:25:00-05:00,390.01,390.08,389.74,390.08,3206.0,389.899,29
2025-01-17 14:30:00-05:00,389.9,389.92,389.72,389.91,2230.0,389.804,20
2025-01-17 14:35:00-05:00,389.89,390.01,389.77,389.79,4740.0,389.858,25
2025-01-17 14:40:00-05:00,389.8,390.01,389.8,389.84,5131.0,389.877,36
2025-01-17 14:45:00-05:00,389.94,389.98,389.61,389.62,3350.0,389.802,29
2025-01-17 14:50:00-05:00,389.56,389.68,389.51,389.51,2588.0,389.568,23
2025-01-17 14:55:00-05:00,389.59,389.85,389.56,389.72,2299.0,389.651,17
2025-01-17 15:00:00-05:00,389.59,389.59,388.82,388.83,7819.0,389.207,64
2025-01-17 15:05:00-05:00,388.96,389.19,388.81,389.18,3470.0,389.07,31
2025-01-17 15:10:00-05:00,389.24,389.41,389.07,389.27,5600.0,389.193,48
2025-01-17 15:15:00-05:00,389.34,389.34,389.01,389.16,10398.0,389.153,94
2025-01-17 15:20:00-05:00,389.26,389.63,389.15,389.3,7924.0,389.366,68
2025-01-17 15:25:00-05:00,389.26,389.26,389.0,389.0,3837.0,389.151,30
2025-01-17 15:30:00-05:00,389.01,389.86,389.01,389.55,5020.0,389.448,37
2025-01-17 15:35:00-05:00,389.75,389.75,389.17,389.27,4361.0,389.506,35
2025-01-17 15:40:00-05:00,389.23,389.56,389.16,389.4,8624.0,389.316,65
2025-01-17 15:45:00-05:00,389.26,389.26,388.79,388.93,18945.0,388.964,143
2025-01-17 15:50:00-05:00,388.93,389.28,388.74,389.04,29581.0,388.962,228
2025-01-17 15:55:00-05:00,388.86,389.75,388.72,389.2,87921.0,389.198,688
2025-01-21 09:30:00-05:00,393.69,394.04,393.2,393.2,25106.0,393.681,28
2025-01-21 09:35:00-05:00,393.0,393.0,392.06,392.32,8195.0,392.658,74
2025-01-21 09:40:00-05:00,392.7,393.67,392.35,393.53,5159.0,393.106,49
2025-01-21 09:45:00-05:00,393.51,393.95,392.87,392.87,3791.0,393.379,32
2025-01-21 09:50:00-05:00,393.25,393.69,392.32,392.32,3706.0,393.1,33
2025-01-21 09:55:00-05:00,392.33,393.11,391.93,393.05,7184.0,392.641,63
2025-01-21 10:00:00-05:00,393.0,393.26,392.24,392.27,5844.0,392.697,53
2025-01-21 10:05:00-05:00,392.34,392.93,392.25,392.86,5421.0,392.53,51
2025-01-21 10:10:00-05:00,393.06,393.06,391.71,391.95,6532.0,392.121,58
2025-01-21 10:15:00-05:00,391.95,392.96,391.94,392.56,3488.0,392.43,33
2025-01-21 10:20:00-05:00,392.6,392.62,392.2,392.21,2392.0,392.347,20
2025-01-21 10:25:00-05:00,392.13,392.6,391.89,392.2,8319.0,392.299,53
2025-01-21 10:30:00-05:00,392.11,392.12,391.24,391.39,5234.0,391.558,41
2025-01-21 10:35:00-05:00,391.4,391.66,391.19,391.61,5564.0,391.462,37
2025-01-21 10:40:00-05:00,391.48,392.14,391.48,392.14,6333.0,391.727,51
2025-01-21 10:45:00-05:00,392.0,392.4,391.68,392.37,6093.0,392.033,34
2025-01-21 10:50:00-05:00,391.99,391.99,391.5,391.64,5786.0,391.705,50
2025-01-21 10:55:00-05:00,391.56,392.58,391.45,392.5,4556.0,391.894,39
2025-01-21 11:00:00-05:00,392.25,392.26,391.71,391.71,3001.0,391.939,29
2025-01-21 11:05:00-05:00,391.85,392.28,391.84,392.13,5866.0,392.029,52
2025-01-21 11:10:00-05:00,392.0,392.35,391.81,392.15,6104.0,392.064,48
2025-01-21 11:15:00-05:00,392.15,392.3,391.96,392.03,3970.0,392.13,36
2025-01-21 11:20:00-05:00,392.2,392.35,391.92,392.15,8910.0,392.126,77
2025-01-21 11:25:00-05:00,392.15,392.41,391.92,392.1,5442.0,392.191,49
2025-01-21 11:30:00-05:00,392.18,392.4,392.03,392.15,6770.0,392.235,52
2025-01-21 11:35:00-05:00,392.15,392.33,391.97,392.33,11106.0,392.142,100
2025-01-21 11:40:00-05:00,392.31,392.95,392.31,392.49,3620.0,392.576,33
2025-01-21 11:45:00-05:00,392.49,392.66,392.39,392.57,3659.0,392.576,35
2025-01-21 11:50:00-05:00,392.42,392.75,392.42,392.65,2835.0,392.585,22
2025-01-21 11:55:00-05:00,392.65,393.67,392.65,393.54,9019.0,393.085,82
2025-01-21 12:00:00-05:00,393.39,393.45,393.3,393.43,1226.0,393.37,11
2025-01-21 12:05:00-05:00,393.28,393.47,393.28,393.44,4474.0,393.408,34
2025-01-21 12:10:00-05:00,393.54,393.58,393.44,393.45,1420.0,393.495,14
2025-01-21 12:15:00-05:00,393.6,393.66,393.28,393.47,4812.0,393.512,42
2025-01-21 12:20:00-05:00,393.46,393.81,393.45,393.79,3505.0,393.611,31
2025-01-21 12:25:00-05:00,393.89,393.94,393.78,393.82,2584.0,393.881,22
2025-01-21 12:30:00-05:00,393.82,394.28,393.7,394.28,6040.0,393.837,52
2025-01-21 12:35:00-05:00,394.28,394.29,393.87,394.09,4026.0,394.079,32
2025-01-21 12:40:00-05:00,394.02,394.46,393.02,393.21,46873.0,393.99,370
2025-01-21 12:45:00-05:00,393.28,393.61,393.12,393.39,6506.0,393.419,40
2025-01-21 12:50:00-05:00,393.43,394.12,393.32,394.12,9656.0,393.606,70
2025-01-21 12:55:00-05:00,394.03,395.29,394.03,395.29,8510.0,394.691,51
2025-01-21 13:00:00-05:00,395.08,395.4,394.81,395.38,14131.0,395.082,106
2025-01-21 13:05:00-05:00,395.26,395.86,395.26,395.61,9545.0,395.51,62
2025-01-21 13:10:00-05:00,395.63,396.44,395.44,396.11,9469.0,395.913,83
2025-01-21 13:15:00-05:00,395.95,396.69,395.95,396.69,4279.0,396.384,31
2025-01-21 13:20:00-05:00,396.34,396.69,396.34,396.64,3715.0,396.496,30
2025-01-21 13:25:00-05:00,396.56,396.89,396.55,396.69,5688.0,396.694,53
2025-01-21 13:30:00-05:00,396.8,397.58,396.47,397.44,10984.0,396.759,87
2025-01-21 13:35:00-05:00,397.38,397.61,397.17,397.36,5800.0,397.381,47
2025-01-21 13:40:00-05:00,397.18,397.56,397.04,397.37,13000.0,397.297,88
2025-01-21 13:45:00-05:00,397.36,398.14,397.36,397.44,9939.0,397.528,68
2025-01-21 13:50:00-05:00,397.54,397.78,397.21,397.76,3763.0,397.482,35
2025-01-21 13:55:00-05:00,397.74,398.14,397.28,397.35,1971.0,397.646,16
2025-01-21 14:00:00-05:00,397.58,397.65,397.11,397.26,7525.0,397.397,50
2025-01-21 14:05:00-05:00,397.21,397.42,397.13,397.41,9314.0,397.275,76
2025-01-21 14:10:00-05:00,397.28,397.48,397.24,397.28,2678.0,397.397,24
2025-01-21 14:15:00-05:00,397.52,397.7,397.0,397.15,9678.0,397.19,76
2025-01-21 14:20:00-05:00,397.1,397.1,396.49,396.59,5113.0,396.687,48
2025-01-21 14:25:00-05:00,396.66,397.12,396.61,397.01,3135.0,396.886,28
2025-01-21 14:30:00-05:00,396.93,396.93,396.23,396.25,4050.0,396.633,32
2025-01-21 14:35:00-05:00,396.04,396.16,395.73,395.77,2650.0,395.923,25
2025-01-21 14:40:00-05:00,396.02,396.02,395.68,395.69,4763.0,395.815,32
2025-01-21 14:45:00-05:00,395.67,395.67,395.07,395.23,7655.0,395.258,70
2025-01-21 14:50:00-05:00,395.19,395.55,395.01,395.55,8797.0,395.214,74
2025-01-21 14:55:00-05:00,395.54,396.15,395.48,396.15,7346.0,395.782,69
2025-01-21 15:00:00-05:00,396.04,396.14,395.69,395.77,4523.0,395.88,36
2025-01-21 15:05:00-05:00,395.77,395.97,395.77,395.95,2400.0,395.895,24
2025-01-21 15:10:00-05:00,395.96,395.97,395.46,395.57,9992.0,395.823,87
2025-01-21 15:15:00-05:00,395.43,395.58,395.29,395.43,4785.0,395.436,43
2025-01-21 15:20:00-05:00,395.37,395.51,395.27,395.35,7930.0,395.408,62
2025-01-21 15:25:00-05:00,395.46,395.46,395.18,395.44,5133.0,395.322,45
2025-01-21 15:30:00-05:00,395.44,395.45,395.19,395.34,7991.0,395.354,70
2025-01-21 15:35:00-05:00,395.34,396.23,395.24,396.12,14160.0,395.758,124
2025-01-21 15:40:00-05:00,396.1,396.56,395.94,396.48,7061.0,396.2,65
2025-01-21 15:45:00-05:00,396.49,396.49,395.62,396.05,38847.0,396.133,293
2025-01-21 15:50:00-05:00,396.18,397.11,396.08,396.22,16865.0,396.657,138
2025-01-21 15:55:00-05:00,396.19,397.16,396.17,397.15,73888.0,396.737,581
2025-01-22 09:30:00-05:00,400.57,403.59,398.6,401.04,44485.0,400.756,163
2025-01-22 09:35:00-05:00,400.91,403.71,400.62,401.83,3836.0,401.851,34
2025-01-22 09:40:00-05:00,401.63,402.37,398.83,400.47,7515.0,400.643,67
2025-01-22 09:45:00-05:00,400.46,400.57,399.36,400.0,10888.0,399.924,85
2025-01-22 09:50:00-05:00,399.92,401.65,399.91,401.55,9173.0,400.728,86
2025-01-22 09:55:00-05:00,401.55,401.56,400.69,400.96,12173.0,401.309,85
2025-01-22 10:00:00-05:00,401.55,401.55,399.56,399.72,12546.0,400.184,83
2025-01-22 10:05:00-05:00,399.43,399.58,399.2,399.39,9965.0,399.412,80
2025-01-22 10:10:00-05:00,399.24,399.47,398.76,399.12,6617.0,399.149,51
2025-01-22 10:15:00-05:00,398.86,399.75,398.85,399.41,5094.0,399.232,41
2025-01-22 10:20:00-05:00,399.49,399.49,398.58,399.0,3154.0,398.857,31
2025-01-22 10:25:00-05:00,399.01,400.43,399.01,399.99,5365.0,399.605,50
2025-01-22 10:30:00-05:00,399.84,400.28,398.39,398.5,14547.0,399.074,56
2025-01-22 10:35:00-05:00,398.5,399.22,398.5,398.92,4357.0,398.924,35
2025-01-22 10:40:00-05:00,398.74,398.94,398.02,398.41,10437.0,398.502,84
2025-01-22 10:45:00-05:00,398.58,399.32,398.22,398.98,15369.0,398.722,121
2025-01-22 10:50:00-05:00,399.0,399.19,398.53,399.19,10454.0,399.094,25
2025-01-22 10:55:00-05:00,399.19,399.43,398.41,398.71,6584.0,398.893,60
2025-01-22 11:00:00-05:00,398.61,399.36,398.6,399.05,4010.0,399.021,35
2025-01-22 11:05:00-05:00,399.11,399.21,398.64,398.92,3539.0,398.862,31
2025-01-22 11:10:00-05:00,398.98,398.98,398.55,398.75,4312.0,398.717,38
2025-01-22 11:15:00-05:00,398.75,399.0,398.18,399.0,6759.0,398.545,48
2025-01-22 11:20:00-05:00,398.83,399.15,398.4,398.76,2900.0,398.735,21
2025-01-22 11:25:00-05:00,398.57,399.07,398.45,398.56,6344.0,398.83,50
2025-01-22 11:30:00-05:00,398.56,399.05,398.5,398.8,4828.0,398.842,30
2025-01-22 11:35:00-05:00,398.75,399.14,398.64,398.8,4657.0,398.943,42
2025-01-22 11:40:00-05:00,398.8,398.8,398.38,398.38,2057.0,398.592,19
2025-01-22 11:45:00-05:00,398.49,398.6,398.17,398.52,2109.0,398.446,19
2025-01-22 11:50:00-05:00,398.55,399.03,398.5,398.92,11257.0,398.791,64
2025-01-22 11:55:00-05:00,398.92,398.97,398.35,398.35,1908.0,398.659,18
2025-01-22 12:00:00-05:00,398.5,398.68,397.86,398.13,1789.0,398.215,16
2025-01-22 12:05:00-05:00,398.3,398.41,398.08,398.37,3593.0,398.235,26
2025-01-22 12:10:00-05:00,398.27,398.29,397.83,397.99,2963.0,398.097,25
2025-01-22 12:15:00-05:00,397.9,397.9,397.59,397.59,1315.0,397.76,11
2025-01-22 12:20:00-05:00,397.68,397.87,397.41,397.45,3783.0,397.655,31
2025-01-22 12:25:00-05:00,397.31,397.32,397.15,397.21,1800.0,397.231,17
2025-01-22 12:30:00-05:00,397.35,397.93,397.35,397.82,5777.0,397.745,37
2025-01-22 12:35:00-05:00,397.77,397.97,397.76,397.96,3364.0,397.879,27
2025-01-22 12:40:00-05:00,398.12,398.36,398.12,398.36,858.0,398.236,8
2025-01-22 12:45:00-05:00,398.47,398.47,397.53,397.53,2763.0,398.068,27
2025-01-22 12:50:00-05:00,397.71,397.71,397.69,397.7,1210.0,397.703,11
2025-01-22 12:55:00-05:00,397.7,397.77,397.4,397.62,3266.0,397.577,27
2025-01-22 13:00:00-05:00,397.51,398.08,397.51,397.9,6808.0,397.68,54
2025-01-22 13:05:00-05:00,397.92,398.79,397.87,398.79,3344.0,398.175,27
2025-01-22 13:10:00-05:00,398.83,399.05,398.64,398.9,794.0,398.854,7
2025-01-22 13:15:00-05:00,398.79,398.8,398.46,398.71,4728.0,398.652,46
2025-01-22 13:20:00-05:00,398.71,398.93,398.65,398.93,2516.0,398.728,21
2025-01-22 13:25:00-05:00,398.93,398.99,398.93,398.99,616.0,398.951,4
2025-01-22 13:30:00-05:00,399.13,399.18,398.87,399.04,7495.0,399.015,60
2025-01-22 13:35:00-05:00,398.97,399.43,398.97,399.37,9404.0,399.167,70
2025-01-22 13:40:00-05:00,399.63,400.45,399.55,400.04,3508.0,399.954,33
2025-01-22 13:45:00-05:00,400.08,400.26,399.91,400.26,925.0,400.092,7
2025-01-22 13:50:00-05:00,400.19,400.2,399.78,399.91,1103.0,399.935,11
2025-01-22 13:55:00-05:00,399.91,400.01,399.63,399.81,3725.0,399.787,33
2025-01-22 14:00:00-05:00,399.66,400.21,399.45,400.21,6742.0,399.761,57
2025-01-22 14:05:00-05:00,399.96,400.21,399.7,399.94,3280.0,399.932,32
2025-01-22 14:10:00-05:00,399.94,400.09,399.78,400.09,827.0,399.926,8
2025-01-22 14:15:00-05:00,400.05,400.26,399.81,399.81,11679.0,400.196,34
2025-01-22 14:20:00-05:00,399.96,400.24,399.95,400.07,2906.0,400.017,27
2025-01-22 14:25:00-05:00,399.83,399.88,399.42,399.42,2447.0,399.675,19
2025-01-22 14:30:00-05:00,399.6,400.0,399.57,399.85,2848.0,399.663,26
2025-01-22 14:35:00-05:00,400.0,400.24,399.98,400.24,1600.0,400.131,16
2025-01-22 14:40:00-05:00,400.24,400.49,400.07,400.33,3291.0,400.341,24
2025-01-22 14:45:00-05:00,400.33,400.6,400.32,400.53,5320.0,400.421,31
2025-01-22 14:50:00-05:00,400.6,400.78,400.41,400.66,1531.0,400.614,15
2025-01-22 14:55:00-05:00,400.51,400.87,400.51,400.68,4100.0,400.713,31
2025-01-22 15:00:00-05:00,400.67,400.67,400.26,400.44,1300.0,400.48,11
2025-01-22 15:05:00-05:00,400.29,400.52,400.1,400.2,13481.0,400.279,102
2025-01-22 15:10:00-05:00,400.38,400.81,400.24,400.72,13959.0,400.488,107
2025-01-22 15:15:00-05:00,400.72,400.77,400.39,400.44,4826.0,400.518,44
2025-01-22 15:20:00-05:00,400.44,400.44,400.24,400.38,4417.0,400.373,39
2025-01-22 15:25:00-05:00,400.31,400.57,400.26,400.46,26339.0,400.39,175
2025-01-22 15:30:00-05:00,400.61,400.89,400.51,400.89,8562.0,400.598,66
2025-01-22 15:35:00-05:00,400.59,400.59,399.89,400.35,9880.0,400.326,58
2025-01-22 15:40:00-05:00,400.5,400.51,399.84,399.84,4503.0,400.08,40
2025-01-22 15:45:00-05:00,399.96,399.96,399.47,399.84,12245.0,399.674,111
2025-01-22 15:50:00-05:00,400.05,400.19,399.0,399.04,18206.0,399.572,145
2025-01-22 15:55:00-05:00,398.97,399.67,398.85,399.37,63524.0,399.278,488
2025-01-23 09:30:00-05:00,399.54,401.24,398.25,398.38,24331.0,399.481,81
2025-01-23 09:35:00-05:00,398.38,399.08,395.0,395.3,22170.0,397.283,192
2025-01-23 09:40:00-05:00,395.06,396.26,393.96,395.86,24839.0,395.073,208
2025-01-23 09:45:00-05:00,395.87,395.87,393.11,393.67,13701.0,394.192,113
2025-01-23 09:50:00-05:00,393.77,395.12,393.07,394.08,43307.0,393.997,326
2025-01-23 09:55:00-05:00,394.09,394.84,393.1,393.16,22192.0,393.763,177
2025-01-23 10:00:00-05:00,393.65,394.49,393.01,393.38,31292.0,393.591,236
2025-01-23 10:05:00-05:00,393.1,394.93,392.67,394.93,19721.0,393.301,187
2025-01-23 10:10:00-05:00,395.77,395.77,394.69,395.69,18663.0,395.278,113
2025-01-23 10:15:00-05:00,395.63,396.34,395.04,395.04,7691.0,395.925,62
2025-01-23 10:20:00-05:00,395.66,396.07,394.92,395.1,3085.0,395.227,25
2025-01-23 10:25:00-05:00,395.0,396.08,394.94,395.93,6308.0,395.564,54
2025-01-23 10:30:00-05:00,395.84,396.29,395.69,395.91,5454.0,396.026,49
2025-01-23 10:35:00-05:00,396.29,396.29,395.26,395.26,3475.0,395.965,20
2025-01-23 10:40:00-05:00,395.96,397.38,395.36,397.35,12080.0,396.19,104
2025-01-23 10:45:00-05:00,397.38,398.23,397.12,398.14,22776.0,397.75,166
2025-01-23 10:50:00-05:00,397.99,398.61,397.55,398.5,8188.0,398.094,51
2025-01-23 10:55:00-05:00,398.5,398.9,397.73,398.29,5426.0,398.251,38
2025-01-23 11:00:00-05:00,398.25,398.93,398.2,398.47,8919.0,398.456,46
2025-01-23 11:05:00-05:00,398.1,398.76,398.1,398.58,2219.0,398.47,13
2025-01-23 11:10:00-05:00,398.36,398.49,397.96,398.4,3758.0,398.292,31
2025-01-23 11:15:00-05:00,398.74,398.87,398.31,398.31,8149.0,398.599,47
2025-01-23 11:20:00-05:00,398.34,398.6,398.0,398.53,2050.0,398.351,15
2025-01-23 11:25:00-05:00,398.52,398.52,397.13,397.45,8943.0,397.558,59
2025-01-23 11:30:00-05:00,397.46,399.02,397.46,399.02,3100.0,397.898,25
2025-01-23 11:35:00-05:00,398.65,398.75,398.25,398.56,1927.0,398.512,13
2025-01-23 11:40:00-05:00,398.81,398.86,398.21,398.86,2455.0,398.435,20
2025-01-23 11:45:00-05:00,398.8,398.97,398.27,398.83,14759.0,398.674,130
2025-01-23 11:50:00-05:00,398.85,399.04,398.24,398.46,5428.0,398.648,49
2025-01-23 11:55:00-05:00,398.68,398.81,398.61,398.61,1000.0,398.688,10
2025-01-23 12:00:00-05:00,398.45,399.16,398.45,399.16,10106.0,398.775,91
2025-01-23 12:05:00-05:00,399.29,399.37,398.9,399.31,1555.0,399.138,15
2025-01-23 12:10:00-05:00,399.38,399.61,399.15,399.48,1797.0,399.374,11
2025-01-23 12:15:00-05:00,399.65,399.74,399.37,399.65,5124.0,399.583,36
2025-01-23 12:20:00-05:00,399.68,400.05,399.06,399.38,9556.0,399.75,71
2025-01-23 12:25:00-05:00,399.36,399.62,399.27,399.27,1600.0,399.456,11
2025-01-23 12:30:00-05:00,399.46,399.59,399.18,399.31,2659.0,399.324,23
2025-01-23 12:35:00-05:00,399.45,399.65,399.22,399.65,3965.0,399.538,27
2025-01-23 12:40:00-05:00,399.65,399.69,399.49,399.69,1400.0,399.545,12
2025-01-23 12:45:00-05:00,399.5,400.0,399.49,399.81,14744.0,399.673,131
2025-01-23 12:50:00-05:00,399.63,399.82,399.18,399.18,5289.0,399.442,33
2025-01-23 12:55:00-05:00,399.19,399.57,399.18,399.41,1803.0,399.437,17
2025-01-23 13:00:00-05:00,399.34,399.58,399.24,399.24,1347.0,399.408,12
2025-01-23 13:05:00-05:00,399.4,399.62,399.37,399.47,1700.0,399.525,17
2025-01-23 13:10:00-05:00,399.43,399.72,399.24,399.51,6079.0,399.475,43
2025-01-23 13:15:00-05:00,399.34,399.58,399.31,399.47,1100.0,399.448,10
2025-01-23 13:20:00-05:00,399.47,399.49,399.0,399.1,4703.0,399.295,40
2025-01-23 13:25:00-05:00,399.26,399.27,398.77,398.87,4503.0,399.018,31
2025-01-23 13:30:00-05:00,399.04,399.39,399.04,399.35,8484.0,399.262,76
2025-01-23 13:35:00-05:00,399.35,399.35,398.53,398.63,2400.0,399.047,22
2025-01-23 13:40:00-05:00,398.76,398.79,398.52,398.73,1810.0,398.625,15
2025-01-23 13:45:00-05:00,398.74,398.98,398.72,398.84,4716.0,398.813,25
2025-01-23 13:50:00-05:00,398.86,399.53,398.85,399.27,4069.0,399.141,30
2025-01-23 13:55:00-05:00,399.29,399.48,399.25,399.27,3269.0,399.389,26
2025-01-23 14:00:00-05:00,399.16,399.26,398.89,399.08,6320.0,399.07,41
2025-01-23 14:05:00-05:00,398.98,399.19,398.88,399.06,4396.0,398.994,37
2025-01-23 14:10:00-05:00,399.08,399.08,398.44,398.5,4258.0,398.751,37
2025-01-23 14:15:00-05:00,398.58,398.98,398.45,398.51,10054.0,398.685,88
2025-01-23 14:20:00-05:00,398.55,398.86,398.51,398.75,2588.0,398.704,22
2025-01-23 14:25:00-05:00,398.75,399.24,398.75,399.24,2611.0,399.081,22
2025-01-23 14:30:00-05:00,398.83,399.21,398.83,399.21,3115.0,399.023,28
2025-01-23 14:35:00-05:00,399.07,399.1,398.83,398.88,2362.0,398.967,16
2025-01-23 14:40:00-05:00,398.94,399.1,398.81,399.02,3827.0,398.968,30
2025-01-23 14:45:00-05:00,399.02,399.17,398.96,399.1,2979.0,399.071,27
2025-01-23 14:50:00-05:00,399.02,399.08,398.77,398.77,4332.0,398.921,40
2025-01-23 14:55:00-05:00,398.83,399.37,398.64,399.21,12063.0,399.026,91
2025-01-23 15:00:00-05:00,399.07,399.22,398.85,398.88,5245.0,399.053,49
2025-01-23 15:05:00-05:00,399.06,399.34,398.9,399.22,7386.0,399.168,63
2025-01-23 15:10:00-05:00,399.22,399.44,399.22,399.3,7962.0,399.339,68
2025-01-23 15:15:00-05:00,399.36,399.37,399.0,399.09,3542.0,399.18,35
2025-01-23 15:20:00-05:00,398.97,399.1,398.92,399.1,7241.0,399.004,65
2025-01-23 15:25:00-05:00,398.97,399.06,398.48,398.48,12076.0,398.794,80
2025-01-23 15:30:00-05:00,398.63,399.06,398.56,398.98,17803.0,398.759,153
2025-01-23 15:35:00-05:00,398.97,399.11,398.7,398.7,7009.0,398.882,60
2025-01-23 15:40:00-05:00,398.65,398.8,398.51,398.72,7704.0,398.645,73
2025-01-23 15:45:00-05:00,398.75,399.12,398.72,398.81,9496.0,398.922,78
2025-01-23 15:50:00-05:00,398.98,399.64,398.82,399.18,30763.0,399.237,254
2025-01-23 15:55:00-05:00,399.07,400.75,399.07,400.31,82548.0,400.29,619
2025-01-24 09:30:00-05:00,401.13,404.36,400.44,402.6,28730.0,401.419,87
2025-01-24 09:35:00-05:00,402.16,405.61,401.68,404.15,7541.0,404.49,68
2025-01-24 09:40:00-05:00,404.02,404.21,402.04,402.13,8708.0,403.187,78
2025-01-24 09:45:00-05:00,401.98,403.56,401.56,402.79,7023.0,402.567,54
2025-01-24 09:50:00-05:00,402.79,402.79,401.23,401.23,21635.0,401.894,171
2025-01-24 09:55:00-05:00,401.42,401.42,399.78,400.36,14158.0,400.312,108
2025-01-24 10:00:00-05:00,401.46,401.5,400.08,400.41,6028.0,400.591,49
2025-01-24 10:05:00-05:00,400.41,401.73,400.28,401.73,8755.0,400.658,59
2025-01-24 10:10:00-05:00,401.0,401.9,400.66,401.34,7189.0,401.024,58
2025-01-24 10:15:00-05:00,401.08,402.81,401.01,401.75,12657.0,401.64,98
2025-01-24 10:20:00-05:00,401.77,401.91,401.03,401.82,6532.0,401.33,55
2025-01-24 10:25:00-05:00,401.28,401.71,401.13,401.43,3418.0,401.404,31
2025-01-24 10:30:00-05:00,401.43,401.43,400.69,401.16,6398.0,400.987,55
2025-01-24 10:35:00-05:00,400.94,401.08,400.21,400.47,5883.0,400.663,56
2025-01-24 10:40:00-05:00,400.37,400.98,400.37,400.63,8176.0,400.649,52
2025-01-24 10:45:00-05:00,400.84,401.82,400.57,401.81,7377.0,400.981,49
2025-01-24 10:50:00-05:00,401.9,401.9,401.0,401.35,4429.0,401.333,35
2025-01-24 10:55:00-05:00,401.35,401.49,400.88,401.27,6296.0,401.165,51
2025-01-24 11:00:00-05:00,400.96,401.37,400.81,400.9,5493.0,401.054,50
2025-01-24 11:05:00-05:00,400.9,401.6,400.73,401.6,2691.0,400.998,20
2025-01-24 11:10:00-05:00,401.7,402.41,401.5,402.02,8830.0,401.744,56
2025-01-24 11:15:00-05:00,402.26,402.73,402.13,402.67,3064.0,402.382,28
2025-01-24 11:20:00-05:00,402.55,402.74,402.46,402.67,4248.0,402.571,39
2025-01-24 11:25:00-05:00,402.74,402.74,401.56,402.27,7794.0,402.118,71
2025-01-24 11:30:00-05:00,402.31,402.96,402.14,402.96,5133.0,402.55,47
2025-01-24 11:35:00-05:00,402.58,403.17,402.33,403.0,14021.0,402.636,56
2025-01-24 11:40:00-05:00,403.0,403.06,402.79,402.86,3527.0,402.886,32
2025-01-24 11:45:00-05:00,402.86,403.05,402.82,403.02,3987.0,402.903,35
2025-01-24 11:50:00-05:00,403.05,403.58,403.01,403.15,4358.0,403.273,38
2025-01-24 11:55:00-05:00,403.09,403.11,402.73,402.79,7569.0,402.914,65
2025-01-24 12:00:00-05:00,403.0,403.19,402.6,403.12,3373.0,402.882,28
2025-01-24 12:05:00-05:00,403.3,403.44,403.07,403.39,1710.0,403.309,16
2025-01-24 12:10:00-05:00,403.32,403.33,402.37,402.37,6945.0,402.999,60
2025-01-24 12:15:00-05:00,402.45,402.97,402.45,402.62,4604.0,402.619,42
2025-01-24 12:20:00-05:00,402.65,402.97,402.64,402.95,1990.0,402.849,17
2025-01-24 12:25:00-05:00,402.78,402.95,402.49,402.74,3387.0,402.729,26
2025-01-24 12:30:00-05:00,402.56,402.81,402.5,402.81,1645.0,402.695,15
2025-01-24 12:35:00-05:00,402.77,403.16,402.74,402.74,4486.0,402.956,37
2025-01-24 12:40:00-05:00,402.74,402.77,402.56,402.56,3362.0,402.698,27
2025-01-24 12:45:00-05:00,402.72,402.8,402.49,402.7,3800.0,402.636,34
2025-01-24 12:50:00-05:00,402.6,402.75,402.47,402.5,5128.0,402.617,47
2025-01-24 12:55:00-05:00,402.47,402.66,401.82,401.83,6185.0,402.05,59
2025-01-24 13:00:00-05:00,401.86,402.21,401.86,402.17,4132.0,402.027,36
2025-01-24 13:05:00-05:00,402.2,402.61,402.2,402.27,2500.0,402.368,24
2025-01-24 13:10:00-05:00,402.38,402.38,402.11,402.18,900.0,402.208,8
2025-01-24 13:15:00-05:00,402.06,402.41,401.89,401.89,9102.0,402.154,59
2025-01-24 13:20:00-05:00,401.8,402.23,401.77,401.96,3917.0,401.96,37
2025-01-24 13:25:00-05:00,402.03,402.33,401.94,402.33,1626.0,402.141,15
2025-01-24 13:30:00-05:00,402.25,402.26,401.55,401.55,4638.0,401.906,42
2025-01-24 13:35:00-05:00,401.5,401.93,401.17,401.17,7180.0,401.639,67
2025-01-24 13:40:00-05:00,401.24,401.35,401.08,401.3,2800.0,401.257,27
2025-01-24 13:45:00-05:00,401.3,401.3,400.8,401.0,2752.0,401.012,26
2025-01-24 13:50:00-05:00,401.04,401.04,400.83,400.99,1941.0,400.993,18
2025-01-24 13:55:00-05:00,400.84,400.84,400.24,400.24,4876.0,400.561,48
2025-01-24 14:00:00-05:00,400.33,400.78,400.33,400.58,5133.0,400.52,46
2025-01-24 14:05:00-05:00,400.39,400.4,400.08,400.11,4486.0,400.272,38
2025-01-24 14:10:00-05:00,400.1,400.29,399.86,400.04,3352.0,400.095,30
2025-01-24 14:15:00-05:00,400.08,400.21,399.92,399.96,2682.0,400.058,25
2025-01-24 14:20:00-05:00,400.04,400.32,400.02,400.15,5771.0,400.14,49
2025-01-24 14:25:00-05:00,400.1,400.22,399.52,400.08,6353.0,399.959,54
2025-01-24 14:30:00-05:00,400.08,400.1,399.88,400.1,2111.0,400.046,20
2025-01-24 14:35:00-05:00,400.1,400.1,399.73,399.75,2419.0,399.817,24
2025-01-24 14:40:00-05:00,399.78,400.26,399.77,400.04,4338.0,400.024,37
2025-01-24 14:45:00-05:00,400.02,400.19,399.8,399.96,5640.0,399.941,48
2025-01-24 14:50:00-05:00,400.0,400.28,399.87,400.08,2723.0,400.091,27
2025-01-24 14:55:00-05:00,399.88,400.14,399.58,399.58,6480.0,399.896,59
2025-01-24 15:00:00-05:00,399.54,399.69,399.41,399.57,3401.0,399.581,33
2025-01-24 15:05:00-05:00,399.44,399.44,398.93,398.93,4660.0,399.185,41
2025-01-24 15:10:00-05:00,398.95,399.09,398.82,399.03,3609.0,398.971,34
2025-01-24 15:15:00-05:00,399.0,399.23,398.9,399.08,6214.0,399.034,58
2025-01-24 15:20:00-05:00,399.0,399.13,398.9,399.0,6493.0,399.038,50
2025-01-24 15:25:00-05:00,398.99,399.59,398.88,399.59,6836.0,399.125,65
2025-01-24 15:30:00-05:00,399.59,400.24,399.49,399.89,9188.0,399.881,77
2025-01-24 15:35:00-05:00,399.91,400.0,399.52,399.69,10610.0,399.786,99
2025-01-24 15:40:00-05:00,399.74,400.43,399.64,400.24,7879.0,400.087,78
2025-01-24 15:45:00-05:00,400.25,400.74,400.19,400.66,7420.0,400.47,67
2025-01-24 15:50:00-05:00,400.76,401.36,400.68,401.12,16684.0,401.127,141
2025-01-24 15:55:00-05:00,401.01,401.69,400.77,400.86,66896.0,401.113,525
2025-01-27 09:30:00-05:00,374.86,380.68,373.42,374.86,79665.0,377.323,404
2025-01-27 09:35:00-05:00,375.16,375.64,374.03,374.04,22989.0,374.853,153
2025-01-27 09:40:00-05:00,373.77,373.95,370.77,371.22,30615.0,372.207,174
2025-01-27 09:45:00-05:00,371.22,374.29,369.93,373.05,32914.0,372.161,193
2025-01-27 09:50:00-05:00,372.28,373.16,370.65,372.18,19608.0,371.922,157
2025-01-27 09:55:00-05:00,372.1,376.31,372.09,376.31,38235.0,374.085,134
2025-01-27 10:00:00-05:00,375.99,376.84,373.58,373.66,16648.0,375.446,127
2025-01-27 10:05:00-05:00,373.78,374.39,372.07,373.51,29174.0,373.672,156
2025-01-27 10:10:00-05:00,373.42,374.07,372.94,373.34,10601.0,373.323,93
2025-01-27 10:15:00-05:00,373.47,373.47,370.88,370.96,20868.0,371.435,161
2025-01-27 10:20:00-05:00,371.13,371.96,370.96,371.81,15367.0,371.366,118
2025-01-27 10:25:00-05:00,371.81,372.34,371.26,371.79,15107.0,371.762,115
2025-01-27 10:30:00-05:00,371.42,371.77,370.39,370.66,17935.0,371.167,154
2025-01-27 10:35:00-05:00,370.74,371.2,368.54,369.31,33464.0,369.763,262
2025-01-27 10:40:00-05:00,369.24,370.18,368.82,369.92,21040.0,369.486,177
2025-01-27 10:45:00-05:00,369.79,371.03,369.59,370.39,36447.0,370.326,296
2025-01-27 10:50:00-05:00,370.39,371.34,369.49,369.67,15102.0,370.51,134
2025-01-27 10:55:00-05:00,369.67,369.67,368.33,368.45,13219.0,368.974,106
2025-01-27 11:00:00-05:00,368.29,369.29,368.17,368.71,24759.0,368.656,207
2025-01-27 11:05:00-05:00,368.45,368.98,368.05,368.43,19596.0,368.448,173
2025-01-27 11:10:00-05:00,368.49,369.22,368.43,369.04,22077.0,368.805,194
2025-01-27 11:15:00-05:00,368.9,369.92,368.9,369.79,14051.0,369.52,118
2025-01-27 11:20:00-05:00,369.83,369.83,368.71,368.89,17830.0,369.225,155
2025-01-27 11:25:00-05:00,368.89,369.21,368.29,369.0,112346.0,368.821,926
2025-01-27 11:30:00-05:00,368.91,369.09,367.84,367.92,22910.0,368.526,202
2025-01-27 11:35:00-05:00,368.23,368.93,367.51,367.69,10445.0,368.2,91
2025-01-27 11:40:00-05:00,367.79,368.15,367.0,367.33,5041.0,367.638,48
2025-01-27 11:45:00-05:00,367.05,368.41,366.85,368.06,12027.0,367.547,100
2025-01-27 11:50:00-05:00,368.06,368.2,366.84,367.13,7580.0,367.448,69
2025-01-27 11:55:00-05:00,367.13,368.01,367.09,367.82,10268.0,367.669,95
2025-01-27 12:00:00-05:00,367.7,368.94,367.45,368.33,12354.0,368.283,106
2025-01-27 12:05:00-05:00,368.14,368.87,367.85,368.55,9495.0,368.45,75
2025-01-27 12:10:00-05:00,368.55,369.18,368.48,368.63,17129.0,368.807,130
2025-01-27 12:15:00-05:00,368.93,369.79,368.49,369.27,5470.0,369.218,48
2025-01-27 12:20:00-05:00,369.46,370.44,369.41,370.31,9440.0,369.856,65
2025-01-27 12:25:00-05:00,370.31,370.77,370.05,370.41,4875.0,370.521,38
2025-01-27 12:30:00-05:00,370.47,370.93,370.23,370.46,7549.0,370.537,64
2025-01-27 12:35:00-05:00,370.58,371.18,370.46,370.61,9914.0,370.75,68
2025-01-27 12:40:00-05:00,370.69,371.17,370.59,370.76,12649.0,370.948,77
2025-01-27 12:45:00-05:00,370.6,370.6,368.69,368.71,14025.0,369.198,110
2025-01-27 12:50:00-05:00,368.77,368.77,367.81,367.93,3624.0,368.162,29
2025-01-27 12:55:00-05:00,367.98,368.29,367.34,368.11,18480.0,367.863,141
2025-01-27 13:00:00-05:00,368.17,368.25,367.47,367.5,3378.0,367.944,28
2025-01-27 13:05:00-05:00,367.95,367.97,366.71,366.82,11302.0,367.382,90
2025-01-27 13:10:00-05:00,367.02,367.03,366.28,366.97,17792.0,366.656,126
2025-01-27 13:15:00-05:00,367.33,367.49,366.83,366.93,10090.0,367.191,74
2025-01-27 13:20:00-05:00,367.01,367.01,365.53,365.53,10635.0,366.219,84
2025-01-27 13:25:00-05:00,365.68,366.09,364.57,364.66,9694.0,365.395,81
2025-01-27 13:30:00-05:00,365.07,365.75,365.05,365.32,4865.0,365.465,42
2025-01-27 13:35:00-05:00,365.54,366.31,364.76,365.0,7759.0,365.561,63
2025-01-27 13:40:00-05:00,365.18,366.0,364.76,365.37,7889.0,365.499,65
2025-01-27 13:45:00-05:00,365.58,366.07,365.3,365.67,8510.0,365.681,74
2025-01-27 13:50:00-05:00,365.68,365.85,365.32,365.77,6251.0,365.615,57
2025-01-27 13:55:00-05:00,365.53,365.83,364.99,365.45,7834.0,365.271,67
2025-01-27 14:00:00-05:00,365.4,366.21,365.37,366.17,4213.0,365.831,33
2025-01-27 14:05:00-05:00,365.99,366.54,365.91,366.41,19717.0,366.319,61
2025-01-27 14:10:00-05:00,366.52,367.87,366.52,367.31,13380.0,367.4,70
2025-01-27 14:15:00-05:00,367.22,367.93,367.22,367.93,7129.0,367.586,60
2025-01-27 14:20:00-05:00,367.72,368.57,367.59,368.36,4869.0,368.074,47
2025-01-27 14:25:00-05:00,368.3,368.89,368.21,368.71,11001.0,368.573,66
2025-01-27 14:30:00-05:00,368.81,369.49,368.53,369.27,9888.0,369.093,84
2025-01-27 14:35:00-05:00,369.35,369.43,368.05,368.24,19223.0,368.775,112
2025-01-27 14:40:00-05:00,368.27,368.41,367.73,368.06,5067.0,368.051,49
2025-01-27 14:45:00-05:00,367.9,368.11,367.01,367.01,12578.0,367.435,104
2025-01-27 14:50:00-05:00,367.0,367.05,366.35,366.4,6302.0,366.678,54
2025-01-27 14:55:00-05:00,366.24,366.38,365.64,366.23,11651.0,366.047,100
2025-01-27 15:00:00-05:00,366.51,366.84,366.19,366.39,12135.0,366.573,92
2025-01-27 15:05:00-05:00,366.14,367.27,365.86,367.11,11842.0,366.209,88
2025-01-27 15:10:00-05:00,366.9,367.64,366.9,367.24,16325.0,367.444,136
2025-01-27 15:15:00-05:00,367.18,368.39,367.07,368.38,16286.0,367.867,144
2025-01-27 15:20:00-05:00,368.38,368.39,367.25,367.86,14392.0,367.848,113
2025-01-27 15:25:00-05:00,367.47,368.24,367.45,367.6,8939.0,367.881,68
2025-01-27 15:30:00-05:00,367.78,367.93,367.17,367.35,15278.0,367.567,120
2025-01-27 15:35:00-05:00,367.53,367.77,367.09,367.45,27019.0,367.428,215
2025-01-27 15:40:00-05:00,367.46,368.21,367.31,368.15,19965.0,367.73,160
2025-01-27 15:45:00-05:00,368.06,368.48,366.78,367.63,33958.0,367.638,290
2025-01-27 15:50:00-05:00,367.67,368.19,366.04,366.18,58088.0,366.862,491
2025-01-27 15:55:00-05:00,366.39,367.77,366.39,367.63,126257.0,367.33,822
2025-01-28 09:30:00-05:00,367.64,370.03,363.39,365.69,60564.0,366.947,189
2025-01-28 09:35:00-05:00,365.91,366.73,362.37,363.85,38560.0,364.316,251
2025-01-28 09:40:00-05:00,364.25,364.91,361.6,361.69,27379.0,362.718,217
2025-01-28 09:45:00-05:00,361.71,362.36,361.21,361.61,38327.0,362.088,216
2025-01-28 09:50:00-05:00,361.55,362.23,361.25,361.98,32409.0,361.724,180
2025-01-28 09:55:00-05:00,362.07,365.08,362.07,365.08,16146.0,363.311,144
2025-01-28 10:00:00-05:00,364.69,367.54,364.43,366.08,32984.0,365.826,192
2025-01-28 10:05:00-05:00,366.04,366.63,365.5,365.5,24449.0,366.024,147
2025-01-28 10:10:00-05:00,365.51,366.31,364.89,365.08,19500.0,365.47,103
2025-01-28 10:15:00-05:00,364.77,366.52,364.77,365.9,22982.0,365.42,132
2025-01-28 10:20:00-05:00,365.38,365.7,364.42,364.46,11541.0,364.943,84
2025-01-28 10:25:00-05:00,364.38,365.99,364.38,365.53,15509.0,365.435,82
2025-01-28 10:30:00-05:00,365.86,367.16,365.86,366.67,28739.0,366.606,218
2025-01-28 10:35:00-05:00,366.56,366.8,365.87,366.24,15885.0,366.353,134
2025-01-28 10:40:00-05:00,366.59,367.02,366.26,366.38,9404.0,366.505,78
2025-01-28 10:45:00-05:00,366.14,366.46,365.62,365.81,14967.0,366.032,123
2025-01-28 10:50:00-05:00,365.8,366.18,365.3,365.4,6301.0,365.815,57
2025-01-28 10:55:00-05:00,365.19,365.27,364.34,364.51,11094.0,364.798,97
2025-01-28 11:00:00-05:00,364.79,365.06,363.89,363.92,13616.0,364.401,113
2025-01-28 11:05:00-05:00,364.19,364.23,362.72,363.11,19500.0,363.411,167
2025-01-28 11:10:00-05:00,362.91,363.45,362.33,362.33,26006.0,363.211,201
2025-01-28 11:15:00-05:00,362.55,363.11,361.99,361.99,11980.0,362.526,109
2025-01-28 11:20:00-05:00,362.33,363.04,361.69,361.83,30728.0,362.299,180
2025-01-28 11:25:00-05:00,361.88,362.0,361.15,362.0,19528.0,361.516,159
2025-01-28 11:30:00-05:00,361.9,362.22,360.41,360.42,9182.0,360.968,74
2025-01-28 11:35:00-05:00,360.31,361.23,360.12,361.07,9995.0,360.523,82
2025-01-28 11:40:00-05:00,361.21,361.21,360.15,361.02,15997.0,360.744,78
2025-01-28 11:45:00-05:00,360.87,361.42,360.33,360.93,7536.0,360.886,54
2025-01-28 11:50:00-05:00,360.99,361.31,360.21,361.14,20719.0,360.847,80
2025-01-28 11:55:00-05:00,361.14,361.27,360.65,360.65,7115.0,361.024,58
2025-01-28 12:00:00-05:00,360.89,361.81,360.77,361.59,12022.0,361.259,102
2025-01-28 12:05:00-05:00,361.81,361.93,361.28,361.52,17683.0,361.541,136
2025-01-28 12:10:00-05:00,361.37,362.9,361.27,362.55,50868.0,361.741,257
2025-01-28 12:15:00-05:00,362.35,362.75,362.01,362.28,23225.0,362.28,99
2025-01-28 12:20:00-05:00,362.29,363.23,362.28,362.56,21819.0,362.698,139
2025-01-28 12:25:00-05:00,362.48,363.14,362.43,362.55,30956.0,362.928,128
2025-01-28 12:30:00-05:00,362.72,362.73,362.06,362.38,6757.0,362.38,50
2025-01-28 12:35:00-05:00,362.2,362.44,361.87,362.23,9023.0,362.199,79
2025-01-28 12:40:00-05:00,362.43,362.64,362.19,362.41,4971.0,362.383,41
2025-01-28 12:45:00-05:00,362.25,362.42,361.9,361.99,3488.0,362.164,31
2025-01-28 12:50:00-05:00,362.25,362.59,361.97,362.34,9010.0,362.298,72
2025-01-28 12:55:00-05:00,362.61,363.2,362.58,362.84,17514.0,362.935,87
2025-01-28 13:00:00-05:00,362.91,363.15,362.73,363.0,5875.0,362.95,46
2025-01-28 13:05:00-05:00,362.81,363.01,362.45,362.67,10919.0,362.707,83
2025-01-28 13:10:00-05:00,362.76,363.14,362.67,363.02,11983.0,362.97,87
2025-01-28 13:15:00-05:00,363.08,364.81,362.92,364.66,34661.0,363.244,167
2025-01-28 13:20:00-05:00,364.45,364.47,363.74,363.82,5407.0,364.086,44
2025-01-28 13:25:00-05:00,363.61,364.06,363.61,363.85,7197.0,363.913,66
2025-01-28 13:30:00-05:00,363.75,364.38,363.61,364.37,6340.0,363.929,59
2025-01-28 13:35:00-05:00,364.43,365.02,364.29,364.75,3898.0,364.718,32
2025-01-28 13:40:00-05:00,364.68,365.03,364.56,364.73,6014.0,364.753,48
2025-01-28 13:45:00-05:00,364.71,365.36,364.64,365.09,8572.0,365.064,45
2025-01-28 13:50:00-05:00,365.09,365.59,365.02,365.03,3955.0,365.386,39
2025-01-28 13:55:00-05:00,365.28,365.28,364.89,365.03,5279.0,365.067,46
2025-01-28 14:00:00-05:00,365.06,365.08,364.81,364.83,4966.0,364.95,40
2025-01-28 14:05:00-05:00,364.9,365.7,364.71,365.5,16122.0,365.097,118
2025-01-28 14:10:00-05:00,365.46,366.06,365.46,365.85,13521.0,365.734,86
2025-01-28 14:15:00-05:00,366.06,366.32,365.59,366.32,5186.0,366.02,41
2025-01-28 14:20:00-05:00,366.31,367.04,366.2,366.89,3290.0,366.598,25
2025-01-28 14:25:00-05:00,367.07,367.34,366.89,367.06,11608.0,367.09,78
2025-01-28 14:30:00-05:00,366.9,367.39,366.9,367.17,10452.0,367.123,78
2025-01-28 14:35:00-05:00,367.17,367.34,366.95,367.18,4643.0,367.104,30
2025-01-28 14:40:00-05:00,367.23,367.4,367.11,367.26,23187.0,367.288,140
2025-01-28 14:45:00-05:00,367.12,367.37,366.8,367.13,11343.0,367.113,89
2025-01-28 14:50:00-05:00,367.18,367.2,366.51,367.19,12908.0,366.9,86
2025-01-28 14:55:00-05:00,367.19,367.93,367.19,367.65,6353.0,367.654,57
2025-01-28 15:00:00-05:00,367.59,367.69,366.52,366.88,11732.0,366.999,106
2025-01-28 15:05:00-05:00,366.71,367.12,366.7,366.99,7918.0,366.851,52
2025-01-28 15:10:00-05:00,366.69,366.69,366.25,366.25,8491.0,366.459,75
2025-01-28 15:15:00-05:00,366.23,366.54,365.97,366.2,21507.0,366.259,169
2025-01-28 15:20:00-05:00,366.31,366.97,366.0,366.88,17459.0,366.209,93
2025-01-28 15:25:00-05:00,366.88,366.88,366.52,366.56,11531.0,366.688,105
2025-01-28 15:30:00-05:00,366.56,366.73,366.39,366.41,5987.0,366.58,53
2025-01-28 15:35:00-05:00,366.49,366.58,366.19,366.29,12851.0,366.333,106
2025-01-28 15:40:00-05:00,366.26,366.26,365.87,366.09,20809.0,366.092,115
2025-01-28 15:45:00-05:00,366.12,366.14,365.55,365.58,19549.0,365.787,180
2025-01-28 15:50:00-05:00,365.52,367.28,365.45,367.26,51171.0,366.551,418
2025-01-28 15:55:00-05:00,367.11,367.22,365.17,365.66,153997.0,365.842,1252
2025-01-29 09:30:00-05:00,362.11,363.62,359.24,362.84,83633.0,361.151,358
2025-01-29 09:35:00-05:00,362.84,364.46,361.29,363.14,40301.0,363.002,304
2025-01-29 09:40:00-05:00,363.12,364.06,362.05,362.06,20694.0,363.17,176
2025-01-29 09:45:00-05:00,361.99,364.1,361.69,363.21,62628.0,362.763,504
2025-01-29 09:50:00-05:00,363.16,363.9,362.75,362.81,28377.0,363.206,191
2025-01-29 09:55:00-05:00,362.75,364.12,362.75,363.47,68618.0,363.369,426
2025-01-29 10:00:00-05:00,363.7,365.12,363.32,364.61,41752.0,364.155,284
2025-01-29 10:05:00-05:00,364.9,366.1,364.62,365.93,73202.0,365.252,465
2025-01-29 10:10:00-05:00,365.82,367.09,365.06,365.24,46510.0,366.059,174
2025-01-29 10:15:00-05:00,365.25,365.42,363.97,364.24,26751.0,364.826,205
2025-01-29 10:20:00-05:00,364.28,364.84,364.07,364.72,16042.0,364.446,136
2025-01-29 10:25:00-05:00,364.47,364.56,363.72,364.47,13110.0,364.27,101
2025-01-29 10:30:00-05:00,364.59,365.21,363.96,364.95,6889.0,364.468,58
2025-01-29 10:35:00-05:00,365.05,365.2,364.04,364.04,10983.0,364.544,96
2025-01-29 10:40:00-05:00,364.24,364.48,362.92,362.97,18026.0,363.939,133
2025-01-29 10:45:00-05:00,362.97,363.22,362.33,362.82,9571.0,362.763,78
2025-01-29 10:50:00-05:00,363.14,363.47,362.88,362.99,4898.0,363.188,45
2025-01-29 10:55:00-05:00,363.01,363.01,362.25,362.7,33476.0,362.757,208
2025-01-29 11:00:00-05:00,362.81,363.53,362.12,363.01,27829.0,362.973,206
2025-01-29 11:05:00-05:00,363.16,363.86,362.9,363.38,18757.0,363.265,150
2025-01-29 11:10:00-05:00,363.55,364.19,363.24,364.0,24184.0,363.578,139
2025-01-29 11:15:00-05:00,364.0,364.13,363.51,363.83,5690.0,363.801,49
2025-01-29 11:20:00-05:00,363.83,364.26,363.83,364.02,23700.0,364.057,141
2025-01-29 11:25:00-05:00,363.97,364.31,363.84,363.94,13787.0,364.063,94
2025-01-29 11:30:00-05:00,363.81,364.07,363.68,363.88,16329.0,363.931,124
2025-01-29 11:35:00-05:00,363.79,364.31,363.06,363.06,22313.0,363.813,173
2025-01-29 11:40:00-05:00,363.07,363.55,362.93,363.41,16513.0,363.279,110
2025-01-29 11:45:00-05:00,363.56,364.07,363.5,364.05,13160.0,363.809,97
2025-01-29 11:50:00-05:00,364.05,364.5,363.94,364.28,16905.0,364.292,159
2025-01-29 11:55:00-05:00,364.19,364.28,363.72,363.8,11175.0,363.925,93
2025-01-29 12:00:00-05:00,363.86,364.56,363.64,364.38,9343.0,364.206,84
2025-01-29 12:05:00-05:00,364.38,364.84,364.38,364.8,9540.0,364.552,87
2025-01-29 12:10:00-05:00,364.68,364.68,364.37,364.44,8301.0,364.565,74
2025-01-29 12:15:00-05:00,364.39,364.73,363.99,364.34,12923.0,364.319,119
2025-01-29 12:20:00-05:00,364.41,365.02,364.34,365.0,11373.0,364.674,106
2025-01-29 12:25:00-05:00,365.05,365.44,364.83,365.22,11625.0,365.136,90
2025-01-29 12:30:00-05:00,365.4,366.22,365.4,366.08,7226.0,365.782,68
2025-01-29 12:35:00-05:00,365.98,366.16,365.35,365.6,10768.0,365.699,95
2025-01-29 12:40:00-05:00,365.29,365.75,365.21,365.6,6395.0,365.501,58
2025-01-29 12:45:00-05:00,365.43,365.53,365.29,365.38,4012.0,365.446,26
2025-01-29 12:50:00-05:00,365.41,365.64,365.06,365.47,15273.0,365.406,122
2025-01-29 12:55:00-05:00,365.47,365.56,364.97,365.26,9021.0,365.307,82
2025-01-29 13:00:00-05:00,365.26,365.49,364.38,364.55,11659.0,365.157,94
2025-01-29 13:05:00-05:00,364.56,365.32,364.44,365.29,9765.0,364.892,81
2025-01-29 13:10:00-05:00,365.48,365.49,364.6,365.18,8647.0,364.902,75
2025-01-29 13:15:00-05:00,365.41,366.04,365.33,365.59,6480.0,365.616,57
2025-01-29 13:20:00-05:00,365.63,365.64,365.2,365.43,11790.0,365.449,99
2025-01-29 13:25:00-05:00,365.43,365.54,365.09,365.47,7528.0,365.413,63
2025-01-29 13:30:00-05:00,365.53,366.01,365.47,365.91,22597.0,365.729,185
2025-01-29 13:35:00-05:00,365.8,366.0,365.38,365.38,9337.0,365.703,78
2025-01-29 13:40:00-05:00,365.46,365.47,365.14,365.14,6858.0,365.328,65
2025-01-29 13:45:00-05:00,365.19,366.63,365.19,366.48,9825.0,365.857,91
2025-01-29 13:50:00-05:00,366.36,366.43,365.65,365.94,8880.0,366.106,82
2025-01-29 13:55:00-05:00,365.93,365.93,365.38,365.5,7754.0,365.707,71
2025-01-29 14:00:00-05:00,365.38,365.38,364.17,364.56,13980.0,364.64,96
2025-01-29 14:05:00-05:00,364.59,365.0,364.43,364.56,7706.0,364.692,68
2025-01-29 14:10:00-05:00,364.43,364.51,363.73,363.91,6044.0,364.142,53
2025-01-29 14:15:00-05:00,363.77,364.06,363.21,363.67,11322.0,363.623,103
2025-01-29 14:20:00-05:00,363.69,363.87,363.34,363.58,3133.0,363.623,29
2025-01-29 14:25:00-05:00,363.38,363.56,363.05,363.37,5494.0,363.338,47
2025-01-29 14:30:00-05:00,363.37,364.36,363.37,364.36,10751.0,363.902,83
2025-01-29 14:35:00-05:00,364.15,364.71,363.71,364.24,11731.0,364.291,109
2025-01-29 14:40:00-05:00,364.38,365.63,364.37,365.5,36556.0,364.866,266
2025-01-29 14:45:00-05:00,365.3,365.85,364.85,365.02,9200.0,365.35,79
2025-01-29 14:50:00-05:00,365.29,366.18,365.18,365.51,10610.0,365.654,90
2025-01-29 14:55:00-05:00,365.48,365.82,364.77,365.29,10105.0,365.287,95
2025-01-29 15:00:00-05:00,365.21,365.21,363.69,363.69,6663.0,364.619,63
2025-01-29 15:05:00-05:00,363.62,364.34,363.56,364.13,14405.0,363.88,132
2025-01-29 15:10:00-05:00,364.28,364.52,363.61,364.14,16991.0,364.142,149
2025-01-29 15:15:00-05:00,364.16,364.33,363.24,363.96,11028.0,363.779,100
2025-01-29 15:20:00-05:00,364.15,364.86,363.97,364.78,14409.0,364.482,131
2025-01-29 15:25:00-05:00,364.9,365.07,364.44,364.84,17400.0,364.736,156
2025-01-29 15:30:00-05:00,364.87,365.46,364.7,364.71,21490.0,364.967,200
2025-01-29 15:35:00-05:00,364.62,364.68,363.27,363.27,18255.0,363.775,161
2025-01-29 15:40:00-05:00,363.32,363.53,362.93,363.16,35890.0,363.241,304
2025-01-29 15:45:00-05:00,363.16,363.31,362.27,362.77,65151.0,362.614,564
2025-01-29 15:50:00-05:00,362.72,363.64,362.46,362.88,73489.0,362.962,602
2025-01-29 15:55:00-05:00,362.96,365.07,362.95,364.06,162327.0,364.019,1210
2025-01-30 09:30:00-05:00,363.01,370.0,362.69,366.62,124011.0,365.987,363
2025-01-30 09:35:00-05:00,366.62,368.19,363.43,365.92,44807.0,365.485,305
2025-01-30 09:40:00-05:00,366.84,367.44,358.16,360.4,123840.0,361.982,781
2025-01-30 09:45:00-05:00,360.41,360.9,357.39,358.33,90501.0,359.75,415
2025-01-30 09:50:00-05:00,358.41,359.5,356.94,357.07,28260.0,358.169,206
2025-01-30 09:55:00-05:00,357.58,361.29,357.49,360.45,48267.0,359.427,398
2025-01-30 10:00:00-05:00,360.67,363.62,360.32,362.68,21350.0,361.719,138
2025-01-30 10:05:00-05:00,363.09,363.52,361.3,362.69,26224.0,362.44,182
2025-01-30 10:10:00-05:00,362.67,363.61,361.33,363.45,25134.0,362.876,125
2025-01-30 10:15:00-05:00,363.46,366.35,363.04,365.08,39880.0,364.869,259
2025-01-30 10:20:00-05:00,365.17,365.17,362.37,363.31,20990.0,363.923,191
2025-01-30 10:25:00-05:00,363.39,365.03,363.3,363.83,8707.0,364.091,76
2025-01-30 10:30:00-05:00,363.61,364.59,360.99,362.3,20600.0,362.275,139
2025-01-30 10:35:00-05:00,362.42,364.13,362.42,363.73,16938.0,363.246,143
2025-01-30 10:40:00-05:00,363.48,364.08,362.79,363.44,13943.0,363.519,116
2025-01-30 10:45:00-05:00,363.5,365.78,363.43,364.86,27099.0,364.966,166
2025-01-30 10:50:00-05:00,364.5,365.65,364.09,364.09,11637.0,364.705,104
2025-01-30 10:55:00-05:00,363.77,364.53,362.03,362.39,6378.0,363.713,42
2025-01-30 11:00:00-05:00,362.17,363.13,361.87,362.95,19250.0,362.394,134
2025-01-30 11:05:00-05:00,362.84,363.15,361.72,362.05,12199.0,362.333,87
2025-01-30 11:10:00-05:00,362.18,362.73,361.87,362.24,21679.0,362.164,146
2025-01-30 11:15:00-05:00,362.25,363.09,361.91,362.66,22590.0,362.595,171
2025-01-30 11:20:00-05:00,362.96,363.62,362.82,363.24,18910.0,363.134,75
2025-01-30 11:25:00-05:00,363.24,363.68,362.78,362.79,15938.0,363.376,51
2025-01-30 11:30:00-05:00,362.77,363.05,361.85,361.94,4727.0,362.607,38
2025-01-30 11:35:00-05:00,361.98,363.5,361.82,363.1,27159.0,362.423,209
2025-01-30 11:40:00-05:00,362.94,363.53,362.51,362.7,13744.0,363.156,112
2025-01-30 11:45:00-05:00,362.83,362.85,362.53,362.75,3289.0,362.73,9
2025-01-30 11:50:00-05:00,362.79,363.41,362.58,362.92,7020.0,363.107,54
2025-01-30 11:55:00-05:00,362.99,363.09,362.03,362.28,8246.0,362.678,60
2025-01-30 12:00:00-05:00,362.02,362.52,361.89,362.36,10248.0,362.146,46
2025-01-30 12:05:00-05:00,362.4,362.82,362.05,362.59,5233.0,362.314,46
2025-01-30 12:10:00-05:00,362.51,362.8,362.17,362.2,10176.0,362.437,67
2025-01-30 12:15:00-05:00,362.45,362.48,361.82,362.05,9285.0,362.154,60
2025-01-30 12:20:00-05:00,362.05,362.94,361.56,362.6,65618.0,361.992,179
2025-01-30 12:25:00-05:00,362.71,363.15,361.95,362.83,12520.0,362.48,111
2025-01-30 12:30:00-05:00,362.67,363.03,362.62,362.81,2889.0,362.786,27
2025-01-30 12:35:00-05:00,362.81,364.51,362.81,364.12,14886.0,363.957,137
2025-01-30 12:40:00-05:00,364.3,364.34,363.03,363.03,7750.0,363.957,73
2025-01-30 12:45:00-05:00,363.35,364.2,363.02,363.91,7303.0,363.662,67
2025-01-30 12:50:00-05:00,364.03,364.35,363.25,363.31,11830.0,363.904,96
2025-01-30 12:55:00-05:00,363.47,364.87,363.39,364.43,24735.0,363.928,131
2025-01-30 13:00:00-05:00,364.67,365.62,364.66,365.59,6061.0,365.032,54
2025-01-30 13:05:00-05:00,365.46,366.43,365.2,366.37,5800.0,365.923,40
2025-01-30 13:10:00-05:00,366.15,366.44,365.78,365.99,9535.0,366.036,74
2025-01-30 13:15:00-05:00,366.02,366.02,364.78,365.46,21620.0,365.363,202
2025-01-30 13:20:00-05:00,365.29,365.58,365.25,365.35,5090.0,365.401,43
2025-01-30 13:25:00-05:00,365.29,365.47,364.61,364.98,9729.0,365.056,87
2025-01-30 13:30:00-05:00,365.04,365.66,365.04,365.48,33362.0,365.319,146
2025-01-30 13:35:00-05:00,365.63,366.98,365.52,366.96,15064.0,366.354,47
2025-01-30 13:40:00-05:00,366.93,368.23,366.81,367.8,16992.0,367.491,131
2025-01-30 13:45:00-05:00,367.7,368.2,367.49,367.68,11815.0,367.922,97
2025-01-30 13:50:00-05:00,367.49,367.66,366.71,367.43,5857.0,367.347,40
2025-01-30 13:55:00-05:00,367.43,368.34,367.23,367.23,20896.0,367.919,148
2025-01-30 14:00:00-05:00,367.38,367.89,367.37,367.68,2795.0,367.579,24
2025-01-30 14:05:00-05:00,367.68,367.87,366.74,367.16,5865.0,367.274,39
2025-01-30 14:10:00-05:00,367.44,367.44,366.6,366.6,5886.0,366.981,43
2025-01-30 14:15:00-05:00,367.18,367.32,366.84,367.23,4322.0,367.086,38
2025-01-30 14:20:00-05:00,367.0,367.0,366.09,366.36,3674.0,366.576,31
2025-01-30 14:25:00-05:00,366.42,367.21,366.35,366.91,26833.0,366.77,196
2025-01-30 14:30:00-05:00,366.75,366.97,366.55,366.79,3160.0,366.778,26
2025-01-30 14:35:00-05:00,366.8,366.99,366.64,366.71,5034.0,366.794,43
2025-01-30 14:40:00-05:00,366.57,366.62,366.24,366.44,14167.0,366.42,101
2025-01-30 14:45:00-05:00,366.28,367.21,366.16,366.63,10412.0,366.648,92
2025-01-30 14:50:00-05:00,366.73,367.34,366.5,367.34,5499.0,366.757,46
2025-01-30 14:55:00-05:00,367.3,367.85,367.19,367.78,3102.0,367.51,29
2025-01-30 15:00:00-05:00,367.79,368.65,367.79,368.08,8323.0,368.356,74
2025-01-30 15:05:00-05:00,368.08,368.58,367.83,367.93,8693.0,368.194,74
2025-01-30 15:10:00-05:00,367.91,367.98,367.12,367.4,15565.0,367.472,135
2025-01-30 15:15:00-05:00,367.4,368.1,367.05,367.72,16372.0,367.468,135
2025-01-30 15:20:00-05:00,367.52,367.66,367.32,367.4,8070.0,367.532,64
2025-01-30 15:25:00-05:00,367.49,367.66,367.29,367.37,18647.0,367.486,154
2025-01-30 15:30:00-05:00,367.22,367.6,367.21,367.6,27331.0,367.462,200
2025-01-30 15:35:00-05:00,367.6,367.6,365.86,365.87,45535.0,367.234,197
2025-01-30 15:40:00-05:00,365.51,365.52,363.37,363.76,16017.0,364.873,118
2025-01-30 15:45:00-05:00,363.56,364.84,363.4,364.67,44438.0,364.212,379
2025-01-30 15:50:00-05:00,364.86,366.0,364.52,365.42,39037.0,365.55,318
2025-01-30 15:55:00-05:00,365.58,366.48,365.43,366.46,104832.0,365.914,770
2025-01-31 09:30:00-05:00,370.49,371.0,362.77,365.19,61751.0,368.026,267
2025-01-31 09:35:00-05:00,365.19,366.05,363.05,363.97,8406.0,364.437,70
2025-01-31 09:40:00-05:00,363.97,365.19,360.73,360.86,8621.0,362.942,74
2025-01-31 09:40:00-05:00,363.97,365.19,360.31,360.43,10421.0,362.514,92
2025-01-31 09:45:00-05:00,360.69,362.88,359.6,362.4,20621.0,361.296,168
2025-01-31 09:50:00-05:00,362.61,363.85,362.0,363.06,19535.0,363.049,101
2025-01-31 09:55:00-05:00,363.0,364.63,362.79,363.72,17645.0,363.499,134
2025-01-31 10:00:00-05:00,363.72,364.45,362.38,362.38,10384.0,363.487,60
2025-01-31 10:05:00-05:00,363.14,363.35,362.48,362.83,11347.0,362.908,93
2025-01-31 10:10:00-05:00,363.34,363.34,361.5,362.71,12102.0,362.531,93
2025-01-31 10:15:00-05:00,363.1,363.78,362.17,362.87,7428.0,363.027,59
2025-01-31 10:20:00-05:00,362.96,363.86,362.45,363.57,15929.0,363.227,111
2025-01-31 10:25:00-05:00,363.37,363.92,362.97,363.58,9054.0,363.374,73
2025-01-31 10:30:00-05:00,363.88,364.26,363.57,363.91,20655.0,363.989,165
2025-01-31 10:35:00-05:00,363.93,364.29,363.68,363.69,7157.0,363.977,52
2025-01-31 10:40:00-05:00,363.68,364.9,363.68,364.28,13449.0,364.315,115
2025-01-31 10:45:00-05:00,364.04,365.6,364.02,365.6,15368.0,364.718,137
2025-01-31 10:50:00-05:00,365.43,365.7,365.01,365.28,6930.0,365.341,57
2025-01-31 10:55:00-05:00,365.3,366.25,365.29,366.18,3545.0,365.992,32
2025-01-31 11:00:00-05:00,366.37,366.45,365.41,365.49,3965.0,365.923,38
2025-01-31 11:05:00-05:00,365.32,366.24,365.32,365.94,6157.0,365.677,33
2025-01-31 11:10:00-05:00,365.89,366.77,365.89,365.97,5699.0,366.433,50
2025-01-31 11:15:00-05:00,365.98,366.1,365.78,366.02,1415.0,366.026,14
2025-01-31 11:20:00-05:00,366.1,366.41,365.84,365.84,3064.0,366.089,28
2025-01-31 11:25:00-05:00,365.81,365.91,365.55,365.59,3511.0,365.772,23
2025-01-31 11:30:00-05:00,365.77,365.88,365.22,365.22,4195.0,365.576,32
2025-01-31 11:35:00-05:00,365.22,365.71,364.92,365.71,4519.0,365.399,30
2025-01-31 11:40:00-05:00,365.7,366.24,365.26,366.01,5057.0,365.744,47
2025-01-31 11:45:00-05:00,365.85,365.97,365.33,365.56,8230.0,365.683,65
2025-01-31 11:50:00-05:00,365.68,365.73,364.8,365.34,11908.0,365.393,102
2025-01-31 11:55:00-05:00,365.61,365.61,364.74,364.74,3707.0,365.237,31
2025-01-31 12:00:00-05:00,365.62,365.62,364.77,364.95,4669.0,365.044,38
2025-01-31 12:05:00-05:00,364.85,364.96,364.52,364.71,7164.0,364.694,54
2025-01-31 12:10:00-05:00,364.59,364.59,363.68,363.69,15503.0,364.161,117
2025-01-31 12:15:00-05:00,363.95,364.76,363.95,364.54,11568.0,364.399,87
2025-01-31 12:20:00-05:00,364.56,365.4,364.35,365.28,6967.0,364.718,44
2025-01-31 12:25:00-05:00,365.4,366.03,365.32,366.03,4900.0,365.625,30
2025-01-31 12:30:00-05:00,365.9,366.78,365.43,366.58,10397.0,366.098,69
2025-01-31 12:35:00-05:00,366.61,366.61,366.03,366.36,5530.0,366.388,49
2025-01-31 12:40:00-05:00,366.34,366.68,366.27,366.28,4521.0,366.441,42
2025-01-31 12:45:00-05:00,366.49,366.61,366.17,366.43,4872.0,366.286,32
2025-01-31 12:50:00-05:00,366.21,366.66,366.06,366.58,7146.0,366.335,50
2025-01-31 12:55:00-05:00,366.5,366.58,366.14,366.41,6297.0,366.26,36
2025-01-31 13:00:00-05:00,366.35,366.61,366.35,366.44,5700.0,366.455,53
2025-01-31 13:05:00-05:00,366.2,366.32,366.03,366.19,7219.0,366.164,58
2025-01-31 13:10:00-05:00,366.11,366.43,365.96,366.2,3094.0,366.146,27
2025-01-31 13:15:00-05:00,366.24,366.24,364.83,364.83,5555.0,365.78,43
2025-01-31 13:20:00-05:00,364.93,365.16,364.32,364.59,2790.0,364.703,22
2025-01-31 13:25:00-05:00,364.39,364.55,363.85,364.4,5600.0,364.084,40
2025-01-31 13:30:00-05:00,363.93,364.25,363.32,363.32,4450.0,363.873,36
2025-01-31 13:35:00-05:00,363.39,363.53,362.69,363.42,6060.0,363.11,49
2025-01-31 13:40:00-05:00,363.2,363.59,363.0,363.28,3850.0,363.27,33
2025-01-31 13:45:00-05:00,363.31,363.65,363.13,363.44,8289.0,363.399,66
2025-01-31 13:50:00-05:00,363.47,363.81,362.96,363.16,5971.0,363.501,51
2025-01-31 13:55:00-05:00,363.3,363.97,363.25,363.25,4781.0,363.46,34
2025-01-31 14:00:00-05:00,363.26,363.64,362.92,362.92,7823.0,363.478,29
2025-01-31 14:05:00-05:00,362.75,362.99,362.27,362.32,6508.0,362.658,50
2025-01-31 14:10:00-05:00,362.53,363.27,362.53,363.27,4721.0,362.978,30
2025-01-31 14:15:00-05:00,363.27,363.58,362.44,362.71,5217.0,363.084,43
2025-01-31 14:20:00-05:00,362.69,362.94,362.24,362.69,4334.0,362.518,36
2025-01-31 14:25:00-05:00,362.81,363.56,362.75,363.35,6770.0,363.071,48
2025-01-31 14:30:00-05:00,363.35,364.5,363.34,364.5,4295.0,363.887,33
2025-01-31 14:35:00-05:00,364.2,364.27,363.35,363.46,3288.0,363.908,31
2025-01-31 14:40:00-05:00,363.37,363.63,362.77,362.77,3701.0,363.32,28
2025-01-31 14:45:00-05:00,362.72,363.07,362.72,362.91,4020.0,362.916,27
2025-01-31 14:50:00-05:00,362.92,363.54,362.91,363.52,11154.0,363.11,80
2025-01-31 14:55:00-05:00,363.44,363.88,363.44,363.59,8769.0,363.596,62
2025-01-31 15:00:00-05:00,363.46,363.47,362.33,362.33,2533.0,362.939,24
2025-01-31 15:05:00-05:00,362.46,362.74,362.31,362.36,4061.0,362.452,33
2025-01-31 15:10:00-05:00,362.22,362.86,362.17,362.86,8782.0,362.433,80
2025-01-31 15:15:00-05:00,362.85,363.56,362.85,363.3,8116.0,363.257,71
2025-01-31 15:20:00-05:00,363.45,363.71,363.22,363.69,5600.0,363.476,53
2025-01-31 15:25:00-05:00,363.59,363.77,363.23,363.62,4851.0,363.471,44
2025-01-31 15:30:00-05:00,363.56,363.89,363.29,363.58,10882.0,363.652,88
2025-01-31 15:35:00-05:00,363.57,363.85,362.78,363.0,7105.0,363.33,69
2025-01-31 15:40:00-05:00,363.0,363.26,362.35,362.51,20102.0,362.919,183
2025-01-31 15:45:00-05:00,362.68,363.21,362.67,363.15,10563.0,362.923,93
2025-01-31 15:50:00-05:00,362.98,363.42,362.08,362.34,24109.0,362.733,213
2025-01-31 15:55:00-05:00,362.35,362.75,362.15,362.75,77539.0,362.49,591
2025-02-03 09:30:00-05:00,355.57,357.83,354.55,356.97,49555.0,355.308,156
2025-02-03 09:35:00-05:00,356.67,357.26,354.46,356.11,31681.0,355.521,145
2025-02-03 09:40:00-05:00,356.1,356.25,354.14,354.16,11065.0,355.079,94
2025-02-03 09:45:00-05:00,354.19,354.76,353.56,353.67,24358.0,354.048,190
2025-02-03 09:50:00-05:00,353.67,356.66,353.61,355.47,18931.0,355.043,161
2025-02-03 09:55:00-05:00,355.25,355.85,354.57,355.55,7267.0,355.419,68
2025-02-03 10:00:00-05:00,355.64,356.25,355.11,355.36,10869.0,355.623,98
2025-02-03 10:05:00-05:00,355.56,356.59,355.22,356.43,12378.0,355.742,110
2025-02-03 10:10:00-05:00,356.19,356.34,355.1,355.11,21831.0,355.827,95
2025-02-03 10:15:00-05:00,355.2,355.43,353.91,353.92,5320.0,354.543,39
2025-02-03 10:20:00-05:00,353.7,356.3,353.66,356.3,17813.0,354.626,140
2025-02-03 10:25:00-05:00,356.43,359.13,355.74,358.72,17389.0,356.725,161
2025-02-03 10:30:00-05:00,358.91,359.09,357.42,358.5,32424.0,358.099,278
2025-02-03 10:35:00-05:00,358.5,359.12,358.07,359.12,18219.0,358.578,152
2025-02-03 10:40:00-05:00,359.29,360.91,359.19,359.75,8172.0,359.971,73
2025-02-03 10:45:00-05:00,360.11,360.11,358.69,359.02,11183.0,359.148,96
2025-02-03 10:50:00-05:00,359.02,359.9,358.72,358.72,12442.0,359.481,85
2025-02-03 10:55:00-05:00,358.96,359.88,358.96,359.87,6915.0,359.227,58
2025-02-03 11:00:00-05:00,359.28,360.06,358.34,358.67,13668.0,359.474,106
2025-02-03 11:05:00-05:00,358.49,358.65,357.38,358.48,5981.0,358.026,57
2025-02-03 11:10:00-05:00,358.48,359.37,358.47,359.25,5875.0,359.007,57
2025-02-03 11:15:00-05:00,359.2,359.39,358.45,359.19,8998.0,359.035,74
2025-02-03 11:20:00-05:00,359.19,359.78,359.19,359.27,5355.0,359.51,47
2025-02-03 11:25:00-05:00,359.56,359.56,358.79,359.09,5310.0,359.208,49
2025-02-03 11:30:00-05:00,359.09,359.09,358.46,358.86,15510.0,358.754,118
2025-02-03 11:35:00-05:00,358.79,359.23,358.32,359.21,10432.0,358.837,88
2025-02-03 11:40:00-05:00,359.41,359.8,358.59,359.8,6201.0,359.163,55
2025-02-03 11:45:00-05:00,359.78,359.87,359.15,359.16,8454.0,359.538,69
2025-02-03 11:50:00-05:00,359.47,360.1,359.17,359.3,4497.0,359.67,39
2025-02-03 11:55:00-05:00,358.92,359.13,357.95,358.19,7564.0,358.235,44
2025-02-03 12:00:00-05:00,358.05,358.91,358.05,358.49,5011.0,358.497,45
2025-02-03 12:05:00-05:00,358.68,359.44,358.68,359.44,7652.0,358.942,69
2025-02-03 12:10:00-05:00,359.19,359.2,358.05,358.66,9085.0,358.729,74
2025-02-03 12:15:00-05:00,358.54,358.62,358.21,358.23,5170.0,358.448,43
2025-02-03 12:20:00-05:00,358.42,359.15,358.41,359.15,16584.0,358.593,124
2025-02-03 12:25:00-05:00,359.08,359.66,358.84,359.08,8294.0,359.311,75
2025-02-03 12:30:00-05:00,358.68,358.87,358.32,358.37,3401.0,358.545,30
2025-02-03 12:35:00-05:00,358.37,358.69,358.07,358.39,8471.0,358.419,72
2025-02-03 12:40:00-05:00,358.43,358.43,357.76,357.78,8846.0,358.01,27
2025-02-03 12:45:00-05:00,357.81,358.08,357.51,357.66,5370.0,357.761,39
2025-02-03 12:50:00-05:00,357.54,358.09,357.5,357.9,16268.0,357.823,141
2025-02-03 12:55:00-05:00,357.74,358.29,357.28,358.06,13469.0,357.767,126
2025-02-03 13:00:00-05:00,357.79,358.76,357.04,358.53,11239.0,357.676,96
2025-02-03 13:05:00-05:00,358.85,358.85,358.08,358.33,4774.0,358.364,42
2025-02-03 13:10:00-05:00,358.24,359.22,358.21,358.98,4654.0,358.707,46
2025-02-03 13:15:00-05:00,358.87,359.16,358.51,358.52,5181.0,358.87,43
2025-02-03 13:20:00-05:00,358.64,358.76,358.39,358.43,7905.0,358.563,70
2025-02-03 13:25:00-05:00,358.76,359.15,358.58,358.58,6370.0,358.883,59
2025-02-03 13:30:00-05:00,358.78,359.47,358.78,359.47,1504.0,358.999,15
2025-02-03 13:35:00-05:00,359.33,359.79,359.32,359.61,2373.0,359.501,20
2025-02-03 13:40:00-05:00,359.63,360.13,359.47,359.95,10072.0,359.855,76
2025-02-03 13:45:00-05:00,360.18,360.6,359.94,360.4,8053.0,360.404,64
2025-02-03 13:50:00-05:00,360.4,360.61,360.36,360.5,21523.0,360.478,169
2025-02-03 13:55:00-05:00,360.5,360.63,360.39,360.54,21119.0,360.536,171
2025-02-03 14:00:00-05:00,360.54,361.27,360.53,361.27,26961.0,360.829,179
2025-02-03 14:05:00-05:00,361.27,361.62,361.2,361.62,21741.0,361.362,137
2025-02-03 14:10:00-05:00,361.52,361.9,361.41,361.79,13066.0,361.717,93
2025-02-03 14:15:00-05:00,361.95,362.4,361.95,362.22,16742.0,362.192,125
2025-02-03 14:20:00-05:00,362.23,362.39,362.09,362.26,14410.0,362.231,125
2025-02-03 14:25:00-05:00,362.24,362.4,362.13,362.22,16462.0,362.275,144
2025-02-03 14:30:00-05:00,362.22,362.35,361.16,361.5,24004.0,362.018,185
2025-02-03 14:35:00-05:00,361.05,361.38,360.4,360.41,3105.0,360.934,27
2025-02-03 14:40:00-05:00,360.45,361.46,360.45,361.46,7804.0,360.927,69
2025-02-03 14:45:00-05:00,361.38,361.87,361.31,361.67,40099.0,361.576,284
2025-02-03 14:50:00-05:00,361.73,361.73,361.23,361.46,6196.0,361.57,43
2025-02-03 14:55:00-05:00,361.46,361.62,361.21,361.61,5805.0,361.423,49
2025-02-03 15:00:00-05:00,361.47,361.62,361.46,361.5,3822.0,361.519,28
2025-02-03 15:05:00-05:00,361.5,361.56,360.91,360.91,3908.0,361.296,35
2025-02-03 15:10:00-05:00,360.93,360.99,360.6,360.83,6527.0,360.781,53
2025-02-03 15:15:00-05:00,360.84,360.93,360.17,360.49,8990.0,360.539,67
2025-02-03 15:20:00-05:00,360.6,360.68,359.87,359.94,7842.0,360.289,56
2025-02-03 15:25:00-05:00,359.94,360.07,359.26,359.33,7084.0,359.732,64
2025-02-03 15:30:00-05:00,359.33,359.92,359.29,359.92,3700.0,359.598,33
2025-02-03 15:35:00-05:00,359.8,360.06,359.4,359.4,6144.0,359.8,48
2025-02-03 15:40:00-05:00,359.63,359.86,359.41,359.5,6445.0,359.602,53
2025-02-03 15:45:00-05:00,359.5,359.94,359.25,359.8,24392.0,359.55,171
2025-02-03 15:50:00-05:00,360.0,360.41,359.22,360.26,36814.0,359.939,295
2025-02-03 15:55:00-05:00,360.33,360.95,360.1,360.52,105636.0,360.61,790
2025-02-04 09:30:00-05:00,365.15,365.68,361.85,362.45,42649.0,364.853,60
2025-02-04 09:35:00-05:00,361.86,362.2,359.14,359.93,8937.0,360.568,70
2025-02-04 09:40:00-05:00,359.28,360.19,358.75,359.25,4067.0,359.278,38
2025-02-04 09:45:00-05:00,358.11,359.65,358.11,358.99,10157.0,358.765,68
2025-02-04 09:50:00-05:00,358.31,359.17,358.16,358.62,5307.0,358.713,34
2025-02-04 09:55:00-05:00,358.62,358.71,357.35,357.35,11693.0,357.976,57
2025-02-04 10:00:00-05:00,357.95,358.59,357.3,358.59,13128.0,357.996,121
2025-02-04 10:05:00-05:00,358.59,359.66,358.59,359.34,14915.0,359.192,62
2025-02-04 10:10:00-05:00,358.96,359.78,358.9,359.25,17682.0,359.234,102
2025-02-04 10:15:00-05:00,359.25,359.3,358.53,358.53,2396.0,358.942,22
2025-02-04 10:20:00-05:00,358.63,359.67,358.63,359.49,10126.0,359.153,78
2025-02-04 10:25:00-05:00,359.27,359.4,358.37,358.81,6340.0,358.818,54
2025-02-04 10:30:00-05:00,358.82,359.38,358.52,359.04,6635.0,359.001,65
2025-02-04 10:35:00-05:00,359.23,359.23,358.31,358.34,2873.0,358.669,25
2025-02-04 10:40:00-05:00,358.56,358.8,358.56,358.66,2788.0,358.716,16
2025-02-04 10:45:00-05:00,358.68,359.62,358.6,359.58,4044.0,359.054,38
2025-02-04 10:50:00-05:00,359.54,359.66,358.74,359.03,7798.0,359.296,68
2025-02-04 10:55:00-05:00,359.09,359.09,357.89,357.9,2143.0,358.619,21
2025-02-04 11:00:00-05:00,357.87,358.34,357.64,357.78,9106.0,358.088,79
2025-02-04 11:05:00-05:00,358.34,358.99,357.73,358.47,13776.0,358.331,115
2025-02-04 11:10:00-05:00,358.47,358.94,358.38,358.56,2971.0,358.683,25
2025-02-04 11:15:00-05:00,358.59,358.68,358.24,358.62,2079.0,358.57,17
2025-02-04 11:20:00-05:00,358.62,359.2,358.26,358.8,6053.0,358.957,54
2025-02-04 11:25:00-05:00,358.62,358.66,358.16,358.51,2240.0,358.427,17
2025-02-04 11:30:00-05:00,358.51,358.82,358.29,358.82,1162.0,358.581,9
2025-02-04 11:35:00-05:00,358.49,358.94,358.49,358.65,3267.0,358.776,22
2025-02-04 11:40:00-05:00,358.65,358.77,357.7,358.01,4140.0,358.219,40
2025-02-04 11:45:00-05:00,358.02,358.02,357.35,357.36,3050.0,357.653,19
2025-02-04 11:50:00-05:00,357.55,357.58,357.09,357.23,9225.0,357.352,70
2025-02-04 11:55:00-05:00,357.13,357.36,356.84,357.27,19859.0,357.136,162
2025-02-04 12:00:00-05:00,357.35,357.35,357.06,357.08,3747.0,357.213,33
2025-02-04 12:05:00-05:00,357.09,357.18,356.57,356.9,5136.0,356.963,38
2025-02-04 12:10:00-05:00,357.09,357.11,356.6,356.6,3787.0,356.92,31
2025-02-04 12:15:00-05:00,356.86,357.14,356.26,356.58,5853.0,356.643,49
2025-02-04 12:20:00-05:00,356.71,356.82,356.39,356.6,1900.0,356.647,15
2025-02-04 12:25:00-05:00,356.6,356.74,355.98,355.98,4571.0,356.41,35
2025-02-04 12:30:00-05:00,356.02,356.11,355.97,356.11,1227.0,356.02,10
2025-02-04 12:35:00-05:00,356.3,356.73,356.09,356.49,8997.0,356.419,85
2025-02-04 12:40:00-05:00,356.63,357.1,356.47,357.03,7457.0,356.77,61
2025-02-04 12:45:00-05:00,356.96,357.35,356.96,357.09,760.0,357.124,7
2025-02-04 12:50:00-05:00,357.09,357.11,355.85,356.25,17445.0,356.405,89
2025-02-04 12:55:00-05:00,356.25,356.63,356.25,356.38,6527.0,356.281,12
2025-02-04 13:00:00-05:00,356.59,356.75,355.83,355.89,10989.0,356.518,55
2025-02-04 13:05:00-05:00,355.88,356.07,355.65,355.75,4296.0,355.843,33
2025-02-04 13:10:00-05:00,355.76,356.25,355.66,356.17,19740.0,356.047,126
2025-02-04 13:15:00-05:00,356.4,356.55,356.14,356.38,11552.0,356.282,90
2025-02-04 13:20:00-05:00,356.36,356.57,356.19,356.19,3055.0,356.388,26
2025-02-04 13:25:00-05:00,356.36,356.72,356.22,356.27,12348.0,356.467,92
2025-02-04 13:30:00-05:00,356.35,356.45,356.2,356.2,2136.0,356.359,18
2025-02-04 13:35:00-05:00,356.19,356.19,355.77,355.77,2500.0,355.983,25
2025-02-04 13:40:00-05:00,355.75,355.75,355.14,355.17,10545.0,355.37,76
2025-02-04 13:45:00-05:00,355.27,355.8,355.27,355.77,5573.0,355.526,53
2025-02-04 13:50:00-05:00,355.79,355.83,355.62,355.77,2432.0,355.74,23
2025-02-04 13:55:00-05:00,355.75,355.82,355.65,355.74,1323.0,355.739,13
2025-02-04 14:00:00-05:00,355.73,356.37,355.64,356.16,10133.0,355.882,79
2025-02-04 14:05:00-05:00,356.14,356.41,356.14,356.32,3262.0,356.32,30
2025-02-04 14:10:00-05:00,356.41,356.54,356.32,356.47,2374.0,356.462,20
2025-02-04 14:15:00-05:00,356.47,356.61,356.37,356.53,5496.0,356.485,48
2025-02-04 14:20:00-05:00,356.5,356.62,356.45,356.59,3123.0,356.53,26
2025-02-04 14:25:00-05:00,356.51,356.51,356.36,356.37,3360.0,356.415,27
2025-02-04 14:30:00-05:00,356.62,356.8,356.47,356.74,6181.0,356.67,42
2025-02-04 14:35:00-05:00,356.74,357.02,356.61,357.02,16401.0,356.743,140
2025-02-04 14:40:00-05:00,357.02,357.2,356.78,356.81,4692.0,357.06,31
2025-02-04 14:45:00-05:00,356.69,356.72,356.27,356.42,3326.0,356.503,24
2025-02-04 14:50:00-05:00,356.39,356.49,356.31,356.43,3400.0,356.412,30
2025-02-04 14:55:00-05:00,356.4,356.55,355.56,355.94,14335.0,356.22,134
2025-02-04 15:00:00-05:00,355.86,356.09,355.84,356.02,6601.0,355.98,61
2025-02-04 15:05:00-05:00,356.03,356.14,355.8,355.94,28850.0,355.977,184
2025-02-04 15:10:00-05:00,355.91,356.29,355.89,356.18,6638.0,356.109,51
2025-02-04 15:15:00-05:00,356.18,356.24,355.5,355.76,10042.0,355.815,76
2025-02-04 15:20:00-05:00,355.76,355.95,355.46,355.47,6393.0,355.765,46
2025-02-04 15:25:00-05:00,355.59,355.75,355.36,355.62,8909.0,355.593,79
2025-02-04 15:30:00-05:00,355.62,355.84,355.61,355.74,10497.0,355.729,85
2025-02-04 15:35:00-05:00,355.83,356.13,355.64,356.07,13794.0,355.83,124
2025-02-04 15:40:00-05:00,356.23,356.23,355.84,355.84,6939.0,356.057,67
2025-02-04 15:45:00-05:00,355.71,355.82,355.29,355.29,8085.0,355.581,72
2025-02-04 15:50:00-05:00,355.38,355.99,355.19,355.31,36547.0,355.484,315
2025-02-04 15:55:00-05:00,355.27,355.65,354.93,355.44,76144.0,355.351,597
2025-02-05 09:30:00-05:00,359.88,359.88,357.42,358.68,17975.0,359.734,31
2025-02-05 09:35:00-05:00,358.33,358.49,356.76,356.76,5933.0,357.967,47
2025-02-05 09:40:00-05:00,357.31,357.56,356.76,356.78,4204.0,357.217,42
2025-02-05 09:45:00-05:00,357.1,357.74,356.74,356.75,4200.0,357.33,42
2025-02-05 09:50:00-05:00,356.71,357.26,355.59,356.27,4053.0,356.477,29
2025-02-05 09:55:00-05:00,356.24,356.42,354.96,355.85,6860.0,355.792,56
2025-02-05 10:00:00-05:00,356.51,356.56,354.88,355.03,8013.0,355.761,73
2025-02-05 10:05:00-05:00,354.93,356.01,354.71,355.87,14258.0,355.258,127
2025-02-05 10:10:00-05:00,356.06,356.47,355.41,356.44,4664.0,355.918,45
2025-02-05 10:15:00-05:00,356.86,356.86,355.6,355.61,5844.0,356.12,45
2025-02-05 10:20:00-05:00,355.84,355.84,354.8,355.46,16349.0,355.321,62
2025-02-05 10:25:00-05:00,355.5,355.99,355.5,355.54,3423.0,355.711,27
2025-02-05 10:30:00-05:00,355.62,355.67,354.36,355.17,7307.0,355.096,63
2025-02-05 10:35:00-05:00,355.18,355.95,355.18,355.51,15291.0,355.621,117
2025-02-05 10:40:00-05:00,355.52,356.03,355.08,355.64,4028.0,355.529,39
2025-02-05 10:45:00-05:00,355.55,356.39,355.55,356.27,5286.0,356.083,44
2025-02-05 10:50:00-05:00,356.13,356.16,355.86,355.86,2711.0,355.999,25
2025-02-05 10:55:00-05:00,356.13,356.45,356.04,356.07,3308.0,356.204,32
2025-02-05 11:00:00-05:00,356.03,356.17,355.7,355.88,5672.0,356.003,50
2025-02-05 11:05:00-05:00,355.54,355.85,355.11,355.72,10009.0,355.608,89
2025-02-05 11:10:00-05:00,355.57,356.57,355.52,356.27,9510.0,355.934,83
2025-02-05 11:15:00-05:00,356.51,356.52,355.47,355.47,3258.0,355.796,24
2025-02-05 11:20:00-05:00,355.96,356.18,354.87,356.02,60302.0,355.473,87
2025-02-05 11:25:00-05:00,355.69,356.05,355.46,355.46,4625.0,355.82,32
2025-02-05 11:30:00-05:00,355.76,356.25,355.76,355.98,11577.0,355.95,94
2025-02-05 11:35:00-05:00,355.99,356.47,355.81,356.18,3200.0,356.182,29
2025-02-05 11:40:00-05:00,356.47,356.67,355.9,356.67,3003.0,356.358,25
2025-02-05 11:45:00-05:00,356.68,357.32,356.58,357.13,4090.0,356.971,40
2025-02-05 11:50:00-05:00,357.13,357.33,356.8,357.04,9294.0,356.986,70
2025-02-05 11:55:00-05:00,357.27,357.57,356.69,357.52,49559.0,357.255,35
2025-02-05 12:00:00-05:00,357.66,357.87,357.62,357.66,2663.0,357.722,22
2025-02-05 12:05:00-05:00,357.5,357.5,357.32,357.42,860.0,357.424,7
2025-02-05 12:10:00-05:00,357.66,357.76,357.43,357.56,2133.0,357.551,19
2025-02-05 12:15:00-05:00,357.56,358.16,357.51,358.16,3729.0,357.728,35
2025-02-05 12:20:00-05:00,358.16,358.16,357.92,357.92,2130.0,358.102,12
2025-02-05 12:25:00-05:00,357.92,358.45,357.9,358.25,8051.0,358.116,62
2025-02-05 12:30:00-05:00,358.08,358.58,358.08,358.35,3125.0,358.371,24
2025-02-05 12:35:00-05:00,358.52,359.1,358.38,358.94,8392.0,358.918,42
2025-02-05 12:40:00-05:00,358.95,358.99,358.79,358.92,3360.0,358.908,25
2025-02-05 12:45:00-05:00,358.83,359.73,358.83,359.73,4018.0,359.464,23
2025-02-05 12:50:00-05:00,359.67,359.67,358.97,359.25,4433.0,359.492,40
2025-02-05 12:55:00-05:00,359.26,359.26,359.03,359.25,1430.0,359.218,14
2025-02-05 13:00:00-05:00,359.33,359.86,359.27,359.75,5072.0,359.609,34
2025-02-05 13:05:00-05:00,359.75,360.95,359.55,360.52,43794.0,360.206,362
2025-02-05 13:10:00-05:00,360.71,361.11,360.55,360.88,2834.0,360.858,21
2025-02-05 13:15:00-05:00,360.88,360.88,360.28,360.45,5343.0,360.585,46
2025-02-05 13:20:00-05:00,360.44,360.45,360.01,360.27,3050.0,360.252,25
2025-02-05 13:25:00-05:00,360.32,360.67,360.29,360.67,10087.0,360.493,80
2025-02-05 13:30:00-05:00,360.66,361.03,360.29,361.03,8691.0,360.559,84
2025-02-05 13:35:00-05:00,361.0,361.05,360.47,360.76,4046.0,360.803,32
2025-02-05 13:40:00-05:00,360.75,361.05,360.01,360.15,8193.0,360.666,66
2025-02-05 13:45:00-05:00,360.02,360.14,359.82,359.82,3460.0,359.976,24
2025-02-05 13:50:00-05:00,359.98,360.35,359.87,360.15,3591.0,360.091,25
2025-02-05 13:55:00-05:00,360.15,360.36,359.74,359.94,4724.0,360.055,32
2025-02-05 14:00:00-05:00,359.71,360.01,359.65,359.87,6687.0,359.801,28
2025-02-05 14:05:00-05:00,360.04,360.04,359.66,359.81,8479.0,359.891,54
2025-02-05 14:10:00-05:00,359.81,359.9,359.63,359.84,3715.0,359.807,28
2025-02-05 14:15:00-05:00,359.84,359.92,359.67,359.85,4698.0,359.816,33
2025-02-05 14:20:00-05:00,359.75,359.91,359.45,359.81,5119.0,359.648,39
2025-02-05 14:25:00-05:00,359.7,359.74,359.34,359.4,5132.0,359.484,40
2025-02-05 14:30:00-05:00,359.56,359.73,359.09,359.29,3514.0,359.423,28
2025-02-05 14:35:00-05:00,359.19,359.2,359.06,359.16,2870.0,359.159,15
2025-02-05 14:40:00-05:00,359.16,359.28,358.85,358.85,2907.0,359.113,24
2025-02-05 14:45:00-05:00,358.88,358.89,358.66,358.73,2633.0,358.756,23
2025-02-05 14:50:00-05:00,358.75,358.81,358.5,358.72,4269.0,358.677,33
2025-02-05 14:55:00-05:00,358.83,359.02,358.76,358.92,4580.0,358.852,33
2025-02-05 15:00:00-05:00,359.02,359.3,358.85,359.0,5220.0,359.119,47
2025-02-05 15:05:00-05:00,359.08,359.16,358.9,359.11,4512.0,359.04,33
2025-02-05 15:10:00-05:00,359.19,359.28,358.79,358.91,4115.0,358.988,37
2025-02-05 15:15:00-05:00,358.92,358.98,358.61,358.83,3260.0,358.812,30
2025-02-05 15:20:00-05:00,358.75,358.88,358.65,358.81,5339.0,358.771,43
2025-02-05 15:25:00-05:00,358.79,358.89,358.29,358.48,4969.0,358.63,45
2025-02-05 15:30:00-05:00,358.47,358.68,358.25,358.38,8609.0,358.448,77
2025-02-05 15:35:00-05:00,358.18,358.48,358.04,358.26,7248.0,358.265,57
2025-02-05 15:40:00-05:00,358.25,358.44,357.58,357.62,28940.0,358.029,193
2025-02-05 15:45:00-05:00,357.56,357.73,357.26,357.4,10223.0,357.485,82
2025-02-05 15:50:00-05:00,357.47,357.55,356.81,356.93,11610.0,357.175,100
2025-02-05 15:55:00-05:00,357.01,357.82,356.88,357.82,77597.0,357.371,561
2025-02-06 09:30:00-05:00,358.73,360.27,358.01,359.6,26273.0,359.006,67
2025-02-06 09:35:00-05:00,359.83,359.97,357.16,357.96,6951.0,358.243,61
2025-02-06 09:40:00-05:00,358.47,359.62,358.43,359.03,7302.0,359.106,62
2025-02-06 09:45:00-05:00,359.03,360.41,358.75,358.97,5375.0,359.489,49
2025-02-06 09:50:00-05:00,359.49,360.21,358.69,358.69,3469.0,359.393,31
2025-02-06 09:55:00-05:00,358.52,358.91,357.77,358.67,6376.0,358.542,57
2025-02-06 10:00:00-05:00,358.38,358.66,358.01,358.39,7850.0,358.304,71
2025-02-06 10:05:00-05:00,358.38,359.22,358.36,358.47,9217.0,358.787,85
2025-02-06 10:10:00-05:00,358.87,359.31,358.55,358.71,11259.0,359.063,86
2025-02-06 10:15:00-05:00,358.92,358.92,358.45,358.72,6968.0,358.757,64
2025-02-06 10:20:00-05:00,358.72,358.9,357.11,357.38,6025.0,358.219,52
2025-02-06 10:25:00-05:00,357.35,357.51,356.67,356.67,7623.0,357.177,48
2025-02-06 10:30:00-05:00,356.88,357.0,356.34,356.49,17834.0,356.676,102
2025-02-06 10:35:00-05:00,356.42,356.73,355.88,356.01,19454.0,356.33,98
2025-02-06 10:40:00-05:00,355.96,356.34,355.9,356.34,7997.0,356.169,35
2025-02-06 10:45:00-05:00,356.01,356.02,355.48,355.75,2132.0,355.759,16
2025-02-06 10:50:00-05:00,355.79,356.15,355.57,356.12,7429.0,355.942,36
2025-02-06 10:55:00-05:00,356.07,356.29,355.79,355.81,5963.0,356.118,20
2025-02-06 11:00:00-05:00,355.69,356.99,355.34,356.98,7669.0,355.774,35
2025-02-06 11:05:00-05:00,356.44,356.73,356.12,356.44,4964.0,356.49,37
2025-02-06 11:10:00-05:00,356.44,357.68,356.43,357.53,7334.0,357.133,61
2025-02-06 11:15:00-05:00,357.76,357.86,357.37,357.62,3042.0,357.65,23
2025-02-06 11:20:00-05:00,357.45,357.71,357.34,357.51,1932.0,357.477,17
2025-02-06 11:25:00-05:00,357.51,357.72,357.49,357.56,3918.0,357.582,28
2025-02-06 11:30:00-05:00,357.59,357.73,357.2,357.27,2189.0,357.51,15
2025-02-06 11:35:00-05:00,357.48,357.78,357.26,357.6,5164.0,357.56,38
2025-02-06 11:40:00-05:00,357.53,357.53,357.43,357.43,314.0,357.462,2
2025-02-06 11:45:00-05:00,357.27,357.64,357.23,357.64,3654.0,357.354,25
2025-02-06 11:50:00-05:00,357.49,357.74,357.24,357.74,2331.0,357.409,20
2025-02-06 11:55:00-05:00,357.5,357.51,357.27,357.35,2091.0,357.381,17
2025-02-06 12:00:00-05:00,356.95,357.8,356.79,357.73,6319.0,357.176,48
2025-02-06 12:05:00-05:00,357.63,357.79,357.36,357.79,2270.0,357.566,19
2025-02-06 12:10:00-05:00,357.86,357.95,357.66,357.95,3442.0,357.791,23
2025-02-06 12:15:00-05:00,357.73,357.95,357.72,357.78,1426.0,357.773,11
2025-02-06 12:20:00-05:00,357.83,357.83,357.56,357.75,1556.0,357.733,13
2025-02-06 12:25:00-05:00,357.55,357.55,357.42,357.52,3100.0,357.456,12
2025-02-06 12:30:00-05:00,357.33,357.56,357.08,357.33,2934.0,357.35,27
2025-02-06 12:35:00-05:00,357.58,357.65,357.58,357.65,400.0,357.598,4
2025-02-06 12:40:00-05:00,357.71,357.71,357.61,357.61,1170.0,357.646,6
2025-02-06 12:45:00-05:00,357.61,357.61,357.26,357.44,2179.0,357.428,18
2025-02-06 12:50:00-05:00,357.42,357.48,357.16,357.42,2337.0,357.378,16
2025-02-06 12:55:00-05:00,357.67,357.67,357.22,357.38,8461.0,357.308,40
2025-02-06 13:00:00-05:00,357.38,357.38,357.21,357.38,300.0,357.325,3
2025-02-06 13:05:00-05:00,357.38,357.4,357.0,357.02,2408.0,357.186,16
2025-02-06 13:10:00-05:00,357.16,357.21,356.91,357.16,3957.0,357.079,29
2025-02-06 13:15:00-05:00,357.15,357.15,356.7,357.09,2755.0,356.986,15
2025-02-06 13:20:00-05:00,356.7,356.88,355.82,355.9,5659.0,356.249,48
2025-02-06 13:25:00-05:00,355.72,356.04,355.72,356.04,939.0,355.86,8
2025-02-06 13:30:00-05:00,356.09,356.16,356.02,356.02,500.0,356.064,5
2025-02-06 13:35:00-05:00,356.19,356.19,355.7,355.7,600.0,355.904,6
2025-02-06 13:40:00-05:00,355.72,356.15,355.13,355.13,2746.0,355.732,24
2025-02-06 13:45:00-05:00,354.85,355.8,354.77,355.8,4000.0,355.186,35
2025-02-06 13:50:00-05:00,355.58,355.64,355.24,355.24,712.0,355.481,7
2025-02-06 13:55:00-05:00,355.4,355.8,355.24,355.69,2487.0,355.501,19
2025-02-06 14:00:00-05:00,355.85,356.09,355.68,355.86,3430.0,355.893,15
2025-02-06 14:05:00-05:00,355.79,355.92,355.68,355.81,587.0,355.811,5
2025-02-06 14:10:00-05:00,355.83,356.01,355.66,355.71,1937.0,355.875,19
2025-02-06 14:15:00-05:00,355.52,356.06,355.52,355.78,1476.0,355.872,12
2025-02-06 14:20:00-05:00,355.96,355.97,355.62,355.83,2272.0,355.779,17
2025-02-06 14:25:00-05:00,355.8,355.8,355.52,355.56,1353.0,355.609,11
2025-02-06 14:30:00-05:00,355.37,355.44,355.0,355.38,1815.0,355.264,18
2025-02-06 14:35:00-05:00,355.37,355.75,355.16,355.53,4266.0,355.496,35
2025-02-06 14:40:00-05:00,355.56,355.69,355.34,355.69,649.0,355.538,5
2025-02-06 14:45:00-05:00,355.6,356.13,355.35,356.12,4559.0,355.686,28
2025-02-06 14:50:00-05:00,356.44,356.62,356.38,356.38,1029.0,356.539,9
2025-02-06 14:55:00-05:00,356.42,356.44,356.16,356.18,1870.0,356.24,11
2025-02-06 15:00:00-05:00,356.19,356.43,356.13,356.22,2621.0,356.257,21
2025-02-06 15:05:00-05:00,356.41,356.55,356.31,356.31,2336.0,356.435,12
2025-02-06 15:10:00-05:00,356.38,356.72,356.33,356.61,7770.0,356.55,53
2025-02-06 15:15:00-05:00,356.67,356.97,356.65,356.88,2996.0,356.785,22
2025-02-06 15:20:00-05:00,357.06,357.21,356.91,356.99,3651.0,357.051,27
2025-02-06 15:25:00-05:00,357.04,357.15,356.91,357.04,2094.0,357.012,17
2025-02-06 15:30:00-05:00,357.04,357.17,356.77,356.77,3252.0,356.951,26
2025-02-06 15:35:00-05:00,356.74,356.9,356.66,356.74,7984.0,356.743,53
2025-02-06 15:40:00-05:00,356.78,357.03,356.76,356.81,5842.0,356.908,42
2025-02-06 15:45:00-05:00,356.67,357.1,356.6,357.1,4841.0,356.903,33
2025-02-06 15:50:00-05:00,357.19,358.01,356.94,357.05,14415.0,357.453,109
2025-02-06 15:55:00-05:00,357.3,357.7,356.52,357.68,59098.0,357.085,434
2025-02-07 09:30:00-05:00,359.2,359.2,357.35,358.36,15274.0,358.923,27
2025-02-07 09:35:00-05:00,358.52,358.53,357.85,358.03,4066.0,358.229,38
2025-02-07 09:40:00-05:00,357.92,359.39,357.92,359.03,13473.0,358.714,46
2025-02-07 09:45:00-05:00,359.46,359.88,359.41,359.79,3964.0,359.611,29
2025-02-07 09:50:00-05:00,359.44,359.82,359.38,359.59,3319.0,359.551,23
2025-02-07 09:55:00-05:00,359.35,359.6,359.22,359.24,2776.0,359.448,19
2025-02-07 10:00:00-05:00,359.01,359.47,357.39,357.39,5358.0,357.951,46
2025-02-07 10:05:00-05:00,357.16,357.51,356.76,357.12,8009.0,357.162,51
2025-02-07 10:10:00-05:00,357.15,357.15,355.5,355.57,9603.0,356.237,38
2025-02-07 10:15:00-05:00,356.05,356.25,355.62,356.16,1757.0,356.038,16
2025-02-07 10:20:00-05:00,356.09,356.55,355.66,356.55,1357.0,356.194,10
2025-02-07 10:25:00-05:00,356.82,356.91,355.95,355.95,4960.0,356.617,42
2025-02-07 10:30:00-05:00,355.95,356.47,355.51,355.98,6239.0,355.954,56
2025-02-07 10:35:00-05:00,355.94,356.06,355.31,355.53,7078.0,355.741,53
2025-02-07 10:40:00-05:00,355.59,355.8,355.26,355.26,2366.0,355.487,19
2025-02-07 10:45:00-05:00,355.56,355.62,355.22,355.38,1814.0,355.388,16
2025-02-07 10:50:00-05:00,355.4,355.74,354.23,354.39,17506.0,355.007,158
2025-02-07 10:55:00-05:00,354.4,355.21,354.07,354.89,3224.0,354.73,32
2025-02-07 11:00:00-05:00,355.0,355.13,354.7,354.83,2485.0,354.864,23
2025-02-07 11:05:00-05:00,354.82,355.73,354.5,355.63,3768.0,355.227,34
2025-02-07 11:10:00-05:00,355.24,355.59,354.63,355.09,14361.0,354.92,59
2025-02-07 11:15:00-05:00,355.1,356.51,354.89,356.18,12287.0,355.862,101
2025-02-07 11:20:00-05:00,356.31,356.73,355.65,355.69,5059.0,356.122,48
2025-02-07 11:25:00-05:00,355.54,355.67,355.0,355.0,2512.0,355.31,24
2025-02-07 11:30:00-05:00,355.24,355.83,355.06,355.06,4246.0,355.428,36
2025-02-07 11:35:00-05:00,355.44,355.45,354.82,354.97,2476.0,355.223,24
2025-02-07 11:40:00-05:00,355.01,355.21,354.79,354.79,800.0,354.957,7
2025-02-07 11:45:00-05:00,354.91,354.91,354.57,354.57,1695.0,354.723,16
2025-02-07 11:50:00-05:00,354.65,354.65,354.45,354.55,1162.0,354.535,11
2025-02-07 11:55:00-05:00,354.82,354.94,354.33,354.34,9016.0,354.682,75
2025-02-07 12:00:00-05:00,354.27,354.42,353.66,353.75,2712.0,354.028,25
2025-02-07 12:05:00-05:00,353.52,354.59,353.52,354.28,8622.0,354.207,75
2025-02-07 12:10:00-05:00,354.23,354.99,354.02,354.75,7377.0,354.59,42
2025-02-07 12:15:00-05:00,354.91,354.99,353.49,354.36,7045.0,354.225,45
2025-02-07 12:20:00-05:00,354.36,355.22,354.11,354.78,3600.0,354.764,36
2025-02-07 12:25:00-05:00,354.49,354.59,354.34,354.5,2000.0,354.506,20
2025-02-07 12:30:00-05:00,354.29,354.64,354.0,354.04,4764.0,354.434,44
2025-02-07 12:35:00-05:00,353.95,354.75,353.95,354.74,4339.0,354.529,39
2025-02-07 12:40:00-05:00,354.54,354.76,354.52,354.63,800.0,354.623,8
2025-02-07 12:45:00-05:00,354.69,355.11,354.67,355.0,1763.0,354.816,17
2025-02-07 12:50:00-05:00,355.27,355.27,354.86,355.01,1110.0,355.023,11
2025-02-07 12:55:00-05:00,355.03,355.19,354.66,354.76,4097.0,355.035,35
2025-02-07 13:00:00-05:00,354.65,354.77,354.5,354.58,2840.0,354.613,19
2025-02-07 13:05:00-05:00,354.42,355.17,354.4,355.08,4680.0,354.775,43
2025-02-07 13:10:00-05:00,355.21,355.57,355.09,355.41,1932.0,355.276,17
2025-02-07 13:15:00-05:00,355.66,355.73,355.66,355.73,500.0,355.703,5
2025-02-07 13:20:00-05:00,355.73,355.8,355.41,355.48,5480.0,355.635,47
2025-02-07 13:25:00-05:00,355.84,355.99,355.58,355.91,1820.0,355.826,14
2025-02-07 13:30:00-05:00,355.87,356.17,355.65,356.17,2771.0,355.898,26
2025-02-07 13:35:00-05:00,356.22,356.58,356.07,356.57,3352.0,356.359,27
2025-02-07 13:40:00-05:00,356.58,356.59,355.84,355.93,10818.0,356.159,54
2025-02-07 13:45:00-05:00,355.88,355.98,355.69,355.98,2000.0,355.885,16
2025-02-07 13:50:00-05:00,355.68,356.18,355.68,356.11,15820.0,355.943,117
2025-02-07 13:55:00-05:00,356.11,356.43,356.02,356.37,6027.0,356.217,57
2025-02-07 14:00:00-05:00,356.34,356.61,356.11,356.6,20335.0,356.329,150
2025-02-07 14:05:00-05:00,356.72,357.18,356.67,357.18,4762.0,356.833,27
2025-02-07 14:10:00-05:00,356.98,357.43,356.93,357.43,7268.0,357.101,59
2025-02-07 14:15:00-05:00,357.5,357.5,356.79,356.79,12690.0,357.083,62
2025-02-07 14:20:00-05:00,356.96,357.01,356.24,356.24,4610.0,356.567,43
2025-02-07 14:25:00-05:00,356.33,356.33,355.78,355.83,33514.0,355.992,55
2025-02-07 14:30:00-05:00,355.82,355.82,355.39,355.63,10483.0,355.538,84
2025-02-07 14:35:00-05:00,355.71,355.77,355.5,355.69,6389.0,355.648,49
2025-02-07 14:40:00-05:00,355.69,356.14,355.5,356.0,14080.0,355.706,123
2025-02-07 14:45:00-05:00,355.99,356.11,355.77,355.79,4327.0,355.896,40
2025-02-07 14:50:00-05:00,355.79,355.88,355.35,355.46,6264.0,355.664,51
2025-02-07 14:55:00-05:00,355.4,355.55,355.02,355.09,7482.0,355.321,60
2025-02-07 15:00:00-05:00,355.23,355.42,354.19,354.25,8001.0,354.593,72
2025-02-07 15:05:00-05:00,354.26,354.49,353.9,354.15,15643.0,354.213,125
2025-02-07 15:10:00-05:00,354.26,354.31,353.26,353.31,9072.0,353.761,78
2025-02-07 15:15:00-05:00,353.17,354.33,353.16,354.33,13186.0,353.644,101
2025-02-07 15:20:00-05:00,354.44,354.79,354.25,354.69,6009.0,354.618,51
2025-02-07 15:25:00-05:00,354.54,354.78,354.33,354.5,5501.0,354.503,48
2025-02-07 15:30:00-05:00,354.75,355.43,354.63,355.3,13495.0,354.968,119
2025-02-07 15:35:00-05:00,355.49,355.93,355.29,355.42,7480.0,355.603,56
2025-02-07 15:40:00-05:00,355.38,355.49,355.14,355.14,20284.0,355.359,169
2025-02-07 15:45:00-05:00,355.13,355.61,355.1,355.46,8650.0,355.354,84
2025-02-07 15:50:00-05:00,355.56,356.25,355.56,355.79,14037.0,355.854,127
2025-02-07 15:55:00-05:00,355.72,356.34,355.67,356.07,56663.0,356.046,462
2025-02-10 09:30:00-05:00,358.0,359.42,355.51,356.41,41765.0,357.629,183
2025-02-10 09:35:00-05:00,355.66,356.01,355.12,355.97,11504.0,355.647,92
2025-02-10 09:40:00-05:00,355.86,355.86,354.54,355.37,17907.0,355.398,74
2025-02-10 09:45:00-05:00,355.24,355.24,353.3,354.17,18377.0,354.22,163
2025-02-10 09:50:00-05:00,353.92,354.28,353.07,354.08,15504.0,353.725,118
2025-02-10 09:55:00-05:00,354.09,354.12,353.54,354.07,5013.0,353.802,45
2025-02-10 10:00:00-05:00,353.81,355.24,353.8,355.24,12885.0,354.712,50
2025-02-10 10:05:00-05:00,355.23,356.0,355.23,355.63,7797.0,355.573,56
2025-02-10 10:10:00-05:00,355.6,355.63,352.92,354.3,35684.0,353.989,282
2025-02-10 10:15:00-05:00,354.38,354.65,353.56,353.96,16116.0,354.157,143
2025-02-10 10:20:00-05:00,354.15,355.59,353.69,355.49,20011.0,354.434,178
2025-02-10 10:25:00-05:00,355.33,355.52,354.49,355.52,15811.0,355.022,138
2025-02-10 10:30:00-05:00,355.1,355.9,355.05,355.61,11647.0,355.529,85
2025-02-10 10:35:00-05:00,355.8,356.2,355.51,355.92,15254.0,355.881,135
2025-02-10 10:40:00-05:00,355.91,356.29,355.13,355.18,16437.0,355.687,142
2025-02-10 10:45:00-05:00,355.54,357.53,355.26,357.53,8319.0,356.313,76
2025-02-10 10:50:00-05:00,357.52,357.83,357.2,357.38,6573.0,357.465,61
2025-02-10 10:55:00-05:00,357.31,357.45,357.06,357.07,3693.0,357.26,33
2025-02-10 11:00:00-05:00,357.38,357.66,356.71,356.91,10424.0,357.349,58
2025-02-10 11:05:00-05:00,357.09,357.09,356.63,357.01,3700.0,356.892,35
2025-02-10 11:10:00-05:00,357.01,357.66,357.0,357.01,6365.0,357.269,56
2025-02-10 11:15:00-05:00,357.18,357.18,356.63,356.81,4188.0,356.82,30
2025-02-10 11:20:00-05:00,356.7,357.24,356.17,357.21,4756.0,356.708,42
2025-02-10 11:25:00-05:00,357.24,357.55,356.98,357.01,5314.0,357.239,39
2025-02-10 11:30:00-05:00,357.26,357.26,356.73,357.25,4532.0,356.989,30
2025-02-10 11:35:00-05:00,357.31,357.96,357.29,357.74,5035.0,357.505,43
2025-02-10 11:40:00-05:00,357.89,357.96,357.74,357.75,3288.0,357.871,30
2025-02-10 11:45:00-05:00,357.95,358.26,357.76,358.23,3210.0,357.978,29
2025-02-10 11:50:00-05:00,358.04,358.26,357.69,357.69,4101.0,358.002,37
2025-02-10 11:55:00-05:00,357.5,358.06,357.42,357.75,4091.0,357.75,36
2025-02-10 12:00:00-05:00,357.78,357.78,357.1,357.11,1887.0,357.373,17
2025-02-10 12:05:00-05:00,357.1,357.24,357.0,357.24,1033.0,357.19,10
2025-02-10 12:10:00-05:00,357.25,357.26,356.66,357.16,6073.0,356.905,47
2025-02-10 12:15:00-05:00,357.11,357.45,357.04,357.24,4655.0,357.227,42
2025-02-10 12:20:00-05:00,357.41,357.72,357.24,357.72,3500.0,357.36,31
2025-02-10 12:25:00-05:00,357.68,357.72,357.5,357.51,2701.0,357.593,24
2025-02-10 12:30:00-05:00,357.72,358.11,357.71,358.11,2751.0,357.96,25
2025-02-10 12:35:00-05:00,358.28,358.85,358.06,358.21,4861.0,358.452,42
2025-02-10 12:40:00-05:00,358.22,358.63,358.16,358.22,5588.0,358.396,42
2025-02-10 12:45:00-05:00,358.17,359.21,358.16,359.2,24464.0,358.994,92
2025-02-10 12:50:00-05:00,359.2,360.46,358.96,360.28,40402.0,359.872,312
2025-02-10 12:55:00-05:00,360.15,361.09,360.07,360.76,9812.0,360.37,95
2025-02-10 13:00:00-05:00,360.77,361.62,360.19,360.56,33783.0,361.042,292
2025-02-10 13:05:00-05:00,360.64,360.89,360.29,360.4,5131.0,360.531,48
2025-02-10 13:10:00-05:00,360.62,360.95,360.42,360.71,5498.0,360.7,34
2025-02-10 13:15:00-05:00,360.82,361.3,360.76,360.97,3425.0,360.991,31
2025-02-10 13:20:00-05:00,361.07,361.28,360.45,360.46,4350.0,360.882,42
2025-02-10 13:25:00-05:00,360.59,360.95,360.55,360.61,5898.0,360.733,48
2025-02-10 13:30:00-05:00,360.6,361.16,360.54,361.1,5497.0,360.767,43
2025-02-10 13:35:00-05:00,360.99,361.42,360.95,361.41,8620.0,361.077,50
2025-02-10 13:40:00-05:00,361.46,361.5,361.15,361.5,4164.0,361.328,40
2025-02-10 13:45:00-05:00,361.47,361.51,360.98,361.11,6373.0,361.176,55
2025-02-10 13:50:00-05:00,361.29,361.69,361.29,361.68,6241.0,361.491,46
2025-02-10 13:55:00-05:00,361.67,361.91,361.41,361.51,4906.0,361.658,43
2025-02-10 14:00:00-05:00,361.54,361.58,361.3,361.56,3729.0,361.446,36
2025-02-10 14:05:00-05:00,361.54,362.09,361.32,362.09,3550.0,361.494,26
2025-02-10 14:10:00-05:00,361.99,362.27,361.77,362.27,6730.0,361.998,60
2025-02-10 14:15:00-05:00,362.22,362.26,361.59,361.68,4105.0,361.903,39
2025-02-10 14:20:00-05:00,361.67,361.68,360.73,360.73,6439.0,361.374,61
2025-02-10 14:25:00-05:00,360.75,361.06,360.75,360.91,7030.0,360.916,60
2025-02-10 14:30:00-05:00,361.06,361.13,360.81,360.84,7443.0,360.95,63
2025-02-10 14:35:00-05:00,360.87,361.11,360.8,360.97,8335.0,360.954,65
2025-02-10 14:40:00-05:00,360.97,361.17,360.86,361.12,5720.0,361.021,49
2025-02-10 14:45:00-05:00,361.16,361.4,361.05,361.22,7134.0,361.203,63
2025-02-10 14:50:00-05:00,361.17,361.32,360.92,360.92,7786.0,361.1,72
2025-02-10 14:55:00-05:00,361.0,361.01,360.65,360.69,4456.0,360.791,42
2025-02-10 15:00:00-05:00,360.64,360.64,360.12,360.23,14396.0,360.332,133
2025-02-10 15:05:00-05:00,360.23,360.37,360.01,360.27,12961.0,360.183,107
2025-02-10 15:10:00-05:00,360.28,360.46,360.11,360.23,7357.0,360.283,65
2025-02-10 15:15:00-05:00,360.24,360.35,359.88,360.12,8619.0,360.121,72
2025-02-10 15:20:00-05:00,360.1,360.23,359.97,360.08,3723.0,360.116,24
2025-02-10 15:25:00-05:00,360.08,360.15,359.81,360.0,6247.0,359.984,50
2025-02-10 15:30:00-05:00,360.0,360.11,359.79,360.02,10191.0,359.936,78
2025-02-10 15:35:00-05:00,359.8,359.95,359.58,359.62,7154.0,359.771,65
2025-02-10 15:40:00-05:00,359.8,360.09,359.61,360.04,11116.0,359.771,82
2025-02-10 15:45:00-05:00,360.04,360.05,359.61,359.75,8988.0,359.847,62
2025-02-10 15:50:00-05:00,359.92,360.32,359.72,359.92,13111.0,359.992,98
2025-02-10 15:55:00-05:00,360.0,360.72,359.89,360.4,80963.0,360.297,568
2025-02-11 09:30:00-05:00,360.01,362.0,357.37,357.56,32073.0,359.628,136
2025-02-11 09:35:00-05:00,357.91,358.33,356.52,357.22,16292.0,357.448,146
2025-02-11 09:40:00-05:00,357.22,357.9,356.81,357.18,20295.0,357.31,173
2025-02-11 09:45:00-05:00,357.18,357.4,355.97,356.26,13297.0,356.9,101
2025-02-11 09:50:00-05:00,356.74,358.28,356.61,358.18,7289.0,357.509,48
2025-02-11 09:55:00-05:00,357.91,358.61,357.91,358.05,2393.0,358.234,23
2025-02-11 10:00:00-05:00,358.16,358.67,357.56,357.6,22276.0,358.048,142
2025-02-11 10:05:00-05:00,357.52,358.38,356.98,358.34,15639.0,357.688,70
2025-02-11 10:10:00-05:00,358.24,358.58,357.39,357.55,7309.0,358.078,54
2025-02-11 10:15:00-05:00,357.53,357.81,357.09,357.35,6008.0,357.552,39
2025-02-11 10:20:00-05:00,357.6,357.6,356.92,357.06,15823.0,357.26,87
2025-02-11 10:25:00-05:00,356.96,357.84,356.96,357.84,12387.0,357.426,81
2025-02-11 10:30:00-05:00,357.79,357.87,357.44,357.54,9177.0,357.575,63
2025-02-11 10:35:00-05:00,357.54,358.44,357.53,358.33,6361.0,358.074,51
2025-02-11 10:40:00-05:00,358.36,358.93,358.27,358.68,9134.0,358.676,71
2025-02-11 10:45:00-05:00,358.68,359.58,358.68,359.25,4231.0,359.072,29
2025-02-11 10:50:00-05:00,359.46,359.78,359.3,359.73,1600.0,359.523,16
2025-02-11 10:55:00-05:00,359.61,360.31,359.61,359.8,8736.0,359.822,77
2025-02-11 11:00:00-05:00,359.82,360.11,359.7,359.88,8476.0,359.817,73
2025-02-11 11:05:00-05:00,359.88,360.08,359.62,360.03,5470.0,359.858,47
2025-02-11 11:10:00-05:00,360.0,360.48,359.99,360.07,17823.0,360.224,140
2025-02-11 11:15:00-05:00,360.02,360.02,359.44,359.44,2000.0,359.75,18
2025-02-11 11:20:00-05:00,359.19,359.26,359.07,359.07,1535.0,359.216,7
2025-02-11 11:25:00-05:00,358.95,359.43,358.94,359.0,5104.0,359.126,42
2025-02-11 11:30:00-05:00,359.02,359.02,358.02,358.06,2126.0,358.671,20
2025-02-11 11:35:00-05:00,358.07,358.25,357.8,357.92,1409.0,358.0,14
2025-02-11 11:40:00-05:00,357.93,358.22,357.7,358.12,2728.0,358.007,22
2025-02-11 11:45:00-05:00,358.13,358.83,357.88,358.61,7439.0,358.264,66
2025-02-11 11:50:00-05:00,358.65,359.05,358.48,358.9,22026.0,358.687,168
2025-02-11 11:55:00-05:00,359.03,359.54,358.96,359.29,2958.0,359.229,26
2025-02-11 12:00:00-05:00,359.13,359.53,358.58,358.86,7199.0,359.028,50
2025-02-11 12:05:00-05:00,358.84,359.35,358.81,359.31,17959.0,358.944,142
2025-02-11 12:10:00-05:00,359.28,359.61,359.18,359.53,5465.0,359.38,35
2025-02-11 12:15:00-05:00,359.52,360.11,359.49,360.11,6497.0,359.943,21
2025-02-11 12:20:00-05:00,360.06,360.2,359.81,360.04,7219.0,360.032,39
2025-02-11 12:25:00-05:00,360.07,360.3,359.88,360.2,14488.0,360.07,102
2025-02-11 12:30:00-05:00,359.95,360.45,359.95,360.22,10499.0,360.216,45
2025-02-11 12:35:00-05:00,360.22,360.45,359.94,360.04,11430.0,360.196,65
2025-02-11 12:40:00-05:00,360.04,360.19,359.97,360.18,7710.0,360.127,35
2025-02-11 12:45:00-05:00,360.23,360.44,360.13,360.27,16469.0,360.309,94
2025-02-11 12:50:00-05:00,360.21,360.35,359.96,360.11,11101.0,360.131,83
2025-02-11 12:55:00-05:00,360.19,360.4,360.03,360.1,3872.0,360.2,23
2025-02-11 13:00:00-05:00,360.29,360.39,360.12,360.39,5903.0,360.222,35
2025-02-11 13:05:00-05:00,360.2,360.68,360.08,360.66,11822.0,360.283,93
2025-02-11 13:10:00-05:00,360.68,361.07,360.47,360.81,8116.0,360.747,61
2025-02-11 13:15:00-05:00,360.88,361.62,360.79,361.61,15581.0,361.283,111
2025-02-11 13:20:00-05:00,361.64,361.79,361.23,361.56,8415.0,361.468,52
2025-02-11 13:25:00-05:00,361.54,361.86,361.51,361.63,7149.0,361.702,38
2025-02-11 13:30:00-05:00,361.57,362.07,361.51,361.93,21166.0,361.789,135
2025-02-11 13:35:00-05:00,361.78,362.46,361.77,362.36,23973.0,362.128,187
2025-02-11 13:40:00-05:00,362.38,362.61,362.33,362.58,12810.0,362.447,103
2025-02-11 13:45:00-05:00,362.6,362.84,362.32,362.6,20126.0,362.584,142
2025-02-11 13:50:00-05:00,362.7,363.2,362.5,363.02,19469.0,362.718,158
2025-02-11 13:55:00-05:00,362.99,363.05,362.51,362.83,22389.0,362.828,127
2025-02-11 14:00:00-05:00,362.83,363.08,362.74,362.81,26265.0,362.903,171
2025-02-11 14:05:00-05:00,362.81,363.31,362.78,363.11,26756.0,362.988,205
2025-02-11 14:10:00-05:00,363.1,363.27,362.76,362.8,7692.0,362.982,54
2025-02-11 14:15:00-05:00,362.87,363.22,362.42,362.42,22215.0,362.927,167
2025-02-11 14:20:00-05:00,362.42,363.35,362.41,363.35,11557.0,363.001,92
2025-02-11 14:25:00-05:00,363.19,363.69,363.17,363.53,11404.0,363.465,84
2025-02-11 14:30:00-05:00,363.53,363.74,363.46,363.62,23513.0,363.632,150
2025-02-11 14:35:00-05:00,363.46,363.46,363.0,363.0,12816.0,363.132,103
2025-02-11 14:40:00-05:00,363.01,363.57,362.83,363.48,24991.0,363.212,145
2025-02-11 14:45:00-05:00,363.48,363.68,363.29,363.46,17230.0,363.472,111
2025-02-11 14:50:00-05:00,363.46,363.46,362.44,362.74,15410.0,362.832,113
2025-02-11 14:55:00-05:00,362.77,363.0,362.43,362.53,10767.0,362.803,74
2025-02-11 15:00:00-05:00,362.5,362.7,362.04,362.04,10932.0,362.465,76
2025-02-11 15:05:00-05:00,362.13,362.41,361.95,362.34,10717.0,362.238,67
2025-02-11 15:10:00-05:00,362.37,362.51,361.96,362.46,25071.0,362.236,116
2025-02-11 15:15:00-05:00,362.46,362.74,362.24,362.62,20935.0,362.416,86
2025-02-11 15:20:00-05:00,362.62,362.96,362.61,362.69,11414.0,362.865,54
2025-02-11 15:25:00-05:00,362.79,363.8,362.79,363.47,11418.0,363.358,78
2025-02-11 15:30:00-05:00,363.38,363.87,363.38,363.71,6836.0,363.671,62
2025-02-11 15:35:00-05:00,363.71,363.91,363.44,363.76,12109.0,363.709,111
2025-02-11 15:40:00-05:00,363.72,363.76,363.29,363.67,24879.0,363.528,147
2025-02-11 15:45:00-05:00,363.6,364.21,363.58,364.03,24272.0,363.859,216
2025-02-11 15:50:00-05:00,364.1,364.63,363.94,364.46,30988.0,364.339,272
2025-02-11 15:55:00-05:00,364.46,364.88,364.34,364.84,93869.0,364.545,676
2025-02-12 09:30:00-05:00,356.93,360.74,356.93,358.66,34297.0,357.83,95
2025-02-12 09:35:00-05:00,359.09,359.46,357.87,357.93,7091.0,358.8,63
2025-02-12 09:40:00-05:00,358.41,358.56,357.42,358.55,19149.0,358.073,82
2025-02-12 09:45:00-05:00,358.52,358.81,357.87,358.68,9954.0,358.473,87
2025-02-12 09:50:00-05:00,358.69,360.64,358.69,360.63,6114.0,359.656,56
2025-02-12 09:55:00-05:00,360.74,361.6,360.73,361.49,8362.0,361.281,74
2025-02-12 10:00:00-05:00,361.53,361.73,359.69,360.12,14165.0,360.811,113
2025-02-12 10:05:00-05:00,360.07,362.07,360.07,361.69,13498.0,361.307,88
2025-02-12 10:10:00-05:00,361.93,362.08,361.25,361.44,15180.0,361.694,108
2025-02-12 10:15:00-05:00,361.47,362.82,361.35,362.71,14163.0,361.904,104
2025-02-12 10:20:00-05:00,362.82,362.83,361.24,362.39,12338.0,362.165,96
2025-02-12 10:25:00-05:00,362.15,362.42,361.53,361.8,14842.0,361.881,122
2025-02-12 10:30:00-05:00,361.82,362.05,361.47,361.47,11804.0,361.779,98
2025-02-12 10:35:00-05:00,361.62,362.69,361.6,362.69,10724.0,362.007,82
2025-02-12 10:40:00-05:00,362.6,362.78,361.78,362.1,10179.0,362.112,69
2025-02-12 10:45:00-05:00,362.25,362.25,361.4,361.52,6393.0,361.799,57
2025-02-12 10:50:00-05:00,361.6,362.45,361.54,362.3,8031.0,362.029,64
2025-02-12 10:55:00-05:00,362.1,362.23,361.69,362.19,9230.0,362.01,62
2025-02-12 11:00:00-05:00,361.91,362.19,361.68,361.84,12909.0,361.883,96
2025-02-12 11:05:00-05:00,361.86,362.11,361.45,361.59,12530.0,361.723,90
2025-02-12 11:10:00-05:00,361.45,361.71,360.6,360.63,8374.0,360.919,43
2025-02-12 11:15:00-05:00,360.91,361.0,360.51,360.98,4345.0,360.769,39
2025-02-12 11:20:00-05:00,361.16,361.24,360.1,360.7,4169.0,360.791,38
2025-02-12 11:25:00-05:00,360.7,360.7,359.67,360.44,13905.0,360.2,128
2025-02-12 11:30:00-05:00,360.38,360.49,360.15,360.4,2435.0,360.32,22
2025-02-12 11:35:00-05:00,360.41,361.28,360.41,361.27,8672.0,360.701,59
2025-02-12 11:40:00-05:00,361.12,361.62,361.01,361.62,3474.0,361.296,29
2025-02-12 11:45:00-05:00,361.51,361.64,361.02,361.58,4717.0,361.409,36
2025-02-12 11:50:00-05:00,361.6,362.44,361.54,362.4,5874.0,362.028,52
2025-02-12 11:55:00-05:00,362.58,363.15,362.47,362.91,4515.0,362.721,42
2025-02-12 12:00:00-05:00,362.68,363.16,362.28,362.7,7816.0,362.862,68
2025-02-12 12:05:00-05:00,362.5,362.67,362.32,362.39,4640.0,362.472,28
2025-02-12 12:10:00-05:00,362.55,362.83,362.4,362.67,5549.0,362.6,45
2025-02-12 12:15:00-05:00,362.65,362.88,362.53,362.84,3694.0,362.677,30
2025-02-12 12:20:00-05:00,362.75,362.96,362.62,362.8,4220.0,362.769,39
2025-02-12 12:25:00-05:00,362.65,362.88,362.65,362.75,2135.0,362.795,21
2025-02-12 12:30:00-05:00,362.67,362.76,362.46,362.51,2699.0,362.597,24
2025-02-12 12:35:00-05:00,362.63,362.99,362.55,362.56,6220.0,362.809,55
2025-02-12 12:40:00-05:00,362.5,362.57,362.09,362.18,2405.0,362.282,20
2025-02-12 12:45:00-05:00,362.18,362.97,361.99,362.97,8293.0,362.201,41
2025-02-12 12:50:00-05:00,362.97,363.28,362.96,363.28,4010.0,363.129,34
2025-02-12 12:55:00-05:00,363.09,363.51,363.09,363.51,2666.0,363.27,20
2025-02-12 13:00:00-05:00,363.53,363.95,363.38,363.42,9602.0,363.768,89
2025-02-12 13:05:00-05:00,363.4,363.47,362.94,362.99,3330.0,363.227,29
2025-02-12 13:10:00-05:00,363.02,363.25,362.81,362.98,3231.0,363.019,22
2025-02-12 13:15:00-05:00,363.01,363.01,362.47,362.47,4975.0,362.726,27
2025-02-12 13:20:00-05:00,362.63,362.66,362.42,362.54,3063.0,362.524,26
2025-02-12 13:25:00-05:00,362.68,362.81,362.45,362.62,3692.0,362.637,35
2025-02-12 13:30:00-05:00,362.5,362.76,362.4,362.64,1837.0,362.544,17
2025-02-12 13:35:00-05:00,362.52,362.56,362.32,362.34,4560.0,362.427,44
2025-02-12 13:40:00-05:00,362.28,362.28,361.65,361.65,3840.0,361.92,35
2025-02-12 13:45:00-05:00,361.79,361.99,361.45,361.51,2677.0,361.639,26
2025-02-12 13:50:00-05:00,361.46,361.6,361.08,361.08,4554.0,361.324,35
2025-02-12 13:55:00-05:00,360.82,361.57,360.75,361.44,2890.0,361.26,28
2025-02-12 14:00:00-05:00,361.36,361.5,361.27,361.34,2617.0,361.359,24
2025-02-12 14:05:00-05:00,361.21,361.25,360.72,361.04,13554.0,361.022,72
2025-02-12 14:10:00-05:00,360.83,361.15,360.7,360.93,4856.0,360.825,39
2025-02-12 14:15:00-05:00,360.98,361.01,360.63,360.67,6196.0,360.794,43
2025-02-12 14:20:00-05:00,360.77,361.35,360.67,361.19,5510.0,361.026,37
2025-02-12 14:25:00-05:00,361.19,362.08,361.19,361.98,10311.0,361.758,92
2025-02-12 14:30:00-05:00,361.94,362.12,361.6,361.99,6821.0,361.949,55
2025-02-12 14:35:00-05:00,362.1,362.26,362.01,362.18,2976.0,362.141,23
2025-02-12 14:40:00-05:00,362.18,362.42,362.05,362.17,4380.0,362.235,40
2025-02-12 14:45:00-05:00,362.17,362.81,362.16,362.76,3922.0,362.537,35
2025-02-12 14:50:00-05:00,362.62,362.73,362.33,362.69,4614.0,362.543,42
2025-02-12 14:55:00-05:00,362.6,362.66,361.95,361.97,4691.0,362.387,44
2025-02-12 15:00:00-05:00,362.11,362.37,362.02,362.25,4102.0,362.202,36
2025-02-12 15:05:00-05:00,362.39,362.67,362.28,362.53,4200.0,362.495,42
2025-02-12 15:10:00-05:00,362.67,362.68,362.37,362.57,5723.0,362.521,44
2025-02-12 15:15:00-05:00,362.57,362.62,361.97,361.97,5379.0,362.322,50
2025-02-12 15:20:00-05:00,362.03,362.17,361.72,362.1,6560.0,361.92,55
2025-02-12 15:25:00-05:00,362.08,362.37,361.89,361.98,9338.0,362.18,82
2025-02-12 15:30:00-05:00,362.03,362.3,361.88,362.04,8653.0,362.03,78
2025-02-12 15:35:00-05:00,362.12,362.39,362.03,362.31,8592.0,362.223,79
2025-02-12 15:40:00-05:00,362.32,362.36,361.74,361.92,14384.0,362.112,123
2025-02-12 15:45:00-05:00,361.8,362.17,361.73,362.01,12383.0,361.915,99
2025-02-12 15:50:00-05:00,362.19,362.66,361.52,361.53,45585.0,362.069,351
2025-02-12 15:55:00-05:00,361.76,362.14,361.63,361.71,112280.0,361.804,853
2025-02-13 09:30:00-05:00,363.42,363.52,361.51,362.08,20077.0,363.248,57
2025-02-13 09:35:00-05:00,361.48,363.02,361.48,363.02,1800.0,362.117,15
2025-02-13 09:40:00-05:00,363.28,363.95,362.82,363.95,2086.0,363.42,14
2025-02-13 09:45:00-05:00,364.2,364.38,363.19,363.55,2986.0,363.915,28
2025-02-13 09:50:00-05:00,363.54,363.62,363.05,363.59,5818.0,363.417,54
2025-02-13 09:55:00-05:00,363.29,364.04,362.98,363.94,8068.0,363.645,64
2025-02-13 10:00:00-05:00,363.94,364.56,363.93,364.02,7826.0,364.251,67
2025-02-13 10:05:00-05:00,364.19,364.94,364.09,364.91,2538.0,364.595,24
2025-02-13 10:10:00-05:00,365.01,365.51,364.6,364.65,9285.0,365.172,66
2025-02-13 10:15:00-05:00,364.81,365.43,364.53,365.43,8164.0,365.079,70
2025-02-13 10:20:00-05:00,365.05,365.49,364.03,364.22,11058.0,364.788,69
2025-02-13 10:25:00-05:00,364.01,364.21,363.02,363.58,9629.0,363.643,67
2025-02-13 10:30:00-05:00,363.36,363.87,363.26,363.27,6190.0,363.634,50
2025-02-13 10:35:00-05:00,363.29,363.82,363.03,363.76,6017.0,363.517,38
2025-02-13 10:40:00-05:00,363.71,364.08,363.62,363.74,3308.0,363.866,32
2025-02-13 10:45:00-05:00,363.7,363.92,363.57,363.65,4499.0,363.747,36
2025-02-13 10:50:00-05:00,363.65,364.08,363.22,363.27,4750.0,363.768,42
2025-02-13 10:55:00-05:00,363.11,363.31,362.52,362.65,5272.0,362.878,46
2025-02-13 11:00:00-05:00,362.64,362.64,361.9,362.48,11172.0,362.279,94
2025-02-13 11:05:00-05:00,362.33,362.64,361.98,362.55,5867.0,362.494,51
2025-02-13 11:10:00-05:00,362.55,362.68,361.9,362.19,7502.0,362.285,67
2025-02-13 11:15:00-05:00,362.26,362.26,361.27,361.73,5203.0,361.796,48
2025-02-13 11:20:00-05:00,361.8,361.8,360.87,360.95,10872.0,361.357,99
2025-02-13 11:25:00-05:00,360.94,361.15,359.68,359.93,3716.0,360.343,29
2025-02-13 11:30:00-05:00,359.98,360.24,359.82,360.19,3454.0,360.083,31
2025-02-13 11:35:00-05:00,360.19,360.46,359.79,359.87,7139.0,360.229,57
2025-02-13 11:40:00-05:00,360.06,360.07,359.42,359.42,6939.0,359.827,56
2025-02-13 11:45:00-05:00,359.39,359.78,359.15,359.36,6735.0,359.346,59
2025-02-13 11:50:00-05:00,359.4,359.7,358.93,358.93,4525.0,359.441,39
2025-02-13 11:55:00-05:00,359.08,359.81,358.76,359.81,5393.0,359.022,50
2025-02-13 12:00:00-05:00,359.81,359.84,359.13,359.44,24575.0,359.57,33
2025-02-13 12:05:00-05:00,359.43,359.43,359.13,359.16,2620.0,359.246,21
2025-02-13 12:10:00-05:00,359.15,359.34,358.86,358.86,2626.0,359.088,22
2025-02-13 12:15:00-05:00,358.97,359.14,358.41,358.41,9096.0,358.865,71
2025-02-13 12:20:00-05:00,358.37,358.75,358.17,358.42,7211.0,358.477,51
2025-02-13 12:25:00-05:00,358.39,358.92,358.39,358.72,4446.0,358.688,32
2025-02-13 12:30:00-05:00,358.76,358.87,358.64,358.81,1400.0,358.797,11
2025-02-13 12:35:00-05:00,358.65,358.79,358.34,358.54,2857.0,358.487,20
2025-02-13 12:40:00-05:00,358.53,358.53,357.81,357.81,3310.0,358.15,22
2025-02-13 12:45:00-05:00,357.88,358.35,357.85,357.85,5181.0,358.07,44
2025-02-13 12:50:00-05:00,358.06,358.06,357.84,357.85,1336.0,357.915,13
2025-02-13 12:55:00-05:00,357.93,357.95,357.4,357.68,4617.0,357.679,38
2025-02-13 13:00:00-05:00,357.59,358.05,357.59,358.05,4009.0,357.814,37
2025-02-13 13:05:00-05:00,358.03,358.19,357.95,358.19,2508.0,358.104,24
2025-02-13 13:10:00-05:00,358.19,358.82,358.19,358.73,3567.0,358.413,24
2025-02-13 13:15:00-05:00,358.63,359.12,358.36,358.58,8916.0,358.677,67
2025-02-13 13:20:00-05:00,358.8,359.05,358.7,358.94,3382.0,358.825,28
2025-02-13 13:25:00-05:00,359.22,359.64,359.1,359.17,4602.0,359.285,39
2025-02-13 13:30:00-05:00,359.18,359.73,359.14,359.58,6729.0,359.54,32
2025-02-13 13:35:00-05:00,359.44,359.82,359.42,359.65,3416.0,359.61,22
2025-02-13 13:40:00-05:00,359.65,359.65,358.93,359.34,5072.0,359.234,49
2025-02-13 13:45:00-05:00,359.42,360.24,359.13,360.23,8548.0,359.749,47
2025-02-13 13:50:00-05:00,360.08,360.3,359.57,360.05,8133.0,359.928,64
2025-02-13 13:55:00-05:00,359.97,360.24,359.82,360.22,4163.0,360.052,25
2025-02-13 14:00:00-05:00,360.05,360.78,359.91,360.46,5720.0,360.276,37
2025-02-13 14:05:00-05:00,360.54,361.1,360.53,360.99,2257.0,360.774,21
2025-02-13 14:10:00-05:00,360.97,361.04,360.78,361.04,2320.0,360.95,18
2025-02-13 14:15:00-05:00,360.97,360.97,360.57,360.65,9964.0,360.762,75
2025-02-13 14:20:00-05:00,360.76,360.76,360.01,360.02,3455.0,360.443,29
2025-02-13 14:25:00-05:00,360.29,360.3,359.83,360.28,3705.0,360.039,31
2025-02-13 14:30:00-05:00,360.21,360.4,360.2,360.26,5559.0,360.273,24
2025-02-13 14:35:00-05:00,360.35,360.5,360.26,360.29,3112.0,360.397,29
2025-02-13 14:40:00-05:00,360.27,360.42,360.03,360.04,1849.0,360.216,18
2025-02-13 14:45:00-05:00,360.26,360.62,360.18,360.42,3703.0,360.432,33
2025-02-13 14:50:00-05:00,360.58,360.95,360.26,360.37,22845.0,360.628,76
2025-02-13 14:55:00-05:00,360.24,360.25,359.84,360.24,3802.0,360.065,37
2025-02-13 15:00:00-05:00,360.16,360.33,360.05,360.07,5105.0,360.165,48
2025-02-13 15:05:00-05:00,360.09,360.57,360.08,360.55,26660.0,360.448,47
2025-02-13 15:10:00-05:00,360.46,361.0,360.29,360.93,56940.0,360.795,85
2025-02-13 15:15:00-05:00,360.97,361.71,360.96,361.5,10037.0,361.473,63
2025-02-13 15:20:00-05:00,361.38,361.52,360.86,361.07,40095.0,361.32,121
2025-02-13 15:25:00-05:00,361.06,361.17,360.56,361.03,8016.0,360.942,70
2025-02-13 15:30:00-05:00,360.98,361.18,360.52,360.52,4939.0,360.869,39
2025-02-13 15:35:00-05:00,360.61,361.5,360.61,361.46,10848.0,361.092,88
2025-02-13 15:40:00-05:00,361.5,361.67,361.31,361.36,27154.0,361.503,152
2025-02-13 15:45:00-05:00,361.36,361.77,361.35,361.64,31806.0,361.614,140
2025-02-13 15:50:00-05:00,361.77,361.87,361.19,361.28,36226.0,361.644,234
2025-02-13 15:55:00-05:00,361.27,361.6,361.01,361.13,85367.0,361.211,733
2025-02-14 09:30:00-05:00,360.55,361.83,359.18,359.95,37737.0,360.59,162
2025-02-14 09:35:00-05:00,359.74,360.44,359.29,359.38,7242.0,359.832,61
2025-02-14 09:40:00-05:00,359.66,361.0,359.48,360.64,10980.0,360.608,89
2025-02-14 09:45:00-05:00,360.48,361.19,360.48,360.69,6577.0,360.815,55
2025-02-14 09:50:00-05:00,360.93,360.93,360.06,360.78,5507.0,360.573,49
2025-02-14 09:55:00-05:00,360.57,361.16,360.48,361.0,4335.0,360.86,35
2025-02-14 10:00:00-05:00,361.23,362.26,360.78,362.25,6152.0,361.42,48
2025-02-14 10:05:00-05:00,362.57,363.22,362.41,362.77,8394.0,362.71,61
2025-02-14 10:10:00-05:00,362.73,362.9,361.95,362.5,31262.0,362.5,52
2025-02-14 10:15:00-05:00,361.94,362.14,361.47,362.14,4281.0,361.791,38
2025-02-14 10:20:00-05:00,362.02,362.1,361.64,362.03,2845.0,361.961,25
2025-02-14 10:25:00-05:00,361.95,362.46,361.88,361.88,4301.0,362.198,39
2025-02-14 10:30:00-05:00,362.19,362.71,361.86,362.67,7735.0,362.34,35
2025-02-14 10:35:00-05:00,362.86,363.12,362.23,362.3,3964.0,362.708,31
2025-02-14 10:40:00-05:00,362.32,362.7,362.03,362.69,3920.0,362.356,31
2025-02-14 10:45:00-05:00,362.72,362.72,361.95,362.31,20574.0,362.349,170
2025-02-14 10:50:00-05:00,362.47,363.0,362.45,362.78,9653.0,362.83,80
2025-02-14 10:55:00-05:00,362.8,362.8,362.07,362.08,2771.0,362.389,21
2025-02-14 11:00:00-05:00,362.28,362.57,362.15,362.57,2313.0,362.415,19
2025-02-14 11:05:00-05:00,362.57,362.79,362.3,362.37,3156.0,362.645,29
2025-02-14 11:10:00-05:00,362.68,362.95,362.38,362.5,8719.0,362.723,73
2025-02-14 11:15:00-05:00,362.46,362.49,361.85,361.86,3370.0,362.134,27
2025-02-14 11:20:00-05:00,362.07,362.4,361.87,362.25,6710.0,362.097,59
2025-02-14 11:25:00-05:00,362.25,362.26,361.4,361.52,18935.0,361.781,110
2025-02-14 11:30:00-05:00,361.25,361.87,360.66,361.87,6891.0,361.048,65
2025-02-14 11:35:00-05:00,361.76,362.11,361.47,361.71,4120.0,361.712,39
2025-02-14 11:40:00-05:00,361.67,361.9,361.42,361.45,2370.0,361.622,23
2025-02-14 11:45:00-05:00,361.19,361.65,360.89,361.32,2300.0,361.37,22
2025-02-14 11:50:00-05:00,361.19,361.88,361.18,361.74,1500.0,361.412,15
2025-02-14 11:55:00-05:00,361.78,361.99,361.62,361.99,2840.0,361.803,26
2025-02-14 12:00:00-05:00,361.76,362.04,361.76,362.04,1950.0,361.944,17
2025-02-14 12:05:00-05:00,362.19,362.39,362.04,362.22,4486.0,362.194,42
2025-02-14 12:10:00-05:00,362.12,362.34,361.68,362.06,2175.0,362.019,19
2025-02-14 12:15:00-05:00,362.0,362.21,361.86,362.0,2444.0,362.053,23
2025-02-14 12:20:00-05:00,362.0,362.22,361.86,362.17,3091.0,362.093,22
2025-02-14 12:25:00-05:00,362.11,362.16,361.86,361.9,4818.0,362.038,32
2025-02-14 12:30:00-05:00,361.88,362.07,361.66,361.86,3530.0,361.884,30
2025-02-14 12:35:00-05:00,361.78,361.78,361.51,361.69,3554.0,361.652,31
2025-02-14 12:40:00-05:00,361.65,361.71,361.3,361.69,4163.0,361.533,34
2025-02-14 12:45:00-05:00,361.9,361.92,361.8,361.87,1000.0,361.883,10
2025-02-14 12:50:00-05:00,362.04,362.12,361.66,362.03,5322.0,361.885,43
2025-02-14 12:55:00-05:00,362.04,362.04,362.03,362.04,1005.0,362.04,9
2025-02-14 13:00:00-05:00,362.04,362.04,361.81,361.82,1785.0,361.93,17
2025-02-14 13:05:00-05:00,361.92,361.99,361.83,361.95,2334.0,361.952,18
2025-02-14 13:10:00-05:00,361.99,362.1,361.97,362.07,2365.0,362.04,22
2025-02-14 13:15:00-05:00,362.09,362.09,361.96,362.09,2652.0,362.047,24
2025-02-14 13:20:00-05:00,362.09,362.25,362.0,362.07,1711.0,362.129,16
2025-02-14 13:25:00-05:00,362.23,362.66,362.15,362.66,5541.0,362.317,45
2025-02-14 13:30:00-05:00,362.6,362.7,362.45,362.45,1800.0,362.585,17
2025-02-14 13:35:00-05:00,362.39,362.48,362.21,362.29,2151.0,362.331,20
2025-02-14 13:40:00-05:00,362.36,362.55,362.36,362.55,2660.0,362.437,22
2025-02-14 13:45:00-05:00,362.69,362.81,362.55,362.81,3318.0,362.663,20
2025-02-14 13:50:00-05:00,362.96,363.22,362.92,363.14,2580.0,363.019,23
2025-02-14 13:55:00-05:00,363.15,363.24,363.02,363.13,2863.0,363.117,24
2025-02-14 14:00:00-05:00,363.13,363.24,362.9,363.06,8172.0,363.033,57
2025-02-14 14:05:00-05:00,363.02,363.39,363.01,363.37,6349.0,363.241,28
2025-02-14 14:10:00-05:00,363.24,363.27,362.95,363.14,4793.0,363.075,37
2025-02-14 14:15:00-05:00,363.23,363.38,363.13,363.38,3466.0,363.23,27
2025-02-14 14:20:00-05:00,363.46,363.55,363.31,363.33,3411.0,363.433,32
2025-02-14 14:25:00-05:00,363.26,363.26,362.99,363.08,5723.0,363.121,48
2025-02-14 14:30:00-05:00,363.33,363.66,363.28,363.57,4784.0,363.48,41
2025-02-14 14:35:00-05:00,363.55,363.74,363.43,363.74,5742.0,363.585,48
2025-02-14 14:40:00-05:00,363.65,363.87,363.61,363.64,3960.0,363.727,35
2025-02-14 14:45:00-05:00,363.74,364.01,363.68,363.84,4253.0,363.838,33
2025-02-14 14:50:00-05:00,363.84,363.95,363.76,363.92,2329.0,363.84,23
2025-02-14 14:55:00-05:00,363.94,364.2,363.92,364.13,10364.0,364.088,90
2025-02-14 15:00:00-05:00,364.12,364.15,363.28,363.36,19482.0,363.962,132
2025-02-14 15:05:00-05:00,363.32,363.39,362.86,362.95,4089.0,363.212,33
2025-02-14 15:10:00-05:00,362.96,363.38,362.72,363.38,3505.0,362.969,34
2025-02-14 15:15:00-05:00,363.38,363.52,363.13,363.16,6553.0,363.357,48
2025-02-14 15:20:00-05:00,363.14,363.24,362.56,362.72,7177.0,362.973,65
2025-02-14 15:25:00-05:00,362.68,362.83,362.41,362.45,6364.0,362.641,59
2025-02-14 15:30:00-05:00,362.43,362.61,362.4,362.44,7277.0,362.506,64
2025-02-14 15:35:00-05:00,362.45,362.93,362.39,362.93,11679.0,362.59,88
2025-02-14 15:40:00-05:00,362.92,363.16,362.53,362.71,21392.0,362.801,180
2025-02-14 15:45:00-05:00,362.7,363.32,362.7,362.88,9999.0,362.976,84
2025-02-14 15:50:00-05:00,363.32,363.72,363.17,363.57,17373.0,363.431,150
2025-02-14 15:55:00-05:00,363.64,364.25,363.08,363.19,82359.0,363.723,634
2025-02-18 09:30:00-05:00,365.8,366.0,359.64,361.93,67713.0,364.113,233
2025-02-18 09:35:00-05:00,361.79,363.27,360.97,363.27,23307.0,362.505,124
2025-02-18 09:40:00-05:00,363.27,363.65,361.41,361.42,16488.0,363.012,98
2025-02-18 09:45:00-05:00,361.42,361.5,359.84,360.08,16378.0,360.83,95
2025-02-18 09:50:00-05:00,360.03,360.72,358.22,360.28,22409.0,359.362,163
2025-02-18 09:55:00-05:00,360.22,360.61,359.44,359.7,7523.0,360.017,48
2025-02-18 10:00:00-05:00,359.66,360.13,358.46,358.76,11947.0,359.054,86
2025-02-18 10:05:00-05:00,358.76,358.76,357.58,358.68,11437.0,358.36,73
2025-02-18 10:10:00-05:00,358.7,359.79,358.19,359.75,8680.0,359.073,74
2025-02-18 10:15:00-05:00,360.04,360.45,359.53,360.0,19328.0,359.966,126
2025-02-18 10:20:00-05:00,360.13,361.4,360.03,360.73,6357.0,360.803,49
2025-02-18 10:25:00-05:00,360.99,362.1,360.79,361.92,20423.0,361.832,160
2025-02-18 10:30:00-05:00,361.92,361.93,360.82,361.31,6524.0,361.395,61
2025-02-18 10:35:00-05:00,361.33,362.53,361.32,362.37,15926.0,362.185,129
2025-02-18 10:40:00-05:00,362.37,363.67,362.05,363.4,37493.0,362.824,232
2025-02-18 10:45:00-05:00,363.46,363.53,363.1,363.3,7500.0,363.411,67
2025-02-18 10:50:00-05:00,363.41,364.72,363.1,364.07,9873.0,364.169,94
2025-02-18 10:55:00-05:00,364.1,364.28,363.37,363.87,7041.0,363.886,65
2025-02-18 11:00:00-05:00,363.64,363.84,362.93,363.59,4626.0,363.481,44
2025-02-18 11:05:00-05:00,363.15,363.2,362.83,363.15,8422.0,363.054,78
2025-02-18 11:10:00-05:00,363.15,363.6,362.55,362.63,13018.0,363.049,110
2025-02-18 11:15:00-05:00,362.62,362.62,361.74,361.74,7455.0,362.277,69
2025-02-18 11:20:00-05:00,361.94,362.74,361.63,362.22,7675.0,362.37,74
2025-02-18 11:25:00-05:00,362.07,362.07,361.38,361.5,4025.0,361.649,37
2025-02-18 11:30:00-05:00,361.23,361.51,360.89,361.05,6520.0,361.139,47
2025-02-18 11:35:00-05:00,361.4,361.77,361.1,361.17,5900.0,361.36,55
2025-02-18 11:40:00-05:00,361.29,361.29,360.62,360.93,3865.0,360.911,33
2025-02-18 11:45:00-05:00,360.7,361.57,360.7,361.57,4344.0,361.151,43
2025-02-18 11:50:00-05:00,361.48,361.81,361.44,361.54,7045.0,361.618,47
2025-02-18 11:55:00-05:00,361.6,362.28,361.45,362.26,6706.0,361.829,65
2025-02-18 12:00:00-05:00,362.18,362.32,361.59,361.59,4423.0,361.927,31
2025-02-18 12:05:00-05:00,361.66,361.83,361.3,361.3,3161.0,361.531,25
2025-02-18 12:10:00-05:00,361.35,361.84,361.16,361.84,4795.0,361.491,43
2025-02-18 12:15:00-05:00,361.75,361.76,361.15,361.4,3756.0,361.405,35
2025-02-18 12:20:00-05:00,361.44,361.44,361.15,361.39,2551.0,361.265,23
2025-02-18 12:25:00-05:00,361.28,361.6,361.27,361.47,5582.0,361.449,44
2025-02-18 12:30:00-05:00,361.46,362.15,361.42,361.86,6008.0,361.78,49
2025-02-18 12:35:00-05:00,361.91,362.11,361.87,362.0,3205.0,361.964,27
2025-02-18 12:40:00-05:00,362.07,362.33,362.07,362.21,2500.0,362.202,25
2025-02-18 12:45:00-05:00,362.18,362.42,362.07,362.22,16331.0,362.253,99
2025-02-18 12:50:00-05:00,362.23,362.72,362.22,362.62,14701.0,362.407,104
2025-02-18 12:55:00-05:00,362.61,362.61,362.47,362.55,1301.0,362.512,12
2025-02-18 13:00:00-05:00,362.58,363.36,362.58,363.35,5714.0,362.902,47
2025-02-18 13:05:00-05:00,363.38,363.43,363.14,363.19,4950.0,363.309,33
2025-02-18 13:10:00-05:00,363.21,363.21,362.89,362.96,2294.0,363.018,20
2025-02-18 13:15:00-05:00,363.09,363.18,362.8,363.13,1892.0,363.002,17
2025-02-18 13:20:00-05:00,363.01,363.16,362.75,362.75,6569.0,362.978,42
2025-02-18 13:25:00-05:00,362.83,363.18,362.58,362.63,2791.0,362.808,25
2025-02-18 13:30:00-05:00,362.75,363.48,362.75,363.48,1834.0,363.102,18
2025-02-18 13:35:00-05:00,363.36,363.61,363.26,363.61,3782.0,363.423,33
2025-02-18 13:40:00-05:00,363.61,363.84,363.42,363.5,1625.0,363.614,15
2025-02-18 13:45:00-05:00,363.38,363.89,363.38,363.78,3218.0,363.612,25
2025-02-18 13:50:00-05:00,363.77,364.43,363.77,364.43,4666.0,364.028,22
2025-02-18 13:55:00-05:00,364.38,364.54,363.95,363.96,8959.0,364.324,63
2025-02-18 14:00:00-05:00,363.97,364.36,363.96,364.36,2199.0,364.068,21
2025-02-18 14:05:00-05:00,364.22,364.24,363.87,363.88,3721.0,364.13,35
2025-02-18 14:10:00-05:00,363.92,364.19,363.5,363.59,2221.0,363.769,19
2025-02-18 14:15:00-05:00,363.59,363.73,362.59,362.6,5420.0,363.206,44
2025-02-18 14:20:00-05:00,362.57,362.92,362.14,362.92,5692.0,362.499,52
2025-02-18 14:25:00-05:00,362.55,362.8,362.4,362.69,5181.0,362.619,45
2025-02-18 14:30:00-05:00,362.54,363.14,362.54,363.05,3462.0,362.834,31
2025-02-18 14:35:00-05:00,363.19,363.51,363.19,363.24,3974.0,363.31,35
2025-02-18 14:40:00-05:00,363.29,363.6,363.24,363.27,3240.0,363.363,29
2025-02-18 14:45:00-05:00,363.2,363.28,362.89,362.89,8254.0,363.074,78
2025-02-18 14:50:00-05:00,362.98,363.37,362.82,363.34,8668.0,363.098,78
2025-02-18 14:55:00-05:00,363.25,363.29,363.02,363.16,4593.0,363.155,43
2025-02-18 15:00:00-05:00,363.16,363.33,362.72,362.76,4700.0,363.04,42
2025-02-18 15:05:00-05:00,362.67,362.81,362.61,362.77,3485.0,362.694,33
2025-02-18 15:10:00-05:00,362.71,363.23,362.64,362.98,5083.0,362.857,47
2025-02-18 15:15:00-05:00,363.09,363.09,362.73,362.95,7402.0,362.869,61
2025-02-18 15:20:00-05:00,362.89,363.22,362.73,362.98,5811.0,362.952,56
2025-02-18 15:25:00-05:00,362.87,362.89,362.27,362.34,7289.0,362.442,54
2025-02-18 15:30:00-05:00,362.41,362.64,362.32,362.51,4066.0,362.471,38
2025-02-18 15:35:00-05:00,362.51,362.94,362.35,362.85,4540.0,362.672,42
2025-02-18 15:40:00-05:00,362.83,362.83,362.36,362.41,7792.0,362.575,68
2025-02-18 15:45:00-05:00,362.41,362.53,362.06,362.25,5257.0,362.246,47
2025-02-18 15:50:00-05:00,362.24,363.14,361.91,361.97,22565.0,362.422,197
2025-02-18 15:55:00-05:00,362.05,362.96,362.05,362.9,62613.0,362.461,498
2025-02-19 09:30:00-05:00,364.8,366.37,362.75,366.12,27668.0,364.768,65
2025-02-19 09:35:00-05:00,365.19,366.5,365.11,365.65,10645.0,365.821,79
2025-02-19 09:40:00-05:00,365.65,366.41,365.57,366.2,4645.0,365.787,39
2025-02-19 09:45:00-05:00,366.03,366.62,365.6,366.37,19570.0,366.096,157
2025-02-19 09:50:00-05:00,366.55,367.17,366.37,367.17,35653.0,366.636,299
2025-02-19 09:55:00-05:00,367.61,367.92,366.96,367.3,7057.0,367.434,65
2025-02-19 10:00:00-05:00,367.29,367.77,366.72,367.12,12387.0,367.297,88
2025-02-19 10:05:00-05:00,367.06,367.76,366.65,367.04,8801.0,367.255,73
2025-02-19 10:10:00-05:00,366.9,367.12,365.99,366.47,9543.0,366.636,75
2025-02-19 10:15:00-05:00,366.58,367.11,366.4,366.88,4360.0,366.784,34
2025-02-19 10:20:00-05:00,366.55,368.23,366.55,368.23,7653.0,367.662,68
2025-02-19 10:25:00-05:00,368.09,368.64,367.94,368.19,12384.0,368.117,101
2025-02-19 10:30:00-05:00,368.06,368.53,367.13,367.94,13113.0,367.868,100
2025-02-19 10:35:00-05:00,368.49,368.61,367.42,367.42,9856.0,368.059,67
2025-02-19 10:40:00-05:00,367.38,367.9,366.95,367.68,8190.0,367.377,61
2025-02-19 10:45:00-05:00,367.52,367.67,366.57,366.57,11815.0,367.156,76
2025-02-19 10:50:00-05:00,366.78,367.0,366.56,366.87,2836.0,366.827,26
2025-02-19 10:55:00-05:00,366.55,366.86,366.28,366.74,10849.0,366.563,77
2025-02-19 11:00:00-05:00,366.58,367.02,366.53,367.0,5764.0,366.85,44
2025-02-19 11:05:00-05:00,367.0,367.31,366.82,366.96,4466.0,367.016,34
2025-02-19 11:10:00-05:00,367.23,367.45,367.09,367.43,4855.0,367.333,36
2025-02-19 11:15:00-05:00,367.41,367.41,366.72,366.9,2760.0,367.056,21
2025-02-19 11:20:00-05:00,366.9,367.55,366.74,367.35,6387.0,367.147,46
2025-02-19 11:25:00-05:00,367.53,367.96,367.53,367.58,7345.0,367.663,53
2025-02-19 11:30:00-05:00,367.42,367.61,367.22,367.39,2112.0,367.372,18
2025-02-19 11:35:00-05:00,367.61,367.73,367.11,367.28,7097.0,367.381,48
2025-02-19 11:40:00-05:00,367.28,367.66,367.24,367.46,6564.0,367.431,56
2025-02-19 11:45:00-05:00,367.46,367.98,367.46,367.98,4053.0,367.651,33
2025-02-19 11:50:00-05:00,367.98,368.12,367.82,368.03,9961.0,367.936,74
2025-02-19 11:55:00-05:00,368.03,368.03,367.7,367.86,3299.0,367.865,32
2025-02-19 12:00:00-05:00,367.79,368.44,367.78,368.38,5333.0,368.115,45
2025-02-19 12:05:00-05:00,368.39,368.72,368.04,368.17,10466.0,368.371,86
2025-02-19 12:10:00-05:00,368.15,368.15,367.77,368.14,3996.0,367.973,33
2025-02-19 12:15:00-05:00,368.13,368.28,367.78,368.27,2335.0,368.138,19
2025-02-19 12:20:00-05:00,368.16,368.39,367.97,368.27,4676.0,368.239,35
2025-02-19 12:25:00-05:00,368.4,368.55,368.17,368.18,7653.0,368.373,55
2025-02-19 12:30:00-05:00,368.36,368.47,367.86,367.96,4778.0,368.159,23
2025-02-19 12:35:00-05:00,368.12,368.62,368.0,368.32,2778.0,368.264,26
2025-02-19 12:40:00-05:00,368.61,368.94,368.32,368.4,15826.0,368.662,111
2025-02-19 12:45:00-05:00,368.28,368.72,368.26,368.44,1553.0,368.406,13
2025-02-19 12:50:00-05:00,368.54,368.65,368.39,368.62,3103.0,368.514,23
2025-02-19 12:55:00-05:00,368.59,368.71,368.19,368.19,5512.0,368.523,47
2025-02-19 13:00:00-05:00,368.16,368.68,368.08,368.09,16750.0,368.344,140
2025-02-19 13:05:00-05:00,368.22,368.3,368.16,368.23,3222.0,368.231,30
2025-02-19 13:10:00-05:00,368.29,368.45,367.93,368.03,6112.0,368.126,46
2025-02-19 13:15:00-05:00,367.98,368.23,367.92,368.15,7737.0,368.131,63
2025-02-19 13:20:00-05:00,368.22,368.34,368.14,368.16,6313.0,368.221,49
2025-02-19 13:25:00-05:00,368.18,368.57,368.17,368.57,4160.0,368.287,37
2025-02-19 13:30:00-05:00,368.61,368.87,368.58,368.58,15421.0,368.745,103
2025-02-19 13:35:00-05:00,368.47,368.86,368.46,368.86,5092.0,368.632,43
2025-02-19 13:40:00-05:00,368.66,368.8,368.59,368.6,3913.0,368.708,30
2025-02-19 13:45:00-05:00,368.59,368.86,368.46,368.71,9628.0,368.637,74
2025-02-19 13:50:00-05:00,368.77,368.86,368.22,368.55,8024.0,368.519,72
2025-02-19 13:55:00-05:00,368.53,368.75,368.41,368.7,7378.0,368.548,61
2025-02-19 14:00:00-05:00,368.67,368.86,368.58,368.8,11951.0,368.761,73
2025-02-19 14:05:00-05:00,368.68,369.83,368.68,369.7,14917.0,369.093,132
2025-02-19 14:10:00-05:00,369.88,370.72,369.62,370.72,7185.0,370.072,64
2025-02-19 14:15:00-05:00,370.89,371.07,370.57,370.72,6541.0,370.817,55
2025-02-19 14:20:00-05:00,371.01,371.18,370.86,370.86,7420.0,371.003,61
2025-02-19 14:25:00-05:00,370.58,370.75,370.41,370.66,2400.0,370.655,15
2025-02-19 14:30:00-05:00,370.75,370.99,370.58,370.92,4307.0,370.794,41
2025-02-19 14:35:00-05:00,370.96,370.96,370.3,370.57,6123.0,370.66,53
2025-02-19 14:40:00-05:00,370.41,370.8,370.4,370.8,3165.0,370.527,19
2025-02-19 14:45:00-05:00,370.88,370.96,370.43,370.68,10129.0,370.764,87
2025-02-19 14:50:00-05:00,370.78,370.78,370.42,370.59,4361.0,370.596,38
2025-02-19 14:55:00-05:00,370.75,370.75,370.09,370.67,6271.0,370.48,58
2025-02-19 15:00:00-05:00,370.56,370.71,370.48,370.56,4253.0,370.552,35
2025-02-19 15:05:00-05:00,370.56,370.56,369.61,369.61,14706.0,370.186,115
2025-02-19 15:10:00-05:00,369.9,370.31,369.6,370.19,3838.0,369.852,30
2025-02-19 15:15:00-05:00,370.24,370.76,370.07,370.07,18646.0,370.566,158
2025-02-19 15:20:00-05:00,370.09,370.3,369.91,370.29,3760.0,370.157,32
2025-02-19 15:25:00-05:00,370.21,370.22,369.45,369.75,7010.0,369.934,64
2025-02-19 15:30:00-05:00,369.92,370.17,369.77,369.9,7588.0,369.918,66
2025-02-19 15:35:00-05:00,369.9,370.1,369.57,370.1,6298.0,369.861,52
2025-02-19 15:40:00-05:00,370.06,370.15,369.79,370.13,9211.0,369.979,77
2025-02-19 15:45:00-05:00,370.22,370.22,369.44,369.53,20387.0,369.833,166
2025-02-19 15:50:00-05:00,369.62,370.22,369.15,369.43,30216.0,369.65,274
2025-02-19 15:55:00-05:00,369.55,370.82,369.55,370.65,112885.0,370.172,829
2025-02-20 09:30:00-05:00,369.73,370.55,365.76,370.55,21366.0,369.454,99
2025-02-20 09:35:00-05:00,369.48,369.9,367.97,368.13,8256.0,368.614,78
2025-02-20 09:40:00-05:00,368.13,368.13,365.72,366.04,4359.0,366.774,40
2025-02-20 09:45:00-05:00,366.04,366.45,362.75,364.25,41000.0,364.229,341
2025-02-20 09:50:00-05:00,363.89,364.12,362.85,363.67,10643.0,363.39,74
2025-02-20 09:55:00-05:00,363.58,363.8,362.72,362.85,10159.0,363.191,95
2025-02-20 10:00:00-05:00,362.85,363.76,361.97,363.76,19092.0,362.599,149
2025-02-20 10:05:00-05:00,363.75,364.23,363.05,363.5,4715.0,363.488,38
2025-02-20 10:10:00-05:00,363.7,365.11,363.52,365.04,11944.0,364.763,69
2025-02-20 10:15:00-05:00,365.12,366.83,364.99,366.47,11585.0,366.167,97
2025-02-20 10:20:00-05:00,366.46,366.95,365.75,366.49,13631.0,366.452,128
2025-02-20 10:25:00-05:00,366.62,367.91,366.55,367.48,9902.0,367.406,93
2025-02-20 10:30:00-05:00,367.48,368.07,367.47,368.04,9412.0,367.732,87
2025-02-20 10:35:00-05:00,367.98,368.3,366.72,366.97,13320.0,367.553,110
2025-02-20 10:40:00-05:00,367.01,367.23,366.65,366.77,4168.0,366.965,39
2025-02-20 10:45:00-05:00,366.77,366.77,365.42,365.53,4689.0,366.122,42
2025-02-20 10:50:00-05:00,365.53,365.68,365.2,365.46,5998.0,365.436,30
2025-02-20 10:55:00-05:00,365.73,365.81,365.48,365.53,2564.0,365.619,22
2025-02-20 11:00:00-05:00,365.27,365.56,364.8,365.1,10119.0,365.17,83
2025-02-20 11:05:00-05:00,365.07,365.46,364.88,365.03,18069.0,365.283,80
2025-02-20 11:10:00-05:00,365.26,365.76,365.25,365.26,6427.0,365.469,52
2025-02-20 11:15:00-05:00,365.0,365.14,364.66,364.89,7962.0,364.948,64
2025-02-20 11:20:00-05:00,364.67,365.13,364.19,364.28,7844.0,364.853,65
2025-02-20 11:25:00-05:00,364.28,365.24,364.27,365.24,4402.0,364.735,42
2025-02-20 11:30:00-05:00,365.4,365.41,364.78,364.94,4574.0,365.21,19
2025-02-20 11:35:00-05:00,364.93,364.95,364.18,364.6,8923.0,364.619,83
2025-02-20 11:40:00-05:00,364.51,365.8,364.5,365.8,5398.0,364.973,53
2025-02-20 11:45:00-05:00,365.74,365.8,365.52,365.63,5676.0,365.71,54
2025-02-20 11:50:00-05:00,365.74,366.14,365.74,365.83,2497.0,365.958,16
2025-02-20 11:55:00-05:00,365.9,365.91,365.35,365.7,2757.0,365.648,25
2025-02-20 12:00:00-05:00,365.65,365.71,365.38,365.6,2494.0,365.544,20
2025-02-20 12:05:00-05:00,365.6,365.94,365.6,365.86,1859.0,365.797,16
2025-02-20 12:10:00-05:00,365.96,366.38,365.83,366.09,4059.0,366.116,37
2025-02-20 12:15:00-05:00,366.08,366.42,366.07,366.21,1736.0,366.263,13
2025-02-20 12:20:00-05:00,366.2,366.79,366.18,366.79,4510.0,366.354,29
2025-02-20 12:25:00-05:00,366.75,366.79,366.37,366.79,11141.0,366.5,86
2025-02-20 12:30:00-05:00,366.79,367.0,366.71,366.88,1436.0,366.855,12
2025-02-20 12:35:00-05:00,366.92,367.05,366.74,366.75,3049.0,366.963,28
2025-02-20 12:40:00-05:00,366.75,367.15,366.72,367.14,1866.0,366.902,17
2025-02-20 12:45:00-05:00,367.08,367.12,366.45,366.63,5298.0,366.871,42
2025-02-20 12:50:00-05:00,366.43,366.76,366.34,366.68,2588.0,366.462,24
2025-02-20 12:55:00-05:00,366.66,366.66,366.33,366.6,4115.0,366.498,35
2025-02-20 13:00:00-05:00,366.6,366.74,366.31,366.58,4876.0,366.479,36
2025-02-20 13:05:00-05:00,366.52,366.52,365.98,365.98,2498.0,366.211,24
2025-02-20 13:10:00-05:00,365.99,366.33,365.98,366.33,1924.0,366.078,15
2025-02-20 13:15:00-05:00,366.44,366.44,365.53,365.67,5634.0,365.887,49
2025-02-20 13:20:00-05:00,365.56,365.56,365.12,365.16,5812.0,365.327,50
2025-02-20 13:25:00-05:00,365.21,365.71,365.2,365.35,5935.0,365.391,42
2025-02-20 13:30:00-05:00,365.52,366.1,365.23,365.89,4246.0,365.541,36
2025-02-20 13:35:00-05:00,365.89,365.89,365.55,365.65,3326.0,365.711,31
2025-02-20 13:40:00-05:00,365.54,365.55,364.93,365.41,4211.0,365.372,31
2025-02-20 13:45:00-05:00,365.47,365.59,365.39,365.53,2315.0,365.461,21
2025-02-20 13:50:00-05:00,365.47,365.55,365.35,365.35,3008.0,365.468,30
2025-02-20 13:55:00-05:00,365.46,365.46,365.07,365.31,2781.0,365.321,24
2025-02-20 14:00:00-05:00,365.24,365.76,365.23,365.75,3000.0,365.61,28
2025-02-20 14:05:00-05:00,365.68,365.88,365.67,365.88,1864.0,365.743,18
2025-02-20 14:10:00-05:00,365.88,366.23,365.88,366.16,3335.0,366.11,28
2025-02-20 14:15:00-05:00,366.18,366.32,366.03,366.28,3635.0,366.19,35
2025-02-20 14:20:00-05:00,366.19,366.19,366.12,366.17,2589.0,366.159,25
2025-02-20 14:25:00-05:00,366.15,366.26,365.81,366.26,9850.0,366.04,79
2025-02-20 14:30:00-05:00,365.98,366.24,365.47,365.48,3267.0,365.877,31
2025-02-20 14:35:00-05:00,365.68,365.74,365.54,365.62,4280.0,365.711,39
2025-02-20 14:40:00-05:00,365.58,366.06,365.58,366.06,1744.0,365.88,17
2025-02-20 14:45:00-05:00,366.03,366.57,366.03,366.49,4316.0,366.307,40
2025-02-20 14:50:00-05:00,366.39,366.57,366.21,366.57,4324.0,366.34,30
2025-02-20 14:55:00-05:00,366.51,367.09,366.51,366.91,6630.0,366.826,59
2025-02-20 15:00:00-05:00,366.91,366.91,366.51,366.51,3665.0,366.645,34
2025-02-20 15:05:00-05:00,366.63,366.66,366.23,366.48,4615.0,366.481,43
2025-02-20 15:10:00-05:00,366.48,366.86,366.39,366.75,3024.0,366.586,28
2025-02-20 15:15:00-05:00,366.84,366.96,366.29,366.96,11075.0,366.588,99
2025-02-20 15:20:00-05:00,367.08,367.37,367.0,367.1,7142.0,367.144,62
2025-02-20 15:25:00-05:00,367.1,367.31,367.1,367.16,4856.0,367.192,46
2025-02-20 15:30:00-05:00,367.31,367.31,366.82,366.99,9884.0,367.049,86
2025-02-20 15:35:00-05:00,366.99,366.99,366.5,366.77,11592.0,366.751,85
2025-02-20 15:40:00-05:00,366.78,366.89,366.24,366.39,13745.0,366.534,122
2025-02-20 15:45:00-05:00,366.44,367.03,366.44,366.81,12769.0,366.743,122
2025-02-20 15:50:00-05:00,367.0,367.53,366.53,366.66,22197.0,367.137,190
2025-02-20 15:55:00-05:00,366.85,367.09,366.46,366.66,69238.0,366.741,577
2025-02-21 09:30:00-05:00,367.46,368.09,365.36,366.6,48826.0,367.361,67
2025-02-21 09:35:00-05:00,366.59,366.64,363.84,364.47,4373.0,364.96,40
2025-02-21 09:40:00-05:00,364.73,364.87,362.63,364.14,2913.0,363.936,27
2025-02-21 09:45:00-05:00,364.29,365.54,363.66,364.36,3792.0,364.602,29
2025-02-21 09:50:00-05:00,364.56,364.56,364.17,364.19,2884.0,364.431,22
2025-02-21 09:55:00-05:00,364.18,364.88,363.77,364.87,2821.0,364.513,26
2025-02-21 10:00:00-05:00,364.51,364.93,364.47,364.52,9546.0,364.613,92
2025-02-21 10:05:00-05:00,364.52,364.69,363.41,363.84,22758.0,364.091,115
2025-02-21 10:10:00-05:00,364.18,364.27,363.26,363.36,13240.0,363.495,92
2025-02-21 10:15:00-05:00,363.27,364.37,362.9,363.38,9494.0,363.639,73
2025-02-21 10:20:00-05:00,362.54,363.27,362.0,362.38,9065.0,362.753,64
2025-02-21 10:25:00-05:00,362.38,362.59,361.26,361.61,11322.0,361.928,75
2025-02-21 10:30:00-05:00,361.57,363.51,361.57,362.28,3964.0,362.485,37
2025-02-21 10:35:00-05:00,362.28,362.87,362.06,362.73,1796.0,362.549,17
2025-02-21 10:40:00-05:00,362.77,362.93,360.98,360.98,7193.0,361.885,62
2025-02-21 10:45:00-05:00,360.98,361.34,360.71,360.78,8722.0,360.991,78
2025-02-21 10:50:00-05:00,360.98,360.98,360.11,360.28,7014.0,360.529,47
2025-02-21 10:55:00-05:00,360.1,361.31,359.98,360.96,4759.0,360.621,41
2025-02-21 11:00:00-05:00,360.96,361.3,360.47,360.85,5107.0,360.976,44
2025-02-21 11:05:00-05:00,361.08,361.33,360.4,360.47,5679.0,360.894,44
2025-02-21 11:10:00-05:00,360.77,361.83,360.46,361.79,4391.0,360.901,39
2025-02-21 11:15:00-05:00,361.64,361.99,361.19,361.22,1787.0,361.469,16
2025-02-21 11:20:00-05:00,361.22,361.36,361.21,361.36,900.0,361.33,8
2025-02-21 11:25:00-05:00,361.36,361.76,360.9,361.76,5465.0,361.422,40
2025-02-21 11:30:00-05:00,361.62,361.87,361.14,361.61,13076.0,361.564,91
2025-02-21 11:35:00-05:00,361.61,361.86,361.14,361.23,3703.0,361.398,35
2025-02-21 11:40:00-05:00,361.27,361.85,361.18,361.35,4087.0,361.475,33
2025-02-21 11:45:00-05:00,361.29,361.29,360.72,360.72,6610.0,361.036,60
2025-02-21 11:50:00-05:00,360.7,361.13,360.66,360.96,6229.0,360.892,47
2025-02-21 11:55:00-05:00,360.94,361.77,360.84,361.26,2523.0,361.315,22
2025-02-21 12:00:00-05:00,361.53,361.83,361.11,361.11,1974.0,361.477,15
2025-02-21 12:05:00-05:00,361.22,361.29,361.01,361.29,2574.0,361.142,12
2025-02-21 12:10:00-05:00,361.56,361.56,361.01,361.07,1463.0,361.163,14
2025-02-21 12:15:00-05:00,361.07,361.17,360.86,360.89,2427.0,360.994,23
2025-02-21 12:20:00-05:00,360.72,361.15,360.72,360.78,2494.0,360.959,21
2025-02-21 12:25:00-05:00,361.08,361.08,360.67,360.67,1785.0,360.904,12
2025-02-21 12:30:00-05:00,360.58,360.71,360.37,360.37,1626.0,360.485,15
2025-02-21 12:35:00-05:00,360.37,360.48,360.01,360.05,6469.0,360.291,57
2025-02-21 12:40:00-05:00,360.04,360.04,359.77,359.95,1293.0,359.956,11
2025-02-21 12:45:00-05:00,359.78,359.92,358.91,359.15,4423.0,359.304,33
2025-02-21 12:50:00-05:00,359.24,359.24,358.28,358.51,6735.0,358.603,46
2025-02-21 12:55:00-05:00,358.28,358.28,357.7,357.84,4748.0,357.984,41
2025-02-21 13:00:00-05:00,357.53,357.99,357.52,357.63,12786.0,357.784,68
2025-02-21 13:05:00-05:00,357.92,357.92,356.89,357.05,13852.0,357.29,50
2025-02-21 13:10:00-05:00,356.84,357.25,356.53,357.25,3363.0,356.848,30
2025-02-21 13:15:00-05:00,357.15,357.3,356.33,356.35,3871.0,357.036,32
2025-02-21 13:20:00-05:00,356.4,356.52,355.9,356.28,6751.0,356.19,61
2025-02-21 13:25:00-05:00,356.28,356.55,356.01,356.18,4957.0,356.314,45
2025-02-21 13:30:00-05:00,356.18,356.81,355.81,356.81,25748.0,356.177,100
2025-02-21 13:35:00-05:00,356.85,357.34,356.42,356.43,5659.0,356.892,48
2025-02-21 13:40:00-05:00,356.65,357.03,356.19,356.43,4929.0,356.655,39
2025-02-21 13:45:00-05:00,356.43,356.43,356.06,356.39,6503.0,356.242,54
2025-02-21 13:50:00-05:00,356.25,356.53,356.0,356.12,9195.0,356.174,65
2025-02-21 13:55:00-05:00,356.24,356.36,355.74,356.09,7929.0,355.976,43
2025-02-21 14:00:00-05:00,356.05,356.13,355.34,355.39,15195.0,355.718,60
2025-02-21 14:05:00-05:00,355.37,356.07,355.31,355.73,7792.0,355.575,69
2025-02-21 14:10:00-05:00,355.97,356.42,355.56,356.42,6607.0,356.102,60
2025-02-21 14:15:00-05:00,356.12,356.15,355.35,355.77,6521.0,355.806,51
2025-02-21 14:20:00-05:00,355.77,355.77,354.73,354.81,5804.0,355.295,47
2025-02-21 14:25:00-05:00,354.72,354.97,354.4,354.4,12476.0,354.734,53
2025-02-21 14:30:00-05:00,354.48,355.46,354.47,355.06,4632.0,355.028,41
2025-02-21 14:35:00-05:00,355.11,355.11,354.7,354.94,3288.0,354.925,28
2025-02-21 14:40:00-05:00,354.85,354.92,354.39,354.61,5470.0,354.595,50
2025-02-21 14:45:00-05:00,354.59,354.64,354.1,354.34,12258.0,354.33,43
2025-02-21 14:50:00-05:00,354.2,355.04,354.18,354.7,5380.0,354.7,48
2025-02-21 14:55:00-05:00,354.71,355.05,354.71,354.84,2584.0,354.927,22
2025-02-21 15:00:00-05:00,354.86,355.1,354.8,354.98,3140.0,354.884,26
2025-02-21 15:05:00-05:00,354.93,355.01,354.87,354.87,800.0,354.952,8
2025-02-21 15:10:00-05:00,354.84,355.26,354.84,355.19,8906.0,355.093,79
2025-02-21 15:15:00-05:00,355.29,355.81,355.25,355.77,5813.0,355.466,45
2025-02-21 15:20:00-05:00,355.75,356.16,355.7,355.94,7450.0,355.935,64
2025-02-21 15:25:00-05:00,355.85,356.2,355.85,356.11,3745.0,356.037,35
2025-02-21 15:30:00-05:00,356.19,356.55,356.19,356.4,3017.0,356.445,28
2025-02-21 15:35:00-05:00,356.43,356.43,355.94,356.15,8091.0,356.181,70
2025-02-21 15:40:00-05:00,356.17,356.26,355.68,355.8,9683.0,355.929,87
2025-02-21 15:45:00-05:00,355.79,355.82,355.13,355.47,12154.0,355.445,113
2025-02-21 15:50:00-05:00,355.52,356.1,355.0,355.25,29805.0,355.66,260
2025-02-21 15:55:00-05:00,355.24,355.38,354.28,354.91,66241.0,354.595,500
2025-02-24 09:30:00-05:00,357.13,358.7,355.11,355.98,30199.0,356.989,107
2025-02-24 09:35:00-05:00,355.98,355.98,353.13,353.81,7627.0,354.609,60
2025-02-24 09:40:00-05:00,353.81,354.48,351.47,352.1,13720.0,353.077,121
2025-02-24 09:45:00-05:00,352.36,353.39,351.97,353.17,8170.0,352.683,52
2025-02-24 09:50:00-05:00,353.43,353.43,351.71,352.28,4328.0,352.669,32
2025-02-24 09:55:00-05:00,352.05,352.05,350.7,351.15,9543.0,351.272,57
2025-02-24 10:00:00-05:00,351.05,351.82,349.07,349.34,8749.0,350.327,74
2025-02-24 10:05:00-05:00,349.52,349.93,348.33,348.94,17641.0,349.213,159
2025-02-24 10:10:00-05:00,349.08,350.01,348.84,349.81,7387.0,349.369,53
2025-02-24 10:15:00-05:00,350.35,350.35,349.1,349.46,14549.0,349.588,57
2025-02-24 10:20:00-05:00,349.82,350.66,349.76,350.13,27146.0,350.121,196
2025-02-24 10:25:00-05:00,350.57,351.0,348.38,348.81,15397.0,349.73,120
2025-02-24 10:30:00-05:00,348.81,349.38,347.18,347.49,29516.0,348.512,141
2025-02-24 10:35:00-05:00,347.49,347.97,347.11,347.14,26016.0,347.624,153
2025-02-24 10:40:00-05:00,347.09,347.32,346.42,347.0,23219.0,346.926,143
2025-02-24 10:45:00-05:00,347.23,347.23,346.09,346.71,12447.0,346.667,61
2025-02-24 10:50:00-05:00,347.06,347.15,346.26,346.3,8834.0,346.744,63
2025-02-24 10:55:00-05:00,346.25,347.72,345.99,347.5,16662.0,346.888,107
2025-02-24 11:00:00-05:00,347.5,347.89,346.56,346.75,15675.0,347.182,78
2025-02-24 11:05:00-05:00,346.75,347.29,346.31,346.98,8798.0,346.921,54
2025-02-24 11:10:00-05:00,346.98,347.39,346.97,347.27,12888.0,347.159,94
2025-02-24 11:15:00-05:00,347.46,348.33,347.3,348.23,6925.0,347.831,64
2025-02-24 11:20:00-05:00,348.18,348.24,347.61,348.13,8683.0,348.001,71
2025-02-24 11:25:00-05:00,348.23,349.76,348.11,349.7,44337.0,348.524,410
2025-02-24 11:30:00-05:00,349.74,350.08,349.03,349.03,6372.0,349.693,57
2025-02-24 11:35:00-05:00,349.17,349.32,348.4,348.59,10526.0,349.013,83
2025-02-24 11:40:00-05:00,348.92,350.04,348.65,349.04,19993.0,349.27,106
2025-02-24 11:45:00-05:00,348.76,350.04,348.43,349.66,8249.0,349.369,81
2025-02-24 11:50:00-05:00,349.66,350.02,349.57,349.76,4848.0,349.866,44
2025-02-24 11:55:00-05:00,349.77,349.79,348.46,348.56,9850.0,349.092,82
2025-02-24 12:00:00-05:00,348.56,349.24,348.37,349.24,18961.0,348.829,179
2025-02-24 12:05:00-05:00,349.23,349.4,348.37,348.66,16462.0,349.027,146
2025-02-24 12:10:00-05:00,348.52,349.23,348.15,348.96,14119.0,348.732,109
2025-02-24 12:15:00-05:00,349.0,349.69,348.96,349.56,12592.0,349.228,115
2025-02-24 12:20:00-05:00,349.69,350.68,349.67,350.43,7670.0,349.954,44
2025-02-24 12:25:00-05:00,350.39,350.68,350.17,350.3,2576.0,350.374,23
2025-02-24 12:30:00-05:00,350.12,350.23,349.39,349.41,7550.0,349.685,68
2025-02-24 12:35:00-05:00,349.42,349.85,349.42,349.62,6541.0,349.62,63
2025-02-24 12:40:00-05:00,349.73,350.23,349.6,350.08,4194.0,349.921,34
2025-02-24 12:45:00-05:00,350.37,350.39,349.42,349.42,5089.0,349.795,44
2025-02-24 12:50:00-05:00,349.43,350.06,349.43,349.78,3063.0,349.788,27
2025-02-24 12:55:00-05:00,349.8,350.2,349.8,350.09,8658.0,349.908,39
2025-02-24 13:00:00-05:00,350.1,350.37,349.97,350.01,4423.0,350.111,35
2025-02-24 13:05:00-05:00,350.01,350.01,349.46,349.61,3798.0,349.704,28
2025-02-24 13:10:00-05:00,349.55,349.79,349.17,349.79,2752.0,349.447,24
2025-02-24 13:15:00-05:00,349.77,350.28,349.62,350.28,5228.0,349.962,46
2025-02-24 13:20:00-05:00,350.14,350.14,349.64,349.74,4228.0,349.899,26
2025-02-24 13:25:00-05:00,349.74,350.01,349.38,349.92,9249.0,349.772,69
2025-02-24 13:30:00-05:00,349.88,350.43,349.88,350.43,6562.0,350.166,49
2025-02-24 13:35:00-05:00,350.37,350.78,350.36,350.66,2265.0,350.581,17
2025-02-24 13:40:00-05:00,350.8,350.95,350.45,350.48,3685.0,350.664,33
2025-02-24 13:45:00-05:00,350.53,350.91,349.41,350.25,16760.0,350.085,154
2025-02-24 13:50:00-05:00,349.98,349.98,349.46,349.77,2397.0,349.824,22
2025-02-24 13:55:00-05:00,349.62,349.97,349.22,349.42,3095.0,349.623,30
2025-02-24 14:00:00-05:00,349.22,349.9,349.22,349.9,5259.0,349.666,46
2025-02-24 14:05:00-05:00,349.86,349.86,349.28,349.52,3445.0,349.549,32
2025-02-24 14:10:00-05:00,349.32,349.52,348.91,349.11,5467.0,349.195,48
2025-02-24 14:15:00-05:00,349.05,349.05,348.57,348.7,4054.0,348.804,39
2025-02-24 14:20:00-05:00,348.7,349.07,348.17,348.82,10893.0,348.641,91
2025-02-24 14:25:00-05:00,348.65,348.91,348.55,348.7,3419.0,348.725,34
2025-02-24 14:30:00-05:00,348.57,349.21,348.48,348.85,9872.0,348.8,81
2025-02-24 14:35:00-05:00,348.9,349.06,348.48,348.68,11049.0,348.673,98
2025-02-24 14:40:00-05:00,348.78,348.83,348.09,348.09,6340.0,348.393,57
2025-02-24 14:45:00-05:00,348.14,348.29,347.95,348.03,5416.0,348.119,46
2025-02-24 14:50:00-05:00,348.03,348.16,347.57,347.57,6146.0,347.896,58
2025-02-24 14:55:00-05:00,347.57,347.57,346.93,347.54,7269.0,347.267,64
2025-02-24 15:00:00-05:00,347.35,347.44,346.96,346.96,3467.0,347.188,32
2025-02-24 15:05:00-05:00,347.06,347.06,346.17,346.62,11238.0,346.465,92
2025-02-24 15:10:00-05:00,346.44,346.9,346.36,346.8,8334.0,346.579,62
2025-02-24 15:15:00-05:00,346.83,347.67,346.81,347.49,11378.0,347.231,101
2025-02-24 15:20:00-05:00,347.47,347.6,347.23,347.26,7590.0,347.416,73
2025-02-24 15:25:00-05:00,347.04,347.66,347.04,347.36,9689.0,347.357,87
2025-02-24 15:30:00-05:00,347.51,348.02,347.39,347.93,18956.0,347.761,89
2025-02-24 15:35:00-05:00,347.83,348.43,347.82,348.28,12324.0,348.132,114
2025-02-24 15:40:00-05:00,348.28,348.28,347.26,347.32,10670.0,347.606,92
2025-02-24 15:45:00-05:00,347.27,348.29,347.27,348.1,15569.0,347.899,130
2025-02-24 15:50:00-05:00,348.18,348.28,346.35,346.47,38085.0,347.154,331
2025-02-24 15:55:00-05:00,346.49,347.07,346.35,347.02,100336.0,346.602,780
2025-02-25 09:30:00-05:00,345.66,346.54,343.22,346.12,52987.0,345.659,233
2025-02-25 09:35:00-05:00,346.1,347.3,346.09,346.86,23900.0,346.692,175
2025-02-25 09:40:00-05:00,346.86,346.9,344.6,345.04,43704.0,346.309,247
2025-02-25 09:45:00-05:00,344.72,344.74,343.46,343.88,8486.0,344.11,75
2025-02-25 09:50:00-05:00,343.54,344.04,342.29,342.57,8860.0,343.329,66
2025-02-25 09:55:00-05:00,342.62,344.82,342.31,343.82,18679.0,343.484,147
2025-02-25 10:00:00-05:00,343.82,343.83,342.0,342.05,7655.0,343.116,58
2025-02-25 10:05:00-05:00,342.16,343.08,341.32,342.93,19351.0,341.897,127
2025-02-25 10:10:00-05:00,343.2,343.51,342.7,342.8,9421.0,343.019,57
2025-02-25 10:15:00-05:00,343.03,343.56,342.11,342.23,20971.0,342.783,81
2025-02-25 10:20:00-05:00,342.42,343.37,342.18,342.71,8514.0,342.669,76
2025-02-25 10:25:00-05:00,342.56,343.31,341.85,341.85,14616.0,342.774,125
2025-02-25 10:30:00-05:00,342.06,343.2,341.73,343.1,13959.0,342.503,121
2025-02-25 10:35:00-05:00,342.78,344.5,342.77,344.5,17980.0,343.632,150
2025-02-25 10:40:00-05:00,344.68,344.81,343.97,344.0,11258.0,344.329,79
2025-02-25 10:45:00-05:00,344.2,344.55,343.91,344.32,11303.0,344.141,92
2025-02-25 10:50:00-05:00,344.48,345.77,344.32,345.55,18339.0,345.358,131
2025-02-25 10:55:00-05:00,345.56,346.23,345.34,345.6,22071.0,345.744,148
2025-02-25 11:00:00-05:00,345.43,345.55,344.5,345.21,22857.0,345.016,174
2025-02-25 11:05:00-05:00,344.94,345.87,344.73,345.29,18644.0,345.303,117
2025-02-25 11:10:00-05:00,345.3,346.01,345.29,345.3,11568.0,345.777,75
2025-02-25 11:15:00-05:00,345.12,345.25,344.14,344.21,5890.0,344.593,53
2025-02-25 11:20:00-05:00,344.21,344.73,343.27,343.75,10664.0,343.911,99
2025-02-25 11:25:00-05:00,343.88,344.01,343.55,343.8,3516.0,343.842,30
2025-02-25 11:30:00-05:00,343.86,343.94,342.6,343.03,6724.0,343.214,52
2025-02-25 11:35:00-05:00,343.01,343.16,342.53,342.89,8522.0,343.055,35
2025-02-25 11:40:00-05:00,342.88,343.24,342.71,343.13,3066.0,342.98,27
2025-02-25 11:45:00-05:00,343.23,343.67,342.95,343.66,9152.0,343.21,50
2025-02-25 11:50:00-05:00,343.8,344.79,343.71,344.57,57166.0,344.272,57
2025-02-25 11:55:00-05:00,344.57,345.0,344.08,344.1,14523.0,344.633,122
2025-02-25 12:00:00-05:00,344.23,344.31,343.46,343.46,3781.0,343.765,33
2025-02-25 12:05:00-05:00,343.51,343.6,343.15,343.16,3626.0,343.466,30
2025-02-25 12:10:00-05:00,343.23,343.87,343.14,343.66,312383.0,343.36,93
2025-02-25 12:15:00-05:00,343.74,343.91,343.55,343.79,211513.0,343.56,89
2025-02-25 12:20:00-05:00,343.79,344.11,343.41,344.11,19799.0,343.666,83
2025-02-25 12:25:00-05:00,343.95,343.95,343.44,343.74,9292.0,343.747,83
2025-02-25 12:30:00-05:00,343.74,344.38,343.73,344.0,9797.0,344.041,86
2025-02-25 12:35:00-05:00,344.12,344.19,343.77,344.06,10994.0,344.035,97
2025-02-25 12:40:00-05:00,344.15,344.61,344.05,344.46,12911.0,344.28,98
2025-02-25 12:45:00-05:00,344.44,344.44,344.13,344.22,4883.0,344.229,45
2025-02-25 12:50:00-05:00,344.2,345.2,344.13,344.8,8989.0,344.673,78
2025-02-25 12:55:00-05:00,344.8,346.07,344.76,345.69,85921.0,345.706,376
2025-02-25 13:00:00-05:00,345.89,345.99,345.14,345.43,7520.0,345.564,66
2025-02-25 13:05:00-05:00,345.23,346.02,345.2,345.77,37707.0,345.706,187
2025-02-25 13:10:00-05:00,345.68,346.06,345.58,345.88,11817.0,345.853,74
2025-02-25 13:15:00-05:00,345.9,346.04,345.23,345.23,30791.0,345.935,158
2025-02-25 13:20:00-05:00,345.2,345.65,345.2,345.65,11878.0,345.54,55
2025-02-25 13:25:00-05:00,345.44,345.48,344.2,344.2,2757.0,345.012,23
2025-02-25 13:30:00-05:00,344.21,344.66,344.19,344.59,5324.0,344.492,48
2025-02-25 13:35:00-05:00,344.59,345.39,344.39,345.39,5168.0,344.807,46
2025-02-25 13:40:00-05:00,345.44,346.0,345.42,346.0,14884.0,345.589,78
2025-02-25 13:45:00-05:00,345.94,346.11,345.89,345.95,13573.0,346.002,73
2025-02-25 13:50:00-05:00,346.0,346.12,345.59,345.93,53093.0,346.003,244
2025-02-25 13:55:00-05:00,345.98,346.0,345.57,345.81,8584.0,345.821,65
2025-02-25 14:00:00-05:00,345.9,346.03,345.6,345.63,11910.0,345.852,79
2025-02-25 14:05:00-05:00,345.64,345.77,345.51,345.69,7849.0,345.615,58
2025-02-25 14:10:00-05:00,345.71,345.97,345.44,345.59,7838.0,345.727,70
2025-02-25 14:15:00-05:00,345.6,345.6,345.17,345.5,23548.0,345.493,101
2025-02-25 14:20:00-05:00,345.4,346.05,345.36,345.86,44531.0,345.81,257
2025-02-25 14:25:00-05:00,345.91,346.0,345.48,345.78,7614.0,345.693,53
2025-02-25 14:30:00-05:00,345.75,346.08,345.65,345.98,25054.0,345.961,171
2025-02-25 14:35:00-05:00,346.04,347.73,345.94,347.65,101458.0,346.106,676
2025-02-25 14:40:00-05:00,347.63,349.18,347.37,348.72,17805.0,347.991,122
2025-02-25 14:45:00-05:00,348.83,348.83,347.63,347.97,8268.0,348.062,72
2025-02-25 14:50:00-05:00,347.97,348.15,347.53,347.54,15239.0,347.904,79
2025-02-25 14:55:00-05:00,347.69,347.91,347.4,347.65,6561.0,347.674,50
2025-02-25 15:00:00-05:00,347.55,347.74,347.36,347.72,11896.0,347.608,95
2025-02-25 15:05:00-05:00,347.75,347.87,347.49,347.63,14489.0,347.736,118
2025-02-25 15:10:00-05:00,347.46,348.01,347.24,348.01,35116.0,347.835,225
2025-02-25 15:15:00-05:00,348.01,348.17,347.68,348.16,34869.0,347.965,231
2025-02-25 15:20:00-05:00,348.17,348.94,348.11,348.91,19380.0,348.351,104
2025-02-25 15:25:00-05:00,348.91,349.6,348.35,348.5,67412.0,348.602,213
2025-02-25 15:30:00-05:00,348.62,348.86,348.29,348.51,25974.0,348.534,103
2025-02-25 15:35:00-05:00,348.52,349.27,348.11,348.19,22204.0,348.461,148
2025-02-25 15:40:00-05:00,348.19,348.68,347.78,348.53,43380.0,348.136,293
2025-02-25 15:45:00-05:00,348.53,350.05,348.38,350.0,74978.0,349.212,487
2025-02-25 15:50:00-05:00,350.0,350.11,348.28,348.3,74298.0,349.38,515
2025-02-25 15:55:00-05:00,348.47,349.18,348.39,348.77,125966.0,348.811,952
2025-02-26 09:30:00-05:00,353.03,355.19,351.02,355.19,36148.0,353.041,77
2025-02-26 09:35:00-05:00,355.6,355.86,352.81,354.11,44524.0,353.912,246
2025-02-26 09:40:00-05:00,354.13,355.55,353.44,353.5,60441.0,354.244,380
2025-02-26 09:45:00-05:00,353.65,354.61,352.76,354.61,36563.0,353.98,253
2025-02-26 09:50:00-05:00,354.61,356.14,354.61,355.32,22274.0,354.961,190
2025-02-26 09:55:00-05:00,354.98,355.06,353.93,354.93,17768.0,354.539,68
2025-02-26 10:00:00-05:00,354.84,355.27,353.85,354.68,11537.0,354.751,83
2025-02-26 10:05:00-05:00,354.52,354.61,352.12,352.41,5999.0,352.977,53
2025-02-26 10:10:00-05:00,352.52,353.43,352.11,352.88,12300.0,352.776,109
2025-02-26 10:15:00-05:00,352.62,354.14,352.31,353.52,5265.0,353.295,34
2025-02-26 10:20:00-05:00,353.2,354.35,353.19,354.18,7297.0,353.752,68
2025-02-26 10:25:00-05:00,354.09,355.28,353.93,354.11,12967.0,354.521,96
2025-02-26 10:30:00-05:00,354.23,355.32,353.93,355.12,4993.0,354.578,26
2025-02-26 10:35:00-05:00,355.24,355.84,354.29,354.29,21793.0,355.387,146
2025-02-26 10:40:00-05:00,354.75,355.76,354.67,355.39,6079.0,355.209,51
2025-02-26 10:45:00-05:00,355.38,355.51,354.86,354.94,3862.0,355.162,27
2025-02-26 10:50:00-05:00,354.94,355.49,354.94,355.06,8355.0,355.232,60
2025-02-26 10:55:00-05:00,355.03,355.41,354.81,355.29,7643.0,355.196,55
2025-02-26 11:00:00-05:00,355.32,355.53,355.06,355.06,3558.0,355.344,26
2025-02-26 11:05:00-05:00,355.05,355.39,355.0,355.32,18648.0,355.086,101
2025-02-26 11:10:00-05:00,355.27,355.46,355.09,355.35,10084.0,355.255,60
2025-02-26 11:15:00-05:00,355.22,356.3,355.12,356.3,12588.0,355.414,97
2025-02-26 11:20:00-05:00,356.3,356.76,356.2,356.29,14431.0,356.49,125
2025-02-26 11:25:00-05:00,356.52,356.55,355.83,356.18,8070.0,356.181,68
2025-02-26 11:30:00-05:00,356.18,356.27,355.1,355.13,7474.0,355.885,41
2025-02-26 11:35:00-05:00,355.25,356.13,355.25,356.0,2580.0,355.685,24
2025-02-26 11:40:00-05:00,355.99,355.99,355.49,355.83,1903.0,355.753,18
2025-02-26 11:45:00-05:00,356.14,356.16,355.57,355.62,4071.0,355.871,30
2025-02-26 11:50:00-05:00,355.69,356.61,355.67,356.61,8207.0,355.99,66
2025-02-26 11:55:00-05:00,356.47,356.47,355.45,355.56,5519.0,355.717,43
2025-02-26 12:00:00-05:00,355.49,355.68,355.37,355.54,5324.0,355.503,44
2025-02-26 12:05:00-05:00,355.59,355.87,355.38,355.38,8674.0,355.651,52
2025-02-26 12:10:00-05:00,355.42,355.54,355.16,355.23,4218.0,355.336,31
2025-02-26 12:15:00-05:00,355.16,355.79,355.0,355.39,11688.0,355.255,57
2025-02-26 12:20:00-05:00,355.44,355.44,355.08,355.39,1296.0,355.328,12
2025-02-26 12:25:00-05:00,355.38,355.69,355.21,355.44,1630.0,355.538,15
2025-02-26 12:30:00-05:00,355.77,355.98,355.33,355.51,12013.0,355.581,36
2025-02-26 12:35:00-05:00,355.52,355.52,355.07,355.4,12946.0,355.182,61
2025-02-26 12:40:00-05:00,355.1,355.61,354.9,355.48,13316.0,355.172,88
2025-02-26 12:45:00-05:00,355.48,355.57,355.1,355.56,2461.0,355.242,21
2025-02-26 12:50:00-05:00,355.41,355.57,354.95,355.46,12187.0,355.135,106
2025-02-26 12:55:00-05:00,355.34,355.34,354.22,354.52,22858.0,354.913,102
2025-02-26 13:00:00-05:00,354.5,354.97,353.96,354.48,26755.0,354.501,161
2025-02-26 13:05:00-05:00,354.52,355.12,354.12,355.04,7425.0,354.421,64
2025-02-26 13:10:00-05:00,355.06,355.07,354.8,354.85,3008.0,355.006,28
2025-02-26 13:15:00-05:00,354.93,355.39,354.62,355.39,11826.0,354.827,98
2025-02-26 13:20:00-05:00,355.37,355.63,355.22,355.22,1765.0,355.402,16
2025-02-26 13:25:00-05:00,355.13,355.23,354.71,354.74,6516.0,354.897,59
2025-02-26 13:30:00-05:00,354.73,354.96,354.49,354.79,26651.0,354.756,112
2025-02-26 13:35:00-05:00,354.83,354.84,353.93,354.0,4147.0,354.482,38
2025-02-26 13:40:00-05:00,353.98,354.1,353.63,353.63,3258.0,353.966,21
2025-02-26 13:45:00-05:00,353.82,354.03,353.33,353.58,5553.0,353.696,50
2025-02-26 13:50:00-05:00,353.42,353.42,352.39,352.62,1751.0,352.949,16
2025-02-26 13:55:00-05:00,352.62,353.09,352.23,353.04,5731.0,352.72,52
2025-02-26 14:00:00-05:00,352.76,353.12,352.5,352.53,2150.0,352.798,20
2025-02-26 14:05:00-05:00,352.48,352.6,352.13,352.35,2030.0,352.355,18
2025-02-26 14:10:00-05:00,352.09,352.45,352.04,352.32,3090.0,352.308,27
2025-02-26 14:15:00-05:00,352.06,352.83,352.06,352.81,2427.0,352.491,22
2025-02-26 14:20:00-05:00,352.97,353.47,352.97,353.18,2154.0,353.242,19
2025-02-26 14:25:00-05:00,353.43,353.43,353.17,353.31,1080.0,353.302,10
2025-02-26 14:30:00-05:00,353.31,353.7,353.3,353.62,1963.0,353.528,17
2025-02-26 14:35:00-05:00,353.69,354.1,353.69,354.01,3582.0,353.89,32
2025-02-26 14:40:00-05:00,353.9,354.45,353.8,354.0,3809.0,354.082,29
2025-02-26 14:45:00-05:00,354.0,354.0,353.75,353.82,1904.0,353.866,18
2025-02-26 14:50:00-05:00,353.77,354.17,353.55,353.95,3885.0,353.89,35
2025-02-26 14:55:00-05:00,353.88,353.88,352.39,352.39,2762.0,353.465,26
2025-02-26 15:00:00-05:00,352.41,352.89,352.37,352.53,3560.0,352.722,30
2025-02-26 15:05:00-05:00,352.66,353.01,352.66,353.0,3139.0,352.888,28
2025-02-26 15:10:00-05:00,353.07,353.13,352.62,352.7,3447.0,352.897,32
2025-02-26 15:15:00-05:00,352.5,352.99,352.29,352.99,7982.0,352.589,57
2025-02-26 15:20:00-05:00,352.86,354.09,352.86,353.93,23317.0,353.071,48
2025-02-26 15:25:00-05:00,353.88,353.95,353.61,353.61,3302.0,353.816,28
2025-02-26 15:30:00-05:00,353.55,353.58,352.86,353.03,11468.0,353.188,77
2025-02-26 15:35:00-05:00,353.14,353.14,352.41,352.76,6120.0,352.733,50
2025-02-26 15:40:00-05:00,352.66,352.68,352.0,352.3,51209.0,352.265,409
2025-02-26 15:45:00-05:00,352.25,352.43,351.53,351.64,38206.0,352.013,265
2025-02-26 15:50:00-05:00,351.64,352.03,350.04,350.34,58730.0,351.311,313
2025-02-26 15:55:00-05:00,350.41,350.83,350.08,350.82,104865.0,350.348,658
2025-02-27 09:30:00-05:00,352.27,354.44,350.42,351.79,26886.0,352.646,93
2025-02-27 09:35:00-05:00,352.59,353.07,351.41,352.51,12046.0,352.134,107
2025-02-27 09:40:00-05:00,352.38,352.93,350.64,350.64,7399.0,351.811,61
2025-02-27 09:45:00-05:00,350.67,353.33,350.67,352.16,9262.0,351.945,83
2025-02-27 09:50:00-05:00,352.34,352.83,351.27,351.39,17019.0,351.905,135
2025-02-27 09:55:00-05:00,351.1,351.23,349.57,349.88,14388.0,350.301,116
2025-02-27 10:00:00-05:00,349.58,350.77,348.51,350.6,35775.0,349.574,133
2025-02-27 10:05:00-05:00,350.69,352.43,350.6,352.31,4821.0,351.621,43
2025-02-27 10:10:00-05:00,352.41,354.29,352.23,353.36,9222.0,353.582,74
2025-02-27 10:15:00-05:00,353.02,353.47,352.66,353.34,7902.0,353.02,62
2025-02-27 10:20:00-05:00,353.31,355.04,352.85,354.84,5238.0,354.253,32
2025-02-27 10:25:00-05:00,354.84,354.84,354.24,354.77,3106.0,354.476,29
2025-02-27 10:30:00-05:00,354.77,354.87,352.66,352.86,7901.0,353.878,76
2025-02-27 10:35:00-05:00,352.87,354.15,352.72,353.6,4771.0,353.489,47
2025-02-27 10:40:00-05:00,353.3,353.57,352.87,353.03,3692.0,353.274,36
2025-02-27 10:45:00-05:00,352.9,353.58,352.67,353.33,4805.0,353.11,40
2025-02-27 10:50:00-05:00,353.3,353.64,351.65,351.65,4622.0,352.863,44
2025-02-27 10:55:00-05:00,351.51,352.03,351.51,351.74,2879.0,351.78,24
2025-02-27 11:00:00-05:00,351.89,352.84,351.73,352.69,4451.0,352.501,39
2025-02-27 11:05:00-05:00,352.65,352.86,352.48,352.69,5057.0,352.675,48
2025-02-27 11:10:00-05:00,352.75,353.57,352.75,353.55,2966.0,353.237,28
2025-02-27 11:15:00-05:00,353.66,354.07,353.59,353.9,4239.0,353.812,22
2025-02-27 11:20:00-05:00,353.93,354.15,353.2,353.2,5406.0,353.67,53
2025-02-27 11:25:00-05:00,353.19,353.2,352.44,352.65,3601.0,352.714,28
2025-02-27 11:30:00-05:00,352.37,352.95,352.18,352.78,4697.0,352.51,27
2025-02-27 11:35:00-05:00,352.75,353.04,352.4,352.61,2726.0,352.689,25
2025-02-27 11:40:00-05:00,352.61,352.62,352.05,352.07,2180.0,352.29,18
2025-02-27 11:45:00-05:00,352.09,352.33,351.95,352.33,2018.0,352.126,20
2025-02-27 11:50:00-05:00,352.28,352.28,351.42,351.92,4783.0,351.925,44
2025-02-27 11:55:00-05:00,351.87,351.87,350.82,350.82,2592.0,351.175,19
2025-02-27 12:00:00-05:00,350.98,351.27,350.9,351.14,1273.0,351.086,12
2025-02-27 12:05:00-05:00,351.1,351.45,350.35,350.43,2675.0,350.74,25
2025-02-27 12:10:00-05:00,350.31,350.69,349.93,350.5,6347.0,350.427,52
2025-02-27 12:15:00-05:00,350.38,350.38,349.73,349.77,3965.0,350.048,36
2025-02-27 12:20:00-05:00,349.73,350.49,349.66,350.29,3758.0,350.111,29
2025-02-27 12:25:00-05:00,350.39,351.37,350.39,351.31,4293.0,351.004,36
2025-02-27 12:30:00-05:00,351.52,351.71,351.01,351.01,1534.0,351.346,15
2025-02-27 12:35:00-05:00,351.07,351.29,350.72,350.72,4412.0,351.05,37
2025-02-27 12:40:00-05:00,350.73,350.85,349.83,350.0,6481.0,350.247,63
2025-02-27 12:45:00-05:00,350.21,350.49,350.19,350.38,3802.0,350.29,34
2025-02-27 12:50:00-05:00,350.19,350.6,349.71,350.57,9608.0,350.165,83
2025-02-27 12:55:00-05:00,350.34,350.57,350.2,350.38,1507.0,350.362,12
2025-02-27 13:00:00-05:00,350.37,350.88,350.37,350.48,4946.0,350.594,46
2025-02-27 13:05:00-05:00,350.46,350.8,350.39,350.57,4679.0,350.554,27
2025-02-27 13:10:00-05:00,350.37,350.99,350.37,350.98,4356.0,350.76,40
2025-02-27 13:15:00-05:00,350.88,350.88,350.58,350.63,1140.0,350.698,11
2025-02-27 13:20:00-05:00,350.68,350.68,350.1,350.3,4027.0,350.376,33
2025-02-27 13:25:00-05:00,350.18,350.41,350.04,350.22,6949.0,350.206,36
2025-02-27 13:30:00-05:00,350.3,350.7,350.1,350.32,4518.0,350.426,42
2025-02-27 13:35:00-05:00,350.31,350.31,350.01,350.1,3955.0,350.161,34
2025-02-27 13:40:00-05:00,350.11,350.19,349.43,349.58,3985.0,349.689,38
2025-02-27 13:45:00-05:00,349.44,349.66,349.3,349.6,9148.0,349.479,72
2025-02-27 13:50:00-05:00,349.6,349.65,349.2,349.65,11509.0,349.402,87
2025-02-27 13:55:00-05:00,349.69,349.7,348.98,348.99,5077.0,349.424,38
2025-02-27 14:00:00-05:00,348.88,349.02,348.39,348.39,9099.0,348.709,77
2025-02-27 14:05:00-05:00,348.4,348.44,347.95,348.1,8956.0,348.22,68
2025-02-27 14:10:00-05:00,348.21,348.21,347.86,347.96,5457.0,348.061,49
2025-02-27 14:15:00-05:00,348.09,348.37,347.89,348.37,4561.0,348.052,44
2025-02-27 14:20:00-05:00,348.53,348.93,347.81,347.94,8538.0,348.304,63
2025-02-27 14:25:00-05:00,347.95,348.02,347.15,347.15,7498.0,347.624,65
2025-02-27 14:30:00-05:00,346.96,346.96,345.7,345.9,11170.0,346.072,61
2025-02-27 14:35:00-05:00,345.88,346.51,345.7,346.05,7603.0,346.067,73
2025-02-27 14:40:00-05:00,346.06,346.2,345.53,346.08,5820.0,345.919,58
2025-02-27 14:45:00-05:00,346.09,346.47,345.78,346.18,7319.0,346.112,69
2025-02-27 14:50:00-05:00,345.98,346.94,345.98,346.71,12926.0,346.538,111
2025-02-27 14:55:00-05:00,346.8,346.81,346.35,346.69,8067.0,346.606,63
2025-02-27 15:00:00-05:00,346.52,346.54,345.17,345.7,10833.0,345.993,102
2025-02-27 15:05:00-05:00,345.68,345.99,344.96,344.96,26097.0,345.338,191
2025-02-27 15:10:00-05:00,345.11,345.25,344.46,344.9,18243.0,345.025,142
2025-02-27 15:15:00-05:00,345.02,345.21,344.59,344.6,8757.0,344.769,79
2025-02-27 15:20:00-05:00,344.68,345.83,344.63,345.32,13782.0,345.051,117
2025-02-27 15:25:00-05:00,345.54,345.75,344.52,344.52,10363.0,345.208,94
2025-02-27 15:30:00-05:00,344.58,345.15,344.58,344.83,10910.0,344.83,89
2025-02-27 15:35:00-05:00,344.89,345.67,344.89,345.2,7767.0,345.335,72
2025-02-27 15:40:00-05:00,345.17,345.17,344.69,344.84,9973.0,344.844,80
2025-02-27 15:45:00-05:00,344.8,345.78,344.58,345.67,8414.0,345.045,75
2025-02-27 15:50:00-05:00,345.78,346.1,345.1,345.32,15829.0,345.543,131
2025-02-27 15:55:00-05:00,345.2,345.2,344.15,344.31,60701.0,344.607,448
2025-02-28 09:30:00-05:00,345.31,345.69,342.5,343.28,31507.0,344.946,76
2025-02-28 09:35:00-05:00,343.28,346.58,343.27,345.7,8691.0,345.385,64
2025-02-28 09:40:00-05:00,345.7,345.7,343.62,344.0,10264.0,344.694,78
2025-02-28 09:45:00-05:00,343.72,344.03,342.84,343.41,6413.0,343.334,48
2025-02-28 09:50:00-05:00,343.05,343.79,342.87,342.87,10749.0,343.365,100
2025-02-28 09:55:00-05:00,343.08,343.65,341.79,343.42,6124.0,342.507,48
2025-02-28 10:00:00-05:00,342.77,343.84,342.77,343.84,7543.0,343.343,51
2025-02-28 10:05:00-05:00,343.62,344.9,343.34,344.73,30286.0,344.629,91
2025-02-28 10:10:00-05:00,344.73,346.14,344.69,346.04,19777.0,345.229,121
2025-02-28 10:15:00-05:00,346.29,346.29,345.4,345.96,11021.0,345.747,99
2025-02-28 10:20:00-05:00,345.87,347.05,345.79,347.05,6102.0,346.466,55
2025-02-28 10:25:00-05:00,346.82,347.76,346.75,347.76,5385.0,347.293,51
2025-02-28 10:30:00-05:00,347.61,348.09,347.11,347.38,14310.0,347.527,102
2025-02-28 10:35:00-05:00,347.28,347.74,346.67,347.48,12226.0,347.149,90
2025-02-28 10:40:00-05:00,347.47,347.75,347.1,347.1,40440.0,347.422,230
2025-02-28 10:45:00-05:00,347.07,347.79,346.9,347.04,8184.0,347.153,76
2025-02-28 10:50:00-05:00,347.25,347.88,347.25,347.47,4354.0,347.494,42
2025-02-28 10:55:00-05:00,347.47,348.02,347.28,347.99,8783.0,347.53,52
2025-02-28 11:00:00-05:00,347.99,348.29,347.69,347.86,3457.0,347.911,30
2025-02-28 11:05:00-05:00,347.98,348.52,347.98,348.44,5857.0,348.209,51
2025-02-28 11:10:00-05:00,348.57,348.57,347.65,347.69,2034.0,348.095,18
2025-02-28 11:15:00-05:00,347.5,347.74,347.34,347.74,18932.0,347.514,145
2025-02-28 11:20:00-05:00,347.66,347.74,347.0,347.31,10675.0,347.407,86
2025-02-28 11:25:00-05:00,347.31,347.66,346.9,347.0,30009.0,347.382,236
2025-02-28 11:30:00-05:00,347.0,347.46,346.96,347.34,6524.0,347.16,58
2025-02-28 11:35:00-05:00,347.48,347.58,347.19,347.33,2208.0,347.372,21
2025-02-28 11:40:00-05:00,347.5,347.82,347.49,347.71,1979.0,347.657,17
2025-02-28 11:45:00-05:00,347.82,348.47,347.68,348.47,3440.0,347.95,20
2025-02-28 11:50:00-05:00,348.36,348.42,347.87,348.35,3233.0,348.187,25
2025-02-28 11:55:00-05:00,348.35,348.37,347.75,347.79,5792.0,348.066,53
2025-02-28 12:00:00-05:00,347.74,347.93,347.63,347.63,2026.0,347.737,18
2025-02-28 12:05:00-05:00,347.73,348.18,347.57,347.96,4956.0,347.864,36
2025-02-28 12:10:00-05:00,348.02,348.26,347.83,347.93,3588.0,348.018,30
2025-02-28 12:15:00-05:00,347.93,348.55,347.93,348.55,779.0,348.21,7
2025-02-28 12:20:00-05:00,348.56,348.56,347.27,347.56,8936.0,347.81,76
2025-02-28 12:25:00-05:00,347.51,348.11,347.51,348.11,3555.0,347.881,26
2025-02-28 12:30:00-05:00,348.01,348.01,347.33,347.47,8940.0,347.632,67
2025-02-28 12:35:00-05:00,347.33,347.77,347.31,347.64,13259.0,347.564,86
2025-02-28 12:40:00-05:00,347.62,347.64,346.91,347.26,18030.0,347.449,127
2025-02-28 12:45:00-05:00,347.22,347.25,346.53,346.77,31915.0,346.908,248
2025-02-28 12:50:00-05:00,346.77,347.28,346.35,347.21,11059.0,346.774,86
2025-02-28 12:55:00-05:00,347.16,347.17,346.25,346.36,37136.0,346.82,295
2025-02-28 13:00:00-05:00,346.35,346.82,346.13,346.63,6403.0,346.44,33
2025-02-28 13:05:00-05:00,346.56,346.61,346.09,346.37,3338.0,346.32,31
2025-02-28 13:10:00-05:00,346.21,346.49,345.88,346.49,19585.0,346.233,29
2025-02-28 13:15:00-05:00,346.52,346.92,346.02,346.07,12730.0,346.439,114
2025-02-28 13:20:00-05:00,346.06,346.89,346.06,346.4,4912.0,346.511,38
2025-02-28 13:25:00-05:00,346.59,347.51,346.59,347.51,2603.0,346.86,25
2025-02-28 13:30:00-05:00,347.45,347.98,347.16,347.88,20000.0,347.493,139
2025-02-28 13:35:00-05:00,347.88,348.51,347.86,348.46,700.0,348.124,7
2025-02-28 13:40:00-05:00,348.59,348.7,348.13,348.34,12999.0,348.505,89
2025-02-28 13:45:00-05:00,348.34,348.68,347.87,347.87,7258.0,348.272,63
2025-02-28 13:50:00-05:00,347.84,348.24,347.75,347.98,7270.0,348.022,52
2025-02-28 13:55:00-05:00,348.03,348.14,347.35,347.5,20071.0,347.811,170
2025-02-28 14:00:00-05:00,347.47,347.77,347.09,347.21,19009.0,347.573,113
2025-02-28 14:05:00-05:00,347.31,347.59,346.79,346.95,4602.0,347.145,37
2025-02-28 14:10:00-05:00,347.08,347.28,346.61,347.17,5958.0,346.977,27
2025-02-28 14:15:00-05:00,347.23,347.88,346.95,347.82,8343.0,347.394,67
2025-02-28 14:20:00-05:00,348.0,348.03,347.18,347.4,7877.0,347.77,56
2025-02-28 14:25:00-05:00,347.42,347.97,347.42,347.9,3639.0,347.809,30
2025-02-28 14:30:00-05:00,347.9,348.51,347.85,348.26,3813.0,348.234,35
2025-02-28 14:35:00-05:00,348.23,348.92,348.19,348.86,7018.0,348.595,59
2025-02-28 14:40:00-05:00,348.86,349.47,348.7,349.29,2708.0,349.073,25
2025-02-28 14:45:00-05:00,349.19,349.47,348.84,349.32,22127.0,348.964,40
2025-02-28 14:50:00-05:00,349.35,349.69,349.07,349.4,4455.0,349.372,38
2025-02-28 14:55:00-05:00,349.51,350.03,349.33,349.88,8612.0,349.73,72
2025-02-28 15:00:00-05:00,349.83,350.32,349.83,350.32,3891.0,350.051,34
2025-02-28 15:05:00-05:00,350.31,350.55,350.16,350.55,4875.0,350.297,43
2025-02-28 15:10:00-05:00,350.61,350.62,350.05,350.06,6124.0,350.374,52
2025-02-28 15:15:00-05:00,350.21,350.44,349.99,349.99,6290.0,350.275,45
2025-02-28 15:20:00-05:00,349.98,350.17,349.7,350.01,12948.0,349.905,114
2025-02-28 15:25:00-05:00,350.0,350.87,349.98,350.78,6477.0,350.439,59
2025-02-28 15:30:00-05:00,350.77,350.77,349.95,350.07,5904.0,350.401,55
2025-02-28 15:35:00-05:00,349.98,350.51,349.75,350.25,13096.0,350.081,112
2025-02-28 15:40:00-05:00,350.37,351.11,350.37,350.98,10211.0,350.793,94
2025-02-28 15:45:00-05:00,351.05,351.68,350.91,351.33,19576.0,351.362,168
2025-02-28 15:50:00-05:00,351.4,352.21,351.03,352.21,28342.0,351.498,234
2025-02-28 15:55:00-05:00,352.29,354.43,352.29,353.96,126562.0,353.824,848
